station_code,date,departures,arrivals,excess_arrivals
4000,2019-04-14,20,22,2
4002,2019-04-14,17,19,2
5002,2019-04-14,1,0,-1
5004,2019-04-14,1,1,0
5006,2019-04-14,3,5,2
5007,2019-04-14,6,7,1
6001,2019-04-14,13,16,3
6002,2019-04-14,17,21,4
6003,2019-04-14,8,21,13
6006,2019-04-14,6,5,-1
6007,2019-04-14,6,8,2
6008,2019-04-14,15,16,1
6009,2019-04-14,10,19,9
6011,2019-04-14,10,12,2
6012,2019-04-14,36,43,7
6013,2019-04-14,17,36,19
6014,2019-04-14,4,7,3
6015,2019-04-14,58,118,60
6016,2019-04-14,13,10,-3
6017,2019-04-14,15,18,3
6018,2019-04-14,15,17,2
6019,2019-04-14,20,24,4
6020,2019-04-14,16,27,11
6021,2019-04-14,20,9,-11
6022,2019-04-14,16,19,3
6023,2019-04-14,44,60,16
6025,2019-04-14,10,11,1
6026,2019-04-14,40,67,27
6027,2019-04-14,24,35,11
6029,2019-04-14,1,3,2
6031,2019-04-14,4,8,4
6032,2019-04-14,12,28,16
6033,2019-04-14,6,2,-4
6035,2019-04-14,1,2,1
6036,2019-04-14,56,79,23
6037,2019-04-14,12,13,1
6038,2019-04-14,14,22,8
6039,2019-04-14,13,15,2
6040,2019-04-14,4,4,0
6041,2019-04-14,5,11,6
6042,2019-04-14,6,11,5
6043,2019-04-14,5,22,17
6044,2019-04-14,22,11,-11
6046,2019-04-14,5,1,-4
6047,2019-04-14,13,5,-8
6048,2019-04-14,5,9,4
6049,2019-04-14,11,3,-8
6051,2019-04-14,14,13,-1
6052,2019-04-14,59,67,8
6053,2019-04-14,28,54,26
6057,2019-04-14,4,9,5
6058,2019-04-14,14,21,7
6059,2019-04-14,17,15,-2
6060,2019-04-14,1,0,-1
6062,2019-04-14,17,11,-6
6063,2019-04-14,11,21,10
6064,2019-04-14,18,24,6
6065,2019-04-14,15,10,-5
6066,2019-04-14,7,13,6
6067,2019-04-14,11,17,6
6070,2019-04-14,43,69,26
6072,2019-04-14,10,11,1
6073,2019-04-14,41,65,24
6075,2019-04-14,6,11,5
6076,2019-04-14,5,3,-2
6079,2019-04-14,13,9,-4
6080,2019-04-14,43,26,-17
6081,2019-04-14,11,10,-1
6083,2019-04-14,22,27,5
6084,2019-04-14,7,10,3
6085,2019-04-14,35,31,-4
6087,2019-04-14,30,33,3
6088,2019-04-14,11,23,12
6089,2019-04-14,7,5,-2
6090,2019-04-14,5,5,0
6091,2019-04-14,16,12,-4
6092,2019-04-14,13,16,3
6093,2019-04-14,10,7,-3
6094,2019-04-14,18,12,-6
6095,2019-04-14,24,28,4
6096,2019-04-14,15,7,-8
6097,2019-04-14,28,12,-16
6098,2019-04-14,8,5,-3
6099,2019-04-14,15,27,12
6100,2019-04-14,76,85,9
6101,2019-04-14,29,2,-27
6102,2019-04-14,9,9,0
6103,2019-04-14,3,4,1
6104,2019-04-14,20,23,3
6105,2019-04-14,7,6,-1
6106,2019-04-14,5,3,-2
6107,2019-04-14,29,28,-1
6108,2019-04-14,10,15,5
6110,2019-04-14,7,5,-2
6111,2019-04-14,17,11,-6
6112,2019-04-14,34,23,-11
6113,2019-04-14,17,14,-3
6114,2019-04-14,48,58,10
6115,2019-04-14,14,10,-4
6116,2019-04-14,10,17,7
6118,2019-04-14,27,29,2
6119,2019-04-14,28,25,-3
6120,2019-04-14,17,26,9
6121,2019-04-14,6,9,3
6122,2019-04-14,5,2,-3
6123,2019-04-14,9,7,-2
6124,2019-04-14,13,15,2
6125,2019-04-14,5,6,1
6126,2019-04-14,8,9,1
6127,2019-04-14,34,24,-10
6128,2019-04-14,6,3,-3
6129,2019-04-14,24,13,-11
6130,2019-04-14,12,5,-7
6131,2019-04-14,33,24,-9
6132,2019-04-14,12,14,2
6133,2019-04-14,19,14,-5
6134,2019-04-14,10,9,-1
6137,2019-04-14,34,30,-4
6138,2019-04-14,14,18,4
6139,2019-04-14,9,6,-3
6140,2019-04-14,27,37,10
6141,2019-04-14,19,13,-6
6142,2019-04-14,22,18,-4
6143,2019-04-14,40,43,3
6145,2019-04-14,24,24,0
6146,2019-04-14,17,9,-8
6147,2019-04-14,19,14,-5
6148,2019-04-14,19,27,8
6149,2019-04-14,12,5,-7
6150,2019-04-14,32,35,3
6151,2019-04-14,33,31,-2
6152,2019-04-14,47,39,-8
6153,2019-04-14,10,16,6
6154,2019-04-14,60,60,0
6155,2019-04-14,66,61,-5
6156,2019-04-14,27,27,0
6158,2019-04-14,37,32,-5
6160,2019-04-14,28,20,-8
6161,2019-04-14,11,8,-3
6163,2019-04-14,40,50,10
6164,2019-04-14,46,50,4
6165,2019-04-14,33,32,-1
6166,2019-04-14,41,23,-18
6167,2019-04-14,22,18,-4
6168,2019-04-14,15,9,-6
6169,2019-04-14,57,63,6
6170,2019-04-14,23,7,-16
6171,2019-04-14,9,4,-5
6173,2019-04-14,30,24,-6
6174,2019-04-14,41,40,-1
6175,2019-04-14,39,17,-22
6176,2019-04-14,34,26,-8
6177,2019-04-14,28,27,-1
6178,2019-04-14,59,53,-6
6180,2019-04-14,10,14,4
6181,2019-04-14,13,10,-3
6182,2019-04-14,27,19,-8
6183,2019-04-14,20,22,2
6184,2019-04-14,55,81,26
6186,2019-04-14,37,24,-13
6187,2019-04-14,30,50,20
6188,2019-04-14,24,25,1
6190,2019-04-14,54,42,-12
6191,2019-04-14,13,8,-5
6192,2019-04-14,30,19,-11
6193,2019-04-14,44,45,1
6194,2019-04-14,59,58,-1
6195,2019-04-14,26,11,-15
6196,2019-04-14,42,30,-12
6197,2019-04-14,19,12,-7
6198,2019-04-14,11,8,-3
6199,2019-04-14,36,26,-10
6200,2019-04-14,21,28,7
6201,2019-04-14,25,28,3
6202,2019-04-14,37,27,-10
6204,2019-04-14,29,31,2
6205,2019-04-14,17,30,13
6206,2019-04-14,30,46,16
6207,2019-04-14,6,7,1
6208,2019-04-14,21,18,-3
6209,2019-04-14,35,33,-2
6210,2019-04-14,6,10,4
6211,2019-04-14,44,37,-7
6212,2019-04-14,22,12,-10
6213,2019-04-14,41,28,-13
6214,2019-04-14,24,21,-3
6215,2019-04-14,16,12,-4
6216,2019-04-14,55,38,-17
6217,2019-04-14,34,22,-12
6218,2019-04-14,29,24,-5
6219,2019-04-14,17,12,-5
6220,2019-04-14,51,47,-4
6221,2019-04-14,69,56,-13
6222,2019-04-14,27,21,-6
6223,2019-04-14,29,20,-9
6224,2019-04-14,34,24,-10
6225,2019-04-14,24,18,-6
6226,2019-04-14,1,2,1
6227,2019-04-14,40,47,7
6228,2019-04-14,11,8,-3
6229,2019-04-14,28,13,-15
6230,2019-04-14,31,22,-9
6231,2019-04-14,35,41,6
6233,2019-04-14,40,25,-15
6234,2019-04-14,36,39,3
6235,2019-04-14,12,9,-3
6236,2019-04-14,22,21,-1
6237,2019-04-14,32,28,-4
6240,2019-04-14,12,10,-2
6241,2019-04-14,21,21,0
6243,2019-04-14,22,15,-7
6245,2019-04-14,18,16,-2
6246,2019-04-14,18,19,1
6247,2019-04-14,35,30,-5
6248,2019-04-14,41,44,3
6249,2019-04-14,26,25,-1
6250,2019-04-14,72,70,-2
6251,2019-04-14,9,13,4
6252,2019-04-14,19,12,-7
6254,2019-04-14,41,25,-16
6255,2019-04-14,33,38,5
6257,2019-04-14,15,19,4
6258,2019-04-14,25,19,-6
6259,2019-04-14,14,8,-6
6260,2019-04-14,23,21,-2
6261,2019-04-14,15,18,3
6262,2019-04-14,15,17,2
6263,2019-04-14,5,10,5
6264,2019-04-14,11,15,4
6265,2019-04-14,11,8,-3
6266,2019-04-14,2,6,4
6267,2019-04-14,28,21,-7
6268,2019-04-14,22,16,-6
6269,2019-04-14,8,9,1
6272,2019-04-14,13,15,2
6273,2019-04-14,16,13,-3
6274,2019-04-14,12,8,-4
6275,2019-04-14,10,6,-4
6276,2019-04-14,20,9,-11
6277,2019-04-14,28,26,-2
6278,2019-04-14,7,3,-4
6279,2019-04-14,5,6,1
6280,2019-04-14,22,27,5
6301,2019-04-14,5,6,1
6302,2019-04-14,5,5,0
6303,2019-04-14,8,5,-3
6304,2019-04-14,2,4,2
6305,2019-04-14,10,8,-2
6306,2019-04-14,11,10,-1
6307,2019-04-14,25,31,6
6309,2019-04-14,11,7,-4
6310,2019-04-14,15,6,-9
6311,2019-04-14,8,10,2
6312,2019-04-14,8,8,0
6313,2019-04-14,15,10,-5
6314,2019-04-14,22,15,-7
6315,2019-04-14,15,13,-2
6316,2019-04-14,15,10,-5
6321,2019-04-14,17,22,5
6322,2019-04-14,6,7,1
6323,2019-04-14,9,5,-4
6324,2019-04-14,7,10,3
6328,2019-04-14,30,20,-10
6330,2019-04-14,17,18,1
6331,2019-04-14,5,7,2
6332,2019-04-14,12,9,-3
6333,2019-04-14,13,15,2
6334,2019-04-14,35,31,-4
6335,2019-04-14,15,14,-1
6336,2019-04-14,15,9,-6
6338,2019-04-14,14,11,-3
6339,2019-04-14,13,14,1
6340,2019-04-14,7,5,-2
6341,2019-04-14,12,11,-1
6343,2019-04-14,11,14,3
6344,2019-04-14,11,10,-1
6345,2019-04-14,5,4,-1
6347,2019-04-14,8,13,5
6349,2019-04-14,7,9,2
6350,2019-04-14,10,7,-3
6354,2019-04-14,10,11,1
6355,2019-04-14,11,6,-5
6356,2019-04-14,10,12,2
6357,2019-04-14,4,3,-1
6358,2019-04-14,5,5,0
6359,2019-04-14,15,17,2
6360,2019-04-14,8,5,-3
6361,2019-04-14,13,12,-1
6362,2019-04-14,10,11,1
6363,2019-04-14,12,4,-8
6364,2019-04-14,21,20,-1
6366,2019-04-14,15,8,-7
6367,2019-04-14,7,6,-1
6368,2019-04-14,15,21,6
6369,2019-04-14,14,15,1
6370,2019-04-14,12,10,-2
6371,2019-04-14,19,17,-2
6372,2019-04-14,35,38,3
6373,2019-04-14,14,10,-4
6374,2019-04-14,12,15,3
6375,2019-04-14,14,21,7
6376,2019-04-14,14,9,-5
6377,2019-04-14,14,17,3
6379,2019-04-14,8,7,-1
6380,2019-04-14,9,6,-3
6383,2019-04-14,12,10,-2
6384,2019-04-14,9,12,3
6385,2019-04-14,18,18,0
6386,2019-04-14,24,19,-5
6387,2019-04-14,27,25,-2
6388,2019-04-14,4,10,6
6389,2019-04-14,21,20,-1
6391,2019-04-14,19,32,13
6393,2019-04-14,9,11,2
6394,2019-04-14,21,35,14
6396,2019-04-14,31,46,15
6397,2019-04-14,39,40,1
6401,2019-04-14,18,28,10
6402,2019-04-14,19,22,3
6403,2019-04-14,11,12,1
6404,2019-04-14,8,9,1
6405,2019-04-14,19,28,9
6406,2019-04-14,60,77,17
6407,2019-04-14,9,13,4
6409,2019-04-14,4,4,0
6410,2019-04-14,9,11,2
6411,2019-04-14,30,31,1
6412,2019-04-14,4,3,-1
6413,2019-04-14,2,3,1
6414,2019-04-14,4,12,8
6415,2019-04-14,4,5,1
6416,2019-04-14,4,2,-2
6419,2019-04-14,10,9,-1
6420,2019-04-14,7,11,4
6421,2019-04-14,23,15,-8
6422,2019-04-14,8,10,2
6423,2019-04-14,2,0,-2
6425,2019-04-14,7,13,6
6426,2019-04-14,23,24,1
6427,2019-04-14,20,17,-3
6428,2019-04-14,13,12,-1
6429,2019-04-14,13,15,2
6432,2019-04-14,21,24,3
6433,2019-04-14,10,4,-6
6434,2019-04-14,16,12,-4
6435,2019-04-14,8,13,5
6436,2019-04-14,4,3,-1
6502,2019-04-14,11,14,3
6503,2019-04-14,9,10,1
6504,2019-04-14,4,5,1
6700,2019-04-14,11,11,0
6701,2019-04-14,7,9,2
6702,2019-04-14,5,4,-1
6704,2019-04-14,4,4,0
6705,2019-04-14,10,17,7
6706,2019-04-14,6,11,5
6707,2019-04-14,9,3,-6
6708,2019-04-14,6,16,10
6709,2019-04-14,12,13,1
6710,2019-04-14,8,11,3
6711,2019-04-14,7,2,-5
6712,2019-04-14,16,11,-5
6713,2019-04-14,5,4,-1
6714,2019-04-14,6,5,-1
6715,2019-04-14,17,21,4
6716,2019-04-14,11,12,1
6717,2019-04-14,2,5,3
6719,2019-04-14,7,7,0
6720,2019-04-14,6,2,-4
6721,2019-04-14,9,5,-4
6722,2019-04-14,4,10,6
6723,2019-04-14,7,5,-2
6724,2019-04-14,15,22,7
6725,2019-04-14,14,10,-4
6726,2019-04-14,10,8,-2
6727,2019-04-14,15,27,12
6728,2019-04-14,2,1,-1
6729,2019-04-14,39,50,11
6731,2019-04-14,12,10,-2
6732,2019-04-14,13,15,2
6733,2019-04-14,11,7,-4
6737,2019-04-14,11,17,6
6738,2019-04-14,8,1,-7
6739,2019-04-14,2,3,1
6741,2019-04-14,10,6,-4
6742,2019-04-14,14,17,3
6743,2019-04-14,11,5,-6
6744,2019-04-14,7,7,0
6745,2019-04-14,12,5,-7
6746,2019-04-14,3,3,0
6747,2019-04-14,4,4,0
6748,2019-04-14,26,33,7
6749,2019-04-14,8,12,4
6753,2019-04-14,7,10,3
6754,2019-04-14,9,12,3
6901,2019-04-14,11,9,-2
6902,2019-04-14,25,24,-1
6903,2019-04-14,32,29,-3
6904,2019-04-14,16,7,-9
6905,2019-04-14,6,7,1
6906,2019-04-14,70,46,-24
6908,2019-04-14,22,30,8
6910,2019-04-14,28,33,5
6912,2019-04-14,24,33,9
6913,2019-04-14,18,12,-6
6915,2019-04-14,27,24,-3
6916,2019-04-14,11,7,-4
6917,2019-04-14,6,7,1
6918,2019-04-14,7,7,0
6919,2019-04-14,14,17,3
6921,2019-04-14,13,13,0
6923,2019-04-14,20,18,-2
6924,2019-04-14,11,6,-5
6925,2019-04-14,8,11,3
6926,2019-04-14,22,17,-5
6927,2019-04-14,7,8,1
6928,2019-04-14,12,1,-11
6929,2019-04-14,14,11,-3
6930,2019-04-14,6,6,0
7001,2019-04-14,5,13,8
7002,2019-04-14,8,13,5
7003,2019-04-14,36,27,-9
7004,2019-04-14,10,8,-2
7005,2019-04-14,3,3,0
7006,2019-04-14,9,8,-1
7007,2019-04-14,1,3,2
7008,2019-04-14,6,4,-2
7009,2019-04-14,26,28,2
7011,2019-04-14,20,14,-6
7012,2019-04-14,14,15,1
7013,2019-04-14,14,12,-2
7014,2019-04-14,11,10,-1
7015,2019-04-14,27,20,-7
7016,2019-04-14,3,6,3
7017,2019-04-14,8,10,2
7018,2019-04-14,12,11,-1
7019,2019-04-14,17,13,-4
7020,2019-04-14,11,5,-6
7021,2019-04-14,11,14,3
7022,2019-04-14,5,7,2
7023,2019-04-14,3,3,0
7024,2019-04-14,11,5,-6
7025,2019-04-14,8,8,0
7026,2019-04-14,15,13,-2
7027,2019-04-14,9,8,-1
7028,2019-04-14,14,15,1
7029,2019-04-14,21,15,-6
7030,2019-04-14,12,9,-3
7031,2019-04-14,15,25,10
7032,2019-04-14,45,39,-6
7033,2019-04-14,16,19,3
7034,2019-04-14,14,25,11
7035,2019-04-14,13,8,-5
7036,2019-04-14,20,17,-3
7037,2019-04-14,24,18,-6
7038,2019-04-14,29,20,-9
7039,2019-04-14,7,13,6
7040,2019-04-14,19,15,-4
7041,2019-04-14,27,38,11
7042,2019-04-14,13,11,-2
7043,2019-04-14,11,5,-6
7045,2019-04-14,28,38,10
7046,2019-04-14,40,47,7
7047,2019-04-14,31,41,10
7048,2019-04-14,13,19,6
7050,2019-04-14,11,7,-4
7051,2019-04-14,2,3,1
7052,2019-04-14,13,6,-7
7053,2019-04-14,5,10,5
7054,2019-04-14,26,23,-3
7055,2019-04-14,5,8,3
7056,2019-04-14,4,1,-3
7057,2019-04-14,18,17,-1
7058,2019-04-14,13,12,-1
7059,2019-04-14,6,5,-1
7060,2019-04-14,10,15,5
7061,2019-04-14,12,13,1
7062,2019-04-14,17,13,-4
7064,2019-04-14,2,4,2
7065,2019-04-14,11,15,4
7066,2019-04-14,5,33,28
7067,2019-04-14,18,21,3
7068,2019-04-14,15,27,12
7070,2019-04-14,10,9,-1
7071,2019-04-14,16,15,-1
7072,2019-04-14,8,8,0
7073,2019-04-14,17,12,-5
7074,2019-04-14,9,7,-2
7075,2019-04-14,9,6,-3
7076,2019-04-14,22,20,-2
7077,2019-04-14,3,0,-3
7078,2019-04-14,10,14,4
7079,2019-04-14,14,10,-4
7082,2019-04-14,14,20,6
7083,2019-04-14,17,15,-2
7084,2019-04-14,39,40,1
7090,2019-04-14,11,10,-1
7091,2019-04-14,4,4,0
7092,2019-04-14,9,5,-4
7093,2019-04-14,5,6,1
7094,2019-04-14,2,2,0
7095,2019-04-14,6,4,-2
7096,2019-04-14,4,13,9
7097,2019-04-14,3,3,0
7098,2019-04-14,4,5,1
7099,2019-04-14,5,4,-1
7102,2019-04-14,9,11,2
7103,2019-04-14,11,14,3
7104,2019-04-14,8,10,2
7105,2019-04-14,17,17,0
7106,2019-04-14,6,4,-2
7107,2019-04-14,5,3,-2
7108,2019-04-14,12,9,-3
7109,2019-04-14,7,7,0
7110,2019-04-14,14,14,0
7111,2019-04-14,8,7,-1
7112,2019-04-14,7,12,5
7113,2019-04-14,6,8,2
7117,2019-04-14,8,7,-1
7119,2019-04-14,12,9,-3
7120,2019-04-14,8,5,-3
7122,2019-04-14,1,1,0
7123,2019-04-14,1,2,1
7124,2019-04-14,5,7,2
7125,2019-04-14,28,25,-3
7126,2019-04-14,1,0,-1
7127,2019-04-14,11,11,0
7128,2019-04-14,4,10,6
7129,2019-04-14,7,9,2
7131,2019-04-14,5,6,1
7132,2019-04-14,13,9,-4
7133,2019-04-14,4,3,-1
7134,2019-04-14,2,3,1
7135,2019-04-14,8,2,-6
7136,2019-04-14,9,10,1
7137,2019-04-14,2,7,5
7138,2019-04-14,2,2,0
7139,2019-04-14,31,28,-3
7140,2019-04-14,3,0,-3
7141,2019-04-14,7,12,5
7142,2019-04-14,10,12,2
7143,2019-04-14,14,13,-1
7144,2019-04-14,12,12,0
7146,2019-04-14,4,4,0
7147,2019-04-14,9,6,-3
7148,2019-04-14,5,2,-3
7149,2019-04-14,3,4,1
10002,2019-04-14,34,22,-12
4000,2019-04-15,15,10,-5
4002,2019-04-15,14,23,9
5004,2019-04-15,1,1,0
5006,2019-04-15,2,1,-1
5007,2019-04-15,5,5,0
6001,2019-04-15,15,23,8
6002,2019-04-15,8,10,2
6003,2019-04-15,15,16,1
6004,2019-04-15,1,2,1
6006,2019-04-15,5,1,-4
6007,2019-04-15,10,17,7
6008,2019-04-15,14,34,20
6009,2019-04-15,10,12,2
6011,2019-04-15,21,29,8
6012,2019-04-15,19,44,25
6013,2019-04-15,14,12,-2
6014,2019-04-15,7,11,4
6015,2019-04-15,28,52,24
6016,2019-04-15,1,3,2
6017,2019-04-15,8,21,13
6018,2019-04-15,13,14,1
6019,2019-04-15,36,24,-12
6020,2019-04-15,21,35,14
6021,2019-04-15,33,17,-16
6022,2019-04-15,12,13,1
6023,2019-04-15,18,22,4
6025,2019-04-15,17,16,-1
6026,2019-04-15,3,6,3
6027,2019-04-15,30,39,9
6029,2019-04-15,8,5,-3
6031,2019-04-15,7,16,9
6032,2019-04-15,9,31,22
6033,2019-04-15,2,1,-1
6034,2019-04-15,5,11,6
6035,2019-04-15,3,2,-1
6036,2019-04-15,12,16,4
6037,2019-04-15,6,7,1
6038,2019-04-15,18,17,-1
6039,2019-04-15,24,24,0
6040,2019-04-15,17,18,1
6041,2019-04-15,12,9,-3
6042,2019-04-15,17,19,2
6043,2019-04-15,37,58,21
6044,2019-04-15,21,22,1
6046,2019-04-15,26,38,12
6047,2019-04-15,25,13,-12
6048,2019-04-15,14,14,0
6049,2019-04-15,38,37,-1
6051,2019-04-15,18,15,-3
6052,2019-04-15,21,26,5
6053,2019-04-15,32,38,6
6057,2019-04-15,28,20,-8
6058,2019-04-15,23,26,3
6059,2019-04-15,9,9,0
6060,2019-04-15,14,6,-8
6062,2019-04-15,12,10,-2
6063,2019-04-15,25,17,-8
6064,2019-04-15,43,47,4
6065,2019-04-15,13,15,2
6066,2019-04-15,14,2,-12
6067,2019-04-15,13,24,11
6070,2019-04-15,76,77,1
6072,2019-04-15,19,18,-1
6073,2019-04-15,39,55,16
6075,2019-04-15,17,10,-7
6076,2019-04-15,5,6,1
6079,2019-04-15,23,23,0
6080,2019-04-15,22,31,9
6081,2019-04-15,12,11,-1
6083,2019-04-15,31,25,-6
6084,2019-04-15,7,16,9
6085,2019-04-15,14,27,13
6087,2019-04-15,35,42,7
6088,2019-04-15,17,16,-1
6089,2019-04-15,20,15,-5
6090,2019-04-15,13,7,-6
6091,2019-04-15,18,14,-4
6092,2019-04-15,8,13,5
6093,2019-04-15,6,6,0
6094,2019-04-15,29,13,-16
6095,2019-04-15,16,17,1
6096,2019-04-15,13,18,5
6097,2019-04-15,18,8,-10
6098,2019-04-15,16,9,-7
6099,2019-04-15,25,27,2
6100,2019-04-15,60,58,-2
6101,2019-04-15,37,5,-32
6102,2019-04-15,5,7,2
6103,2019-04-15,2,3,1
6104,2019-04-15,25,30,5
6105,2019-04-15,15,30,15
6106,2019-04-15,5,8,3
6107,2019-04-15,21,21,0
6108,2019-04-15,11,21,10
6110,2019-04-15,11,13,2
6111,2019-04-15,8,16,8
6112,2019-04-15,17,21,4
6113,2019-04-15,16,18,2
6114,2019-04-15,33,58,25
6115,2019-04-15,5,9,4
6116,2019-04-15,15,12,-3
6118,2019-04-15,9,24,15
6119,2019-04-15,18,30,12
6120,2019-04-15,19,25,6
6121,2019-04-15,9,13,4
6122,2019-04-15,2,2,0
6123,2019-04-15,6,13,7
6124,2019-04-15,12,15,3
6125,2019-04-15,7,11,4
6126,2019-04-15,7,10,3
6127,2019-04-15,11,9,-2
6128,2019-04-15,3,6,3
6129,2019-04-15,22,13,-9
6130,2019-04-15,9,4,-5
6131,2019-04-15,15,8,-7
6132,2019-04-15,14,22,8
6133,2019-04-15,12,14,2
6134,2019-04-15,11,13,2
6137,2019-04-15,37,26,-11
6138,2019-04-15,16,19,3
6139,2019-04-15,7,8,1
6140,2019-04-15,35,30,-5
6141,2019-04-15,12,3,-9
6142,2019-04-15,14,11,-3
6143,2019-04-15,31,21,-10
6145,2019-04-15,12,14,2
6146,2019-04-15,13,10,-3
6147,2019-04-15,24,18,-6
6148,2019-04-15,21,22,1
6149,2019-04-15,17,14,-3
6150,2019-04-15,19,18,-1
6151,2019-04-15,14,11,-3
6152,2019-04-15,25,30,5
6153,2019-04-15,20,10,-10
6154,2019-04-15,46,50,4
6155,2019-04-15,39,40,1
6156,2019-04-15,27,30,3
6158,2019-04-15,21,30,9
6160,2019-04-15,20,20,0
6161,2019-04-15,11,13,2
6163,2019-04-15,36,28,-8
6164,2019-04-15,29,31,2
6165,2019-04-15,14,17,3
6166,2019-04-15,18,13,-5
6167,2019-04-15,11,14,3
6168,2019-04-15,17,16,-1
6169,2019-04-15,35,30,-5
6170,2019-04-15,4,8,4
6171,2019-04-15,15,15,0
6173,2019-04-15,27,14,-13
6174,2019-04-15,33,26,-7
6175,2019-04-15,31,17,-14
6176,2019-04-15,11,21,10
6177,2019-04-15,20,15,-5
6178,2019-04-15,25,24,-1
6180,2019-04-15,13,9,-4
6181,2019-04-15,28,22,-6
6182,2019-04-15,23,13,-10
6183,2019-04-15,15,17,2
6184,2019-04-15,52,71,19
6186,2019-04-15,36,34,-2
6187,2019-04-15,27,29,2
6188,2019-04-15,12,8,-4
6190,2019-04-15,62,45,-17
6191,2019-04-15,27,21,-6
6192,2019-04-15,10,13,3
6193,2019-04-15,21,26,5
6194,2019-04-15,45,36,-9
6195,2019-04-15,22,18,-4
6196,2019-04-15,27,20,-7
6197,2019-04-15,20,15,-5
6198,2019-04-15,3,4,1
6199,2019-04-15,35,18,-17
6200,2019-04-15,21,17,-4
6201,2019-04-15,15,16,1
6202,2019-04-15,38,22,-16
6203,2019-04-15,6,8,2
6204,2019-04-15,28,26,-2
6205,2019-04-15,28,15,-13
6206,2019-04-15,37,39,2
6207,2019-04-15,15,13,-2
6208,2019-04-15,26,30,4
6209,2019-04-15,29,21,-8
6210,2019-04-15,19,11,-8
6211,2019-04-15,39,36,-3
6212,2019-04-15,28,15,-13
6213,2019-04-15,36,25,-11
6214,2019-04-15,23,21,-2
6215,2019-04-15,22,12,-10
6216,2019-04-15,20,4,-16
6217,2019-04-15,34,10,-24
6218,2019-04-15,18,13,-5
6219,2019-04-15,18,11,-7
6220,2019-04-15,36,36,0
6221,2019-04-15,59,49,-10
6222,2019-04-15,12,8,-4
6223,2019-04-15,24,14,-10
6224,2019-04-15,15,14,-1
6225,2019-04-15,26,21,-5
6226,2019-04-15,3,2,-1
6227,2019-04-15,33,29,-4
6228,2019-04-15,7,3,-4
6229,2019-04-15,20,15,-5
6230,2019-04-15,12,12,0
6231,2019-04-15,29,24,-5
6233,2019-04-15,25,14,-11
6234,2019-04-15,18,19,1
6235,2019-04-15,34,29,-5
6236,2019-04-15,17,19,2
6237,2019-04-15,14,7,-7
6240,2019-04-15,4,6,2
6241,2019-04-15,15,12,-3
6243,2019-04-15,21,15,-6
6245,2019-04-15,12,10,-2
6246,2019-04-15,13,14,1
6247,2019-04-15,10,16,6
6248,2019-04-15,43,35,-8
6249,2019-04-15,10,10,0
6250,2019-04-15,15,18,3
6251,2019-04-15,1,7,6
6252,2019-04-15,15,8,-7
6254,2019-04-15,19,16,-3
6255,2019-04-15,18,16,-2
6257,2019-04-15,7,6,-1
6258,2019-04-15,13,14,1
6259,2019-04-15,6,5,-1
6260,2019-04-15,8,12,4
6261,2019-04-15,7,10,3
6262,2019-04-15,13,12,-1
6263,2019-04-15,7,13,6
6264,2019-04-15,11,16,5
6265,2019-04-15,22,16,-6
6266,2019-04-15,7,7,0
6267,2019-04-15,12,8,-4
6268,2019-04-15,14,16,2
6269,2019-04-15,6,8,2
6272,2019-04-15,7,7,0
6273,2019-04-15,7,6,-1
6274,2019-04-15,18,13,-5
6275,2019-04-15,11,7,-4
6276,2019-04-15,14,12,-2
6277,2019-04-15,16,12,-4
6278,2019-04-15,5,3,-2
6279,2019-04-15,6,9,3
6280,2019-04-15,32,25,-7
6301,2019-04-15,2,4,2
6302,2019-04-15,3,6,3
6303,2019-04-15,3,2,-1
6304,2019-04-15,1,0,-1
6305,2019-04-15,3,1,-2
6306,2019-04-15,16,6,-10
6307,2019-04-15,28,23,-5
6309,2019-04-15,10,11,1
6310,2019-04-15,20,15,-5
6311,2019-04-15,14,9,-5
6312,2019-04-15,5,5,0
6313,2019-04-15,9,14,5
6314,2019-04-15,11,6,-5
6315,2019-04-15,18,9,-9
6316,2019-04-15,11,6,-5
6321,2019-04-15,14,13,-1
6322,2019-04-15,12,13,1
6323,2019-04-15,3,3,0
6324,2019-04-15,2,11,9
6328,2019-04-15,24,19,-5
6330,2019-04-15,10,19,9
6331,2019-04-15,9,7,-2
6332,2019-04-15,8,9,1
6333,2019-04-15,6,9,3
6334,2019-04-15,17,17,0
6335,2019-04-15,7,9,2
6336,2019-04-15,7,5,-2
6338,2019-04-15,4,3,-1
6339,2019-04-15,3,13,10
6340,2019-04-15,7,6,-1
6341,2019-04-15,11,15,4
6343,2019-04-15,8,10,2
6344,2019-04-15,13,12,-1
6345,2019-04-15,2,3,1
6347,2019-04-15,11,11,0
6349,2019-04-15,10,7,-3
6350,2019-04-15,11,12,1
6354,2019-04-15,6,5,-1
6355,2019-04-15,11,9,-2
6356,2019-04-15,15,14,-1
6357,2019-04-15,3,2,-1
6358,2019-04-15,1,4,3
6359,2019-04-15,21,21,0
6360,2019-04-15,4,5,1
6361,2019-04-15,4,6,2
6362,2019-04-15,8,9,1
6363,2019-04-15,9,5,-4
6364,2019-04-15,13,9,-4
6366,2019-04-15,5,3,-2
6367,2019-04-15,4,12,8
6368,2019-04-15,15,11,-4
6369,2019-04-15,18,13,-5
6370,2019-04-15,8,7,-1
6371,2019-04-15,8,15,7
6372,2019-04-15,14,18,4
6373,2019-04-15,11,7,-4
6374,2019-04-15,8,13,5
6375,2019-04-15,16,19,3
6376,2019-04-15,5,4,-1
6377,2019-04-15,7,13,6
6379,2019-04-15,5,5,0
6380,2019-04-15,6,4,-2
6383,2019-04-15,2,5,3
6384,2019-04-15,10,9,-1
6385,2019-04-15,11,11,0
6386,2019-04-15,19,20,1
6387,2019-04-15,19,19,0
6388,2019-04-15,6,4,-2
6389,2019-04-15,20,12,-8
6391,2019-04-15,11,20,9
6393,2019-04-15,14,20,6
6394,2019-04-15,9,16,7
6396,2019-04-15,22,21,-1
6397,2019-04-15,6,26,20
6401,2019-04-15,16,18,2
6402,2019-04-15,11,10,-1
6403,2019-04-15,9,8,-1
6404,2019-04-15,1,7,6
6405,2019-04-15,12,13,1
6406,2019-04-15,12,17,5
6407,2019-04-15,2,7,5
6409,2019-04-15,3,7,4
6410,2019-04-15,14,12,-2
6411,2019-04-15,23,21,-2
6412,2019-04-15,7,10,3
6413,2019-04-15,6,6,0
6414,2019-04-15,3,10,7
6415,2019-04-15,4,5,1
6416,2019-04-15,1,4,3
6419,2019-04-15,1,3,2
6420,2019-04-15,8,3,-5
6421,2019-04-15,7,12,5
6422,2019-04-15,2,5,3
6423,2019-04-15,6,3,-3
6424,2019-04-15,1,3,2
6425,2019-04-15,5,4,-1
6426,2019-04-15,16,17,1
6427,2019-04-15,16,10,-6
6428,2019-04-15,4,7,3
6429,2019-04-15,5,7,2
6432,2019-04-15,15,13,-2
6433,2019-04-15,11,9,-2
6434,2019-04-15,23,17,-6
6435,2019-04-15,13,9,-4
6436,2019-04-15,3,5,2
6503,2019-04-15,11,12,1
6700,2019-04-15,5,9,4
6701,2019-04-15,13,8,-5
6702,2019-04-15,9,8,-1
6704,2019-04-15,8,5,-3
6705,2019-04-15,2,3,1
6706,2019-04-15,7,7,0
6707,2019-04-15,9,9,0
6708,2019-04-15,11,19,8
6709,2019-04-15,6,6,0
6710,2019-04-15,2,4,2
6711,2019-04-15,6,8,2
6712,2019-04-15,1,3,2
6713,2019-04-15,3,2,-1
6715,2019-04-15,4,10,6
6716,2019-04-15,1,2,1
6717,2019-04-15,6,4,-2
6719,2019-04-15,5,6,1
6720,2019-04-15,3,2,-1
6721,2019-04-15,4,2,-2
6722,2019-04-15,3,6,3
6723,2019-04-15,3,2,-1
6724,2019-04-15,10,11,1
6725,2019-04-15,9,9,0
6727,2019-04-15,19,18,-1
6728,2019-04-15,2,3,1
6729,2019-04-15,30,31,1
6730,2019-04-15,1,0,-1
6732,2019-04-15,4,7,3
6733,2019-04-15,6,6,0
6737,2019-04-15,8,6,-2
6738,2019-04-15,32,18,-14
6739,2019-04-15,2,1,-1
6741,2019-04-15,2,5,3
6742,2019-04-15,15,14,-1
6743,2019-04-15,9,8,-1
6744,2019-04-15,7,8,1
6745,2019-04-15,3,5,2
6746,2019-04-15,1,4,3
6747,2019-04-15,14,12,-2
6748,2019-04-15,15,28,13
6749,2019-04-15,14,14,0
6753,2019-04-15,4,3,-1
6754,2019-04-15,1,6,5
6901,2019-04-15,10,10,0
6902,2019-04-15,21,27,6
6903,2019-04-15,31,36,5
6904,2019-04-15,8,12,4
6905,2019-04-15,8,11,3
6906,2019-04-15,52,26,-26
6908,2019-04-15,16,11,-5
6910,2019-04-15,21,18,-3
6912,2019-04-15,31,36,5
6913,2019-04-15,12,10,-2
6915,2019-04-15,15,15,0
6916,2019-04-15,8,11,3
6917,2019-04-15,3,6,3
6918,2019-04-15,7,6,-1
6919,2019-04-15,7,5,-2
6921,2019-04-15,22,21,-1
6923,2019-04-15,18,12,-6
6924,2019-04-15,4,7,3
6925,2019-04-15,10,12,2
6926,2019-04-15,13,10,-3
6927,2019-04-15,16,14,-2
6928,2019-04-15,14,6,-8
6929,2019-04-15,9,8,-1
6930,2019-04-15,3,4,1
7001,2019-04-15,7,4,-3
7002,2019-04-15,3,7,4
7003,2019-04-15,23,15,-8
7004,2019-04-15,8,5,-3
7005,2019-04-15,1,3,2
7006,2019-04-15,5,4,-1
7007,2019-04-15,6,6,0
7008,2019-04-15,3,5,2
7009,2019-04-15,18,18,0
7011,2019-04-15,9,9,0
7012,2019-04-15,7,8,1
7013,2019-04-15,6,7,1
7014,2019-04-15,20,11,-9
7015,2019-04-15,1,1,0
7016,2019-04-15,1,4,3
7017,2019-04-15,8,5,-3
7018,2019-04-15,5,9,4
7019,2019-04-15,23,13,-10
7020,2019-04-15,5,3,-2
7021,2019-04-15,7,9,2
7022,2019-04-15,6,9,3
7023,2019-04-15,1,1,0
7024,2019-04-15,7,8,1
7025,2019-04-15,13,7,-6
7026,2019-04-15,38,36,-2
7027,2019-04-15,4,7,3
7028,2019-04-15,35,39,4
7029,2019-04-15,19,16,-3
7030,2019-04-15,10,12,2
7031,2019-04-15,12,20,8
7032,2019-04-15,50,39,-11
7033,2019-04-15,20,18,-2
7034,2019-04-15,3,7,4
7035,2019-04-15,16,13,-3
7036,2019-04-15,15,13,-2
7037,2019-04-15,15,17,2
7038,2019-04-15,23,24,1
7039,2019-04-15,9,9,0
7040,2019-04-15,16,14,-2
7041,2019-04-15,28,31,3
7042,2019-04-15,12,13,1
7043,2019-04-15,8,4,-4
7045,2019-04-15,5,10,5
7046,2019-04-15,40,47,7
7047,2019-04-15,20,45,25
7048,2019-04-15,1,2,1
7050,2019-04-15,4,6,2
7051,2019-04-15,2,2,0
7052,2019-04-15,11,9,-2
7053,2019-04-15,9,6,-3
7054,2019-04-15,7,4,-3
7055,2019-04-15,3,3,0
7056,2019-04-15,5,4,-1
7057,2019-04-15,5,6,1
7058,2019-04-15,9,11,2
7059,2019-04-15,5,10,5
7060,2019-04-15,10,9,-1
7061,2019-04-15,16,13,-3
7062,2019-04-15,10,12,2
7064,2019-04-15,7,6,-1
7065,2019-04-15,7,7,0
7066,2019-04-15,18,35,17
7067,2019-04-15,33,36,3
7068,2019-04-15,8,11,3
7069,2019-04-15,9,3,-6
7070,2019-04-15,7,9,2
7071,2019-04-15,13,7,-6
7072,2019-04-15,4,8,4
7073,2019-04-15,10,9,-1
7074,2019-04-15,10,6,-4
7076,2019-04-15,12,16,4
7077,2019-04-15,6,8,2
7078,2019-04-15,4,6,2
7079,2019-04-15,15,13,-2
7082,2019-04-15,16,19,3
7083,2019-04-15,9,6,-3
7084,2019-04-15,31,40,9
7090,2019-04-15,2,2,0
7093,2019-04-15,1,2,1
7095,2019-04-15,6,3,-3
7096,2019-04-15,5,2,-3
7097,2019-04-15,1,0,-1
7098,2019-04-15,2,2,0
7099,2019-04-15,2,2,0
7102,2019-04-15,3,2,-1
7106,2019-04-15,2,3,1
7108,2019-04-15,1,0,-1
7109,2019-04-15,5,2,-3
7110,2019-04-15,1,2,1
7113,2019-04-15,15,14,-1
7117,2019-04-15,1,1,0
7118,2019-04-15,2,1,-1
7119,2019-04-15,2,1,-1
7120,2019-04-15,2,2,0
7122,2019-04-15,1,1,0
7123,2019-04-15,2,3,1
7124,2019-04-15,2,3,1
7125,2019-04-15,2,2,0
7126,2019-04-15,1,1,0
7127,2019-04-15,12,8,-4
7128,2019-04-15,6,3,-3
7129,2019-04-15,1,1,0
7132,2019-04-15,1,1,0
7133,2019-04-15,2,2,0
7134,2019-04-15,2,2,0
7135,2019-04-15,2,1,-1
7137,2019-04-15,2,1,-1
7138,2019-04-15,1,1,0
7139,2019-04-15,10,18,8
7140,2019-04-15,8,6,-2
7141,2019-04-15,6,7,1
7142,2019-04-15,2,3,1
7143,2019-04-15,3,4,1
7144,2019-04-15,7,8,1
7146,2019-04-15,7,5,-2
7147,2019-04-15,11,6,-5
7149,2019-04-15,2,2,0
10002,2019-04-15,34,42,8
4000,2019-04-16,22,32,10
4002,2019-04-16,38,40,2
5002,2019-04-16,1,0,-1
5003,2019-04-16,2,0,-2
5004,2019-04-16,1,2,1
5006,2019-04-16,3,3,0
5007,2019-04-16,7,11,4
6001,2019-04-16,29,40,11
6002,2019-04-16,11,16,5
6003,2019-04-16,35,37,2
6004,2019-04-16,13,17,4
6006,2019-04-16,19,17,-2
6007,2019-04-16,21,21,0
6008,2019-04-16,34,68,34
6009,2019-04-16,25,39,14
6011,2019-04-16,38,41,3
6012,2019-04-16,50,106,56
6013,2019-04-16,35,46,11
6014,2019-04-16,19,27,8
6015,2019-04-16,107,169,62
6016,2019-04-16,6,8,2
6017,2019-04-16,16,23,7
6018,2019-04-16,22,30,8
6019,2019-04-16,58,42,-16
6020,2019-04-16,40,65,25
6021,2019-04-16,55,28,-27
6022,2019-04-16,20,25,5
6023,2019-04-16,35,39,4
6025,2019-04-16,15,15,0
6026,2019-04-16,25,39,14
6027,2019-04-16,67,90,23
6029,2019-04-16,12,15,3
6031,2019-04-16,10,22,12
6032,2019-04-16,27,65,38
6033,2019-04-16,7,6,-1
6034,2019-04-16,26,46,20
6035,2019-04-16,9,10,1
6036,2019-04-16,26,49,23
6037,2019-04-16,24,35,11
6038,2019-04-16,39,42,3
6039,2019-04-16,37,45,8
6040,2019-04-16,15,25,10
6041,2019-04-16,30,25,-5
6042,2019-04-16,52,49,-3
6043,2019-04-16,66,134,68
6044,2019-04-16,35,26,-9
6046,2019-04-16,56,53,-3
6047,2019-04-16,40,29,-11
6048,2019-04-16,23,20,-3
6049,2019-04-16,72,70,-2
6051,2019-04-16,26,24,-2
6052,2019-04-16,50,62,12
6053,2019-04-16,62,87,25
6057,2019-04-16,41,39,-2
6058,2019-04-16,47,42,-5
6059,2019-04-16,43,34,-9
6060,2019-04-16,12,10,-2
6062,2019-04-16,26,20,-6
6063,2019-04-16,41,41,0
6064,2019-04-16,81,81,0
6065,2019-04-16,32,21,-11
6066,2019-04-16,23,5,-18
6067,2019-04-16,32,34,2
6070,2019-04-16,118,114,-4
6072,2019-04-16,49,47,-2
6073,2019-04-16,91,81,-10
6075,2019-04-16,29,13,-16
6076,2019-04-16,10,15,5
6079,2019-04-16,26,29,3
6080,2019-04-16,50,60,10
6081,2019-04-16,16,12,-4
6083,2019-04-16,58,53,-5
6084,2019-04-16,27,27,0
6085,2019-04-16,39,54,15
6087,2019-04-16,44,71,27
6088,2019-04-16,23,25,2
6089,2019-04-16,18,19,1
6090,2019-04-16,17,8,-9
6091,2019-04-16,24,17,-7
6092,2019-04-16,29,26,-3
6093,2019-04-16,15,14,-1
6094,2019-04-16,36,26,-10
6095,2019-04-16,34,36,2
6096,2019-04-16,18,37,19
6097,2019-04-16,34,17,-17
6098,2019-04-16,21,15,-6
6099,2019-04-16,40,41,1
6100,2019-04-16,137,119,-18
6101,2019-04-16,42,7,-35
6102,2019-04-16,11,14,3
6103,2019-04-16,10,7,-3
6104,2019-04-16,45,55,10
6105,2019-04-16,22,41,19
6106,2019-04-16,15,12,-3
6107,2019-04-16,37,29,-8
6108,2019-04-16,32,44,12
6110,2019-04-16,15,17,2
6111,2019-04-16,19,23,4
6112,2019-04-16,36,48,12
6113,2019-04-16,35,30,-5
6114,2019-04-16,64,93,29
6115,2019-04-16,10,22,12
6116,2019-04-16,25,40,15
6118,2019-04-16,33,40,7
6119,2019-04-16,39,54,15
6120,2019-04-16,22,30,8
6121,2019-04-16,9,16,7
6122,2019-04-16,9,12,3
6123,2019-04-16,14,15,1
6124,2019-04-16,17,32,15
6125,2019-04-16,12,11,-1
6126,2019-04-16,13,19,6
6127,2019-04-16,19,20,1
6128,2019-04-16,11,14,3
6129,2019-04-16,41,30,-11
6130,2019-04-16,18,16,-2
6131,2019-04-16,27,16,-11
6132,2019-04-16,33,29,-4
6133,2019-04-16,28,26,-2
6134,2019-04-16,17,16,-1
6136,2019-04-16,90,43,-47
6137,2019-04-16,39,39,0
6138,2019-04-16,33,44,11
6139,2019-04-16,13,13,0
6140,2019-04-16,40,41,1
6142,2019-04-16,32,23,-9
6143,2019-04-16,44,49,5
6145,2019-04-16,27,20,-7
6146,2019-04-16,27,22,-5
6147,2019-04-16,46,35,-11
6148,2019-04-16,56,35,-21
6149,2019-04-16,32,19,-13
6150,2019-04-16,30,33,3
6151,2019-04-16,40,32,-8
6152,2019-04-16,57,60,3
6153,2019-04-16,22,14,-8
6154,2019-04-16,70,98,28
6155,2019-04-16,62,64,2
6156,2019-04-16,44,54,10
6158,2019-04-16,55,51,-4
6160,2019-04-16,29,32,3
6161,2019-04-16,23,24,1
6163,2019-04-16,50,58,8
6164,2019-04-16,47,63,16
6165,2019-04-16,32,31,-1
6166,2019-04-16,32,26,-6
6167,2019-04-16,22,25,3
6168,2019-04-16,37,22,-15
6169,2019-04-16,69,75,6
6170,2019-04-16,15,14,-1
6171,2019-04-16,20,18,-2
6173,2019-04-16,51,29,-22
6174,2019-04-16,52,50,-2
6175,2019-04-16,50,25,-25
6176,2019-04-16,49,50,1
6177,2019-04-16,38,35,-3
6178,2019-04-16,56,44,-12
6180,2019-04-16,20,26,6
6181,2019-04-16,58,36,-22
6182,2019-04-16,26,21,-5
6183,2019-04-16,29,29,0
6184,2019-04-16,121,105,-16
6186,2019-04-16,52,43,-9
6187,2019-04-16,57,61,4
6188,2019-04-16,24,19,-5
6189,2019-04-16,4,7,3
6190,2019-04-16,94,66,-28
6191,2019-04-16,33,25,-8
6192,2019-04-16,27,22,-5
6193,2019-04-16,53,46,-7
6194,2019-04-16,83,83,0
6195,2019-04-16,45,28,-17
6196,2019-04-16,59,34,-25
6197,2019-04-16,23,23,0
6198,2019-04-16,8,3,-5
6199,2019-04-16,45,32,-13
6200,2019-04-16,40,37,-3
6201,2019-04-16,29,23,-6
6202,2019-04-16,55,47,-8
6203,2019-04-16,43,27,-16
6204,2019-04-16,41,45,4
6205,2019-04-16,49,48,-1
6206,2019-04-16,68,62,-6
6207,2019-04-16,19,22,3
6208,2019-04-16,47,50,3
6209,2019-04-16,62,54,-8
6210,2019-04-16,30,22,-8
6211,2019-04-16,63,62,-1
6212,2019-04-16,35,12,-23
6213,2019-04-16,45,42,-3
6214,2019-04-16,45,37,-8
6215,2019-04-16,26,17,-9
6216,2019-04-16,31,21,-10
6217,2019-04-16,54,35,-19
6218,2019-04-16,28,22,-6
6219,2019-04-16,27,31,4
6220,2019-04-16,64,61,-3
6221,2019-04-16,95,74,-21
6222,2019-04-16,25,23,-2
6223,2019-04-16,44,23,-21
6224,2019-04-16,42,38,-4
6225,2019-04-16,34,20,-14
6226,2019-04-16,8,10,2
6227,2019-04-16,71,67,-4
6228,2019-04-16,16,15,-1
6229,2019-04-16,24,28,4
6230,2019-04-16,42,40,-2
6231,2019-04-16,38,26,-12
6233,2019-04-16,49,42,-7
6234,2019-04-16,37,27,-10
6235,2019-04-16,35,36,1
6236,2019-04-16,35,40,5
6237,2019-04-16,29,28,-1
6240,2019-04-16,8,5,-3
6241,2019-04-16,26,18,-8
6243,2019-04-16,30,28,-2
6245,2019-04-16,28,16,-12
6246,2019-04-16,23,27,4
6247,2019-04-16,30,31,1
6248,2019-04-16,88,58,-30
6249,2019-04-16,19,21,2
6250,2019-04-16,30,33,3
6251,2019-04-16,8,11,3
6252,2019-04-16,21,11,-10
6254,2019-04-16,32,26,-6
6255,2019-04-16,25,31,6
6257,2019-04-16,17,14,-3
6258,2019-04-16,34,26,-8
6259,2019-04-16,16,15,-1
6260,2019-04-16,24,16,-8
6261,2019-04-16,21,22,1
6262,2019-04-16,24,26,2
6263,2019-04-16,19,21,2
6264,2019-04-16,11,17,6
6265,2019-04-16,18,28,10
6266,2019-04-16,13,13,0
6267,2019-04-16,23,25,2
6268,2019-04-16,22,22,0
6269,2019-04-16,16,20,4
6272,2019-04-16,19,17,-2
6273,2019-04-16,21,23,2
6274,2019-04-16,24,23,-1
6275,2019-04-16,20,14,-6
6276,2019-04-16,15,16,1
6277,2019-04-16,25,24,-1
6278,2019-04-16,9,12,3
6279,2019-04-16,20,20,0
6280,2019-04-16,46,34,-12
6301,2019-04-16,10,9,-1
6302,2019-04-16,7,10,3
6303,2019-04-16,11,8,-3
6304,2019-04-16,8,5,-3
6305,2019-04-16,12,10,-2
6306,2019-04-16,40,15,-25
6307,2019-04-16,36,34,-2
6309,2019-04-16,22,17,-5
6310,2019-04-16,33,19,-14
6311,2019-04-16,22,22,0
6312,2019-04-16,4,8,4
6313,2019-04-16,19,26,7
6314,2019-04-16,27,24,-3
6315,2019-04-16,29,15,-14
6316,2019-04-16,21,3,-18
6321,2019-04-16,33,30,-3
6322,2019-04-16,14,11,-3
6323,2019-04-16,4,4,0
6324,2019-04-16,9,7,-2
6328,2019-04-16,33,26,-7
6330,2019-04-16,24,10,-14
6331,2019-04-16,17,10,-7
6332,2019-04-16,15,15,0
6333,2019-04-16,13,9,-4
6334,2019-04-16,26,26,0
6335,2019-04-16,16,19,3
6336,2019-04-16,23,16,-7
6338,2019-04-16,11,18,7
6339,2019-04-16,12,19,7
6340,2019-04-16,14,11,-3
6341,2019-04-16,13,20,7
6343,2019-04-16,20,19,-1
6344,2019-04-16,19,20,1
6345,2019-04-16,10,12,2
6346,2019-04-16,13,5,-8
6347,2019-04-16,13,13,0
6349,2019-04-16,13,12,-1
6350,2019-04-16,17,14,-3
6354,2019-04-16,17,23,6
6355,2019-04-16,12,21,9
6356,2019-04-16,19,10,-9
6357,2019-04-16,5,6,1
6358,2019-04-16,12,7,-5
6359,2019-04-16,28,29,1
6360,2019-04-16,10,11,1
6361,2019-04-16,19,17,-2
6362,2019-04-16,15,13,-2
6363,2019-04-16,18,12,-6
6364,2019-04-16,21,15,-6
6366,2019-04-16,7,4,-3
6367,2019-04-16,12,9,-3
6368,2019-04-16,24,15,-9
6369,2019-04-16,16,20,4
6370,2019-04-16,15,10,-5
6371,2019-04-16,27,28,1
6372,2019-04-16,20,33,13
6373,2019-04-16,17,17,0
6374,2019-04-16,27,23,-4
6375,2019-04-16,24,27,3
6376,2019-04-16,18,12,-6
6377,2019-04-16,11,15,4
6379,2019-04-16,11,17,6
6380,2019-04-16,9,9,0
6381,2019-04-16,9,10,1
6383,2019-04-16,6,7,1
6384,2019-04-16,9,10,1
6385,2019-04-16,25,31,6
6386,2019-04-16,30,35,5
6387,2019-04-16,30,40,10
6388,2019-04-16,9,12,3
6389,2019-04-16,35,20,-15
6391,2019-04-16,19,35,16
6393,2019-04-16,29,24,-5
6394,2019-04-16,26,30,4
6396,2019-04-16,42,47,5
6397,2019-04-16,31,44,13
6401,2019-04-16,35,37,2
6402,2019-04-16,10,14,4
6403,2019-04-16,9,15,6
6404,2019-04-16,3,17,14
6405,2019-04-16,20,24,4
6406,2019-04-16,18,22,4
6407,2019-04-16,11,17,6
6409,2019-04-16,5,8,3
6410,2019-04-16,17,15,-2
6411,2019-04-16,55,52,-3
6412,2019-04-16,5,9,4
6413,2019-04-16,43,44,1
6414,2019-04-16,9,6,-3
6415,2019-04-16,8,8,0
6416,2019-04-16,11,6,-5
6419,2019-04-16,9,11,2
6420,2019-04-16,15,16,1
6421,2019-04-16,21,15,-6
6422,2019-04-16,11,17,6
6423,2019-04-16,14,5,-9
6424,2019-04-16,11,12,1
6425,2019-04-16,10,9,-1
6426,2019-04-16,22,22,0
6427,2019-04-16,27,25,-2
6428,2019-04-16,7,11,4
6429,2019-04-16,12,17,5
6432,2019-04-16,41,40,-1
6433,2019-04-16,20,13,-7
6434,2019-04-16,37,40,3
6435,2019-04-16,19,18,-1
6436,2019-04-16,12,13,1
6502,2019-04-16,7,6,-1
6503,2019-04-16,23,18,-5
6700,2019-04-16,9,18,9
6701,2019-04-16,20,35,15
6702,2019-04-16,12,12,0
6703,2019-04-16,5,5,0
6704,2019-04-16,12,8,-4
6705,2019-04-16,7,8,1
6706,2019-04-16,7,8,1
6707,2019-04-16,17,11,-6
6708,2019-04-16,29,51,22
6709,2019-04-16,13,15,2
6710,2019-04-16,4,5,1
6711,2019-04-16,10,7,-3
6712,2019-04-16,3,3,0
6713,2019-04-16,14,8,-6
6714,2019-04-16,1,1,0
6715,2019-04-16,5,12,7
6716,2019-04-16,3,3,0
6717,2019-04-16,3,5,2
6719,2019-04-16,10,9,-1
6720,2019-04-16,11,15,4
6721,2019-04-16,3,2,-1
6722,2019-04-16,6,4,-2
6723,2019-04-16,10,16,6
6724,2019-04-16,14,23,9
6725,2019-04-16,21,21,0
6726,2019-04-16,2,3,1
6727,2019-04-16,27,33,6
6728,2019-04-16,2,0,-2
6729,2019-04-16,42,59,17
6730,2019-04-16,5,4,-1
6731,2019-04-16,4,4,0
6732,2019-04-16,6,17,11
6733,2019-04-16,11,13,2
6734,2019-04-16,5,13,8
6737,2019-04-16,10,9,-1
6738,2019-04-16,43,36,-7
6739,2019-04-16,2,6,4
6741,2019-04-16,5,4,-1
6742,2019-04-16,15,25,10
6743,2019-04-16,11,7,-4
6744,2019-04-16,12,12,0
6745,2019-04-16,6,7,1
6746,2019-04-16,5,7,2
6747,2019-04-16,23,25,2
6748,2019-04-16,46,64,18
6749,2019-04-16,22,22,0
6753,2019-04-16,14,10,-4
6754,2019-04-16,8,13,5
6901,2019-04-16,20,27,7
6902,2019-04-16,35,38,3
6903,2019-04-16,62,58,-4
6904,2019-04-16,27,29,2
6905,2019-04-16,11,9,-2
6906,2019-04-16,91,61,-30
6907,2019-04-16,18,19,1
6908,2019-04-16,24,18,-6
6910,2019-04-16,47,34,-13
6912,2019-04-16,69,53,-16
6913,2019-04-16,26,33,7
6915,2019-04-16,36,29,-7
6916,2019-04-16,9,9,0
6917,2019-04-16,6,11,5
6918,2019-04-16,10,7,-3
6919,2019-04-16,17,16,-1
6921,2019-04-16,31,34,3
6923,2019-04-16,23,26,3
6924,2019-04-16,13,17,4
6925,2019-04-16,21,15,-6
6926,2019-04-16,25,23,-2
6927,2019-04-16,36,15,-21
6928,2019-04-16,21,4,-17
6929,2019-04-16,23,13,-10
6930,2019-04-16,12,11,-1
7001,2019-04-16,10,9,-1
7002,2019-04-16,11,9,-2
7003,2019-04-16,31,31,0
7004,2019-04-16,3,5,2
7005,2019-04-16,6,4,-2
7006,2019-04-16,9,12,3
7007,2019-04-16,7,7,0
7008,2019-04-16,6,9,3
7009,2019-04-16,24,37,13
7011,2019-04-16,17,21,4
7012,2019-04-16,13,14,1
7013,2019-04-16,9,14,5
7014,2019-04-16,33,22,-11
7015,2019-04-16,3,3,0
7016,2019-04-16,10,10,0
7017,2019-04-16,12,18,6
7018,2019-04-16,10,13,3
7019,2019-04-16,44,32,-12
7020,2019-04-16,7,7,0
7021,2019-04-16,11,15,4
7022,2019-04-16,25,19,-6
7023,2019-04-16,2,6,4
7024,2019-04-16,16,13,-3
7025,2019-04-16,9,18,9
7026,2019-04-16,35,38,3
7027,2019-04-16,10,10,0
7028,2019-04-16,62,47,-15
7029,2019-04-16,25,25,0
7030,2019-04-16,17,27,10
7031,2019-04-16,29,32,3
7032,2019-04-16,84,47,-37
7033,2019-04-16,30,29,-1
7034,2019-04-16,7,9,2
7035,2019-04-16,27,20,-7
7036,2019-04-16,23,17,-6
7037,2019-04-16,28,29,1
7038,2019-04-16,29,29,0
7039,2019-04-16,18,12,-6
7040,2019-04-16,30,30,0
7041,2019-04-16,68,62,-6
7042,2019-04-16,23,23,0
7043,2019-04-16,11,12,1
7045,2019-04-16,8,10,2
7046,2019-04-16,67,43,-24
7047,2019-04-16,51,68,17
7048,2019-04-16,9,13,4
7050,2019-04-16,7,14,7
7051,2019-04-16,3,2,-1
7052,2019-04-16,22,25,3
7053,2019-04-16,19,17,-2
7054,2019-04-16,20,23,3
7055,2019-04-16,9,16,7
7056,2019-04-16,8,14,6
7057,2019-04-16,19,18,-1
7058,2019-04-16,20,24,4
7059,2019-04-16,12,13,1
7060,2019-04-16,12,12,0
7061,2019-04-16,22,18,-4
7062,2019-04-16,22,34,12
7064,2019-04-16,7,11,4
7065,2019-04-16,15,19,4
7066,2019-04-16,17,36,19
7067,2019-04-16,44,48,4
7068,2019-04-16,26,28,2
7069,2019-04-16,24,23,-1
7070,2019-04-16,15,23,8
7071,2019-04-16,22,17,-5
7072,2019-04-16,13,13,0
7073,2019-04-16,17,16,-1
7074,2019-04-16,13,19,6
7076,2019-04-16,27,23,-4
7077,2019-04-16,20,25,5
7078,2019-04-16,11,14,3
7079,2019-04-16,30,35,5
7082,2019-04-16,29,37,8
7083,2019-04-16,23,18,-5
7084,2019-04-16,39,42,3
7090,2019-04-16,4,6,2
7091,2019-04-16,2,6,4
7092,2019-04-16,1,1,0
7093,2019-04-16,1,1,0
7094,2019-04-16,4,6,2
7095,2019-04-16,5,4,-1
7096,2019-04-16,4,4,0
7097,2019-04-16,3,3,0
7102,2019-04-16,2,3,1
7103,2019-04-16,3,3,0
7107,2019-04-16,3,2,-1
7108,2019-04-16,2,1,-1
7109,2019-04-16,6,4,-2
7110,2019-04-16,1,2,1
7111,2019-04-16,1,0,-1
7112,2019-04-16,5,6,1
7113,2019-04-16,31,37,6
7117,2019-04-16,2,1,-1
7118,2019-04-16,3,1,-2
7122,2019-04-16,3,1,-2
7123,2019-04-16,1,1,0
7124,2019-04-16,9,11,2
7125,2019-04-16,5,3,-2
7126,2019-04-16,4,6,2
7127,2019-04-16,19,24,5
7128,2019-04-16,3,2,-1
7129,2019-04-16,6,3,-3
7130,2019-04-16,1,1,0
7131,2019-04-16,1,0,-1
7132,2019-04-16,1,3,2
7133,2019-04-16,1,0,-1
7134,2019-04-16,2,1,-1
7138,2019-04-16,2,1,-1
7139,2019-04-16,19,29,10
7140,2019-04-16,11,10,-1
7141,2019-04-16,6,8,2
7142,2019-04-16,2,6,4
7143,2019-04-16,8,6,-2
7144,2019-04-16,13,15,2
7146,2019-04-16,13,10,-3
7147,2019-04-16,9,10,1
7148,2019-04-16,1,1,0
7149,2019-04-16,2,3,1
10002,2019-04-16,63,61,-2
4000,2019-04-17,31,55,24
4002,2019-04-17,46,42,-4
5002,2019-04-17,2,3,1
5004,2019-04-17,6,3,-3
5006,2019-04-17,4,6,2
5007,2019-04-17,13,19,6
6001,2019-04-17,48,63,15
6002,2019-04-17,24,39,15
6003,2019-04-17,40,56,16
6004,2019-04-17,27,46,19
6006,2019-04-17,17,22,5
6007,2019-04-17,21,24,3
6008,2019-04-17,66,104,38
6009,2019-04-17,37,39,2
6011,2019-04-17,42,46,4
6012,2019-04-17,97,158,61
6013,2019-04-17,53,63,10
6014,2019-04-17,33,38,5
6015,2019-04-17,128,207,79
6016,2019-04-17,11,10,-1
6017,2019-04-17,21,39,18
6018,2019-04-17,30,42,12
6019,2019-04-17,96,69,-27
6020,2019-04-17,47,72,25
6021,2019-04-17,58,41,-17
6022,2019-04-17,40,45,5
6023,2019-04-17,63,91,28
6025,2019-04-17,30,30,0
6026,2019-04-17,84,114,30
6027,2019-04-17,104,102,-2
6029,2019-04-17,16,22,6
6031,2019-04-17,23,30,7
6032,2019-04-17,34,101,67
6033,2019-04-17,15,9,-6
6034,2019-04-17,20,59,39
6035,2019-04-17,22,22,0
6036,2019-04-17,97,125,28
6037,2019-04-17,29,30,1
6038,2019-04-17,54,56,2
6039,2019-04-17,54,69,15
6040,2019-04-17,33,51,18
6041,2019-04-17,44,45,1
6042,2019-04-17,77,79,2
6043,2019-04-17,66,179,113
6044,2019-04-17,34,32,-2
6046,2019-04-17,69,54,-15
6047,2019-04-17,46,24,-22
6048,2019-04-17,30,29,-1
6049,2019-04-17,62,67,5
6051,2019-04-17,34,22,-12
6052,2019-04-17,115,135,20
6053,2019-04-17,88,110,22
6057,2019-04-17,61,47,-14
6058,2019-04-17,71,68,-3
6059,2019-04-17,51,49,-2
6060,2019-04-17,27,24,-3
6062,2019-04-17,59,38,-21
6063,2019-04-17,58,51,-7
6064,2019-04-17,122,132,10
6065,2019-04-17,48,31,-17
6066,2019-04-17,37,18,-19
6067,2019-04-17,30,52,22
6070,2019-04-17,144,165,21
6072,2019-04-17,44,66,22
6073,2019-04-17,159,143,-16
6075,2019-04-17,22,25,3
6076,2019-04-17,13,13,0
6079,2019-04-17,52,45,-7
6080,2019-04-17,92,96,4
6081,2019-04-17,40,21,-19
6083,2019-04-17,89,83,-6
6084,2019-04-17,33,34,1
6085,2019-04-17,46,82,36
6087,2019-04-17,56,83,27
6088,2019-04-17,45,45,0
6089,2019-04-17,29,28,-1
6090,2019-04-17,25,18,-7
6091,2019-04-17,32,34,2
6092,2019-04-17,46,44,-2
6093,2019-04-17,15,16,1
6094,2019-04-17,43,27,-16
6095,2019-04-17,62,59,-3
6096,2019-04-17,33,44,11
6097,2019-04-17,56,37,-19
6098,2019-04-17,26,24,-2
6099,2019-04-17,53,82,29
6100,2019-04-17,175,172,-3
6101,2019-04-17,26,7,-19
6102,2019-04-17,20,10,-10
6103,2019-04-17,12,12,0
6104,2019-04-17,77,76,-1
6105,2019-04-17,36,44,8
6106,2019-04-17,13,18,5
6107,2019-04-17,80,69,-11
6108,2019-04-17,35,46,11
6110,2019-04-17,12,14,2
6111,2019-04-17,25,36,11
6112,2019-04-17,53,57,4
6113,2019-04-17,40,58,18
6114,2019-04-17,110,120,10
6115,2019-04-17,16,20,4
6116,2019-04-17,36,44,8
6118,2019-04-17,38,58,20
6119,2019-04-17,46,67,21
6120,2019-04-17,31,46,15
6121,2019-04-17,12,28,16
6122,2019-04-17,13,9,-4
6123,2019-04-17,18,22,4
6124,2019-04-17,26,48,22
6125,2019-04-17,19,14,-5
6126,2019-04-17,14,24,10
6127,2019-04-17,32,27,-5
6128,2019-04-17,11,13,2
6129,2019-04-17,44,42,-2
6130,2019-04-17,18,11,-7
6131,2019-04-17,56,28,-28
6132,2019-04-17,40,49,9
6133,2019-04-17,47,36,-11
6134,2019-04-17,18,14,-4
6136,2019-04-17,171,106,-65
6137,2019-04-17,65,64,-1
6138,2019-04-17,46,42,-4
6139,2019-04-17,14,20,6
6140,2019-04-17,65,65,0
6142,2019-04-17,84,60,-24
6143,2019-04-17,65,54,-11
6145,2019-04-17,48,43,-5
6146,2019-04-17,28,25,-3
6147,2019-04-17,71,42,-29
6148,2019-04-17,77,42,-35
6149,2019-04-17,24,17,-7
6150,2019-04-17,52,56,4
6151,2019-04-17,49,58,9
6152,2019-04-17,66,69,3
6153,2019-04-17,31,23,-8
6154,2019-04-17,98,100,2
6155,2019-04-17,86,77,-9
6156,2019-04-17,51,52,1
6157,2019-04-17,37,50,13
6158,2019-04-17,52,45,-7
6160,2019-04-17,50,42,-8
6161,2019-04-17,32,34,2
6163,2019-04-17,71,82,11
6164,2019-04-17,40,64,24
6165,2019-04-17,46,51,5
6166,2019-04-17,50,46,-4
6167,2019-04-17,25,34,9
6168,2019-04-17,31,26,-5
6169,2019-04-17,85,75,-10
6170,2019-04-17,36,25,-11
6171,2019-04-17,31,26,-5
6173,2019-04-17,93,47,-46
6174,2019-04-17,69,52,-17
6175,2019-04-17,71,44,-27
6176,2019-04-17,44,53,9
6177,2019-04-17,65,50,-15
6178,2019-04-17,70,59,-11
6179,2019-04-17,35,43,8
6180,2019-04-17,33,26,-7
6181,2019-04-17,72,40,-32
6182,2019-04-17,44,32,-12
6183,2019-04-17,47,39,-8
6184,2019-04-17,150,134,-16
6185,2019-04-17,5,11,6
6186,2019-04-17,63,55,-8
6187,2019-04-17,75,83,8
6188,2019-04-17,45,34,-11
6189,2019-04-17,12,11,-1
6190,2019-04-17,122,85,-37
6191,2019-04-17,54,41,-13
6192,2019-04-17,37,25,-12
6193,2019-04-17,62,55,-7
6194,2019-04-17,116,102,-14
6195,2019-04-17,57,29,-28
6196,2019-04-17,59,52,-7
6197,2019-04-17,36,33,-3
6198,2019-04-17,15,6,-9
6199,2019-04-17,50,52,2
6200,2019-04-17,68,64,-4
6201,2019-04-17,50,43,-7
6202,2019-04-17,74,67,-7
6203,2019-04-17,42,43,1
6204,2019-04-17,47,45,-2
6205,2019-04-17,58,42,-16
6206,2019-04-17,60,58,-2
6207,2019-04-17,26,24,-2
6208,2019-04-17,48,46,-2
6209,2019-04-17,88,58,-30
6210,2019-04-17,27,23,-4
6211,2019-04-17,108,95,-13
6212,2019-04-17,34,28,-6
6213,2019-04-17,77,72,-5
6214,2019-04-17,69,56,-13
6215,2019-04-17,41,25,-16
6216,2019-04-17,92,61,-31
6217,2019-04-17,71,48,-23
6218,2019-04-17,55,40,-15
6219,2019-04-17,38,32,-6
6220,2019-04-17,69,75,6
6221,2019-04-17,104,90,-14
6222,2019-04-17,49,35,-14
6223,2019-04-17,87,50,-37
6224,2019-04-17,62,50,-12
6225,2019-04-17,38,28,-10
6226,2019-04-17,21,13,-8
6227,2019-04-17,106,96,-10
6228,2019-04-17,23,18,-5
6229,2019-04-17,40,27,-13
6230,2019-04-17,63,51,-12
6231,2019-04-17,78,76,-2
6233,2019-04-17,71,65,-6
6234,2019-04-17,61,51,-10
6235,2019-04-17,53,64,11
6236,2019-04-17,43,44,1
6237,2019-04-17,37,39,2
6240,2019-04-17,10,10,0
6241,2019-04-17,21,19,-2
6243,2019-04-17,53,36,-17
6245,2019-04-17,37,45,8
6246,2019-04-17,54,30,-24
6247,2019-04-17,42,42,0
6248,2019-04-17,83,75,-8
6249,2019-04-17,29,24,-5
6250,2019-04-17,70,55,-15
6251,2019-04-17,18,16,-2
6252,2019-04-17,25,16,-9
6254,2019-04-17,48,49,1
6255,2019-04-17,28,11,-17
6257,2019-04-17,33,25,-8
6258,2019-04-17,40,38,-2
6259,2019-04-17,28,22,-6
6260,2019-04-17,45,40,-5
6261,2019-04-17,30,35,5
6262,2019-04-17,25,28,3
6263,2019-04-17,17,16,-1
6264,2019-04-17,23,17,-6
6265,2019-04-17,39,40,1
6266,2019-04-17,19,9,-10
6267,2019-04-17,38,33,-5
6268,2019-04-17,27,25,-2
6269,2019-04-17,4,10,6
6272,2019-04-17,16,12,-4
6273,2019-04-17,22,23,1
6274,2019-04-17,27,29,2
6275,2019-04-17,21,20,-1
6276,2019-04-17,28,22,-6
6277,2019-04-17,37,36,-1
6278,2019-04-17,12,17,5
6279,2019-04-17,27,23,-4
6280,2019-04-17,59,56,-3
6301,2019-04-17,10,10,0
6302,2019-04-17,18,10,-8
6303,2019-04-17,12,11,-1
6304,2019-04-17,11,6,-5
6305,2019-04-17,20,12,-8
6306,2019-04-17,55,10,-45
6307,2019-04-17,55,63,8
6309,2019-04-17,22,24,2
6310,2019-04-17,42,26,-16
6311,2019-04-17,19,23,4
6312,2019-04-17,18,23,5
6313,2019-04-17,23,38,15
6314,2019-04-17,43,35,-8
6315,2019-04-17,58,29,-29
6316,2019-04-17,31,17,-14
6321,2019-04-17,48,46,-2
6322,2019-04-17,13,16,3
6323,2019-04-17,7,9,2
6324,2019-04-17,18,24,6
6327,2019-04-17,21,12,-9
6328,2019-04-17,26,26,0
6330,2019-04-17,24,26,2
6331,2019-04-17,24,21,-3
6332,2019-04-17,15,21,6
6333,2019-04-17,12,16,4
6334,2019-04-17,38,45,7
6335,2019-04-17,30,20,-10
6336,2019-04-17,16,11,-5
6338,2019-04-17,24,23,-1
6339,2019-04-17,25,19,-6
6340,2019-04-17,14,18,4
6341,2019-04-17,21,24,3
6343,2019-04-17,19,24,5
6344,2019-04-17,33,30,-3
6345,2019-04-17,5,10,5
6346,2019-04-17,14,16,2
6347,2019-04-17,24,18,-6
6349,2019-04-17,19,13,-6
6350,2019-04-17,19,14,-5
6354,2019-04-17,28,22,-6
6355,2019-04-17,19,28,9
6356,2019-04-17,23,18,-5
6357,2019-04-17,9,8,-1
6358,2019-04-17,11,20,9
6359,2019-04-17,77,79,2
6360,2019-04-17,19,18,-1
6361,2019-04-17,26,24,-2
6362,2019-04-17,21,23,2
6363,2019-04-17,20,20,0
6364,2019-04-17,32,32,0
6366,2019-04-17,19,13,-6
6367,2019-04-17,20,22,2
6368,2019-04-17,36,35,-1
6369,2019-04-17,20,19,-1
6370,2019-04-17,32,20,-12
6371,2019-04-17,40,43,3
6372,2019-04-17,42,41,-1
6373,2019-04-17,16,17,1
6374,2019-04-17,21,25,4
6375,2019-04-17,43,45,2
6376,2019-04-17,16,18,2
6377,2019-04-17,26,26,0
6379,2019-04-17,14,15,1
6380,2019-04-17,19,18,-1
6381,2019-04-17,26,31,5
6383,2019-04-17,14,16,2
6384,2019-04-17,20,17,-3
6385,2019-04-17,41,39,-2
6386,2019-04-17,37,43,6
6387,2019-04-17,41,60,19
6388,2019-04-17,23,25,2
6389,2019-04-17,40,23,-17
6391,2019-04-17,33,55,22
6393,2019-04-17,40,48,8
6394,2019-04-17,34,42,8
6396,2019-04-17,62,70,8
6397,2019-04-17,42,46,4
6398,2019-04-17,2,8,6
6401,2019-04-17,49,50,1
6402,2019-04-17,28,41,13
6403,2019-04-17,19,26,7
6404,2019-04-17,10,17,7
6405,2019-04-17,32,39,7
6406,2019-04-17,45,55,10
6407,2019-04-17,14,28,14
6409,2019-04-17,13,14,1
6410,2019-04-17,26,27,1
6411,2019-04-17,61,59,-2
6412,2019-04-17,21,22,1
6413,2019-04-17,56,62,6
6414,2019-04-17,14,21,7
6415,2019-04-17,15,20,5
6416,2019-04-17,12,6,-6
6419,2019-04-17,5,10,5
6420,2019-04-17,20,16,-4
6421,2019-04-17,15,14,-1
6422,2019-04-17,11,16,5
6423,2019-04-17,14,12,-2
6424,2019-04-17,25,26,1
6425,2019-04-17,20,24,4
6426,2019-04-17,36,38,2
6427,2019-04-17,43,47,4
6428,2019-04-17,11,15,4
6429,2019-04-17,20,16,-4
6432,2019-04-17,56,54,-2
6433,2019-04-17,29,31,2
6434,2019-04-17,56,52,-4
6435,2019-04-17,25,23,-2
6436,2019-04-17,26,19,-7
6502,2019-04-17,5,6,1
6503,2019-04-17,24,21,-3
6504,2019-04-17,11,15,4
6700,2019-04-17,9,16,7
6701,2019-04-17,38,31,-7
6702,2019-04-17,15,14,-1
6703,2019-04-17,25,25,0
6704,2019-04-17,10,8,-2
6705,2019-04-17,15,15,0
6706,2019-04-17,15,22,7
6707,2019-04-17,19,26,7
6708,2019-04-17,23,59,36
6709,2019-04-17,18,19,1
6710,2019-04-17,10,14,4
6711,2019-04-17,15,9,-6
6712,2019-04-17,14,13,-1
6713,2019-04-17,7,10,3
6714,2019-04-17,2,3,1
6715,2019-04-17,9,14,5
6716,2019-04-17,8,6,-2
6717,2019-04-17,3,12,9
6718,2019-04-17,19,22,3
6719,2019-04-17,16,17,1
6720,2019-04-17,17,18,1
6721,2019-04-17,10,12,2
6722,2019-04-17,7,12,5
6723,2019-04-17,9,5,-4
6724,2019-04-17,26,45,19
6725,2019-04-17,18,24,6
6726,2019-04-17,5,3,-2
6727,2019-04-17,45,51,6
6728,2019-04-17,3,4,1
6729,2019-04-17,78,79,1
6730,2019-04-17,5,5,0
6731,2019-04-17,7,4,-3
6732,2019-04-17,30,35,5
6733,2019-04-17,13,22,9
6734,2019-04-17,25,30,5
6735,2019-04-17,3,4,1
6737,2019-04-17,18,19,1
6738,2019-04-17,51,49,-2
6739,2019-04-17,5,4,-1
6741,2019-04-17,10,8,-2
6742,2019-04-17,32,34,2
6743,2019-04-17,30,16,-14
6744,2019-04-17,14,12,-2
6745,2019-04-17,14,16,2
6746,2019-04-17,11,11,0
6747,2019-04-17,31,34,3
6748,2019-04-17,73,98,25
6749,2019-04-17,29,30,1
6753,2019-04-17,14,4,-10
6754,2019-04-17,8,9,1
6901,2019-04-17,22,37,15
6902,2019-04-17,54,59,5
6903,2019-04-17,80,69,-11
6904,2019-04-17,40,45,5
6905,2019-04-17,22,22,0
6906,2019-04-17,102,52,-50
6907,2019-04-17,52,27,-25
6908,2019-04-17,39,27,-12
6910,2019-04-17,90,64,-26
6912,2019-04-17,69,62,-7
6913,2019-04-17,48,31,-17
6915,2019-04-17,50,54,4
6916,2019-04-17,15,21,6
6917,2019-04-17,14,20,6
6918,2019-04-17,9,10,1
6919,2019-04-17,21,17,-4
6921,2019-04-17,48,56,8
6923,2019-04-17,36,29,-7
6924,2019-04-17,17,10,-7
6925,2019-04-17,20,15,-5
6926,2019-04-17,27,28,1
6927,2019-04-17,29,23,-6
6928,2019-04-17,33,14,-19
6929,2019-04-17,26,19,-7
6930,2019-04-17,17,18,1
7001,2019-04-17,15,20,5
7002,2019-04-17,10,12,2
7003,2019-04-17,67,56,-11
7004,2019-04-17,6,5,-1
7005,2019-04-17,9,9,0
7006,2019-04-17,15,18,3
7007,2019-04-17,10,18,8
7008,2019-04-17,21,13,-8
7009,2019-04-17,54,74,20
7011,2019-04-17,32,41,9
7012,2019-04-17,23,21,-2
7013,2019-04-17,17,21,4
7014,2019-04-17,43,19,-24
7015,2019-04-17,16,15,-1
7016,2019-04-17,14,8,-6
7017,2019-04-17,21,23,2
7018,2019-04-17,23,28,5
7019,2019-04-17,60,58,-2
7020,2019-04-17,9,10,1
7021,2019-04-17,28,21,-7
7022,2019-04-17,31,34,3
7023,2019-04-17,5,3,-2
7024,2019-04-17,27,13,-14
7025,2019-04-17,30,13,-17
7026,2019-04-17,53,51,-2
7027,2019-04-17,19,26,7
7028,2019-04-17,56,56,0
7029,2019-04-17,26,25,-1
7030,2019-04-17,23,34,11
7031,2019-04-17,41,39,-2
7032,2019-04-17,77,57,-20
7033,2019-04-17,49,39,-10
7034,2019-04-17,11,19,8
7035,2019-04-17,31,38,7
7036,2019-04-17,34,27,-7
7037,2019-04-17,36,25,-11
7038,2019-04-17,39,45,6
7039,2019-04-17,28,23,-5
7040,2019-04-17,51,65,14
7041,2019-04-17,72,79,7
7042,2019-04-17,32,32,0
7043,2019-04-17,16,8,-8
7045,2019-04-17,22,28,6
7046,2019-04-17,89,97,8
7047,2019-04-17,77,97,20
7048,2019-04-17,6,13,7
7050,2019-04-17,13,13,0
7051,2019-04-17,9,9,0
7052,2019-04-17,31,30,-1
7053,2019-04-17,18,16,-2
7054,2019-04-17,27,28,1
7055,2019-04-17,14,18,4
7056,2019-04-17,14,15,1
7057,2019-04-17,27,32,5
7058,2019-04-17,19,20,1
7059,2019-04-17,11,11,0
7060,2019-04-17,18,20,2
7061,2019-04-17,14,15,1
7062,2019-04-17,30,30,0
7063,2019-04-17,4,6,2
7064,2019-04-17,20,9,-11
7065,2019-04-17,27,31,4
7066,2019-04-17,38,55,17
7067,2019-04-17,51,61,10
7068,2019-04-17,28,37,9
7069,2019-04-17,35,39,4
7070,2019-04-17,20,26,6
7071,2019-04-17,33,22,-11
7072,2019-04-17,27,20,-7
7073,2019-04-17,15,18,3
7074,2019-04-17,20,29,9
7075,2019-04-17,4,6,2
7076,2019-04-17,44,42,-2
7077,2019-04-17,21,27,6
7078,2019-04-17,16,22,6
7079,2019-04-17,36,45,9
7082,2019-04-17,45,64,19
7083,2019-04-17,32,24,-8
7084,2019-04-17,63,71,8
7090,2019-04-17,7,14,7
7091,2019-04-17,9,5,-4
7092,2019-04-17,6,3,-3
7093,2019-04-17,3,0,-3
7094,2019-04-17,2,5,3
7095,2019-04-17,11,6,-5
7096,2019-04-17,12,9,-3
7097,2019-04-17,4,2,-2
7099,2019-04-17,4,1,-3
7102,2019-04-17,8,6,-2
7103,2019-04-17,1,0,-1
7104,2019-04-17,4,2,-2
7105,2019-04-17,7,8,1
7106,2019-04-17,2,3,1
7107,2019-04-17,2,5,3
7108,2019-04-17,8,9,1
7109,2019-04-17,10,10,0
7110,2019-04-17,7,3,-4
7111,2019-04-17,1,0,-1
7112,2019-04-17,6,7,1
7113,2019-04-17,37,40,3
7117,2019-04-17,3,0,-3
7118,2019-04-17,3,2,-1
7119,2019-04-17,2,4,2
7120,2019-04-17,2,5,3
7122,2019-04-17,5,5,0
7123,2019-04-17,3,3,0
7124,2019-04-17,9,15,6
7125,2019-04-17,8,9,1
7126,2019-04-17,4,2,-2
7127,2019-04-17,23,28,5
7128,2019-04-17,14,10,-4
7129,2019-04-17,5,3,-2
7130,2019-04-17,4,3,-1
7131,2019-04-17,5,5,0
7132,2019-04-17,1,3,2
7134,2019-04-17,6,4,-2
7135,2019-04-17,2,3,1
7136,2019-04-17,1,1,0
7137,2019-04-17,3,1,-2
7138,2019-04-17,2,4,2
7139,2019-04-17,27,39,12
7140,2019-04-17,12,12,0
7141,2019-04-17,20,20,0
7142,2019-04-17,4,6,2
7143,2019-04-17,6,8,2
7144,2019-04-17,23,29,6
7146,2019-04-17,12,15,3
7147,2019-04-17,16,17,1
7148,2019-04-17,4,5,1
7149,2019-04-17,5,11,6
10002,2019-04-17,75,89,14
4000,2019-04-18,17,27,10
4002,2019-04-18,35,40,5
5002,2019-04-18,2,2,0
5003,2019-04-18,1,1,0
5006,2019-04-18,3,5,2
5007,2019-04-18,9,6,-3
6001,2019-04-18,22,40,18
6002,2019-04-18,16,21,5
6003,2019-04-18,24,36,12
6004,2019-04-18,20,18,-2
6006,2019-04-18,8,7,-1
6007,2019-04-18,20,17,-3
6008,2019-04-18,38,74,36
6009,2019-04-18,36,41,5
6011,2019-04-18,27,32,5
6012,2019-04-18,68,113,45
6013,2019-04-18,33,51,18
6014,2019-04-18,21,27,6
6015,2019-04-18,96,154,58
6016,2019-04-18,2,7,5
6017,2019-04-18,14,18,4
6018,2019-04-18,28,34,6
6019,2019-04-18,59,46,-13
6020,2019-04-18,28,51,23
6021,2019-04-18,47,38,-9
6022,2019-04-18,15,20,5
6023,2019-04-18,28,40,12
6025,2019-04-18,19,20,1
6026,2019-04-18,23,45,22
6027,2019-04-18,57,86,29
6029,2019-04-18,10,10,0
6031,2019-04-18,19,25,6
6032,2019-04-18,17,51,34
6033,2019-04-18,11,10,-1
6034,2019-04-18,19,28,9
6035,2019-04-18,6,11,5
6036,2019-04-18,30,58,28
6037,2019-04-18,20,22,2
6038,2019-04-18,35,48,13
6039,2019-04-18,42,52,10
6040,2019-04-18,33,40,7
6041,2019-04-18,30,26,-4
6042,2019-04-18,59,52,-7
6043,2019-04-18,65,145,80
6044,2019-04-18,31,31,0
6046,2019-04-18,41,46,5
6047,2019-04-18,24,17,-7
6048,2019-04-18,24,31,7
6049,2019-04-18,59,74,15
6051,2019-04-18,17,24,7
6052,2019-04-18,48,56,8
6053,2019-04-18,66,74,8
6057,2019-04-18,45,51,6
6058,2019-04-18,44,62,18
6059,2019-04-18,32,27,-5
6060,2019-04-18,15,18,3
6062,2019-04-18,32,29,-3
6063,2019-04-18,33,39,6
6064,2019-04-18,79,92,13
6065,2019-04-18,31,18,-13
6066,2019-04-18,23,7,-16
6067,2019-04-18,26,29,3
6068,2019-04-18,2,0,-2
6070,2019-04-18,117,117,0
6072,2019-04-18,47,44,-3
6073,2019-04-18,82,99,17
6075,2019-04-18,15,10,-5
6076,2019-04-18,11,12,1
6079,2019-04-18,30,25,-5
6080,2019-04-18,55,54,-1
6081,2019-04-18,15,14,-1
6083,2019-04-18,51,54,3
6084,2019-04-18,27,29,2
6085,2019-04-18,33,66,33
6087,2019-04-18,43,67,24
6088,2019-04-18,30,27,-3
6089,2019-04-18,30,25,-5
6090,2019-04-18,25,22,-3
6091,2019-04-18,31,17,-14
6092,2019-04-18,33,32,-1
6093,2019-04-18,16,10,-6
6094,2019-04-18,37,37,0
6095,2019-04-18,35,31,-4
6096,2019-04-18,16,23,7
6097,2019-04-18,34,22,-12
6098,2019-04-18,21,9,-12
6099,2019-04-18,32,45,13
6100,2019-04-18,107,110,3
6101,2019-04-18,34,6,-28
6102,2019-04-18,16,7,-9
6103,2019-04-18,9,10,1
6104,2019-04-18,46,60,14
6105,2019-04-18,19,42,23
6106,2019-04-18,12,10,-2
6107,2019-04-18,29,30,1
6108,2019-04-18,25,29,4
6110,2019-04-18,21,16,-5
6111,2019-04-18,23,23,0
6112,2019-04-18,35,47,12
6113,2019-04-18,26,28,2
6114,2019-04-18,58,101,43
6115,2019-04-18,9,17,8
6116,2019-04-18,30,31,1
6118,2019-04-18,29,30,1
6119,2019-04-18,46,48,2
6120,2019-04-18,19,45,26
6121,2019-04-18,11,17,6
6122,2019-04-18,11,10,-1
6123,2019-04-18,18,16,-2
6124,2019-04-18,13,26,13
6125,2019-04-18,15,10,-5
6126,2019-04-18,18,22,4
6127,2019-04-18,24,19,-5
6128,2019-04-18,12,7,-5
6129,2019-04-18,38,37,-1
6130,2019-04-18,10,6,-4
6131,2019-04-18,37,17,-20
6132,2019-04-18,28,32,4
6133,2019-04-18,30,25,-5
6134,2019-04-18,15,10,-5
6136,2019-04-18,138,124,-14
6137,2019-04-18,64,55,-9
6138,2019-04-18,35,30,-5
6139,2019-04-18,24,20,-4
6140,2019-04-18,50,48,-2
6142,2019-04-18,34,29,-5
6143,2019-04-18,51,39,-12
6145,2019-04-18,22,19,-3
6146,2019-04-18,15,14,-1
6147,2019-04-18,37,37,0
6148,2019-04-18,48,41,-7
6149,2019-04-18,28,29,1
6150,2019-04-18,38,40,2
6151,2019-04-18,34,41,7
6152,2019-04-18,50,54,4
6153,2019-04-18,21,16,-5
6154,2019-04-18,80,84,4
6155,2019-04-18,69,62,-7
6156,2019-04-18,41,36,-5
6157,2019-04-18,57,39,-18
6158,2019-04-18,48,43,-5
6160,2019-04-18,37,21,-16
6161,2019-04-18,31,20,-11
6163,2019-04-18,75,58,-17
6164,2019-04-18,40,33,-7
6165,2019-04-18,36,47,11
6166,2019-04-18,42,24,-18
6167,2019-04-18,20,23,3
6168,2019-04-18,32,24,-8
6169,2019-04-18,61,63,2
6170,2019-04-18,21,18,-3
6171,2019-04-18,19,20,1
6173,2019-04-18,51,44,-7
6174,2019-04-18,51,32,-19
6175,2019-04-18,63,33,-30
6176,2019-04-18,40,40,0
6177,2019-04-18,39,31,-8
6178,2019-04-18,51,48,-3
6179,2019-04-18,42,46,4
6180,2019-04-18,24,24,0
6181,2019-04-18,44,22,-22
6182,2019-04-18,33,27,-6
6183,2019-04-18,47,43,-4
6184,2019-04-18,132,130,-2
6185,2019-04-18,6,7,1
6186,2019-04-18,43,39,-4
6187,2019-04-18,47,64,17
6188,2019-04-18,32,35,3
6189,2019-04-18,8,10,2
6190,2019-04-18,86,73,-13
6191,2019-04-18,21,20,-1
6192,2019-04-18,28,19,-9
6193,2019-04-18,56,43,-13
6194,2019-04-18,58,60,2
6195,2019-04-18,32,27,-5
6196,2019-04-18,45,36,-9
6197,2019-04-18,17,23,6
6198,2019-04-18,5,6,1
6199,2019-04-18,49,46,-3
6200,2019-04-18,51,50,-1
6201,2019-04-18,43,40,-3
6202,2019-04-18,56,55,-1
6203,2019-04-18,32,33,1
6204,2019-04-18,43,43,0
6205,2019-04-18,42,45,3
6206,2019-04-18,84,66,-18
6207,2019-04-18,19,15,-4
6208,2019-04-18,46,50,4
6209,2019-04-18,60,35,-25
6210,2019-04-18,17,19,2
6211,2019-04-18,73,58,-15
6212,2019-04-18,33,23,-10
6213,2019-04-18,54,52,-2
6214,2019-04-18,44,35,-9
6215,2019-04-18,33,29,-4
6216,2019-04-18,43,16,-27
6217,2019-04-18,56,47,-9
6218,2019-04-18,42,27,-15
6219,2019-04-18,29,18,-11
6220,2019-04-18,42,35,-7
6221,2019-04-18,94,86,-8
6222,2019-04-18,32,19,-13
6223,2019-04-18,41,27,-14
6224,2019-04-18,39,30,-9
6225,2019-04-18,39,25,-14
6226,2019-04-18,10,11,1
6227,2019-04-18,59,68,9
6228,2019-04-18,4,7,3
6229,2019-04-18,32,17,-15
6230,2019-04-18,41,24,-17
6231,2019-04-18,43,36,-7
6233,2019-04-18,50,51,1
6234,2019-04-18,44,33,-11
6235,2019-04-18,41,45,4
6236,2019-04-18,28,21,-7
6237,2019-04-18,30,26,-4
6240,2019-04-18,8,4,-4
6241,2019-04-18,31,26,-5
6243,2019-04-18,20,19,-1
6245,2019-04-18,31,26,-5
6246,2019-04-18,18,18,0
6247,2019-04-18,31,32,1
6248,2019-04-18,72,58,-14
6249,2019-04-18,20,18,-2
6250,2019-04-18,36,30,-6
6251,2019-04-18,10,7,-3
6252,2019-04-18,16,15,-1
6254,2019-04-18,30,27,-3
6255,2019-04-18,28,32,4
6257,2019-04-18,15,13,-2
6258,2019-04-18,19,18,-1
6259,2019-04-18,18,17,-1
6260,2019-04-18,20,12,-8
6261,2019-04-18,16,9,-7
6262,2019-04-18,22,17,-5
6263,2019-04-18,6,11,5
6264,2019-04-18,15,11,-4
6265,2019-04-18,26,25,-1
6266,2019-04-18,12,10,-2
6267,2019-04-18,28,17,-11
6268,2019-04-18,17,17,0
6269,2019-04-18,13,19,6
6272,2019-04-18,12,12,0
6273,2019-04-18,12,11,-1
6274,2019-04-18,24,20,-4
6275,2019-04-18,22,15,-7
6276,2019-04-18,14,6,-8
6277,2019-04-18,23,24,1
6278,2019-04-18,6,6,0
6279,2019-04-18,8,10,2
6280,2019-04-18,44,38,-6
6301,2019-04-18,6,11,5
6302,2019-04-18,7,8,1
6303,2019-04-18,10,2,-8
6304,2019-04-18,6,2,-4
6305,2019-04-18,12,5,-7
6306,2019-04-18,25,10,-15
6307,2019-04-18,51,48,-3
6309,2019-04-18,18,15,-3
6310,2019-04-18,41,20,-21
6311,2019-04-18,23,16,-7
6312,2019-04-18,7,10,3
6313,2019-04-18,10,25,15
6314,2019-04-18,25,17,-8
6315,2019-04-18,31,14,-17
6316,2019-04-18,20,5,-15
6321,2019-04-18,21,20,-1
6322,2019-04-18,11,11,0
6323,2019-04-18,9,7,-2
6324,2019-04-18,11,12,1
6327,2019-04-18,10,5,-5
6328,2019-04-18,23,18,-5
6329,2019-04-18,4,9,5
6330,2019-04-18,13,11,-2
6331,2019-04-18,10,10,0
6332,2019-04-18,9,8,-1
6333,2019-04-18,8,10,2
6334,2019-04-18,22,30,8
6335,2019-04-18,11,13,2
6336,2019-04-18,13,10,-3
6338,2019-04-18,18,13,-5
6339,2019-04-18,17,18,1
6340,2019-04-18,23,11,-12
6341,2019-04-18,16,17,1
6343,2019-04-18,25,17,-8
6344,2019-04-18,22,14,-8
6345,2019-04-18,4,5,1
6346,2019-04-18,11,8,-3
6347,2019-04-18,17,18,1
6349,2019-04-18,17,13,-4
6350,2019-04-18,17,20,3
6354,2019-04-18,10,12,2
6355,2019-04-18,12,16,4
6356,2019-04-18,13,5,-8
6357,2019-04-18,7,11,4
6358,2019-04-18,13,12,-1
6359,2019-04-18,40,46,6
6360,2019-04-18,6,8,2
6361,2019-04-18,13,9,-4
6362,2019-04-18,18,7,-11
6363,2019-04-18,9,8,-1
6364,2019-04-18,19,14,-5
6366,2019-04-18,13,8,-5
6367,2019-04-18,11,6,-5
6368,2019-04-18,31,29,-2
6369,2019-04-18,15,15,0
6370,2019-04-18,17,14,-3
6371,2019-04-18,34,34,0
6372,2019-04-18,27,29,2
6373,2019-04-18,15,15,0
6374,2019-04-18,26,18,-8
6375,2019-04-18,27,33,6
6376,2019-04-18,15,11,-4
6377,2019-04-18,14,13,-1
6379,2019-04-18,8,15,7
6380,2019-04-18,14,9,-5
6381,2019-04-18,26,26,0
6383,2019-04-18,4,6,2
6384,2019-04-18,10,10,0
6385,2019-04-18,26,23,-3
6386,2019-04-18,40,38,-2
6387,2019-04-18,31,39,8
6388,2019-04-18,9,8,-1
6389,2019-04-18,27,24,-3
6391,2019-04-18,26,33,7
6393,2019-04-18,25,32,7
6394,2019-04-18,24,36,12
6396,2019-04-18,47,31,-16
6397,2019-04-18,18,31,13
6398,2019-04-18,10,17,7
6401,2019-04-18,27,26,-1
6402,2019-04-18,14,14,0
6403,2019-04-18,12,12,0
6404,2019-04-18,5,10,5
6405,2019-04-18,18,24,6
6406,2019-04-18,19,31,12
6407,2019-04-18,7,12,5
6408,2019-04-18,3,7,4
6409,2019-04-18,10,8,-2
6410,2019-04-18,14,14,0
6411,2019-04-18,59,48,-11
6412,2019-04-18,11,12,1
6413,2019-04-18,46,43,-3
6414,2019-04-18,8,9,1
6415,2019-04-18,12,8,-4
6416,2019-04-18,13,9,-4
6419,2019-04-18,1,7,6
6420,2019-04-18,9,8,-1
6421,2019-04-18,17,13,-4
6422,2019-04-18,3,3,0
6423,2019-04-18,10,10,0
6424,2019-04-18,20,29,9
6425,2019-04-18,6,11,5
6426,2019-04-18,29,27,-2
6427,2019-04-18,30,31,1
6428,2019-04-18,6,6,0
6429,2019-04-18,9,13,4
6432,2019-04-18,34,33,-1
6433,2019-04-18,14,14,0
6434,2019-04-18,35,32,-3
6435,2019-04-18,17,13,-4
6436,2019-04-18,5,5,0
6502,2019-04-18,1,4,3
6503,2019-04-18,15,16,1
6504,2019-04-18,2,3,1
6700,2019-04-18,9,11,2
6701,2019-04-18,22,15,-7
6702,2019-04-18,5,7,2
6703,2019-04-18,7,6,-1
6704,2019-04-18,10,11,1
6705,2019-04-18,12,19,7
6706,2019-04-18,11,13,2
6707,2019-04-18,14,9,-5
6708,2019-04-18,25,43,18
6709,2019-04-18,14,16,2
6710,2019-04-18,2,3,1
6711,2019-04-18,13,16,3
6712,2019-04-18,3,0,-3
6713,2019-04-18,5,7,2
6715,2019-04-18,3,6,3
6716,2019-04-18,6,3,-3
6717,2019-04-18,4,8,4
6718,2019-04-18,6,7,1
6719,2019-04-18,15,15,0
6720,2019-04-18,9,9,0
6721,2019-04-18,7,7,0
6722,2019-04-18,8,5,-3
6723,2019-04-18,10,11,1
6724,2019-04-18,17,24,7
6725,2019-04-18,19,17,-2
6726,2019-04-18,2,2,0
6727,2019-04-18,16,30,14
6728,2019-04-18,2,0,-2
6729,2019-04-18,35,65,30
6730,2019-04-18,4,4,0
6731,2019-04-18,2,3,1
6732,2019-04-18,17,16,-1
6733,2019-04-18,8,11,3
6734,2019-04-18,17,13,-4
6735,2019-04-18,2,4,2
6737,2019-04-18,8,14,6
6738,2019-04-18,49,44,-5
6739,2019-04-18,5,5,0
6741,2019-04-18,4,9,5
6742,2019-04-18,15,18,3
6743,2019-04-18,13,1,-12
6744,2019-04-18,8,14,6
6745,2019-04-18,5,4,-1
6746,2019-04-18,5,2,-3
6747,2019-04-18,21,22,1
6748,2019-04-18,37,55,18
6749,2019-04-18,25,26,1
6753,2019-04-18,7,7,0
6754,2019-04-18,8,10,2
6901,2019-04-18,22,34,12
6902,2019-04-18,35,42,7
6903,2019-04-18,46,35,-11
6904,2019-04-18,34,29,-5
6905,2019-04-18,12,12,0
6906,2019-04-18,56,49,-7
6907,2019-04-18,26,27,1
6908,2019-04-18,26,24,-2
6910,2019-04-18,42,44,2
6912,2019-04-18,50,46,-4
6913,2019-04-18,17,13,-4
6915,2019-04-18,40,34,-6
6916,2019-04-18,11,13,2
6917,2019-04-18,7,10,3
6918,2019-04-18,12,5,-7
6919,2019-04-18,15,12,-3
6921,2019-04-18,29,35,6
6923,2019-04-18,22,27,5
6924,2019-04-18,10,8,-2
6925,2019-04-18,21,22,1
6926,2019-04-18,25,20,-5
6927,2019-04-18,33,24,-9
6928,2019-04-18,11,11,0
6929,2019-04-18,16,17,1
6930,2019-04-18,6,13,7
7001,2019-04-18,12,13,1
7002,2019-04-18,6,7,1
7003,2019-04-18,39,32,-7
7004,2019-04-18,4,2,-2
7005,2019-04-18,5,5,0
7006,2019-04-18,11,13,2
7007,2019-04-18,13,14,1
7008,2019-04-18,6,7,1
7009,2019-04-18,34,45,11
7010,2019-04-18,7,5,-2
7011,2019-04-18,21,25,4
7012,2019-04-18,17,14,-3
7013,2019-04-18,7,4,-3
7014,2019-04-18,15,13,-2
7015,2019-04-18,1,2,1
7016,2019-04-18,3,5,2
7017,2019-04-18,8,11,3
7018,2019-04-18,9,17,8
7019,2019-04-18,46,43,-3
7020,2019-04-18,7,7,0
7021,2019-04-18,16,19,3
7022,2019-04-18,23,13,-10
7023,2019-04-18,2,1,-1
7024,2019-04-18,10,8,-2
7025,2019-04-18,12,11,-1
7026,2019-04-18,41,38,-3
7027,2019-04-18,17,20,3
7028,2019-04-18,65,61,-4
7029,2019-04-18,24,27,3
7030,2019-04-18,22,22,0
7031,2019-04-18,38,39,1
7032,2019-04-18,53,34,-19
7033,2019-04-18,44,47,3
7034,2019-04-18,6,13,7
7035,2019-04-18,23,11,-12
7036,2019-04-18,11,12,1
7037,2019-04-18,24,26,2
7038,2019-04-18,37,36,-1
7039,2019-04-18,9,11,2
7040,2019-04-18,42,40,-2
7041,2019-04-18,54,54,0
7042,2019-04-18,17,15,-2
7043,2019-04-18,10,7,-3
7045,2019-04-18,11,15,4
7046,2019-04-18,66,74,8
7047,2019-04-18,55,63,8
7048,2019-04-18,8,9,1
7050,2019-04-18,11,12,1
7051,2019-04-18,4,2,-2
7052,2019-04-18,24,31,7
7053,2019-04-18,18,12,-6
7054,2019-04-18,18,13,-5
7055,2019-04-18,7,7,0
7056,2019-04-18,13,15,2
7057,2019-04-18,15,13,-2
7058,2019-04-18,14,11,-3
7059,2019-04-18,11,3,-8
7060,2019-04-18,12,8,-4
7061,2019-04-18,8,9,1
7062,2019-04-18,19,19,0
7063,2019-04-18,9,12,3
7064,2019-04-18,8,12,4
7065,2019-04-18,14,6,-8
7066,2019-04-18,21,36,15
7067,2019-04-18,42,43,1
7068,2019-04-18,21,25,4
7069,2019-04-18,21,27,6
7070,2019-04-18,19,16,-3
7071,2019-04-18,23,14,-9
7072,2019-04-18,17,13,-4
7073,2019-04-18,21,25,4
7074,2019-04-18,17,20,3
7075,2019-04-18,1,2,1
7076,2019-04-18,27,19,-8
7077,2019-04-18,17,19,2
7078,2019-04-18,13,11,-2
7079,2019-04-18,26,36,10
7082,2019-04-18,24,31,7
7083,2019-04-18,30,23,-7
7084,2019-04-18,50,46,-4
7090,2019-04-18,5,5,0
7091,2019-04-18,2,1,-1
7093,2019-04-18,1,0,-1
7095,2019-04-18,3,7,4
7096,2019-04-18,11,8,-3
7097,2019-04-18,1,0,-1
7098,2019-04-18,1,3,2
7099,2019-04-18,3,4,1
7102,2019-04-18,8,5,-3
7103,2019-04-18,1,1,0
7105,2019-04-18,1,1,0
7107,2019-04-18,1,1,0
7108,2019-04-18,2,3,1
7109,2019-04-18,5,7,2
7110,2019-04-18,4,3,-1
7111,2019-04-18,2,1,-1
7112,2019-04-18,4,7,3
7113,2019-04-18,18,23,5
7117,2019-04-18,1,1,0
7118,2019-04-18,1,0,-1
7119,2019-04-18,1,2,1
7120,2019-04-18,2,2,0
7122,2019-04-18,2,1,-1
7123,2019-04-18,1,1,0
7124,2019-04-18,6,12,6
7125,2019-04-18,2,1,-1
7126,2019-04-18,4,0,-4
7127,2019-04-18,13,11,-2
7128,2019-04-18,4,6,2
7129,2019-04-18,2,1,-1
7130,2019-04-18,3,3,0
7131,2019-04-18,2,1,-1
7132,2019-04-18,3,3,0
7133,2019-04-18,1,0,-1
7134,2019-04-18,2,0,-2
7135,2019-04-18,1,2,1
7136,2019-04-18,1,1,0
7138,2019-04-18,3,1,-2
7139,2019-04-18,28,33,5
7140,2019-04-18,15,5,-10
7141,2019-04-18,9,10,1
7142,2019-04-18,4,3,-1
7143,2019-04-18,2,1,-1
7144,2019-04-18,4,13,9
7146,2019-04-18,8,6,-2
7147,2019-04-18,12,12,0
7148,2019-04-18,1,2,1
7149,2019-04-18,7,5,-2
10002,2019-04-18,58,59,1
4000,2019-04-19,7,8,1
4002,2019-04-19,5,12,7
5003,2019-04-19,1,2,1
5006,2019-04-19,1,0,-1
5007,2019-04-19,1,2,1
6001,2019-04-19,5,17,12
6002,2019-04-19,3,5,2
6003,2019-04-19,8,8,0
6004,2019-04-19,3,4,1
6005,2019-04-19,2,5,3
6006,2019-04-19,1,2,1
6007,2019-04-19,2,7,5
6008,2019-04-19,9,14,5
6009,2019-04-19,11,12,1
6011,2019-04-19,4,6,2
6012,2019-04-19,19,18,-1
6013,2019-04-19,8,8,0
6014,2019-04-19,6,7,1
6015,2019-04-19,16,36,20
6017,2019-04-19,4,16,12
6018,2019-04-19,16,10,-6
6019,2019-04-19,11,9,-2
6020,2019-04-19,7,18,11
6021,2019-04-19,12,5,-7
6022,2019-04-19,6,9,3
6023,2019-04-19,12,10,-2
6025,2019-04-19,3,3,0
6026,2019-04-19,6,12,6
6027,2019-04-19,9,18,9
6029,2019-04-19,1,2,1
6031,2019-04-19,2,7,5
6032,2019-04-19,4,15,11
6033,2019-04-19,2,2,0
6034,2019-04-19,3,14,11
6036,2019-04-19,6,14,8
6037,2019-04-19,1,6,5
6038,2019-04-19,6,10,4
6039,2019-04-19,9,10,1
6040,2019-04-19,5,13,8
6041,2019-04-19,3,3,0
6042,2019-04-19,10,15,5
6043,2019-04-19,4,18,14
6044,2019-04-19,12,12,0
6046,2019-04-19,5,8,3
6047,2019-04-19,6,6,0
6048,2019-04-19,1,4,3
6049,2019-04-19,3,13,10
6051,2019-04-19,6,7,1
6052,2019-04-19,11,9,-2
6053,2019-04-19,8,15,7
6057,2019-04-19,15,10,-5
6058,2019-04-19,6,6,0
6059,2019-04-19,2,4,2
6060,2019-04-19,2,4,2
6062,2019-04-19,8,1,-7
6063,2019-04-19,8,10,2
6064,2019-04-19,23,20,-3
6065,2019-04-19,9,4,-5
6066,2019-04-19,5,1,-4
6067,2019-04-19,6,10,4
6070,2019-04-19,37,42,5
6072,2019-04-19,3,7,4
6073,2019-04-19,17,36,19
6075,2019-04-19,7,2,-5
6076,2019-04-19,6,2,-4
6079,2019-04-19,10,8,-2
6080,2019-04-19,12,19,7
6081,2019-04-19,5,6,1
6083,2019-04-19,6,11,5
6084,2019-04-19,1,6,5
6085,2019-04-19,8,18,10
6087,2019-04-19,16,13,-3
6088,2019-04-19,4,10,6
6089,2019-04-19,6,10,4
6090,2019-04-19,14,5,-9
6091,2019-04-19,16,12,-4
6092,2019-04-19,10,10,0
6093,2019-04-19,13,3,-10
6094,2019-04-19,10,5,-5
6095,2019-04-19,21,18,-3
6096,2019-04-19,5,7,2
6097,2019-04-19,11,7,-4
6098,2019-04-19,3,3,0
6099,2019-04-19,14,15,1
6100,2019-04-19,27,38,11
6101,2019-04-19,6,2,-4
6102,2019-04-19,6,6,0
6103,2019-04-19,3,4,1
6104,2019-04-19,7,15,8
6105,2019-04-19,7,10,3
6106,2019-04-19,2,3,1
6107,2019-04-19,10,5,-5
6108,2019-04-19,7,10,3
6110,2019-04-19,6,6,0
6111,2019-04-19,6,9,3
6112,2019-04-19,19,23,4
6113,2019-04-19,8,11,3
6114,2019-04-19,23,34,11
6115,2019-04-19,3,3,0
6116,2019-04-19,15,14,-1
6118,2019-04-19,9,17,8
6119,2019-04-19,24,22,-2
6120,2019-04-19,10,17,7
6121,2019-04-19,2,4,2
6122,2019-04-19,3,2,-1
6123,2019-04-19,4,3,-1
6124,2019-04-19,8,15,7
6125,2019-04-19,5,2,-3
6126,2019-04-19,9,5,-4
6127,2019-04-19,9,6,-3
6128,2019-04-19,3,2,-1
6129,2019-04-19,17,8,-9
6130,2019-04-19,7,4,-3
6131,2019-04-19,11,12,1
6132,2019-04-19,13,12,-1
6133,2019-04-19,8,9,1
6134,2019-04-19,9,4,-5
6136,2019-04-19,54,36,-18
6137,2019-04-19,28,24,-4
6138,2019-04-19,14,6,-8
6139,2019-04-19,4,4,0
6140,2019-04-19,26,12,-14
6142,2019-04-19,11,5,-6
6143,2019-04-19,10,10,0
6145,2019-04-19,6,4,-2
6146,2019-04-19,7,6,-1
6147,2019-04-19,8,5,-3
6148,2019-04-19,17,8,-9
6149,2019-04-19,9,9,0
6150,2019-04-19,12,7,-5
6151,2019-04-19,8,12,4
6152,2019-04-19,25,30,5
6153,2019-04-19,8,7,-1
6154,2019-04-19,36,48,12
6155,2019-04-19,25,19,-6
6156,2019-04-19,27,20,-7
6157,2019-04-19,13,18,5
6158,2019-04-19,19,16,-3
6160,2019-04-19,18,9,-9
6161,2019-04-19,13,4,-9
6163,2019-04-19,20,39,19
6164,2019-04-19,14,23,9
6165,2019-04-19,13,10,-3
6166,2019-04-19,17,14,-3
6167,2019-04-19,13,5,-8
6168,2019-04-19,11,10,-1
6169,2019-04-19,24,24,0
6170,2019-04-19,13,6,-7
6171,2019-04-19,11,7,-4
6173,2019-04-19,15,5,-10
6174,2019-04-19,17,6,-11
6175,2019-04-19,22,10,-12
6176,2019-04-19,18,22,4
6177,2019-04-19,19,12,-7
6178,2019-04-19,33,21,-12
6179,2019-04-19,16,22,6
6180,2019-04-19,11,8,-3
6181,2019-04-19,27,23,-4
6182,2019-04-19,10,13,3
6183,2019-04-19,21,14,-7
6184,2019-04-19,44,54,10
6185,2019-04-19,2,2,0
6186,2019-04-19,14,13,-1
6187,2019-04-19,24,24,0
6188,2019-04-19,5,6,1
6189,2019-04-19,3,0,-3
6190,2019-04-19,28,20,-8
6191,2019-04-19,5,6,1
6192,2019-04-19,17,12,-5
6193,2019-04-19,23,19,-4
6194,2019-04-19,16,19,3
6195,2019-04-19,16,13,-3
6196,2019-04-19,15,18,3
6197,2019-04-19,5,10,5
6198,2019-04-19,3,5,2
6199,2019-04-19,21,23,2
6200,2019-04-19,17,32,15
6201,2019-04-19,13,14,1
6202,2019-04-19,17,16,-1
6203,2019-04-19,17,15,-2
6204,2019-04-19,8,11,3
6205,2019-04-19,23,13,-10
6206,2019-04-19,28,35,7
6207,2019-04-19,10,9,-1
6208,2019-04-19,10,7,-3
6209,2019-04-19,23,14,-9
6210,2019-04-19,3,2,-1
6211,2019-04-19,29,29,0
6212,2019-04-19,16,4,-12
6213,2019-04-19,24,24,0
6214,2019-04-19,26,15,-11
6215,2019-04-19,14,10,-4
6216,2019-04-19,18,3,-15
6217,2019-04-19,17,15,-2
6218,2019-04-19,9,6,-3
6219,2019-04-19,18,7,-11
6220,2019-04-19,19,15,-4
6221,2019-04-19,46,45,-1
6222,2019-04-19,11,12,1
6223,2019-04-19,29,6,-23
6224,2019-04-19,14,10,-4
6225,2019-04-19,18,11,-7
6226,2019-04-19,1,2,1
6227,2019-04-19,25,30,5
6228,2019-04-19,10,6,-4
6229,2019-04-19,13,12,-1
6230,2019-04-19,16,15,-1
6231,2019-04-19,20,17,-3
6233,2019-04-19,31,15,-16
6234,2019-04-19,17,13,-4
6235,2019-04-19,19,32,13
6236,2019-04-19,18,23,5
6237,2019-04-19,8,9,1
6240,2019-04-19,4,3,-1
6241,2019-04-19,5,9,4
6243,2019-04-19,10,3,-7
6245,2019-04-19,8,5,-3
6246,2019-04-19,7,5,-2
6247,2019-04-19,10,12,2
6248,2019-04-19,26,21,-5
6249,2019-04-19,9,10,1
6250,2019-04-19,16,16,0
6251,2019-04-19,6,8,2
6252,2019-04-19,13,6,-7
6254,2019-04-19,11,11,0
6255,2019-04-19,21,17,-4
6257,2019-04-19,5,6,1
6258,2019-04-19,13,12,-1
6259,2019-04-19,7,6,-1
6260,2019-04-19,4,1,-3
6261,2019-04-19,8,7,-1
6262,2019-04-19,6,6,0
6263,2019-04-19,3,3,0
6264,2019-04-19,4,3,-1
6265,2019-04-19,9,11,2
6266,2019-04-19,3,3,0
6267,2019-04-19,8,7,-1
6268,2019-04-19,10,8,-2
6269,2019-04-19,5,5,0
6272,2019-04-19,8,1,-7
6273,2019-04-19,5,5,0
6274,2019-04-19,7,3,-4
6275,2019-04-19,7,4,-3
6276,2019-04-19,7,7,0
6277,2019-04-19,10,6,-4
6278,2019-04-19,4,2,-2
6279,2019-04-19,6,4,-2
6280,2019-04-19,16,13,-3
6301,2019-04-19,4,7,3
6302,2019-04-19,5,2,-3
6303,2019-04-19,5,3,-2
6304,2019-04-19,2,1,-1
6305,2019-04-19,3,5,2
6306,2019-04-19,12,3,-9
6307,2019-04-19,27,21,-6
6309,2019-04-19,3,2,-1
6310,2019-04-19,3,2,-1
6311,2019-04-19,7,2,-5
6312,2019-04-19,2,7,5
6313,2019-04-19,10,12,2
6314,2019-04-19,12,8,-4
6315,2019-04-19,11,7,-4
6316,2019-04-19,7,6,-1
6321,2019-04-19,8,10,2
6322,2019-04-19,7,2,-5
6323,2019-04-19,2,5,3
6324,2019-04-19,9,7,-2
6327,2019-04-19,2,4,2
6328,2019-04-19,14,9,-5
6329,2019-04-19,4,5,1
6330,2019-04-19,10,6,-4
6331,2019-04-19,6,5,-1
6332,2019-04-19,4,5,1
6333,2019-04-19,5,5,0
6334,2019-04-19,7,11,4
6335,2019-04-19,9,5,-4
6336,2019-04-19,4,5,1
6338,2019-04-19,4,3,-1
6339,2019-04-19,3,5,2
6341,2019-04-19,6,4,-2
6343,2019-04-19,5,10,5
6344,2019-04-19,8,9,1
6345,2019-04-19,2,0,-2
6347,2019-04-19,1,6,5
6349,2019-04-19,4,7,3
6350,2019-04-19,3,4,1
6354,2019-04-19,4,5,1
6355,2019-04-19,3,7,4
6356,2019-04-19,8,7,-1
6357,2019-04-19,2,0,-2
6358,2019-04-19,3,4,1
6359,2019-04-19,10,9,-1
6360,2019-04-19,6,4,-2
6361,2019-04-19,6,10,4
6362,2019-04-19,5,6,1
6363,2019-04-19,2,0,-2
6364,2019-04-19,3,1,-2
6366,2019-04-19,5,6,1
6367,2019-04-19,2,1,-1
6368,2019-04-19,6,5,-1
6369,2019-04-19,4,4,0
6370,2019-04-19,1,3,2
6371,2019-04-19,16,8,-8
6372,2019-04-19,11,12,1
6373,2019-04-19,3,6,3
6374,2019-04-19,15,9,-6
6375,2019-04-19,15,13,-2
6376,2019-04-19,3,4,1
6377,2019-04-19,7,5,-2
6379,2019-04-19,4,4,0
6380,2019-04-19,3,2,-1
6381,2019-04-19,4,5,1
6383,2019-04-19,4,3,-1
6384,2019-04-19,3,1,-2
6385,2019-04-19,17,10,-7
6386,2019-04-19,8,13,5
6387,2019-04-19,8,15,7
6388,2019-04-19,2,3,1
6389,2019-04-19,8,8,0
6391,2019-04-19,12,11,-1
6393,2019-04-19,16,10,-6
6394,2019-04-19,8,13,5
6396,2019-04-19,11,14,3
6397,2019-04-19,3,5,2
6398,2019-04-19,4,6,2
6401,2019-04-19,13,11,-2
6402,2019-04-19,7,4,-3
6403,2019-04-19,1,1,0
6404,2019-04-19,4,5,1
6405,2019-04-19,6,8,2
6406,2019-04-19,11,13,2
6407,2019-04-19,3,5,2
6408,2019-04-19,5,9,4
6409,2019-04-19,1,2,1
6410,2019-04-19,8,11,3
6411,2019-04-19,15,15,0
6412,2019-04-19,6,6,0
6413,2019-04-19,8,12,4
6414,2019-04-19,5,7,2
6415,2019-04-19,6,3,-3
6416,2019-04-19,2,2,0
6417,2019-04-19,1,0,-1
6419,2019-04-19,4,2,-2
6420,2019-04-19,1,4,3
6421,2019-04-19,4,5,1
6422,2019-04-19,3,0,-3
6423,2019-04-19,1,2,1
6424,2019-04-19,4,5,1
6425,2019-04-19,3,7,4
6426,2019-04-19,2,9,7
6427,2019-04-19,6,11,5
6428,2019-04-19,2,3,1
6429,2019-04-19,2,4,2
6432,2019-04-19,9,9,0
6433,2019-04-19,2,2,0
6434,2019-04-19,9,11,2
6435,2019-04-19,8,4,-4
6436,2019-04-19,2,1,-1
6502,2019-04-19,1,0,-1
6503,2019-04-19,3,9,6
6504,2019-04-19,1,1,0
6700,2019-04-19,5,4,-1
6701,2019-04-19,12,6,-6
6702,2019-04-19,1,2,1
6703,2019-04-19,5,6,1
6704,2019-04-19,5,3,-2
6705,2019-04-19,8,5,-3
6706,2019-04-19,3,4,1
6707,2019-04-19,5,7,2
6708,2019-04-19,1,8,7
6709,2019-04-19,5,4,-1
6711,2019-04-19,3,3,0
6712,2019-04-19,2,2,0
6714,2019-04-19,1,1,0
6715,2019-04-19,2,3,1
6717,2019-04-19,1,5,4
6718,2019-04-19,2,3,1
6719,2019-04-19,1,4,3
6720,2019-04-19,4,1,-3
6721,2019-04-19,1,4,3
6722,2019-04-19,4,4,0
6723,2019-04-19,3,1,-2
6724,2019-04-19,6,15,9
6725,2019-04-19,6,4,-2
6727,2019-04-19,9,16,7
6728,2019-04-19,3,1,-2
6729,2019-04-19,18,39,21
6730,2019-04-19,2,1,-1
6732,2019-04-19,9,4,-5
6733,2019-04-19,7,2,-5
6734,2019-04-19,12,3,-9
6735,2019-04-19,3,3,0
6736,2019-04-19,2,5,3
6737,2019-04-19,5,1,-4
6738,2019-04-19,8,8,0
6739,2019-04-19,1,1,0
6741,2019-04-19,3,3,0
6742,2019-04-19,4,9,5
6743,2019-04-19,3,1,-2
6744,2019-04-19,2,2,0
6745,2019-04-19,2,2,0
6746,2019-04-19,3,4,1
6747,2019-04-19,3,3,0
6748,2019-04-19,12,10,-2
6749,2019-04-19,8,5,-3
6753,2019-04-19,1,1,0
6754,2019-04-19,2,0,-2
6901,2019-04-19,6,11,5
6902,2019-04-19,20,10,-10
6903,2019-04-19,24,23,-1
6904,2019-04-19,11,6,-5
6905,2019-04-19,3,5,2
6906,2019-04-19,32,21,-11
6907,2019-04-19,13,11,-2
6908,2019-04-19,8,9,1
6910,2019-04-19,13,15,2
6912,2019-04-19,12,19,7
6913,2019-04-19,7,6,-1
6915,2019-04-19,13,13,0
6916,2019-04-19,5,7,2
6917,2019-04-19,4,2,-2
6918,2019-04-19,8,3,-5
6919,2019-04-19,3,4,1
6921,2019-04-19,8,14,6
6923,2019-04-19,9,7,-2
6924,2019-04-19,5,1,-4
6925,2019-04-19,4,6,2
6926,2019-04-19,7,10,3
6927,2019-04-19,4,9,5
6928,2019-04-19,5,3,-2
6929,2019-04-19,10,9,-1
6930,2019-04-19,1,3,2
7001,2019-04-19,4,2,-2
7002,2019-04-19,1,2,1
7003,2019-04-19,13,15,2
7004,2019-04-19,2,3,1
7006,2019-04-19,1,3,2
7007,2019-04-19,3,3,0
7008,2019-04-19,3,4,1
7009,2019-04-19,11,12,1
7010,2019-04-19,3,2,-1
7011,2019-04-19,7,12,5
7012,2019-04-19,2,1,-1
7013,2019-04-19,2,3,1
7014,2019-04-19,13,5,-8
7015,2019-04-19,5,4,-1
7016,2019-04-19,3,3,0
7017,2019-04-19,6,7,1
7018,2019-04-19,7,3,-4
7019,2019-04-19,4,15,11
7020,2019-04-19,2,6,4
7021,2019-04-19,3,5,2
7022,2019-04-19,10,6,-4
7024,2019-04-19,13,8,-5
7025,2019-04-19,3,5,2
7026,2019-04-19,13,19,6
7027,2019-04-19,1,2,1
7028,2019-04-19,33,37,4
7029,2019-04-19,12,13,1
7030,2019-04-19,13,11,-2
7031,2019-04-19,19,14,-5
7032,2019-04-19,27,22,-5
7033,2019-04-19,11,9,-2
7034,2019-04-19,8,6,-2
7035,2019-04-19,9,12,3
7036,2019-04-19,12,4,-8
7037,2019-04-19,12,11,-1
7038,2019-04-19,15,7,-8
7039,2019-04-19,2,3,1
7040,2019-04-19,10,16,6
7041,2019-04-19,7,15,8
7042,2019-04-19,10,17,7
7043,2019-04-19,3,2,-1
7045,2019-04-19,3,8,5
7046,2019-04-19,17,34,17
7047,2019-04-19,15,14,-1
7048,2019-04-19,4,3,-1
7050,2019-04-19,2,5,3
7051,2019-04-19,1,4,3
7052,2019-04-19,11,6,-5
7053,2019-04-19,9,6,-3
7054,2019-04-19,4,2,-2
7055,2019-04-19,4,8,4
7056,2019-04-19,4,5,1
7057,2019-04-19,8,5,-3
7058,2019-04-19,4,5,1
7059,2019-04-19,1,1,0
7060,2019-04-19,5,5,0
7061,2019-04-19,7,4,-3
7062,2019-04-19,7,3,-4
7063,2019-04-19,5,6,1
7064,2019-04-19,4,6,2
7065,2019-04-19,3,6,3
7066,2019-04-19,3,9,6
7067,2019-04-19,12,14,2
7068,2019-04-19,11,9,-2
7069,2019-04-19,4,1,-3
7070,2019-04-19,5,4,-1
7071,2019-04-19,5,7,2
7072,2019-04-19,7,10,3
7073,2019-04-19,5,7,2
7074,2019-04-19,4,4,0
7076,2019-04-19,15,7,-8
7077,2019-04-19,1,2,1
7078,2019-04-19,4,1,-3
7079,2019-04-19,6,8,2
7082,2019-04-19,10,17,7
7083,2019-04-19,2,6,4
7084,2019-04-19,24,27,3
7090,2019-04-19,1,3,2
7095,2019-04-19,1,1,0
7099,2019-04-19,1,1,0
7102,2019-04-19,1,2,1
7103,2019-04-19,2,2,0
7105,2019-04-19,2,2,0
7106,2019-04-19,1,0,-1
7109,2019-04-19,2,1,-1
7110,2019-04-19,5,5,0
7111,2019-04-19,1,1,0
7113,2019-04-19,14,18,4
7119,2019-04-19,1,2,1
7121,2019-04-19,1,0,-1
7122,2019-04-19,1,0,-1
7125,2019-04-19,1,0,-1
7127,2019-04-19,3,7,4
7129,2019-04-19,2,1,-1
7131,2019-04-19,1,2,1
7133,2019-04-19,1,1,0
7137,2019-04-19,1,2,1
7139,2019-04-19,9,12,3
7140,2019-04-19,4,4,0
7141,2019-04-19,6,9,3
7142,2019-04-19,1,1,0
7144,2019-04-19,4,7,3
7146,2019-04-19,4,2,-2
7147,2019-04-19,5,7,2
10002,2019-04-19,25,21,-4
4000,2019-04-20,17,12,-5
4002,2019-04-20,7,11,4
5003,2019-04-20,1,0,-1
5006,2019-04-20,1,1,0
6001,2019-04-20,5,6,1
6002,2019-04-20,7,10,3
6003,2019-04-20,17,21,4
6004,2019-04-20,3,4,1
6005,2019-04-20,7,7,0
6006,2019-04-20,11,5,-6
6007,2019-04-20,10,9,-1
6008,2019-04-20,7,12,5
6009,2019-04-20,18,22,4
6011,2019-04-20,11,10,-1
6012,2019-04-20,28,41,13
6013,2019-04-20,12,12,0
6014,2019-04-20,7,8,1
6015,2019-04-20,46,60,14
6016,2019-04-20,1,1,0
6017,2019-04-20,12,19,7
6018,2019-04-20,14,16,2
6019,2019-04-20,43,27,-16
6020,2019-04-20,6,29,23
6021,2019-04-20,29,11,-18
6022,2019-04-20,11,13,2
6023,2019-04-20,15,20,5
6025,2019-04-20,13,9,-4
6026,2019-04-20,32,25,-7
6027,2019-04-20,8,21,13
6029,2019-04-20,4,4,0
6031,2019-04-20,3,3,0
6032,2019-04-20,4,22,18
6033,2019-04-20,1,1,0
6034,2019-04-20,4,12,8
6036,2019-04-20,18,25,7
6037,2019-04-20,8,7,-1
6038,2019-04-20,6,11,5
6039,2019-04-20,4,11,7
6040,2019-04-20,7,5,-2
6042,2019-04-20,5,4,-1
6043,2019-04-20,5,6,1
6044,2019-04-20,23,7,-16
6046,2019-04-20,7,3,-4
6047,2019-04-20,18,11,-7
6048,2019-04-20,3,2,-1
6049,2019-04-20,9,12,3
6051,2019-04-20,7,8,1
6052,2019-04-20,14,13,-1
6053,2019-04-20,8,18,10
6057,2019-04-20,4,5,1
6058,2019-04-20,14,16,2
6059,2019-04-20,6,5,-1
6060,2019-04-20,4,3,-1
6062,2019-04-20,15,11,-4
6063,2019-04-20,15,22,7
6064,2019-04-20,24,25,1
6065,2019-04-20,4,4,0
6066,2019-04-20,9,3,-6
6067,2019-04-20,9,14,5
6070,2019-04-20,48,49,1
6072,2019-04-20,7,8,1
6073,2019-04-20,23,32,9
6075,2019-04-20,10,2,-8
6076,2019-04-20,3,2,-1
6079,2019-04-20,26,23,-3
6080,2019-04-20,13,19,6
6081,2019-04-20,6,7,1
6083,2019-04-20,5,11,6
6084,2019-04-20,4,2,-2
6085,2019-04-20,14,18,4
6087,2019-04-20,24,32,8
6088,2019-04-20,4,7,3
6089,2019-04-20,5,10,5
6090,2019-04-20,13,6,-7
6091,2019-04-20,13,14,1
6092,2019-04-20,12,9,-3
6093,2019-04-20,5,2,-3
6094,2019-04-20,11,11,0
6095,2019-04-20,23,21,-2
6096,2019-04-20,6,3,-3
6097,2019-04-20,16,12,-4
6098,2019-04-20,4,6,2
6099,2019-04-20,12,23,11
6100,2019-04-20,59,48,-11
6101,2019-04-20,22,4,-18
6102,2019-04-20,9,6,-3
6103,2019-04-20,5,6,1
6104,2019-04-20,7,9,2
6105,2019-04-20,10,11,1
6106,2019-04-20,8,4,-4
6107,2019-04-20,28,26,-2
6108,2019-04-20,6,10,4
6110,2019-04-20,6,9,3
6111,2019-04-20,9,15,6
6112,2019-04-20,24,29,5
6113,2019-04-20,11,17,6
6114,2019-04-20,39,51,12
6115,2019-04-20,2,9,7
6116,2019-04-20,14,16,2
6118,2019-04-20,17,21,4
6119,2019-04-20,17,19,2
6120,2019-04-20,4,23,19
6121,2019-04-20,2,4,2
6122,2019-04-20,4,2,-2
6123,2019-04-20,6,7,1
6124,2019-04-20,12,11,-1
6125,2019-04-20,6,7,1
6126,2019-04-20,6,12,6
6127,2019-04-20,13,9,-4
6128,2019-04-20,6,9,3
6129,2019-04-20,10,16,6
6130,2019-04-20,6,8,2
6131,2019-04-20,25,13,-12
6132,2019-04-20,12,8,-4
6133,2019-04-20,7,13,6
6134,2019-04-20,3,7,4
6136,2019-04-20,63,38,-25
6137,2019-04-20,43,31,-12
6138,2019-04-20,24,18,-6
6139,2019-04-20,6,10,4
6140,2019-04-20,38,28,-10
6142,2019-04-20,25,16,-9
6143,2019-04-20,22,17,-5
6145,2019-04-20,11,15,4
6146,2019-04-20,21,12,-9
6147,2019-04-20,14,9,-5
6148,2019-04-20,19,10,-9
6149,2019-04-20,12,6,-6
6150,2019-04-20,25,26,1
6151,2019-04-20,23,18,-5
6152,2019-04-20,36,42,6
6153,2019-04-20,12,12,0
6154,2019-04-20,51,57,6
6155,2019-04-20,49,57,8
6156,2019-04-20,30,26,-4
6157,2019-04-20,37,30,-7
6158,2019-04-20,24,25,1
6160,2019-04-20,24,22,-2
6161,2019-04-20,19,11,-8
6163,2019-04-20,49,53,4
6164,2019-04-20,53,48,-5
6165,2019-04-20,10,24,14
6166,2019-04-20,22,13,-9
6167,2019-04-20,12,14,2
6168,2019-04-20,14,11,-3
6169,2019-04-20,51,53,2
6170,2019-04-20,16,8,-8
6171,2019-04-20,13,20,7
6173,2019-04-20,30,20,-10
6174,2019-04-20,18,18,0
6175,2019-04-20,21,10,-11
6176,2019-04-20,32,31,-1
6177,2019-04-20,32,30,-2
6178,2019-04-20,42,42,0
6179,2019-04-20,23,25,2
6180,2019-04-20,14,19,5
6181,2019-04-20,32,22,-10
6182,2019-04-20,18,18,0
6183,2019-04-20,22,13,-9
6184,2019-04-20,58,62,4
6185,2019-04-20,5,9,4
6186,2019-04-20,27,23,-4
6187,2019-04-20,32,40,8
6188,2019-04-20,22,18,-4
6189,2019-04-20,4,3,-1
6190,2019-04-20,41,33,-8
6191,2019-04-20,8,8,0
6192,2019-04-20,25,22,-3
6193,2019-04-20,35,30,-5
6194,2019-04-20,26,36,10
6195,2019-04-20,18,12,-6
6196,2019-04-20,25,17,-8
6197,2019-04-20,13,12,-1
6198,2019-04-20,4,4,0
6199,2019-04-20,18,10,-8
6200,2019-04-20,20,19,-1
6201,2019-04-20,25,25,0
6202,2019-04-20,35,30,-5
6203,2019-04-20,21,23,2
6204,2019-04-20,30,29,-1
6205,2019-04-20,22,20,-2
6206,2019-04-20,43,39,-4
6207,2019-04-20,11,16,5
6208,2019-04-20,14,21,7
6209,2019-04-20,26,28,2
6210,2019-04-20,9,2,-7
6211,2019-04-20,52,42,-10
6212,2019-04-20,25,17,-8
6213,2019-04-20,40,40,0
6214,2019-04-20,25,13,-12
6215,2019-04-20,15,14,-1
6216,2019-04-20,37,21,-16
6217,2019-04-20,20,16,-4
6218,2019-04-20,11,6,-5
6219,2019-04-20,15,19,4
6220,2019-04-20,32,25,-7
6221,2019-04-20,46,59,13
6222,2019-04-20,13,19,6
6223,2019-04-20,38,39,1
6224,2019-04-20,25,18,-7
6225,2019-04-20,16,10,-6
6226,2019-04-20,2,2,0
6227,2019-04-20,35,33,-2
6228,2019-04-20,4,4,0
6229,2019-04-20,27,17,-10
6230,2019-04-20,20,25,5
6231,2019-04-20,29,33,4
6233,2019-04-20,21,26,5
6234,2019-04-20,24,13,-11
6235,2019-04-20,19,9,-10
6236,2019-04-20,17,22,5
6237,2019-04-20,19,22,3
6240,2019-04-20,6,3,-3
6241,2019-04-20,13,13,0
6243,2019-04-20,21,15,-6
6245,2019-04-20,13,11,-2
6246,2019-04-20,8,9,1
6247,2019-04-20,13,18,5
6248,2019-04-20,35,46,11
6249,2019-04-20,20,13,-7
6250,2019-04-20,32,32,0
6251,2019-04-20,5,10,5
6252,2019-04-20,8,15,7
6254,2019-04-20,10,16,6
6255,2019-04-20,18,24,6
6257,2019-04-20,16,11,-5
6258,2019-04-20,19,9,-10
6259,2019-04-20,17,10,-7
6260,2019-04-20,14,15,1
6261,2019-04-20,11,14,3
6262,2019-04-20,16,14,-2
6263,2019-04-20,4,9,5
6264,2019-04-20,8,10,2
6265,2019-04-20,13,9,-4
6266,2019-04-20,9,4,-5
6267,2019-04-20,15,13,-2
6268,2019-04-20,24,19,-5
6269,2019-04-20,5,6,1
6272,2019-04-20,10,16,6
6273,2019-04-20,18,7,-11
6274,2019-04-20,15,6,-9
6275,2019-04-20,7,12,5
6276,2019-04-20,12,9,-3
6277,2019-04-20,13,14,1
6278,2019-04-20,3,1,-2
6279,2019-04-20,5,3,-2
6280,2019-04-20,16,21,5
6301,2019-04-20,6,4,-2
6302,2019-04-20,1,1,0
6303,2019-04-20,5,4,-1
6304,2019-04-20,2,2,0
6305,2019-04-20,5,2,-3
6306,2019-04-20,19,4,-15
6307,2019-04-20,28,25,-3
6309,2019-04-20,5,6,1
6310,2019-04-20,11,9,-2
6311,2019-04-20,9,3,-6
6312,2019-04-20,5,7,2
6313,2019-04-20,10,12,2
6314,2019-04-20,16,10,-6
6315,2019-04-20,10,11,1
6316,2019-04-20,6,2,-4
6321,2019-04-20,12,12,0
6322,2019-04-20,9,6,-3
6323,2019-04-20,4,2,-2
6324,2019-04-20,5,5,0
6327,2019-04-20,9,3,-6
6328,2019-04-20,14,10,-4
6329,2019-04-20,9,6,-3
6330,2019-04-20,6,4,-2
6331,2019-04-20,5,1,-4
6332,2019-04-20,9,11,2
6333,2019-04-20,3,5,2
6334,2019-04-20,19,14,-5
6335,2019-04-20,3,4,1
6336,2019-04-20,9,9,0
6338,2019-04-20,7,7,0
6339,2019-04-20,6,10,4
6340,2019-04-20,7,4,-3
6341,2019-04-20,5,8,3
6343,2019-04-20,11,12,1
6344,2019-04-20,10,9,-1
6345,2019-04-20,4,0,-4
6347,2019-04-20,5,4,-1
6349,2019-04-20,12,5,-7
6350,2019-04-20,3,1,-2
6354,2019-04-20,6,5,-1
6355,2019-04-20,12,9,-3
6356,2019-04-20,10,8,-2
6357,2019-04-20,5,3,-2
6358,2019-04-20,5,4,-1
6359,2019-04-20,12,18,6
6360,2019-04-20,5,8,3
6361,2019-04-20,8,4,-4
6362,2019-04-20,5,6,1
6363,2019-04-20,7,2,-5
6364,2019-04-20,5,7,2
6366,2019-04-20,13,6,-7
6367,2019-04-20,8,4,-4
6368,2019-04-20,15,13,-2
6369,2019-04-20,5,6,1
6370,2019-04-20,10,8,-2
6371,2019-04-20,9,14,5
6372,2019-04-20,17,19,2
6373,2019-04-20,3,4,1
6374,2019-04-20,12,10,-2
6375,2019-04-20,9,10,1
6376,2019-04-20,3,5,2
6377,2019-04-20,2,8,6
6379,2019-04-20,4,7,3
6380,2019-04-20,8,4,-4
6381,2019-04-20,16,15,-1
6383,2019-04-20,4,1,-3
6384,2019-04-20,8,6,-2
6385,2019-04-20,14,14,0
6386,2019-04-20,11,12,1
6387,2019-04-20,18,25,7
6388,2019-04-20,6,3,-3
6389,2019-04-20,24,23,-1
6391,2019-04-20,9,17,8
6393,2019-04-20,5,9,4
6394,2019-04-20,19,17,-2
6396,2019-04-20,21,19,-2
6397,2019-04-20,7,15,8
6398,2019-04-20,5,6,1
6401,2019-04-20,20,16,-4
6402,2019-04-20,6,5,-1
6403,2019-04-20,4,5,1
6404,2019-04-20,2,5,3
6405,2019-04-20,12,10,-2
6406,2019-04-20,16,18,2
6407,2019-04-20,4,8,4
6408,2019-04-20,4,11,7
6409,2019-04-20,1,1,0
6410,2019-04-20,4,6,2
6411,2019-04-20,21,29,8
6412,2019-04-20,1,1,0
6413,2019-04-20,8,7,-1
6414,2019-04-20,3,6,3
6415,2019-04-20,5,4,-1
6416,2019-04-20,5,3,-2
6417,2019-04-20,7,8,1
6419,2019-04-20,4,2,-2
6420,2019-04-20,3,2,-1
6421,2019-04-20,18,13,-5
6422,2019-04-20,2,2,0
6423,2019-04-20,4,1,-3
6424,2019-04-20,5,5,0
6426,2019-04-20,11,7,-4
6427,2019-04-20,11,8,-3
6428,2019-04-20,1,1,0
6429,2019-04-20,2,3,1
6432,2019-04-20,22,15,-7
6433,2019-04-20,5,4,-1
6434,2019-04-20,13,14,1
6435,2019-04-20,7,9,2
6436,2019-04-20,4,5,1
6501,2019-04-20,6,9,3
6502,2019-04-20,1,0,-1
6503,2019-04-20,7,13,6
6700,2019-04-20,4,8,4
6701,2019-04-20,8,5,-3
6702,2019-04-20,4,4,0
6703,2019-04-20,7,6,-1
6704,2019-04-20,7,5,-2
6705,2019-04-20,6,6,0
6706,2019-04-20,4,5,1
6707,2019-04-20,5,3,-2
6708,2019-04-20,2,7,5
6709,2019-04-20,6,5,-1
6710,2019-04-20,4,5,1
6712,2019-04-20,2,4,2
6713,2019-04-20,2,4,2
6714,2019-04-20,2,2,0
6715,2019-04-20,6,4,-2
6716,2019-04-20,2,1,-1
6717,2019-04-20,1,2,1
6718,2019-04-20,6,1,-5
6719,2019-04-20,5,6,1
6720,2019-04-20,6,7,1
6721,2019-04-20,1,2,1
6722,2019-04-20,5,5,0
6723,2019-04-20,5,3,-2
6724,2019-04-20,7,9,2
6725,2019-04-20,8,8,0
6726,2019-04-20,2,2,0
6727,2019-04-20,13,17,4
6728,2019-04-20,2,4,2
6729,2019-04-20,29,44,15
6731,2019-04-20,1,1,0
6732,2019-04-20,3,5,2
6733,2019-04-20,6,6,0
6734,2019-04-20,14,13,-1
6735,2019-04-20,2,1,-1
6736,2019-04-20,4,4,0
6737,2019-04-20,2,3,1
6738,2019-04-20,8,4,-4
6739,2019-04-20,4,3,-1
6741,2019-04-20,4,3,-1
6742,2019-04-20,7,10,3
6743,2019-04-20,10,9,-1
6744,2019-04-20,7,7,0
6745,2019-04-20,6,1,-5
6746,2019-04-20,4,1,-3
6747,2019-04-20,5,5,0
6748,2019-04-20,8,19,11
6749,2019-04-20,10,14,4
6753,2019-04-20,2,3,1
6754,2019-04-20,2,1,-1
6901,2019-04-20,9,21,12
6902,2019-04-20,27,29,2
6903,2019-04-20,33,27,-6
6904,2019-04-20,18,16,-2
6905,2019-04-20,5,6,1
6906,2019-04-20,29,20,-9
6907,2019-04-20,22,19,-3
6908,2019-04-20,14,15,1
6910,2019-04-20,32,34,2
6912,2019-04-20,24,25,1
6913,2019-04-20,12,5,-7
6915,2019-04-20,26,29,3
6916,2019-04-20,5,8,3
6917,2019-04-20,2,5,3
6918,2019-04-20,6,6,0
6919,2019-04-20,4,6,2
6921,2019-04-20,5,8,3
6923,2019-04-20,13,9,-4
6924,2019-04-20,4,5,1
6925,2019-04-20,1,7,6
6926,2019-04-20,16,17,1
6927,2019-04-20,5,2,-3
6928,2019-04-20,7,4,-3
6929,2019-04-20,8,9,1
6930,2019-04-20,3,1,-2
7001,2019-04-20,6,5,-1
7002,2019-04-20,2,1,-1
7003,2019-04-20,19,12,-7
7004,2019-04-20,3,3,0
7005,2019-04-20,1,2,1
7006,2019-04-20,2,7,5
7007,2019-04-20,2,5,3
7008,2019-04-20,2,4,2
7009,2019-04-20,15,25,10
7010,2019-04-20,1,1,0
7011,2019-04-20,8,18,10
7012,2019-04-20,1,3,2
7013,2019-04-20,3,3,0
7014,2019-04-20,10,5,-5
7015,2019-04-20,2,2,0
7016,2019-04-20,4,5,1
7017,2019-04-20,5,7,2
7018,2019-04-20,12,17,5
7019,2019-04-20,6,6,0
7020,2019-04-20,5,5,0
7021,2019-04-20,5,14,9
7022,2019-04-20,16,14,-2
7023,2019-04-20,2,1,-1
7024,2019-04-20,8,9,1
7025,2019-04-20,9,4,-5
7026,2019-04-20,12,14,2
7027,2019-04-20,5,8,3
7028,2019-04-20,10,7,-3
7029,2019-04-20,19,14,-5
7030,2019-04-20,14,12,-2
7031,2019-04-20,18,28,10
7032,2019-04-20,23,15,-8
7033,2019-04-20,16,12,-4
7034,2019-04-20,4,8,4
7035,2019-04-20,14,12,-2
7036,2019-04-20,8,9,1
7037,2019-04-20,17,10,-7
7038,2019-04-20,26,26,0
7039,2019-04-20,7,3,-4
7040,2019-04-20,14,9,-5
7041,2019-04-20,10,13,3
7042,2019-04-20,6,8,2
7043,2019-04-20,3,6,3
7045,2019-04-20,7,13,6
7046,2019-04-20,17,27,10
7047,2019-04-20,26,34,8
7048,2019-04-20,2,3,1
7050,2019-04-20,2,4,2
7051,2019-04-20,4,4,0
7052,2019-04-20,6,2,-4
7053,2019-04-20,2,3,1
7054,2019-04-20,8,8,0
7055,2019-04-20,3,11,8
7056,2019-04-20,4,9,5
7057,2019-04-20,8,11,3
7058,2019-04-20,10,6,-4
7059,2019-04-20,2,1,-1
7060,2019-04-20,2,3,1
7061,2019-04-20,7,8,1
7062,2019-04-20,6,8,2
7063,2019-04-20,2,5,3
7064,2019-04-20,4,1,-3
7065,2019-04-20,7,10,3
7066,2019-04-20,19,29,10
7067,2019-04-20,4,5,1
7068,2019-04-20,16,18,2
7069,2019-04-20,5,8,3
7070,2019-04-20,11,13,2
7071,2019-04-20,15,5,-10
7072,2019-04-20,12,8,-4
7073,2019-04-20,7,13,6
7074,2019-04-20,8,8,0
7076,2019-04-20,14,10,-4
7077,2019-04-20,8,6,-2
7078,2019-04-20,8,4,-4
7079,2019-04-20,6,4,-2
7082,2019-04-20,16,23,7
7083,2019-04-20,16,16,0
7084,2019-04-20,25,21,-4
7090,2019-04-20,1,1,0
7091,2019-04-20,1,0,-1
7092,2019-04-20,1,2,1
7096,2019-04-20,3,5,2
7097,2019-04-20,1,0,-1
7098,2019-04-20,1,1,0
7102,2019-04-20,1,1,0
7103,2019-04-20,3,3,0
7105,2019-04-20,2,4,2
7106,2019-04-20,2,2,0
7108,2019-04-20,4,3,-1
7109,2019-04-20,1,1,0
7110,2019-04-20,6,7,1
7112,2019-04-20,5,5,0
7113,2019-04-20,7,6,-1
7114,2019-04-20,5,15,10
7117,2019-04-20,1,1,0
7119,2019-04-20,1,1,0
7122,2019-04-20,1,1,0
7124,2019-04-20,4,5,1
7126,2019-04-20,1,0,-1
7127,2019-04-20,6,2,-4
7128,2019-04-20,3,5,2
7129,2019-04-20,2,1,-1
7130,2019-04-20,2,3,1
7132,2019-04-20,1,1,0
7134,2019-04-20,1,1,0
7135,2019-04-20,1,0,-1
7136,2019-04-20,1,1,0
7139,2019-04-20,9,9,0
7140,2019-04-20,1,0,-1
7141,2019-04-20,6,6,0
7142,2019-04-20,1,2,1
7144,2019-04-20,5,8,3
7147,2019-04-20,12,2,-10
7149,2019-04-20,2,4,2
10002,2019-04-20,16,15,-1
4000,2019-04-21,20,34,14
4002,2019-04-21,21,25,4
5002,2019-04-21,5,7,2
5003,2019-04-21,4,3,-1
5004,2019-04-21,7,4,-3
5006,2019-04-21,2,4,2
5007,2019-04-21,15,16,1
6001,2019-04-21,21,23,2
6002,2019-04-21,29,24,-5
6003,2019-04-21,29,38,9
6004,2019-04-21,26,26,0
6005,2019-04-21,18,17,-1
6006,2019-04-21,19,15,-4
6007,2019-04-21,27,27,0
6008,2019-04-21,30,29,-1
6009,2019-04-21,32,30,-2
6011,2019-04-21,16,28,12
6012,2019-04-21,74,110,36
6013,2019-04-21,38,34,-4
6014,2019-04-21,37,33,-4
6015,2019-04-21,109,148,39
6016,2019-04-21,14,14,0
6017,2019-04-21,15,32,17
6018,2019-04-21,19,25,6
6019,2019-04-21,41,33,-8
6020,2019-04-21,30,57,27
6021,2019-04-21,36,27,-9
6022,2019-04-21,17,14,-3
6023,2019-04-21,171,260,89
6025,2019-04-21,14,19,5
6026,2019-04-21,194,285,91
6027,2019-04-21,32,37,5
6029,2019-04-21,10,11,1
6031,2019-04-21,24,28,4
6032,2019-04-21,40,75,35
6033,2019-04-21,9,7,-2
6034,2019-04-21,21,28,7
6035,2019-04-21,4,8,4
6036,2019-04-21,288,311,23
6037,2019-04-21,13,15,2
6038,2019-04-21,41,39,-2
6039,2019-04-21,50,46,-4
6040,2019-04-21,17,19,2
6041,2019-04-21,11,7,-4
6042,2019-04-21,12,12,0
6043,2019-04-21,22,31,9
6044,2019-04-21,40,37,-3
6046,2019-04-21,11,7,-4
6047,2019-04-21,17,14,-3
6048,2019-04-21,21,13,-8
6049,2019-04-21,31,21,-10
6051,2019-04-21,21,19,-2
6052,2019-04-21,247,287,40
6053,2019-04-21,52,83,31
6057,2019-04-21,15,17,2
6058,2019-04-21,13,9,-4
6059,2019-04-21,16,6,-10
6060,2019-04-21,12,8,-4
6062,2019-04-21,27,20,-7
6063,2019-04-21,36,42,6
6064,2019-04-21,50,50,0
6065,2019-04-21,21,17,-4
6066,2019-04-21,19,5,-14
6067,2019-04-21,21,23,2
6068,2019-04-21,1,2,1
6070,2019-04-21,68,77,9
6072,2019-04-21,11,7,-4
6073,2019-04-21,54,53,-1
6075,2019-04-21,4,1,-3
6076,2019-04-21,13,17,4
6079,2019-04-21,48,34,-14
6080,2019-04-21,52,43,-9
6081,2019-04-21,18,12,-6
6083,2019-04-21,8,14,6
6084,2019-04-21,30,31,1
6085,2019-04-21,20,15,-5
6087,2019-04-21,49,63,14
6088,2019-04-21,25,36,11
6089,2019-04-21,9,8,-1
6090,2019-04-21,20,25,5
6091,2019-04-21,23,26,3
6092,2019-04-21,30,24,-6
6093,2019-04-21,17,12,-5
6094,2019-04-21,25,14,-11
6095,2019-04-21,36,31,-5
6096,2019-04-21,12,18,6
6097,2019-04-21,41,21,-20
6098,2019-04-21,31,25,-6
6099,2019-04-21,40,64,24
6100,2019-04-21,107,126,19
6101,2019-04-21,16,6,-10
6102,2019-04-21,22,16,-6
6103,2019-04-21,15,10,-5
6104,2019-04-21,39,34,-5
6105,2019-04-21,18,29,11
6106,2019-04-21,21,23,2
6107,2019-04-21,54,45,-9
6108,2019-04-21,27,20,-7
6109,2019-04-21,43,42,-1
6110,2019-04-21,24,21,-3
6111,2019-04-21,21,27,6
6112,2019-04-21,53,57,4
6113,2019-04-21,19,31,12
6114,2019-04-21,100,112,12
6115,2019-04-21,14,14,0
6116,2019-04-21,23,33,10
6118,2019-04-21,34,47,13
6119,2019-04-21,44,57,13
6120,2019-04-21,27,30,3
6121,2019-04-21,10,21,11
6122,2019-04-21,14,15,1
6123,2019-04-21,19,22,3
6124,2019-04-21,24,35,11
6125,2019-04-21,11,10,-1
6126,2019-04-21,9,16,7
6127,2019-04-21,25,22,-3
6128,2019-04-21,19,15,-4
6129,2019-04-21,28,24,-4
6130,2019-04-21,17,22,5
6131,2019-04-21,55,46,-9
6132,2019-04-21,28,32,4
6133,2019-04-21,42,36,-6
6134,2019-04-21,21,20,-1
6136,2019-04-21,114,95,-19
6137,2019-04-21,62,71,9
6138,2019-04-21,20,25,5
6139,2019-04-21,20,19,-1
6140,2019-04-21,52,51,-1
6142,2019-04-21,94,78,-16
6143,2019-04-21,116,110,-6
6145,2019-04-21,48,43,-5
6146,2019-04-21,50,42,-8
6147,2019-04-21,42,22,-20
6148,2019-04-21,42,40,-2
6149,2019-04-21,19,14,-5
6150,2019-04-21,41,35,-6
6151,2019-04-21,29,33,4
6152,2019-04-21,79,76,-3
6153,2019-04-21,15,6,-9
6154,2019-04-21,84,85,1
6155,2019-04-21,101,81,-20
6156,2019-04-21,40,43,3
6157,2019-04-21,72,84,12
6158,2019-04-21,47,42,-5
6160,2019-04-21,31,34,3
6161,2019-04-21,23,15,-8
6163,2019-04-21,83,78,-5
6164,2019-04-21,55,61,6
6165,2019-04-21,35,42,7
6166,2019-04-21,65,51,-14
6167,2019-04-21,19,20,1
6168,2019-04-21,10,8,-2
6169,2019-04-21,96,92,-4
6170,2019-04-21,58,43,-15
6171,2019-04-21,25,25,0
6173,2019-04-21,67,56,-11
6174,2019-04-21,48,30,-18
6175,2019-04-21,57,33,-24
6176,2019-04-21,76,71,-5
6177,2019-04-21,48,50,2
6178,2019-04-21,71,67,-4
6179,2019-04-21,62,51,-11
6180,2019-04-21,17,21,4
6181,2019-04-21,81,64,-17
6182,2019-04-21,36,32,-4
6183,2019-04-21,48,39,-9
6184,2019-04-21,134,103,-31
6185,2019-04-21,7,11,4
6186,2019-04-21,52,35,-17
6187,2019-04-21,78,79,1
6188,2019-04-21,33,36,3
6189,2019-04-21,8,7,-1
6190,2019-04-21,72,59,-13
6191,2019-04-21,32,25,-7
6192,2019-04-21,25,16,-9
6193,2019-04-21,60,50,-10
6194,2019-04-21,73,71,-2
6195,2019-04-21,36,27,-9
6196,2019-04-21,75,41,-34
6197,2019-04-21,21,25,4
6198,2019-04-21,13,14,1
6199,2019-04-21,54,42,-12
6200,2019-04-21,42,44,2
6201,2019-04-21,36,38,2
6202,2019-04-21,45,46,1
6203,2019-04-21,60,47,-13
6204,2019-04-21,37,44,7
6205,2019-04-21,70,51,-19
6206,2019-04-21,61,79,18
6207,2019-04-21,16,16,0
6208,2019-04-21,27,21,-6
6209,2019-04-21,59,47,-12
6210,2019-04-21,12,12,0
6211,2019-04-21,66,63,-3
6212,2019-04-21,60,47,-13
6213,2019-04-21,47,37,-10
6214,2019-04-21,62,57,-5
6215,2019-04-21,25,27,2
6216,2019-04-21,207,161,-46
6217,2019-04-21,33,32,-1
6218,2019-04-21,28,23,-5
6219,2019-04-21,22,27,5
6220,2019-04-21,60,51,-9
6221,2019-04-21,72,50,-22
6222,2019-04-21,41,37,-4
6223,2019-04-21,94,87,-7
6224,2019-04-21,45,44,-1
6225,2019-04-21,33,37,4
6226,2019-04-21,4,4,0
6227,2019-04-21,85,77,-8
6228,2019-04-21,12,8,-4
6229,2019-04-21,46,43,-3
6230,2019-04-21,56,50,-6
6231,2019-04-21,78,70,-8
6233,2019-04-21,67,56,-11
6234,2019-04-21,50,30,-20
6235,2019-04-21,15,8,-7
6236,2019-04-21,32,38,6
6237,2019-04-21,29,29,0
6240,2019-04-21,12,13,1
6241,2019-04-21,16,22,6
6243,2019-04-21,39,32,-7
6245,2019-04-21,32,32,0
6246,2019-04-21,21,19,-2
6247,2019-04-21,52,47,-5
6248,2019-04-21,77,73,-4
6249,2019-04-21,33,29,-4
6250,2019-04-21,83,85,2
6251,2019-04-21,13,23,10
6252,2019-04-21,23,20,-3
6254,2019-04-21,29,14,-15
6255,2019-04-21,50,46,-4
6257,2019-04-21,14,8,-6
6258,2019-04-21,35,37,2
6259,2019-04-21,24,16,-8
6260,2019-04-21,20,19,-1
6261,2019-04-21,24,26,2
6262,2019-04-21,27,29,2
6263,2019-04-21,4,7,3
6264,2019-04-21,9,9,0
6265,2019-04-21,22,21,-1
6266,2019-04-21,12,12,0
6267,2019-04-21,26,27,1
6268,2019-04-21,21,18,-3
6269,2019-04-21,12,14,2
6272,2019-04-21,13,17,4
6273,2019-04-21,20,15,-5
6274,2019-04-21,20,29,9
6275,2019-04-21,10,9,-1
6276,2019-04-21,14,19,5
6277,2019-04-21,24,30,6
6278,2019-04-21,7,12,5
6279,2019-04-21,5,8,3
6280,2019-04-21,30,36,6
6301,2019-04-21,10,8,-2
6302,2019-04-21,24,20,-4
6303,2019-04-21,16,13,-3
6304,2019-04-21,15,13,-2
6305,2019-04-21,9,7,-2
6306,2019-04-21,14,11,-3
6307,2019-04-21,55,48,-7
6309,2019-04-21,8,5,-3
6310,2019-04-21,12,4,-8
6311,2019-04-21,24,16,-8
6312,2019-04-21,13,19,6
6313,2019-04-21,31,36,5
6314,2019-04-21,22,21,-1
6315,2019-04-21,34,20,-14
6316,2019-04-21,22,8,-14
6321,2019-04-21,76,67,-9
6322,2019-04-21,13,12,-1
6323,2019-04-21,4,10,6
6324,2019-04-21,17,19,2
6327,2019-04-21,14,8,-6
6328,2019-04-21,21,23,2
6329,2019-04-21,10,10,0
6330,2019-04-21,17,15,-2
6331,2019-04-21,10,9,-1
6332,2019-04-21,17,23,6
6333,2019-04-21,6,11,5
6334,2019-04-21,20,22,2
6335,2019-04-21,16,13,-3
6336,2019-04-21,14,18,4
6338,2019-04-21,20,19,-1
6339,2019-04-21,8,6,-2
6340,2019-04-21,13,12,-1
6341,2019-04-21,24,25,1
6343,2019-04-21,16,20,4
6344,2019-04-21,40,30,-10
6345,2019-04-21,11,11,0
6346,2019-04-21,11,8,-3
6347,2019-04-21,14,10,-4
6349,2019-04-21,12,12,0
6350,2019-04-21,17,10,-7
6354,2019-04-21,15,22,7
6355,2019-04-21,14,19,5
6356,2019-04-21,15,12,-3
6357,2019-04-21,13,5,-8
6358,2019-04-21,12,8,-4
6359,2019-04-21,32,30,-2
6360,2019-04-21,18,15,-3
6361,2019-04-21,20,22,2
6362,2019-04-21,12,16,4
6363,2019-04-21,14,9,-5
6364,2019-04-21,23,20,-3
6366,2019-04-21,16,19,3
6367,2019-04-21,13,5,-8
6368,2019-04-21,44,52,8
6369,2019-04-21,9,10,1
6370,2019-04-21,13,8,-5
6371,2019-04-21,39,38,-1
6372,2019-04-21,40,43,3
6373,2019-04-21,14,13,-1
6374,2019-04-21,27,32,5
6375,2019-04-21,21,37,16
6376,2019-04-21,8,7,-1
6377,2019-04-21,15,18,3
6379,2019-04-21,10,11,1
6380,2019-04-21,9,4,-5
6381,2019-04-21,28,27,-1
6383,2019-04-21,15,10,-5
6384,2019-04-21,11,8,-3
6385,2019-04-21,28,24,-4
6386,2019-04-21,26,27,1
6387,2019-04-21,39,46,7
6388,2019-04-21,6,11,5
6389,2019-04-21,38,38,0
6391,2019-04-21,30,40,10
6393,2019-04-21,34,38,4
6394,2019-04-21,35,42,7
6396,2019-04-21,54,48,-6
6397,2019-04-21,38,36,-2
6398,2019-04-21,15,21,6
6401,2019-04-21,34,38,4
6402,2019-04-21,60,54,-6
6403,2019-04-21,16,7,-9
6404,2019-04-21,3,4,1
6405,2019-04-21,37,60,23
6406,2019-04-21,162,192,30
6407,2019-04-21,19,16,-3
6408,2019-04-21,15,17,2
6409,2019-04-21,7,5,-2
6410,2019-04-21,15,12,-3
6411,2019-04-21,57,54,-3
6412,2019-04-21,9,9,0
6413,2019-04-21,33,20,-13
6414,2019-04-21,10,11,1
6415,2019-04-21,12,13,1
6416,2019-04-21,8,8,0
6417,2019-04-21,8,9,1
6419,2019-04-21,4,12,8
6420,2019-04-21,12,16,4
6421,2019-04-21,17,12,-5
6422,2019-04-21,5,11,6
6423,2019-04-21,9,3,-6
6424,2019-04-21,5,6,1
6425,2019-04-21,29,30,1
6426,2019-04-21,15,28,13
6427,2019-04-21,39,36,-3
6428,2019-04-21,27,25,-2
6429,2019-04-21,34,34,0
6432,2019-04-21,50,45,-5
6433,2019-04-21,13,17,4
6434,2019-04-21,28,32,4
6435,2019-04-21,11,21,10
6436,2019-04-21,11,11,0
6501,2019-04-21,58,66,8
6502,2019-04-21,23,24,1
6503,2019-04-21,23,19,-4
6504,2019-04-21,15,17,2
6700,2019-04-21,15,13,-2
6701,2019-04-21,19,13,-6
6702,2019-04-21,13,11,-2
6703,2019-04-21,44,43,-1
6704,2019-04-21,15,16,1
6705,2019-04-21,8,13,5
6706,2019-04-21,17,15,-2
6707,2019-04-21,17,11,-6
6708,2019-04-21,23,29,6
6709,2019-04-21,18,22,4
6710,2019-04-21,11,8,-3
6711,2019-04-21,4,4,0
6712,2019-04-21,24,25,1
6713,2019-04-21,6,3,-3
6714,2019-04-21,21,23,2
6715,2019-04-21,24,34,10
6716,2019-04-21,6,8,2
6717,2019-04-21,3,3,0
6718,2019-04-21,12,9,-3
6719,2019-04-21,10,10,0
6720,2019-04-21,13,14,1
6721,2019-04-21,13,8,-5
6722,2019-04-21,11,18,7
6723,2019-04-21,9,8,-1
6724,2019-04-21,63,104,41
6725,2019-04-21,33,30,-3
6726,2019-04-21,12,13,1
6727,2019-04-21,23,28,5
6728,2019-04-21,5,3,-2
6729,2019-04-21,65,80,15
6730,2019-04-21,5,7,2
6731,2019-04-21,24,23,-1
6732,2019-04-21,17,18,1
6733,2019-04-21,12,15,3
6734,2019-04-21,26,21,-5
6735,2019-04-21,6,2,-4
6736,2019-04-21,13,10,-3
6737,2019-04-21,11,9,-2
6738,2019-04-21,14,7,-7
6739,2019-04-21,2,2,0
6741,2019-04-21,14,13,-1
6742,2019-04-21,26,23,-3
6743,2019-04-21,8,8,0
6744,2019-04-21,6,11,5
6745,2019-04-21,14,15,1
6746,2019-04-21,7,5,-2
6747,2019-04-21,5,4,-1
6748,2019-04-21,20,20,0
6749,2019-04-21,18,14,-4
6753,2019-04-21,5,5,0
6754,2019-04-21,5,8,3
6901,2019-04-21,15,21,6
6902,2019-04-21,39,44,5
6903,2019-04-21,50,36,-14
6904,2019-04-21,19,17,-2
6905,2019-04-21,10,9,-1
6906,2019-04-21,43,27,-16
6907,2019-04-21,61,44,-17
6908,2019-04-21,31,25,-6
6910,2019-04-21,41,46,5
6912,2019-04-21,62,57,-5
6913,2019-04-21,15,16,1
6915,2019-04-21,49,29,-20
6916,2019-04-21,20,15,-5
6917,2019-04-21,4,7,3
6918,2019-04-21,23,14,-9
6919,2019-04-21,15,16,1
6921,2019-04-21,11,26,15
6923,2019-04-21,25,18,-7
6924,2019-04-21,9,5,-4
6925,2019-04-21,8,5,-3
6926,2019-04-21,27,31,4
6927,2019-04-21,20,15,-5
6928,2019-04-21,27,7,-20
6929,2019-04-21,15,15,0
6930,2019-04-21,5,3,-2
7001,2019-04-21,22,22,0
7002,2019-04-21,6,8,2
7003,2019-04-21,44,35,-9
7004,2019-04-21,13,10,-3
7005,2019-04-21,3,4,1
7006,2019-04-21,9,8,-1
7007,2019-04-21,12,11,-1
7008,2019-04-21,3,3,0
7009,2019-04-21,36,48,12
7010,2019-04-21,10,11,1
7011,2019-04-21,18,29,11
7012,2019-04-21,11,10,-1
7013,2019-04-21,10,12,2
7014,2019-04-21,24,21,-3
7015,2019-04-21,68,74,6
7016,2019-04-21,9,10,1
7017,2019-04-21,26,26,0
7018,2019-04-21,10,15,5
7019,2019-04-21,5,7,2
7020,2019-04-21,13,7,-6
7021,2019-04-21,19,20,1
7022,2019-04-21,30,27,-3
7024,2019-04-21,16,11,-5
7025,2019-04-21,3,5,2
7026,2019-04-21,24,20,-4
7027,2019-04-21,15,19,4
7028,2019-04-21,21,14,-7
7029,2019-04-21,18,21,3
7030,2019-04-21,23,24,1
7031,2019-04-21,34,23,-11
7032,2019-04-21,72,64,-8
7033,2019-04-21,36,23,-13
7034,2019-04-21,35,48,13
7035,2019-04-21,29,30,1
7036,2019-04-21,32,28,-4
7037,2019-04-21,22,21,-1
7038,2019-04-21,32,39,7
7039,2019-04-21,13,20,7
7040,2019-04-21,19,22,3
7041,2019-04-21,38,27,-11
7042,2019-04-21,14,13,-1
7043,2019-04-21,10,13,3
7045,2019-04-21,38,41,3
7046,2019-04-21,29,34,5
7047,2019-04-21,47,53,6
7048,2019-04-21,17,17,0
7050,2019-04-21,27,20,-7
7051,2019-04-21,8,5,-3
7052,2019-04-21,7,16,9
7053,2019-04-21,35,40,5
7054,2019-04-21,59,75,16
7055,2019-04-21,12,11,-1
7056,2019-04-21,7,9,2
7057,2019-04-21,25,22,-3
7058,2019-04-21,28,29,1
7059,2019-04-21,11,11,0
7060,2019-04-21,10,7,-3
7061,2019-04-21,19,22,3
7062,2019-04-21,29,38,9
7063,2019-04-21,17,9,-8
7064,2019-04-21,6,7,1
7065,2019-04-21,23,19,-4
7066,2019-04-21,26,39,13
7067,2019-04-21,12,24,12
7068,2019-04-21,55,70,15
7069,2019-04-21,6,7,1
7070,2019-04-21,18,20,2
7071,2019-04-21,28,22,-6
7072,2019-04-21,26,15,-11
7073,2019-04-21,20,28,8
7074,2019-04-21,13,11,-2
7075,2019-04-21,3,3,0
7076,2019-04-21,27,31,4
7077,2019-04-21,26,29,3
7078,2019-04-21,13,11,-2
7079,2019-04-21,18,17,-1
7082,2019-04-21,36,39,3
7083,2019-04-21,25,30,5
7084,2019-04-21,66,61,-5
7090,2019-04-21,9,7,-2
7091,2019-04-21,6,7,1
7092,2019-04-21,2,0,-2
7093,2019-04-21,11,14,3
7094,2019-04-21,2,3,1
7096,2019-04-21,3,5,2
7097,2019-04-21,1,1,0
7098,2019-04-21,4,5,1
7099,2019-04-21,6,4,-2
7101,2019-04-21,2,4,2
7102,2019-04-21,7,8,1
7103,2019-04-21,19,24,5
7105,2019-04-21,17,19,2
7106,2019-04-21,14,9,-5
7107,2019-04-21,4,5,1
7108,2019-04-21,34,30,-4
7109,2019-04-21,6,7,1
7110,2019-04-21,23,24,1
7111,2019-04-21,3,4,1
7112,2019-04-21,10,10,0
7113,2019-04-21,12,17,5
7114,2019-04-21,64,68,4
7117,2019-04-21,1,1,0
7119,2019-04-21,15,12,-3
7120,2019-04-21,13,16,3
7121,2019-04-21,3,4,1
7122,2019-04-21,1,0,-1
7123,2019-04-21,4,3,-1
7124,2019-04-21,7,8,1
7125,2019-04-21,27,29,2
7126,2019-04-21,2,2,0
7127,2019-04-21,8,6,-2
7128,2019-04-21,7,9,2
7129,2019-04-21,3,1,-2
7130,2019-04-21,8,4,-4
7131,2019-04-21,1,0,-1
7132,2019-04-21,6,5,-1
7133,2019-04-21,11,11,0
7134,2019-04-21,6,7,1
7135,2019-04-21,9,9,0
7136,2019-04-21,4,5,1
7138,2019-04-21,7,10,3
7139,2019-04-21,42,38,-4
7140,2019-04-21,25,19,-6
7141,2019-04-21,23,22,-1
7142,2019-04-21,15,17,2
7144,2019-04-21,33,26,-7
7146,2019-04-21,11,11,0
7147,2019-04-21,6,4,-2
7148,2019-04-21,15,15,0
7149,2019-04-21,13,7,-6
10002,2019-04-21,37,56,19
4000,2019-04-22,39,55,16
4002,2019-04-22,46,48,2
5002,2019-04-22,3,0,-3
5003,2019-04-22,2,3,1
5004,2019-04-22,2,4,2
5006,2019-04-22,5,5,0
5007,2019-04-22,13,14,1
6001,2019-04-22,33,36,3
6002,2019-04-22,17,31,14
6003,2019-04-22,30,52,22
6004,2019-04-22,23,22,-1
6005,2019-04-22,55,49,-6
6006,2019-04-22,20,18,-2
6007,2019-04-22,23,25,2
6008,2019-04-22,47,60,13
6009,2019-04-22,49,47,-2
6011,2019-04-22,33,27,-6
6012,2019-04-22,113,145,32
6013,2019-04-22,30,32,2
6014,2019-04-22,32,31,-1
6015,2019-04-22,95,145,50
6016,2019-04-22,15,19,4
6017,2019-04-22,26,33,7
6018,2019-04-22,40,44,4
6019,2019-04-22,71,36,-35
6020,2019-04-22,46,67,21
6021,2019-04-22,57,38,-19
6022,2019-04-22,34,39,5
6023,2019-04-22,182,225,43
6025,2019-04-22,15,21,6
6026,2019-04-22,229,274,45
6027,2019-04-22,80,81,1
6029,2019-04-22,11,8,-3
6031,2019-04-22,26,34,8
6032,2019-04-22,50,99,49
6033,2019-04-22,9,7,-2
6034,2019-04-22,31,56,25
6035,2019-04-22,8,9,1
6036,2019-04-22,238,334,96
6037,2019-04-22,30,35,5
6038,2019-04-22,47,50,3
6039,2019-04-22,48,62,14
6040,2019-04-22,34,39,5
6041,2019-04-22,26,19,-7
6042,2019-04-22,34,29,-5
6043,2019-04-22,82,110,28
6044,2019-04-22,52,49,-3
6046,2019-04-22,40,39,-1
6047,2019-04-22,32,18,-14
6048,2019-04-22,24,32,8
6049,2019-04-22,61,69,8
6051,2019-04-22,16,24,8
6052,2019-04-22,252,321,69
6053,2019-04-22,79,107,28
6057,2019-04-22,37,34,-3
6058,2019-04-22,61,52,-9
6059,2019-04-22,30,25,-5
6060,2019-04-22,15,9,-6
6062,2019-04-22,31,29,-2
6063,2019-04-22,57,46,-11
6064,2019-04-22,99,87,-12
6065,2019-04-22,21,22,1
6066,2019-04-22,42,14,-28
6067,2019-04-22,38,31,-7
6068,2019-04-22,3,0,-3
6070,2019-04-22,119,102,-17
6072,2019-04-22,46,45,-1
6073,2019-04-22,97,123,26
6075,2019-04-22,17,12,-5
6076,2019-04-22,19,17,-2
6079,2019-04-22,35,33,-2
6080,2019-04-22,84,87,3
6081,2019-04-22,18,25,7
6083,2019-04-22,55,49,-6
6084,2019-04-22,14,19,5
6085,2019-04-22,35,52,17
6087,2019-04-22,72,96,24
6088,2019-04-22,36,42,6
6089,2019-04-22,29,19,-10
6090,2019-04-22,27,30,3
6091,2019-04-22,36,28,-8
6092,2019-04-22,54,40,-14
6093,2019-04-22,25,13,-12
6094,2019-04-22,14,13,-1
6095,2019-04-22,83,74,-9
6096,2019-04-22,20,34,14
6097,2019-04-22,50,28,-22
6098,2019-04-22,31,20,-11
6099,2019-04-22,56,67,11
6100,2019-04-22,141,144,3
6101,2019-04-22,25,10,-15
6102,2019-04-22,33,22,-11
6103,2019-04-22,12,17,5
6104,2019-04-22,43,48,5
6105,2019-04-22,27,26,-1
6106,2019-04-22,15,15,0
6107,2019-04-22,60,57,-3
6108,2019-04-22,28,33,5
6109,2019-04-22,50,59,9
6110,2019-04-22,29,26,-3
6111,2019-04-22,42,44,2
6112,2019-04-22,62,65,3
6113,2019-04-22,30,31,1
6114,2019-04-22,107,134,27
6115,2019-04-22,7,10,3
6116,2019-04-22,30,40,10
6118,2019-04-22,42,45,3
6119,2019-04-22,61,63,2
6120,2019-04-22,26,31,5
6121,2019-04-22,17,16,-1
6122,2019-04-22,11,20,9
6123,2019-04-22,28,28,0
6124,2019-04-22,30,37,7
6125,2019-04-22,14,20,6
6126,2019-04-22,8,21,13
6127,2019-04-22,33,30,-3
6128,2019-04-22,18,21,3
6129,2019-04-22,39,37,-2
6130,2019-04-22,25,23,-2
6131,2019-04-22,54,43,-11
6132,2019-04-22,19,29,10
6133,2019-04-22,45,46,1
6134,2019-04-22,30,25,-5
6136,2019-04-22,158,110,-48
6137,2019-04-22,69,75,6
6138,2019-04-22,34,40,6
6139,2019-04-22,29,28,-1
6140,2019-04-22,67,70,3
6142,2019-04-22,136,115,-21
6143,2019-04-22,108,127,19
6145,2019-04-22,64,61,-3
6146,2019-04-22,70,61,-9
6147,2019-04-22,64,55,-9
6148,2019-04-22,64,36,-28
6149,2019-04-22,31,27,-4
6150,2019-04-22,59,57,-2
6151,2019-04-22,63,57,-6
6152,2019-04-22,87,93,6
6153,2019-04-22,17,17,0
6154,2019-04-22,128,116,-12
6155,2019-04-22,110,109,-1
6156,2019-04-22,45,44,-1
6157,2019-04-22,96,74,-22
6158,2019-04-22,36,48,12
6160,2019-04-22,35,40,5
6161,2019-04-22,34,24,-10
6163,2019-04-22,83,85,2
6164,2019-04-22,85,88,3
6165,2019-04-22,84,102,18
6166,2019-04-22,57,54,-3
6167,2019-04-22,28,27,-1
6168,2019-04-22,32,20,-12
6169,2019-04-22,100,101,1
6170,2019-04-22,49,64,15
6171,2019-04-22,24,28,4
6173,2019-04-22,69,68,-1
6174,2019-04-22,56,53,-3
6175,2019-04-22,82,44,-38
6176,2019-04-22,83,83,0
6177,2019-04-22,49,41,-8
6178,2019-04-22,88,78,-10
6179,2019-04-22,53,55,2
6180,2019-04-22,33,34,1
6181,2019-04-22,82,59,-23
6182,2019-04-22,42,37,-5
6183,2019-04-22,43,48,5
6184,2019-04-22,175,139,-36
6185,2019-04-22,17,15,-2
6186,2019-04-22,35,34,-1
6187,2019-04-22,52,71,19
6188,2019-04-22,30,33,3
6189,2019-04-22,8,9,1
6190,2019-04-22,96,61,-35
6191,2019-04-22,36,45,9
6192,2019-04-22,42,25,-17
6193,2019-04-22,92,91,-1
6194,2019-04-22,121,125,4
6195,2019-04-22,54,35,-19
6196,2019-04-22,55,54,-1
6197,2019-04-22,37,30,-7
6198,2019-04-22,28,21,-7
6199,2019-04-22,48,34,-14
6200,2019-04-22,51,41,-10
6201,2019-04-22,48,44,-4
6202,2019-04-22,82,69,-13
6203,2019-04-22,44,45,1
6204,2019-04-22,57,55,-2
6205,2019-04-22,57,54,-3
6206,2019-04-22,56,81,25
6207,2019-04-22,28,27,-1
6208,2019-04-22,26,35,9
6209,2019-04-22,80,40,-40
6210,2019-04-22,21,16,-5
6211,2019-04-22,80,69,-11
6212,2019-04-22,64,50,-14
6213,2019-04-22,61,66,5
6214,2019-04-22,66,45,-21
6215,2019-04-22,24,25,1
6216,2019-04-22,131,108,-23
6217,2019-04-22,62,57,-5
6218,2019-04-22,27,28,1
6219,2019-04-22,36,28,-8
6220,2019-04-22,61,57,-4
6221,2019-04-22,139,127,-12
6222,2019-04-22,46,38,-8
6223,2019-04-22,98,72,-26
6224,2019-04-22,46,45,-1
6225,2019-04-22,32,21,-11
6226,2019-04-22,5,3,-2
6227,2019-04-22,104,97,-7
6228,2019-04-22,15,13,-2
6229,2019-04-22,46,34,-12
6230,2019-04-22,79,69,-10
6231,2019-04-22,63,56,-7
6233,2019-04-22,98,80,-18
6234,2019-04-22,60,59,-1
6235,2019-04-22,27,19,-8
6236,2019-04-22,43,40,-3
6237,2019-04-22,39,42,3
6240,2019-04-22,18,18,0
6241,2019-04-22,51,45,-6
6243,2019-04-22,68,68,0
6245,2019-04-22,45,40,-5
6246,2019-04-22,42,35,-7
6247,2019-04-22,56,54,-2
6248,2019-04-22,104,103,-1
6249,2019-04-22,54,43,-11
6250,2019-04-22,99,80,-19
6251,2019-04-22,23,25,2
6252,2019-04-22,36,30,-6
6254,2019-04-22,44,39,-5
6255,2019-04-22,72,66,-6
6257,2019-04-22,25,23,-2
6258,2019-04-22,59,55,-4
6259,2019-04-22,31,26,-5
6260,2019-04-22,39,38,-1
6261,2019-04-22,29,29,0
6262,2019-04-22,31,24,-7
6263,2019-04-22,18,13,-5
6264,2019-04-22,23,19,-4
6265,2019-04-22,23,20,-3
6266,2019-04-22,7,8,1
6267,2019-04-22,41,35,-6
6268,2019-04-22,31,28,-3
6269,2019-04-22,12,19,7
6272,2019-04-22,31,22,-9
6273,2019-04-22,22,22,0
6274,2019-04-22,30,30,0
6275,2019-04-22,18,18,0
6276,2019-04-22,23,22,-1
6277,2019-04-22,36,45,9
6278,2019-04-22,22,16,-6
6279,2019-04-22,17,18,1
6280,2019-04-22,35,38,3
6301,2019-04-22,19,20,1
6302,2019-04-22,25,27,2
6303,2019-04-22,12,7,-5
6304,2019-04-22,10,13,3
6305,2019-04-22,14,8,-6
6306,2019-04-22,39,16,-23
6307,2019-04-22,66,58,-8
6309,2019-04-22,18,20,2
6310,2019-04-22,32,19,-13
6311,2019-04-22,29,24,-5
6312,2019-04-22,16,25,9
6313,2019-04-22,36,37,1
6314,2019-04-22,35,31,-4
6315,2019-04-22,58,40,-18
6316,2019-04-22,33,15,-18
6321,2019-04-22,83,96,13
6322,2019-04-22,28,19,-9
6323,2019-04-22,13,10,-3
6324,2019-04-22,22,30,8
6327,2019-04-22,22,23,1
6328,2019-04-22,29,29,0
6329,2019-04-22,25,21,-4
6330,2019-04-22,18,19,1
6331,2019-04-22,17,15,-2
6332,2019-04-22,22,25,3
6333,2019-04-22,11,10,-1
6334,2019-04-22,40,40,0
6335,2019-04-22,25,19,-6
6336,2019-04-22,25,20,-5
6338,2019-04-22,34,27,-7
6339,2019-04-22,23,20,-3
6340,2019-04-22,14,15,1
6341,2019-04-22,24,32,8
6343,2019-04-22,18,20,2
6344,2019-04-22,48,45,-3
6345,2019-04-22,12,14,2
6346,2019-04-22,6,1,-5
6347,2019-04-22,12,14,2
6349,2019-04-22,22,23,1
6350,2019-04-22,26,28,2
6354,2019-04-22,30,28,-2
6355,2019-04-22,27,24,-3
6356,2019-04-22,25,19,-6
6357,2019-04-22,17,14,-3
6358,2019-04-22,18,15,-3
6359,2019-04-22,32,31,-1
6360,2019-04-22,30,30,0
6361,2019-04-22,28,34,6
6362,2019-04-22,25,21,-4
6363,2019-04-22,22,16,-6
6364,2019-04-22,33,20,-13
6366,2019-04-22,19,16,-3
6367,2019-04-22,12,7,-5
6368,2019-04-22,61,60,-1
6369,2019-04-22,26,38,12
6370,2019-04-22,19,21,2
6371,2019-04-22,44,59,15
6372,2019-04-22,64,57,-7
6373,2019-04-22,12,13,1
6374,2019-04-22,31,29,-2
6375,2019-04-22,45,54,9
6376,2019-04-22,16,14,-2
6377,2019-04-22,24,28,4
6379,2019-04-22,16,20,4
6380,2019-04-22,24,16,-8
6381,2019-04-22,57,63,6
6383,2019-04-22,19,17,-2
6384,2019-04-22,20,13,-7
6385,2019-04-22,30,32,2
6386,2019-04-22,31,36,5
6387,2019-04-22,51,65,14
6388,2019-04-22,14,18,4
6389,2019-04-22,46,48,2
6391,2019-04-22,44,69,25
6393,2019-04-22,44,53,9
6394,2019-04-22,61,84,23
6396,2019-04-22,84,83,-1
6397,2019-04-22,30,42,12
6398,2019-04-22,16,21,5
6401,2019-04-22,34,36,2
6402,2019-04-22,57,56,-1
6403,2019-04-22,12,8,-4
6404,2019-04-22,5,6,1
6405,2019-04-22,50,68,18
6406,2019-04-22,155,182,27
6407,2019-04-22,18,23,5
6408,2019-04-22,16,20,4
6409,2019-04-22,8,9,1
6410,2019-04-22,20,20,0
6411,2019-04-22,59,54,-5
6412,2019-04-22,11,10,-1
6413,2019-04-22,49,43,-6
6414,2019-04-22,18,22,4
6415,2019-04-22,13,13,0
6416,2019-04-22,16,7,-9
6417,2019-04-22,14,16,2
6419,2019-04-22,16,15,-1
6420,2019-04-22,32,20,-12
6421,2019-04-22,18,12,-6
6422,2019-04-22,17,11,-6
6423,2019-04-22,17,13,-4
6424,2019-04-22,24,26,2
6425,2019-04-22,29,38,9
6426,2019-04-22,36,42,6
6427,2019-04-22,47,47,0
6428,2019-04-22,8,11,3
6429,2019-04-22,37,38,1
6432,2019-04-22,49,57,8
6433,2019-04-22,24,24,0
6434,2019-04-22,70,71,1
6435,2019-04-22,48,44,-4
6436,2019-04-22,13,9,-4
6501,2019-04-22,69,73,4
6502,2019-04-22,43,47,4
6503,2019-04-22,28,21,-7
6504,2019-04-22,17,18,1
6700,2019-04-22,9,24,15
6701,2019-04-22,21,19,-2
6702,2019-04-22,18,21,3
6703,2019-04-22,50,50,0
6704,2019-04-22,20,14,-6
6705,2019-04-22,14,14,0
6706,2019-04-22,17,23,6
6707,2019-04-22,19,17,-2
6708,2019-04-22,19,47,28
6709,2019-04-22,23,22,-1
6710,2019-04-22,11,17,6
6711,2019-04-22,13,7,-6
6712,2019-04-22,33,40,7
6713,2019-04-22,9,9,0
6714,2019-04-22,27,23,-4
6715,2019-04-22,57,65,8
6716,2019-04-22,7,9,2
6717,2019-04-22,12,12,0
6718,2019-04-22,20,16,-4
6719,2019-04-22,18,25,7
6720,2019-04-22,11,13,2
6721,2019-04-22,11,12,1
6722,2019-04-22,13,12,-1
6723,2019-04-22,9,13,4
6724,2019-04-22,72,109,37
6725,2019-04-22,28,26,-2
6726,2019-04-22,14,12,-2
6727,2019-04-22,37,50,13
6728,2019-04-22,5,4,-1
6729,2019-04-22,85,101,16
6730,2019-04-22,14,10,-4
6731,2019-04-22,14,7,-7
6732,2019-04-22,24,24,0
6733,2019-04-22,18,17,-1
6734,2019-04-22,36,38,2
6735,2019-04-22,7,4,-3
6736,2019-04-22,21,19,-2
6737,2019-04-22,15,17,2
6738,2019-04-22,41,35,-6
6739,2019-04-22,2,4,2
6741,2019-04-22,4,8,4
6742,2019-04-22,56,52,-4
6743,2019-04-22,14,10,-4
6744,2019-04-22,14,10,-4
6745,2019-04-22,4,9,5
6746,2019-04-22,8,6,-2
6747,2019-04-22,32,31,-1
6748,2019-04-22,42,60,18
6749,2019-04-22,27,18,-9
6753,2019-04-22,8,9,1
6754,2019-04-22,12,16,4
6901,2019-04-22,31,36,5
6902,2019-04-22,52,62,10
6903,2019-04-22,58,54,-4
6904,2019-04-22,33,33,0
6905,2019-04-22,19,25,6
6906,2019-04-22,96,50,-46
6907,2019-04-22,53,41,-12
6908,2019-04-22,47,38,-9
6910,2019-04-22,83,79,-4
6912,2019-04-22,70,60,-10
6913,2019-04-22,40,38,-2
6915,2019-04-22,52,44,-8
6916,2019-04-22,22,24,2
6917,2019-04-22,13,8,-5
6918,2019-04-22,18,14,-4
6919,2019-04-22,15,17,2
6921,2019-04-22,31,32,1
6923,2019-04-22,24,21,-3
6924,2019-04-22,10,6,-4
6925,2019-04-22,18,13,-5
6926,2019-04-22,33,34,1
6927,2019-04-22,46,25,-21
6928,2019-04-22,17,9,-8
6929,2019-04-22,20,19,-1
6930,2019-04-22,10,10,0
7001,2019-04-22,23,21,-2
7002,2019-04-22,13,15,2
7003,2019-04-22,55,45,-10
7004,2019-04-22,14,17,3
7005,2019-04-22,9,6,-3
7006,2019-04-22,10,13,3
7007,2019-04-22,13,16,3
7008,2019-04-22,11,8,-3
7009,2019-04-22,42,60,18
7010,2019-04-22,10,12,2
7011,2019-04-22,30,38,8
7012,2019-04-22,14,18,4
7013,2019-04-22,18,18,0
7014,2019-04-22,38,18,-20
7015,2019-04-22,53,49,-4
7016,2019-04-22,11,14,3
7017,2019-04-22,28,33,5
7018,2019-04-22,14,14,0
7019,2019-04-22,25,22,-3
7020,2019-04-22,18,16,-2
7021,2019-04-22,32,26,-6
7022,2019-04-22,47,55,8
7023,2019-04-22,8,8,0
7024,2019-04-22,19,9,-10
7025,2019-04-22,26,13,-13
7026,2019-04-22,36,35,-1
7027,2019-04-22,30,30,0
7028,2019-04-22,50,57,7
7029,2019-04-22,32,26,-6
7030,2019-04-22,32,38,6
7031,2019-04-22,43,44,1
7032,2019-04-22,79,46,-33
7033,2019-04-22,36,30,-6
7034,2019-04-22,32,45,13
7035,2019-04-22,23,24,1
7036,2019-04-22,23,27,4
7037,2019-04-22,30,29,-1
7038,2019-04-22,42,39,-3
7039,2019-04-22,25,20,-5
7040,2019-04-22,44,41,-3
7041,2019-04-22,82,69,-13
7042,2019-04-22,22,22,0
7043,2019-04-22,16,10,-6
7045,2019-04-22,38,38,0
7046,2019-04-22,78,104,26
7047,2019-04-22,83,106,23
7048,2019-04-22,28,38,10
7050,2019-04-22,22,30,8
7051,2019-04-22,13,12,-1
7052,2019-04-22,22,27,5
7053,2019-04-22,32,37,5
7054,2019-04-22,63,69,6
7055,2019-04-22,8,26,18
7056,2019-04-22,7,9,2
7057,2019-04-22,39,42,3
7058,2019-04-22,28,24,-4
7059,2019-04-22,13,20,7
7060,2019-04-22,20,23,3
7061,2019-04-22,26,21,-5
7062,2019-04-22,28,36,8
7063,2019-04-22,15,12,-3
7064,2019-04-22,8,11,3
7065,2019-04-22,31,33,2
7066,2019-04-22,34,34,0
7067,2019-04-22,29,33,4
7068,2019-04-22,84,101,17
7069,2019-04-22,18,17,-1
7070,2019-04-22,29,31,2
7071,2019-04-22,41,24,-17
7072,2019-04-22,22,19,-3
7073,2019-04-22,30,37,7
7074,2019-04-22,24,14,-10
7075,2019-04-22,5,7,2
7076,2019-04-22,49,35,-14
7077,2019-04-22,13,9,-4
7078,2019-04-22,17,21,4
7079,2019-04-22,20,24,4
7082,2019-04-22,38,59,21
7083,2019-04-22,43,30,-13
7084,2019-04-22,64,61,-3
7090,2019-04-22,6,7,1
7091,2019-04-22,6,7,1
7092,2019-04-22,4,8,4
7093,2019-04-22,3,2,-1
7094,2019-04-22,3,4,1
7095,2019-04-22,6,7,1
7096,2019-04-22,8,8,0
7097,2019-04-22,5,3,-2
7098,2019-04-22,4,3,-1
7099,2019-04-22,6,7,1
7101,2019-04-22,3,5,2
7102,2019-04-22,13,18,5
7103,2019-04-22,39,40,1
7104,2019-04-22,9,14,5
7105,2019-04-22,32,37,5
7106,2019-04-22,4,1,-3
7107,2019-04-22,6,9,3
7108,2019-04-22,14,20,6
7109,2019-04-22,11,10,-1
7110,2019-04-22,28,31,3
7111,2019-04-22,5,5,0
7112,2019-04-22,25,19,-6
7113,2019-04-22,26,27,1
7114,2019-04-22,78,81,3
7117,2019-04-22,9,9,0
7119,2019-04-22,13,13,0
7120,2019-04-22,13,11,-2
7121,2019-04-22,3,3,0
7122,2019-04-22,2,4,2
7123,2019-04-22,10,9,-1
7124,2019-04-22,14,12,-2
7125,2019-04-22,28,23,-5
7126,2019-04-22,2,2,0
7127,2019-04-22,31,25,-6
7128,2019-04-22,11,8,-3
7129,2019-04-22,2,2,0
7130,2019-04-22,9,8,-1
7132,2019-04-22,1,2,1
7133,2019-04-22,8,9,1
7134,2019-04-22,4,6,2
7135,2019-04-22,1,0,-1
7136,2019-04-22,1,3,2
7137,2019-04-22,4,9,5
7138,2019-04-22,4,7,3
7139,2019-04-22,39,57,18
7140,2019-04-22,10,11,1
7141,2019-04-22,17,23,6
7142,2019-04-22,14,15,1
7144,2019-04-22,22,21,-1
7146,2019-04-22,13,10,-3
7147,2019-04-22,12,11,-1
7148,2019-04-22,3,3,0
7149,2019-04-22,5,5,0
10002,2019-04-22,103,114,11
4000,2019-04-23,26,42,16
4002,2019-04-23,56,53,-3
5002,2019-04-23,3,4,1
5003,2019-04-23,1,3,2
5004,2019-04-23,1,2,1
5006,2019-04-23,3,4,1
5007,2019-04-23,14,11,-3
6001,2019-04-23,48,65,17
6002,2019-04-23,28,32,4
6003,2019-04-23,38,51,13
6004,2019-04-23,40,49,9
6005,2019-04-23,39,58,19
6006,2019-04-23,20,18,-2
6007,2019-04-23,21,29,8
6008,2019-04-23,52,85,33
6009,2019-04-23,39,44,5
6011,2019-04-23,37,42,5
6012,2019-04-23,80,125,45
6013,2019-04-23,41,84,43
6014,2019-04-23,32,37,5
6015,2019-04-23,131,228,97
6016,2019-04-23,5,10,5
6017,2019-04-23,21,24,3
6018,2019-04-23,24,31,7
6019,2019-04-23,66,51,-15
6020,2019-04-23,24,50,26
6021,2019-04-23,59,34,-25
6022,2019-04-23,42,35,-7
6023,2019-04-23,83,89,6
6025,2019-04-23,29,28,-1
6026,2019-04-23,100,140,40
6027,2019-04-23,74,67,-7
6029,2019-04-23,16,13,-3
6031,2019-04-23,21,26,5
6032,2019-04-23,36,93,57
6033,2019-04-23,11,13,2
6034,2019-04-23,31,57,26
6035,2019-04-23,10,26,16
6036,2019-04-23,110,143,33
6037,2019-04-23,30,26,-4
6038,2019-04-23,53,58,5
6039,2019-04-23,60,73,13
6040,2019-04-23,40,43,3
6041,2019-04-23,47,52,5
6042,2019-04-23,79,72,-7
6043,2019-04-23,81,235,154
6044,2019-04-23,35,42,7
6046,2019-04-23,72,64,-8
6047,2019-04-23,54,58,4
6048,2019-04-23,29,37,8
6049,2019-04-23,62,74,12
6051,2019-04-23,23,28,5
6052,2019-04-23,103,134,31
6053,2019-04-23,82,88,6
6057,2019-04-23,70,53,-17
6058,2019-04-23,61,68,7
6059,2019-04-23,48,47,-1
6060,2019-04-23,20,15,-5
6061,2019-04-23,49,40,-9
6062,2019-04-23,28,35,7
6063,2019-04-23,58,53,-5
6064,2019-04-23,114,113,-1
6065,2019-04-23,39,23,-16
6066,2019-04-23,36,10,-26
6067,2019-04-23,34,41,7
6068,2019-04-23,10,4,-6
6070,2019-04-23,110,97,-13
6072,2019-04-23,52,51,-1
6073,2019-04-23,121,155,34
6075,2019-04-23,28,17,-11
6076,2019-04-23,13,18,5
6079,2019-04-23,45,44,-1
6080,2019-04-23,87,94,7
6081,2019-04-23,22,15,-7
6082,2019-04-23,5,6,1
6083,2019-04-23,62,75,13
6084,2019-04-23,28,37,9
6085,2019-04-23,40,74,34
6087,2019-04-23,57,78,21
6088,2019-04-23,38,43,5
6089,2019-04-23,42,42,0
6090,2019-04-23,32,27,-5
6091,2019-04-23,31,22,-9
6092,2019-04-23,36,36,0
6093,2019-04-23,22,11,-11
6094,2019-04-23,36,35,-1
6095,2019-04-23,68,56,-12
6096,2019-04-23,32,43,11
6097,2019-04-23,40,16,-24
6098,2019-04-23,20,17,-3
6099,2019-04-23,53,58,5
6100,2019-04-23,167,167,0
6101,2019-04-23,21,5,-16
6102,2019-04-23,22,12,-10
6103,2019-04-23,16,14,-2
6104,2019-04-23,71,93,22
6105,2019-04-23,35,57,22
6106,2019-04-23,13,25,12
6107,2019-04-23,45,54,9
6108,2019-04-23,44,53,9
6109,2019-04-23,21,29,8
6110,2019-04-23,24,24,0
6111,2019-04-23,23,32,9
6112,2019-04-23,53,44,-9
6113,2019-04-23,47,35,-12
6114,2019-04-23,82,122,40
6115,2019-04-23,12,11,-1
6116,2019-04-23,36,42,6
6118,2019-04-23,30,39,9
6119,2019-04-23,34,51,17
6120,2019-04-23,39,47,8
6121,2019-04-23,17,22,5
6122,2019-04-23,11,11,0
6123,2019-04-23,11,16,5
6124,2019-04-23,28,34,6
6125,2019-04-23,16,7,-9
6126,2019-04-23,13,27,14
6127,2019-04-23,30,29,-1
6128,2019-04-23,11,6,-5
6129,2019-04-23,44,33,-11
6130,2019-04-23,18,15,-3
6131,2019-04-23,66,31,-35
6132,2019-04-23,32,41,9
6133,2019-04-23,42,35,-7
6134,2019-04-23,29,29,0
6136,2019-04-23,179,134,-45
6137,2019-04-23,44,49,5
6138,2019-04-23,38,35,-3
6139,2019-04-23,17,17,0
6140,2019-04-23,56,58,2
6142,2019-04-23,44,26,-18
6143,2019-04-23,73,54,-19
6145,2019-04-23,25,24,-1
6146,2019-04-23,44,38,-6
6147,2019-04-23,65,44,-21
6148,2019-04-23,82,52,-30
6149,2019-04-23,33,23,-10
6150,2019-04-23,44,51,7
6151,2019-04-23,41,49,8
6152,2019-04-23,66,65,-1
6153,2019-04-23,17,21,4
6154,2019-04-23,91,92,1
6155,2019-04-23,87,78,-9
6156,2019-04-23,50,44,-6
6157,2019-04-23,57,46,-11
6158,2019-04-23,41,45,4
6160,2019-04-23,35,32,-3
6161,2019-04-23,23,26,3
6163,2019-04-23,54,58,4
6164,2019-04-23,43,57,14
6165,2019-04-23,36,49,13
6166,2019-04-23,43,46,3
6167,2019-04-23,33,26,-7
6168,2019-04-23,48,33,-15
6169,2019-04-23,84,78,-6
6170,2019-04-23,25,26,1
6171,2019-04-23,27,18,-9
6173,2019-04-23,70,39,-31
6174,2019-04-23,62,39,-23
6175,2019-04-23,66,31,-35
6176,2019-04-23,39,45,6
6177,2019-04-23,44,31,-13
6178,2019-04-23,66,54,-12
6179,2019-04-23,45,46,1
6180,2019-04-23,34,48,14
6181,2019-04-23,77,46,-31
6182,2019-04-23,35,27,-8
6183,2019-04-23,45,37,-8
6184,2019-04-23,143,155,12
6185,2019-04-23,16,9,-7
6186,2019-04-23,70,47,-23
6187,2019-04-23,66,58,-8
6188,2019-04-23,43,28,-15
6189,2019-04-23,13,11,-2
6190,2019-04-23,88,58,-30
6191,2019-04-23,41,32,-9
6192,2019-04-23,29,16,-13
6193,2019-04-23,63,67,4
6194,2019-04-23,92,75,-17
6195,2019-04-23,46,38,-8
6196,2019-04-23,66,51,-15
6197,2019-04-23,36,33,-3
6198,2019-04-23,17,11,-6
6199,2019-04-23,46,44,-2
6200,2019-04-23,67,69,2
6201,2019-04-23,41,35,-6
6202,2019-04-23,74,61,-13
6203,2019-04-23,56,52,-4
6204,2019-04-23,62,64,2
6205,2019-04-23,53,56,3
6206,2019-04-23,76,75,-1
6207,2019-04-23,31,29,-2
6208,2019-04-23,39,47,8
6209,2019-04-23,52,42,-10
6210,2019-04-23,32,28,-4
6211,2019-04-23,84,85,1
6212,2019-04-23,43,22,-21
6213,2019-04-23,62,65,3
6214,2019-04-23,72,52,-20
6215,2019-04-23,39,34,-5
6216,2019-04-23,71,45,-26
6217,2019-04-23,71,51,-20
6218,2019-04-23,49,30,-19
6219,2019-04-23,43,33,-10
6220,2019-04-23,56,43,-13
6221,2019-04-23,110,105,-5
6222,2019-04-23,53,24,-29
6223,2019-04-23,59,34,-25
6224,2019-04-23,45,29,-16
6225,2019-04-23,39,27,-12
6226,2019-04-23,17,18,1
6227,2019-04-23,77,79,2
6228,2019-04-23,20,15,-5
6229,2019-04-23,33,32,-1
6230,2019-04-23,66,59,-7
6231,2019-04-23,63,55,-8
6233,2019-04-23,62,47,-15
6234,2019-04-23,41,42,1
6235,2019-04-23,50,51,1
6236,2019-04-23,33,35,2
6237,2019-04-23,44,43,-1
6240,2019-04-23,12,7,-5
6241,2019-04-23,32,30,-2
6243,2019-04-23,38,43,5
6245,2019-04-23,27,28,1
6246,2019-04-23,34,35,1
6247,2019-04-23,47,35,-12
6248,2019-04-23,89,75,-14
6249,2019-04-23,27,30,3
6250,2019-04-23,55,49,-6
6251,2019-04-23,20,19,-1
6252,2019-04-23,16,14,-2
6254,2019-04-23,34,27,-7
6255,2019-04-23,38,37,-1
6257,2019-04-23,27,23,-4
6258,2019-04-23,49,31,-18
6259,2019-04-23,26,29,3
6260,2019-04-23,36,26,-10
6261,2019-04-23,20,21,1
6262,2019-04-23,15,23,8
6263,2019-04-23,7,13,6
6264,2019-04-23,20,26,6
6265,2019-04-23,33,31,-2
6266,2019-04-23,19,9,-10
6267,2019-04-23,27,30,3
6268,2019-04-23,34,32,-2
6269,2019-04-23,11,14,3
6270,2019-04-23,1,2,1
6272,2019-04-23,11,16,5
6273,2019-04-23,27,13,-14
6274,2019-04-23,29,27,-2
6275,2019-04-23,21,24,3
6276,2019-04-23,17,13,-4
6277,2019-04-23,30,34,4
6278,2019-04-23,14,11,-3
6279,2019-04-23,17,8,-9
6280,2019-04-23,58,47,-11
6301,2019-04-23,23,15,-8
6302,2019-04-23,23,18,-5
6303,2019-04-23,13,5,-8
6304,2019-04-23,8,10,2
6305,2019-04-23,22,13,-9
6306,2019-04-23,39,22,-17
6307,2019-04-23,65,51,-14
6309,2019-04-23,18,18,0
6310,2019-04-23,39,24,-15
6311,2019-04-23,24,20,-4
6312,2019-04-23,13,19,6
6313,2019-04-23,27,26,-1
6314,2019-04-23,24,32,8
6315,2019-04-23,36,23,-13
6316,2019-04-23,40,15,-25
6321,2019-04-23,51,44,-7
6322,2019-04-23,10,10,0
6323,2019-04-23,16,12,-4
6324,2019-04-23,20,16,-4
6327,2019-04-23,21,11,-10
6328,2019-04-23,21,17,-4
6329,2019-04-23,16,13,-3
6330,2019-04-23,18,20,2
6331,2019-04-23,18,13,-5
6332,2019-04-23,14,18,4
6333,2019-04-23,15,16,1
6334,2019-04-23,44,46,2
6335,2019-04-23,14,14,0
6336,2019-04-23,16,17,1
6338,2019-04-23,16,19,3
6339,2019-04-23,27,23,-4
6340,2019-04-23,20,13,-7
6341,2019-04-23,18,20,2
6343,2019-04-23,22,19,-3
6344,2019-04-23,30,28,-2
6345,2019-04-23,10,14,4
6346,2019-04-23,16,18,2
6347,2019-04-23,18,18,0
6349,2019-04-23,23,23,0
6350,2019-04-23,33,27,-6
6354,2019-04-23,26,21,-5
6355,2019-04-23,18,22,4
6356,2019-04-23,24,13,-11
6357,2019-04-23,10,10,0
6358,2019-04-23,14,17,3
6359,2019-04-23,58,59,1
6360,2019-04-23,17,18,1
6361,2019-04-23,24,15,-9
6362,2019-04-23,18,18,0
6363,2019-04-23,17,9,-8
6364,2019-04-23,35,25,-10
6366,2019-04-23,21,17,-4
6367,2019-04-23,14,18,4
6368,2019-04-23,31,33,2
6369,2019-04-23,20,28,8
6370,2019-04-23,29,22,-7
6371,2019-04-23,47,37,-10
6372,2019-04-23,37,33,-4
6373,2019-04-23,26,17,-9
6374,2019-04-23,29,28,-1
6375,2019-04-23,40,38,-2
6376,2019-04-23,16,20,4
6377,2019-04-23,19,21,2
6379,2019-04-23,14,17,3
6380,2019-04-23,14,14,0
6381,2019-04-23,40,36,-4
6383,2019-04-23,14,13,-1
6384,2019-04-23,19,10,-9
6385,2019-04-23,32,39,7
6386,2019-04-23,25,43,18
6387,2019-04-23,33,49,16
6388,2019-04-23,12,17,5
6389,2019-04-23,45,44,-1
6391,2019-04-23,33,45,12
6393,2019-04-23,46,53,7
6394,2019-04-23,46,59,13
6395,2019-04-23,20,24,4
6396,2019-04-23,49,51,2
6397,2019-04-23,38,39,1
6398,2019-04-23,21,22,1
6401,2019-04-23,36,43,7
6402,2019-04-23,26,26,0
6403,2019-04-23,13,16,3
6404,2019-04-23,5,7,2
6405,2019-04-23,30,46,16
6406,2019-04-23,45,44,-1
6407,2019-04-23,11,17,6
6408,2019-04-23,24,33,9
6409,2019-04-23,13,11,-2
6410,2019-04-23,32,31,-1
6411,2019-04-23,74,70,-4
6412,2019-04-23,10,16,6
6413,2019-04-23,62,63,1
6414,2019-04-23,13,12,-1
6415,2019-04-23,15,16,1
6416,2019-04-23,22,15,-7
6417,2019-04-23,10,14,4
6419,2019-04-23,16,23,7
6420,2019-04-23,11,12,1
6421,2019-04-23,23,16,-7
6422,2019-04-23,5,10,5
6423,2019-04-23,13,7,-6
6424,2019-04-23,25,34,9
6425,2019-04-23,14,14,0
6426,2019-04-23,40,43,3
6427,2019-04-23,36,27,-9
6428,2019-04-23,6,11,5
6429,2019-04-23,14,22,8
6432,2019-04-23,66,70,4
6433,2019-04-23,20,17,-3
6434,2019-04-23,42,40,-2
6435,2019-04-23,33,34,1
6436,2019-04-23,13,18,5
6501,2019-04-23,27,20,-7
6502,2019-04-23,11,16,5
6503,2019-04-23,39,33,-6
6504,2019-04-23,1,1,0
6700,2019-04-23,7,25,18
6701,2019-04-23,36,46,10
6702,2019-04-23,8,7,-1
6703,2019-04-23,35,38,3
6704,2019-04-23,16,12,-4
6705,2019-04-23,11,17,6
6706,2019-04-23,12,15,3
6707,2019-04-23,22,17,-5
6708,2019-04-23,42,46,4
6709,2019-04-23,18,21,3
6710,2019-04-23,12,9,-3
6711,2019-04-23,10,13,3
6712,2019-04-23,10,13,3
6713,2019-04-23,17,13,-4
6714,2019-04-23,4,5,1
6715,2019-04-23,15,19,4
6716,2019-04-23,5,6,1
6717,2019-04-23,7,14,7
6718,2019-04-23,16,19,3
6719,2019-04-23,17,13,-4
6720,2019-04-23,17,17,0
6721,2019-04-23,11,7,-4
6722,2019-04-23,4,5,1
6723,2019-04-23,11,12,1
6724,2019-04-23,40,48,8
6725,2019-04-23,22,22,0
6726,2019-04-23,4,6,2
6727,2019-04-23,39,52,13
6728,2019-04-23,4,3,-1
6729,2019-04-23,72,93,21
6730,2019-04-23,8,3,-5
6731,2019-04-23,3,6,3
6732,2019-04-23,14,28,14
6733,2019-04-23,18,11,-7
6734,2019-04-23,20,19,-1
6735,2019-04-23,7,8,1
6736,2019-04-23,14,14,0
6737,2019-04-23,15,20,5
6738,2019-04-23,49,55,6
6739,2019-04-23,5,5,0
6741,2019-04-23,6,10,4
6742,2019-04-23,39,38,-1
6743,2019-04-23,24,13,-11
6744,2019-04-23,15,17,2
6745,2019-04-23,12,7,-5
6746,2019-04-23,5,7,2
6747,2019-04-23,23,24,1
6748,2019-04-23,57,61,4
6749,2019-04-23,36,44,8
6750,2019-04-23,15,17,2
6753,2019-04-23,12,9,-3
6754,2019-04-23,11,11,0
6901,2019-04-23,24,40,16
6902,2019-04-23,41,50,9
6903,2019-04-23,56,58,2
6904,2019-04-23,34,25,-9
6905,2019-04-23,25,19,-6
6906,2019-04-23,89,61,-28
6907,2019-04-23,71,34,-37
6908,2019-04-23,31,34,3
6910,2019-04-23,59,36,-23
6912,2019-04-23,72,61,-11
6913,2019-04-23,30,19,-11
6915,2019-04-23,40,33,-7
6916,2019-04-23,22,20,-2
6917,2019-04-23,8,11,3
6918,2019-04-23,16,10,-6
6919,2019-04-23,20,14,-6
6921,2019-04-23,38,41,3
6923,2019-04-23,23,21,-2
6924,2019-04-23,8,7,-1
6925,2019-04-23,22,22,0
6926,2019-04-23,27,24,-3
6927,2019-04-23,51,23,-28
6928,2019-04-23,42,19,-23
6929,2019-04-23,18,20,2
6930,2019-04-23,15,19,4
7001,2019-04-23,13,17,4
7002,2019-04-23,10,13,3
7003,2019-04-23,36,36,0
7004,2019-04-23,17,13,-4
7005,2019-04-23,3,2,-1
7006,2019-04-23,12,13,1
7007,2019-04-23,13,17,4
7008,2019-04-23,15,19,4
7009,2019-04-23,46,66,20
7010,2019-04-23,9,9,0
7011,2019-04-23,26,32,6
7012,2019-04-23,21,18,-3
7013,2019-04-23,11,17,6
7014,2019-04-23,32,29,-3
7015,2019-04-23,10,8,-2
7016,2019-04-23,12,12,0
7017,2019-04-23,12,21,9
7018,2019-04-23,21,24,3
7019,2019-04-23,54,75,21
7020,2019-04-23,13,14,1
7021,2019-04-23,27,19,-8
7022,2019-04-23,27,14,-13
7023,2019-04-23,5,4,-1
7024,2019-04-23,28,16,-12
7025,2019-04-23,29,17,-12
7026,2019-04-23,52,53,1
7027,2019-04-23,25,25,0
7028,2019-04-23,83,67,-16
7029,2019-04-23,26,25,-1
7030,2019-04-23,26,30,4
7031,2019-04-23,38,38,0
7032,2019-04-23,75,46,-29
7033,2019-04-23,42,43,1
7034,2019-04-23,17,33,16
7035,2019-04-23,33,31,-2
7036,2019-04-23,26,19,-7
7037,2019-04-23,32,23,-9
7038,2019-04-23,47,48,1
7039,2019-04-23,22,26,4
7040,2019-04-23,46,46,0
7041,2019-04-23,76,93,17
7042,2019-04-23,31,31,0
7043,2019-04-23,14,10,-4
7045,2019-04-23,31,33,2
7046,2019-04-23,95,124,29
7047,2019-04-23,57,86,29
7048,2019-04-23,16,18,2
7050,2019-04-23,13,15,2
7051,2019-04-23,7,4,-3
7052,2019-04-23,25,26,1
7053,2019-04-23,26,24,-2
7054,2019-04-23,31,30,-1
7055,2019-04-23,9,15,6
7056,2019-04-23,8,11,3
7057,2019-04-23,24,24,0
7058,2019-04-23,16,22,6
7059,2019-04-23,14,18,4
7060,2019-04-23,16,21,5
7061,2019-04-23,26,19,-7
7062,2019-04-23,36,37,1
7063,2019-04-23,8,6,-2
7064,2019-04-23,6,11,5
7065,2019-04-23,28,23,-5
7066,2019-04-23,43,87,44
7067,2019-04-23,53,60,7
7068,2019-04-23,38,46,8
7069,2019-04-23,32,35,3
7070,2019-04-23,26,29,3
7071,2019-04-23,29,11,-18
7072,2019-04-23,25,18,-7
7073,2019-04-23,25,23,-2
7074,2019-04-23,10,18,8
7075,2019-04-23,5,6,1
7076,2019-04-23,33,22,-11
7077,2019-04-23,20,19,-1
7078,2019-04-23,16,24,8
7079,2019-04-23,44,48,4
7082,2019-04-23,31,46,15
7083,2019-04-23,38,25,-13
7084,2019-04-23,50,49,-1
7090,2019-04-23,8,9,1
7091,2019-04-23,4,4,0
7092,2019-04-23,2,0,-2
7093,2019-04-23,1,0,-1
7095,2019-04-23,11,7,-4
7096,2019-04-23,15,13,-2
7097,2019-04-23,6,9,3
7098,2019-04-23,1,2,1
7099,2019-04-23,4,3,-1
7101,2019-04-23,4,5,1
7102,2019-04-23,7,9,2
7103,2019-04-23,2,5,3
7104,2019-04-23,2,1,-1
7105,2019-04-23,1,2,1
7107,2019-04-23,2,1,-1
7108,2019-04-23,9,7,-2
7109,2019-04-23,7,7,0
7110,2019-04-23,1,2,1
7111,2019-04-23,1,2,1
7112,2019-04-23,4,6,2
7113,2019-04-23,38,28,-10
7114,2019-04-23,25,30,5
7117,2019-04-23,3,1,-2
7118,2019-04-23,1,1,0
7119,2019-04-23,4,8,4
7120,2019-04-23,9,9,0
7121,2019-04-23,2,4,2
7122,2019-04-23,5,3,-2
7123,2019-04-23,1,1,0
7124,2019-04-23,7,7,0
7125,2019-04-23,5,11,6
7126,2019-04-23,6,2,-4
7127,2019-04-23,22,22,0
7128,2019-04-23,10,11,1
7129,2019-04-23,2,5,3
7130,2019-04-23,8,10,2
7131,2019-04-23,1,0,-1
7132,2019-04-23,3,2,-1
7133,2019-04-23,6,1,-5
7134,2019-04-23,4,3,-1
7135,2019-04-23,2,2,0
7136,2019-04-23,5,5,0
7137,2019-04-23,2,3,1
7138,2019-04-23,3,5,2
7139,2019-04-23,47,51,4
7140,2019-04-23,8,12,4
7141,2019-04-23,14,14,0
7142,2019-04-23,5,10,5
7144,2019-04-23,16,27,11
7146,2019-04-23,2,11,9
7147,2019-04-23,20,14,-6
7149,2019-04-23,5,5,0
10002,2019-04-23,53,65,12
10002,2019-04-23,12,7,-5
4000,2019-04-23,4,9,5
4002,2019-04-23,4,1,-3
5006,2019-04-23,1,2,1
5007,2019-04-23,2,1,-1
6001,2019-04-23,5,2,-3
6002,2019-04-23,5,4,-1
6003,2019-04-23,4,8,4
6004,2019-04-23,5,2,-3
6005,2019-04-23,2,1,-1
6006,2019-04-23,3,5,2
6007,2019-04-23,6,8,2
6008,2019-04-23,6,3,-3
6009,2019-04-23,10,4,-6
6011,2019-04-23,1,2,1
6012,2019-04-23,8,8,0
6013,2019-04-23,6,2,-4
6014,2019-04-23,1,0,-1
6015,2019-04-23,22,11,-11
6016,2019-04-23,1,3,2
6017,2019-04-23,5,5,0
6018,2019-04-23,4,6,2
6019,2019-04-23,11,6,-5
6020,2019-04-23,9,9,0
6021,2019-04-23,2,3,1
6022,2019-04-23,4,1,-3
6023,2019-04-23,3,4,1
6025,2019-04-23,1,2,1
6026,2019-04-23,4,2,-2
6027,2019-04-23,6,5,-1
6029,2019-04-23,2,7,5
6031,2019-04-23,2,0,-2
6032,2019-04-23,4,4,0
6034,2019-04-23,2,2,0
6036,2019-04-23,10,4,-6
6038,2019-04-23,3,4,1
6039,2019-04-23,2,1,-1
6040,2019-04-23,2,1,-1
6041,2019-04-23,5,1,-4
6042,2019-04-23,2,3,1
6043,2019-04-23,5,4,-1
6044,2019-04-23,5,6,1
6046,2019-04-23,10,3,-7
6047,2019-04-23,5,0,-5
6048,2019-04-23,1,2,1
6049,2019-04-23,3,5,2
6051,2019-04-23,3,5,2
6052,2019-04-23,6,5,-1
6053,2019-04-23,8,7,-1
6057,2019-04-23,2,2,0
6058,2019-04-23,1,1,0
6060,2019-04-23,1,1,0
6061,2019-04-23,6,10,4
6062,2019-04-23,4,2,-2
6063,2019-04-23,14,2,-12
6064,2019-04-23,3,3,0
6065,2019-04-23,2,3,1
6070,2019-04-23,22,15,-7
6072,2019-04-23,3,1,-2
6073,2019-04-23,16,2,-14
6075,2019-04-23,5,0,-5
6079,2019-04-23,8,12,4
6080,2019-04-23,8,4,-4
6081,2019-04-23,1,2,1
6083,2019-04-23,2,0,-2
6084,2019-04-23,1,1,0
6085,2019-04-23,2,5,3
6087,2019-04-23,6,13,7
6088,2019-04-23,4,6,2
6089,2019-04-23,1,1,0
6090,2019-04-23,3,5,2
6091,2019-04-23,3,3,0
6092,2019-04-23,5,6,1
6093,2019-04-23,2,3,1
6094,2019-04-23,4,4,0
6095,2019-04-23,12,10,-2
6096,2019-04-23,5,6,1
6097,2019-04-23,3,0,-3
6098,2019-04-23,3,3,0
6099,2019-04-23,3,9,6
6100,2019-04-23,15,10,-5
6101,2019-04-23,6,1,-5
6102,2019-04-23,1,3,2
6104,2019-04-23,7,7,0
6105,2019-04-23,2,2,0
6106,2019-04-23,3,4,1
6107,2019-04-23,11,6,-5
6108,2019-04-23,1,2,1
6109,2019-04-23,2,0,-2
6110,2019-04-23,3,9,6
6111,2019-04-23,1,6,5
6112,2019-04-23,6,11,5
6114,2019-04-23,21,22,1
6115,2019-04-23,1,3,2
6116,2019-04-23,12,8,-4
6118,2019-04-23,7,14,7
6119,2019-04-23,7,11,4
6120,2019-04-23,4,2,-2
6122,2019-04-23,2,3,1
6123,2019-04-23,3,1,-2
6124,2019-04-23,3,5,2
6125,2019-04-23,2,5,3
6127,2019-04-23,8,4,-4
6129,2019-04-23,1,7,6
6131,2019-04-23,2,5,3
6132,2019-04-23,3,6,3
6133,2019-04-23,4,10,6
6134,2019-04-23,2,3,1
6136,2019-04-23,27,12,-15
6137,2019-04-23,7,14,7
6138,2019-04-23,2,11,9
6140,2019-04-23,2,8,6
6142,2019-04-23,10,2,-8
6143,2019-04-23,2,9,7
6145,2019-04-23,7,5,-2
6146,2019-04-23,4,3,-1
6147,2019-04-23,4,0,-4
6148,2019-04-23,7,8,1
6149,2019-04-23,3,3,0
6150,2019-04-23,7,9,2
6151,2019-04-23,6,7,1
6152,2019-04-23,7,11,4
6153,2019-04-23,3,1,-2
6154,2019-04-23,20,16,-4
6155,2019-04-23,10,16,6
6156,2019-04-23,8,4,-4
6157,2019-04-23,4,9,5
6158,2019-04-23,3,7,4
6160,2019-04-23,6,3,-3
6161,2019-04-23,3,12,9
6163,2019-04-23,4,14,10
6164,2019-04-23,5,11,6
6165,2019-04-23,2,9,7
6167,2019-04-23,1,6,5
6168,2019-04-23,1,1,0
6169,2019-04-23,17,16,-1
6171,2019-04-23,8,7,-1
6173,2019-04-23,12,3,-9
6174,2019-04-23,6,4,-2
6175,2019-04-23,7,3,-4
6176,2019-04-23,21,12,-9
6177,2019-04-23,2,12,10
6178,2019-04-23,8,11,3
6179,2019-04-23,8,3,-5
6180,2019-04-23,9,6,-3
6181,2019-04-23,6,7,1
6182,2019-04-23,9,8,-1
6183,2019-04-23,9,6,-3
6184,2019-04-23,26,14,-12
6185,2019-04-23,2,2,0
6186,2019-04-23,15,4,-11
6187,2019-04-23,6,4,-2
6188,2019-04-23,7,4,-3
6189,2019-04-23,2,7,5
6190,2019-04-23,7,6,-1
6191,2019-04-23,2,3,1
6192,2019-04-23,2,2,0
6193,2019-04-23,9,8,-1
6194,2019-04-23,10,11,1
6195,2019-04-23,2,4,2
6196,2019-04-23,6,6,0
6197,2019-04-23,3,5,2
6198,2019-04-23,3,2,-1
6199,2019-04-23,2,2,0
6200,2019-04-23,7,6,-1
6201,2019-04-23,10,8,-2
6202,2019-04-23,5,7,2
6203,2019-04-23,6,6,0
6204,2019-04-23,9,6,-3
6205,2019-04-23,10,7,-3
6206,2019-04-23,14,12,-2
6207,2019-04-23,2,3,1
6208,2019-04-23,13,4,-9
6209,2019-04-23,9,11,2
6210,2019-04-23,5,3,-2
6211,2019-04-23,11,7,-4
6212,2019-04-23,8,2,-6
6213,2019-04-23,13,11,-2
6214,2019-04-23,10,8,-2
6215,2019-04-23,2,3,1
6216,2019-04-23,13,2,-11
6217,2019-04-23,6,9,3
6218,2019-04-23,6,4,-2
6219,2019-04-23,3,6,3
6220,2019-04-23,5,8,3
6221,2019-04-23,23,16,-7
6222,2019-04-23,6,10,4
6223,2019-04-23,5,3,-2
6224,2019-04-23,4,4,0
6225,2019-04-23,3,5,2
6226,2019-04-23,2,0,-2
6227,2019-04-23,11,8,-3
6228,2019-04-23,1,0,-1
6229,2019-04-23,7,9,2
6230,2019-04-23,7,6,-1
6231,2019-04-23,11,13,2
6233,2019-04-23,8,12,4
6234,2019-04-23,12,5,-7
6235,2019-04-23,3,3,0
6236,2019-04-23,4,5,1
6237,2019-04-23,3,5,2
6241,2019-04-23,4,2,-2
6243,2019-04-23,6,13,7
6245,2019-04-23,4,7,3
6246,2019-04-23,7,3,-4
6247,2019-04-23,7,6,-1
6248,2019-04-23,8,7,-1
6249,2019-04-23,1,1,0
6250,2019-04-23,2,1,-1
6251,2019-04-23,3,1,-2
6252,2019-04-23,1,1,0
6254,2019-04-23,4,6,2
6255,2019-04-23,3,4,1
6257,2019-04-23,1,5,4
6258,2019-04-23,7,6,-1
6259,2019-04-23,3,6,3
6260,2019-04-23,5,3,-2
6261,2019-04-23,3,1,-2
6262,2019-04-23,7,3,-4
6264,2019-04-23,5,4,-1
6265,2019-04-23,4,2,-2
6266,2019-04-23,1,4,3
6267,2019-04-23,8,6,-2
6268,2019-04-23,5,7,2
6270,2019-04-23,4,5,1
6272,2019-04-23,5,5,0
6273,2019-04-23,4,4,0
6274,2019-04-23,3,5,2
6275,2019-04-23,2,3,1
6276,2019-04-23,2,3,1
6277,2019-04-23,5,5,0
6278,2019-04-23,1,0,-1
6279,2019-04-23,2,3,1
6280,2019-04-23,7,7,0
6301,2019-04-23,1,0,-1
6302,2019-04-23,2,1,-1
6303,2019-04-23,2,2,0
6304,2019-04-23,1,0,-1
6305,2019-04-23,2,0,-2
6306,2019-04-23,4,1,-3
6307,2019-04-23,8,6,-2
6309,2019-04-23,1,2,1
6310,2019-04-23,5,1,-4
6311,2019-04-23,3,2,-1
6312,2019-04-23,1,1,0
6313,2019-04-23,1,4,3
6314,2019-04-23,1,1,0
6315,2019-04-23,11,2,-9
6316,2019-04-23,5,0,-5
6321,2019-04-23,4,2,-2
6322,2019-04-23,1,3,2
6323,2019-04-23,1,2,1
6324,2019-04-23,3,4,1
6327,2019-04-23,5,3,-2
6328,2019-04-23,3,5,2
6329,2019-04-23,2,3,1
6330,2019-04-23,1,2,1
6332,2019-04-23,5,2,-3
6334,2019-04-23,7,5,-2
6335,2019-04-23,4,3,-1
6336,2019-04-23,1,2,1
6339,2019-04-23,2,6,4
6340,2019-04-23,3,4,1
6343,2019-04-23,2,6,4
6344,2019-04-23,3,3,0
6345,2019-04-23,1,1,0
6346,2019-04-23,2,0,-2
6347,2019-04-23,3,0,-3
6349,2019-04-23,1,0,-1
6350,2019-04-23,1,2,1
6354,2019-04-23,2,1,-1
6355,2019-04-23,4,5,1
6358,2019-04-23,1,2,1
6359,2019-04-23,3,2,-1
6360,2019-04-23,1,2,1
6361,2019-04-23,2,5,3
6362,2019-04-23,2,4,2
6363,2019-04-23,1,2,1
6364,2019-04-23,1,0,-1
6367,2019-04-23,3,3,0
6368,2019-04-23,5,2,-3
6369,2019-04-23,1,2,1
6370,2019-04-23,1,7,6
6371,2019-04-23,3,5,2
6372,2019-04-23,1,3,2
6373,2019-04-23,4,3,-1
6374,2019-04-23,1,3,2
6375,2019-04-23,2,3,1
6379,2019-04-23,2,4,2
6380,2019-04-23,3,0,-3
6381,2019-04-23,2,1,-1
6383,2019-04-23,2,1,-1
6385,2019-04-23,2,2,0
6386,2019-04-23,8,5,-3
6387,2019-04-23,8,6,-2
6388,2019-04-23,2,2,0
6389,2019-04-23,6,2,-4
6391,2019-04-23,8,6,-2
6393,2019-04-23,3,8,5
6394,2019-04-23,5,8,3
6395,2019-04-23,6,2,-4
6396,2019-04-23,14,2,-12
6397,2019-04-23,3,5,2
6398,2019-04-23,4,2,-2
6401,2019-04-23,9,6,-3
6405,2019-04-23,8,2,-6
6407,2019-04-23,2,2,0
6408,2019-04-23,3,4,1
6410,2019-04-23,4,6,2
6411,2019-04-23,10,9,-1
6412,2019-04-23,2,2,0
6413,2019-04-23,5,0,-5
6415,2019-04-23,1,1,0
6416,2019-04-23,1,0,-1
6419,2019-04-23,1,0,-1
6420,2019-04-23,3,3,0
6421,2019-04-23,4,1,-3
6424,2019-04-23,6,1,-5
6425,2019-04-23,4,2,-2
6426,2019-04-23,9,7,-2
6427,2019-04-23,2,1,-1
6428,2019-04-23,1,1,0
6429,2019-04-23,3,1,-2
6432,2019-04-23,5,6,1
6433,2019-04-23,1,4,3
6434,2019-04-23,2,3,1
6435,2019-04-23,3,1,-2
6503,2019-04-23,2,4,2
6700,2019-04-23,3,3,0
6701,2019-04-23,3,1,-2
6704,2019-04-23,3,3,0
6708,2019-04-23,4,2,-2
6710,2019-04-23,1,2,1
6711,2019-04-23,3,0,-3
6712,2019-04-23,1,1,0
6715,2019-04-23,3,2,-1
6716,2019-04-23,1,0,-1
6717,2019-04-23,1,0,-1
6718,2019-04-23,1,1,0
6719,2019-04-23,1,2,1
6720,2019-04-23,1,6,5
6721,2019-04-23,2,1,-1
6724,2019-04-23,5,3,-2
6725,2019-04-23,3,2,-1
6727,2019-04-23,10,7,-3
6728,2019-04-23,1,0,-1
6729,2019-04-23,15,14,-1
6734,2019-04-23,4,6,2
6736,2019-04-23,1,1,0
6737,2019-04-23,3,4,1
6738,2019-04-23,3,1,-2
6741,2019-04-23,1,1,0
6742,2019-04-23,3,2,-1
6744,2019-04-23,1,1,0
6746,2019-04-23,2,2,0
6747,2019-04-23,4,4,0
6748,2019-04-23,5,5,0
6749,2019-04-23,7,2,-5
6750,2019-04-23,3,1,-2
6753,2019-04-23,1,0,-1
6754,2019-04-23,1,1,0
6901,2019-04-23,4,4,0
6902,2019-04-23,4,8,4
6903,2019-04-23,6,7,1
6904,2019-04-23,2,6,4
6905,2019-04-23,2,0,-2
6906,2019-04-23,16,3,-13
6907,2019-04-23,2,8,6
6908,2019-04-23,7,6,-1
6910,2019-04-23,13,10,-3
6912,2019-04-23,7,5,-2
6913,2019-04-23,4,8,4
6915,2019-04-23,15,15,0
6917,2019-04-23,3,2,-1
6919,2019-04-23,1,0,-1
6921,2019-04-23,3,3,0
6923,2019-04-23,5,4,-1
6924,2019-04-23,1,3,2
6925,2019-04-23,3,2,-1
6926,2019-04-23,5,6,1
6927,2019-04-23,7,2,-5
6928,2019-04-23,5,0,-5
6929,2019-04-23,3,0,-3
7001,2019-04-23,5,3,-2
7002,2019-04-23,1,2,1
7003,2019-04-23,11,3,-8
7004,2019-04-23,1,0,-1
7006,2019-04-23,2,5,3
7007,2019-04-23,1,2,1
7008,2019-04-23,2,2,0
7009,2019-04-23,3,2,-1
7011,2019-04-23,2,5,3
7012,2019-04-23,1,3,2
7013,2019-04-23,1,2,1
7014,2019-04-23,6,1,-5
7015,2019-04-23,2,2,0
7016,2019-04-23,3,0,-3
7017,2019-04-23,1,3,2
7018,2019-04-23,3,10,7
7020,2019-04-23,1,4,3
7021,2019-04-23,1,3,2
7024,2019-04-23,7,3,-4
7025,2019-04-23,7,1,-6
7026,2019-04-23,3,3,0
7028,2019-04-23,2,2,0
7029,2019-04-23,2,7,5
7030,2019-04-23,4,3,-1
7031,2019-04-23,4,0,-4
7032,2019-04-23,12,7,-5
7033,2019-04-23,12,4,-8
7034,2019-04-23,1,1,0
7035,2019-04-23,5,6,1
7036,2019-04-23,8,2,-6
7037,2019-04-23,2,3,1
7038,2019-04-23,8,9,1
7041,2019-04-23,12,1,-11
7042,2019-04-23,1,0,-1
7045,2019-04-23,3,1,-2
7046,2019-04-23,8,3,-5
7047,2019-04-23,3,12,9
7048,2019-04-23,2,1,-1
7051,2019-04-23,1,2,1
7052,2019-04-23,2,2,0
7053,2019-04-23,1,2,1
7054,2019-04-23,3,3,0
7055,2019-04-23,2,4,2
7056,2019-04-23,1,1,0
7057,2019-04-23,5,8,3
7058,2019-04-23,7,3,-4
7059,2019-04-23,1,6,5
7060,2019-04-23,2,3,1
7061,2019-04-23,5,4,-1
7062,2019-04-23,2,0,-2
7063,2019-04-23,2,2,0
7064,2019-04-23,1,0,-1
7065,2019-04-23,4,2,-2
7066,2019-04-23,4,1,-3
7067,2019-04-23,4,2,-2
7068,2019-04-23,3,7,4
7069,2019-04-23,3,0,-3
7071,2019-04-23,2,2,0
7072,2019-04-23,3,3,0
7073,2019-04-23,2,7,5
7074,2019-04-23,2,4,2
7076,2019-04-23,3,8,5
7078,2019-04-23,1,4,3
7079,2019-04-23,4,1,-3
7082,2019-04-23,3,2,-1
7083,2019-04-23,2,8,6
7084,2019-04-23,3,5,2
7090,2019-04-23,2,3,1
7091,2019-04-23,1,0,-1
7096,2019-04-23,1,0,-1
7114,2019-04-23,4,5,1
7127,2019-04-23,2,1,-1
7128,2019-04-23,2,0,-2
7139,2019-04-23,2,8,6
7142,2019-04-23,2,3,1
7144,2019-04-23,2,0,-2
7146,2019-04-23,1,0,-1
7147,2019-04-23,3,3,0
7149,2019-04-23,2,2,0
10002,2019-04-24,42,43,1
4000,2019-04-24,11,20,9
4002,2019-04-24,24,22,-2
5002,2019-04-24,1,3,2
5003,2019-04-24,2,1,-1
5004,2019-04-24,1,3,2
5006,2019-04-24,3,3,0
5007,2019-04-24,10,13,3
6001,2019-04-24,22,23,1
6002,2019-04-24,24,21,-3
6003,2019-04-24,22,32,10
6004,2019-04-24,10,20,10
6005,2019-04-24,28,16,-12
6006,2019-04-24,12,7,-5
6007,2019-04-24,22,21,-1
6008,2019-04-24,25,34,9
6009,2019-04-24,23,22,-1
6011,2019-04-24,23,27,4
6012,2019-04-24,52,78,26
6013,2019-04-24,32,41,9
6014,2019-04-24,16,17,1
6015,2019-04-24,56,68,12
6016,2019-04-24,3,4,1
6017,2019-04-24,17,33,16
6018,2019-04-24,21,23,2
6019,2019-04-24,57,35,-22
6020,2019-04-24,27,42,15
6021,2019-04-24,43,22,-21
6022,2019-04-24,11,14,3
6023,2019-04-24,34,44,10
6025,2019-04-24,17,15,-2
6026,2019-04-24,21,27,6
6027,2019-04-24,32,30,-2
6029,2019-04-24,3,2,-1
6031,2019-04-24,11,17,6
6032,2019-04-24,11,45,34
6033,2019-04-24,10,8,-2
6034,2019-04-24,20,31,11
6035,2019-04-24,8,8,0
6036,2019-04-24,22,25,3
6037,2019-04-24,16,15,-1
6038,2019-04-24,30,34,4
6039,2019-04-24,30,36,6
6040,2019-04-24,23,28,5
6041,2019-04-24,15,21,6
6042,2019-04-24,37,25,-12
6043,2019-04-24,55,63,8
6044,2019-04-24,28,29,1
6046,2019-04-24,33,48,15
6047,2019-04-24,27,20,-7
6048,2019-04-24,20,21,1
6049,2019-04-24,49,48,-1
6051,2019-04-24,19,15,-4
6052,2019-04-24,28,27,-1
6053,2019-04-24,48,46,-2
6057,2019-04-24,35,17,-18
6058,2019-04-24,35,21,-14
6059,2019-04-24,9,9,0
6060,2019-04-24,8,9,1
6061,2019-04-24,37,27,-10
6062,2019-04-24,26,18,-8
6063,2019-04-24,21,14,-7
6064,2019-04-24,70,40,-30
6065,2019-04-24,13,12,-1
6066,2019-04-24,10,5,-5
6067,2019-04-24,13,13,0
6068,2019-04-24,2,2,0
6070,2019-04-24,98,90,-8
6072,2019-04-24,28,19,-9
6073,2019-04-24,66,65,-1
6075,2019-04-24,10,5,-5
6076,2019-04-24,9,14,5
6079,2019-04-24,35,23,-12
6080,2019-04-24,35,30,-5
6081,2019-04-24,14,12,-2
6082,2019-04-24,2,5,3
6083,2019-04-24,25,26,1
6084,2019-04-24,15,20,5
6085,2019-04-24,26,41,15
6087,2019-04-24,31,59,28
6088,2019-04-24,20,20,0
6089,2019-04-24,22,21,-1
6090,2019-04-24,19,17,-2
6091,2019-04-24,17,18,1
6092,2019-04-24,24,21,-3
6093,2019-04-24,9,5,-4
6094,2019-04-24,28,15,-13
6095,2019-04-24,27,29,2
6096,2019-04-24,13,21,8
6097,2019-04-24,28,14,-14
6098,2019-04-24,8,7,-1
6099,2019-04-24,35,32,-3
6100,2019-04-24,71,65,-6
6101,2019-04-24,22,9,-13
6102,2019-04-24,7,8,1
6103,2019-04-24,8,11,3
6104,2019-04-24,37,50,13
6105,2019-04-24,17,24,7
6106,2019-04-24,9,13,4
6107,2019-04-24,48,31,-17
6108,2019-04-24,18,26,8
6109,2019-04-24,4,3,-1
6110,2019-04-24,16,14,-2
6111,2019-04-24,11,17,6
6112,2019-04-24,29,34,5
6113,2019-04-24,14,23,9
6114,2019-04-24,61,71,10
6115,2019-04-24,12,16,4
6116,2019-04-24,16,27,11
6118,2019-04-24,29,43,14
6119,2019-04-24,25,44,19
6120,2019-04-24,29,49,20
6121,2019-04-24,5,7,2
6122,2019-04-24,6,10,4
6123,2019-04-24,10,13,3
6124,2019-04-24,15,20,5
6125,2019-04-24,10,7,-3
6126,2019-04-24,17,18,1
6127,2019-04-24,11,15,4
6128,2019-04-24,6,7,1
6129,2019-04-24,33,25,-8
6130,2019-04-24,9,6,-3
6131,2019-04-24,17,24,7
6132,2019-04-24,22,31,9
6133,2019-04-24,28,26,-2
6134,2019-04-24,11,13,2
6136,2019-04-24,140,97,-43
6137,2019-04-24,40,39,-1
6138,2019-04-24,25,32,7
6139,2019-04-24,13,15,2
6140,2019-04-24,37,39,2
6142,2019-04-24,22,14,-8
6143,2019-04-24,36,31,-5
6145,2019-04-24,18,19,1
6146,2019-04-24,16,14,-2
6147,2019-04-24,30,20,-10
6148,2019-04-24,34,34,0
6149,2019-04-24,21,19,-2
6150,2019-04-24,22,30,8
6151,2019-04-24,34,36,2
6152,2019-04-24,38,46,8
6153,2019-04-24,25,25,0
6154,2019-04-24,68,76,8
6155,2019-04-24,54,56,2
6156,2019-04-24,37,43,6
6157,2019-04-24,40,41,1
6158,2019-04-24,22,25,3
6160,2019-04-24,22,23,1
6161,2019-04-24,19,16,-3
6163,2019-04-24,41,52,11
6164,2019-04-24,36,53,17
6165,2019-04-24,14,32,18
6166,2019-04-24,28,27,-1
6167,2019-04-24,16,29,13
6168,2019-04-24,18,20,2
6169,2019-04-24,31,42,11
6170,2019-04-24,12,21,9
6171,2019-04-24,19,22,3
6173,2019-04-24,29,26,-3
6174,2019-04-24,38,35,-3
6175,2019-04-24,35,18,-17
6176,2019-04-24,30,42,12
6177,2019-04-24,28,29,1
6178,2019-04-24,37,33,-4
6179,2019-04-24,31,35,4
6180,2019-04-24,16,19,3
6181,2019-04-24,47,37,-10
6182,2019-04-24,14,16,2
6183,2019-04-24,28,22,-6
6184,2019-04-24,95,78,-17
6185,2019-04-24,5,9,4
6186,2019-04-24,39,29,-10
6187,2019-04-24,49,51,2
6188,2019-04-24,13,26,13
6189,2019-04-24,8,5,-3
6190,2019-04-24,79,38,-41
6191,2019-04-24,17,17,0
6192,2019-04-24,26,19,-7
6193,2019-04-24,39,41,2
6194,2019-04-24,56,48,-8
6195,2019-04-24,37,20,-17
6196,2019-04-24,29,21,-8
6197,2019-04-24,28,20,-8
6198,2019-04-24,10,5,-5
6199,2019-04-24,66,33,-33
6200,2019-04-24,37,28,-9
6201,2019-04-24,37,23,-14
6202,2019-04-24,43,31,-12
6203,2019-04-24,31,27,-4
6204,2019-04-24,21,22,1
6205,2019-04-24,32,28,-4
6206,2019-04-24,59,44,-15
6207,2019-04-24,11,11,0
6208,2019-04-24,41,32,-9
6209,2019-04-24,37,49,12
6210,2019-04-24,12,10,-2
6211,2019-04-24,65,57,-8
6212,2019-04-24,25,16,-9
6213,2019-04-24,49,49,0
6214,2019-04-24,41,28,-13
6215,2019-04-24,29,19,-10
6216,2019-04-24,31,9,-22
6217,2019-04-24,39,26,-13
6218,2019-04-24,34,15,-19
6219,2019-04-24,24,32,8
6220,2019-04-24,38,35,-3
6221,2019-04-24,84,67,-17
6222,2019-04-24,23,13,-10
6223,2019-04-24,24,12,-12
6224,2019-04-24,32,34,2
6225,2019-04-24,39,19,-20
6226,2019-04-24,12,9,-3
6227,2019-04-24,54,47,-7
6228,2019-04-24,7,7,0
6229,2019-04-24,33,22,-11
6230,2019-04-24,43,32,-11
6231,2019-04-24,27,28,1
6233,2019-04-24,33,35,2
6234,2019-04-24,39,28,-11
6235,2019-04-24,44,25,-19
6236,2019-04-24,26,29,3
6237,2019-04-24,25,25,0
6240,2019-04-24,7,8,1
6241,2019-04-24,16,18,2
6243,2019-04-24,19,17,-2
6245,2019-04-24,10,20,10
6246,2019-04-24,21,22,1
6247,2019-04-24,29,24,-5
6248,2019-04-24,64,52,-12
6249,2019-04-24,18,16,-2
6250,2019-04-24,23,11,-12
6251,2019-04-24,10,6,-4
6252,2019-04-24,15,13,-2
6254,2019-04-24,28,26,-2
6255,2019-04-24,31,34,3
6257,2019-04-24,11,15,4
6258,2019-04-24,23,27,4
6259,2019-04-24,10,9,-1
6260,2019-04-24,17,16,-1
6261,2019-04-24,14,17,3
6262,2019-04-24,9,14,5
6263,2019-04-24,11,11,0
6264,2019-04-24,10,14,4
6265,2019-04-24,21,29,8
6266,2019-04-24,7,7,0
6267,2019-04-24,15,24,9
6268,2019-04-24,20,23,3
6269,2019-04-24,5,12,7
6270,2019-04-24,15,15,0
6272,2019-04-24,10,10,0
6273,2019-04-24,11,12,1
6274,2019-04-24,14,18,4
6275,2019-04-24,8,8,0
6276,2019-04-24,11,10,-1
6277,2019-04-24,16,20,4
6278,2019-04-24,5,7,2
6279,2019-04-24,5,5,0
6280,2019-04-24,45,33,-12
6301,2019-04-24,9,5,-4
6302,2019-04-24,6,5,-1
6303,2019-04-24,6,5,-1
6304,2019-04-24,6,1,-5
6305,2019-04-24,7,9,2
6306,2019-04-24,24,11,-13
6307,2019-04-24,39,38,-1
6309,2019-04-24,10,12,2
6310,2019-04-24,34,13,-21
6311,2019-04-24,14,11,-3
6312,2019-04-24,8,11,3
6313,2019-04-24,8,8,0
6314,2019-04-24,20,17,-3
6315,2019-04-24,38,14,-24
6316,2019-04-24,19,3,-16
6321,2019-04-24,22,21,-1
6322,2019-04-24,4,4,0
6323,2019-04-24,7,4,-3
6324,2019-04-24,10,11,1
6327,2019-04-24,7,11,4
6328,2019-04-24,16,16,0
6329,2019-04-24,8,11,3
6330,2019-04-24,8,7,-1
6331,2019-04-24,5,5,0
6332,2019-04-24,4,11,7
6333,2019-04-24,6,7,1
6334,2019-04-24,33,36,3
6335,2019-04-24,9,16,7
6336,2019-04-24,10,11,1
6338,2019-04-24,9,21,12
6339,2019-04-24,13,14,1
6340,2019-04-24,9,11,2
6341,2019-04-24,12,16,4
6343,2019-04-24,11,14,3
6344,2019-04-24,12,10,-2
6345,2019-04-24,5,8,3
6346,2019-04-24,13,8,-5
6347,2019-04-24,11,11,0
6349,2019-04-24,10,9,-1
6350,2019-04-24,19,16,-3
6354,2019-04-24,8,12,4
6355,2019-04-24,12,13,1
6356,2019-04-24,15,11,-4
6357,2019-04-24,3,0,-3
6358,2019-04-24,4,9,5
6359,2019-04-24,31,33,2
6360,2019-04-24,8,8,0
6361,2019-04-24,14,16,2
6362,2019-04-24,14,13,-1
6363,2019-04-24,6,5,-1
6364,2019-04-24,10,12,2
6366,2019-04-24,15,8,-7
6367,2019-04-24,11,6,-5
6368,2019-04-24,12,16,4
6369,2019-04-24,15,17,2
6370,2019-04-24,12,18,6
6371,2019-04-24,21,33,12
6372,2019-04-24,21,29,8
6373,2019-04-24,13,11,-2
6374,2019-04-24,14,17,3
6375,2019-04-24,21,16,-5
6376,2019-04-24,7,7,0
6377,2019-04-24,12,16,4
6379,2019-04-24,4,9,5
6380,2019-04-24,6,5,-1
6381,2019-04-24,12,9,-3
6383,2019-04-24,5,7,2
6384,2019-04-24,8,4,-4
6385,2019-04-24,25,29,4
6386,2019-04-24,28,32,4
6387,2019-04-24,27,35,8
6388,2019-04-24,8,7,-1
6389,2019-04-24,27,23,-4
6391,2019-04-24,23,33,10
6393,2019-04-24,22,31,9
6394,2019-04-24,14,27,13
6395,2019-04-24,14,13,-1
6396,2019-04-24,15,15,0
6397,2019-04-24,13,23,10
6398,2019-04-24,6,7,1
6401,2019-04-24,22,33,11
6402,2019-04-24,8,8,0
6403,2019-04-24,5,10,5
6404,2019-04-24,4,10,6
6405,2019-04-24,11,13,2
6406,2019-04-24,7,10,3
6407,2019-04-24,6,10,4
6408,2019-04-24,26,24,-2
6409,2019-04-24,5,6,1
6410,2019-04-24,14,15,1
6411,2019-04-24,44,43,-1
6412,2019-04-24,11,11,0
6413,2019-04-24,39,17,-22
6414,2019-04-24,4,12,8
6415,2019-04-24,7,7,0
6416,2019-04-24,8,9,1
6417,2019-04-24,13,9,-4
6419,2019-04-24,2,7,5
6420,2019-04-24,6,11,5
6421,2019-04-24,9,11,2
6422,2019-04-24,4,3,-1
6423,2019-04-24,6,5,-1
6424,2019-04-24,12,15,3
6425,2019-04-24,9,4,-5
6426,2019-04-24,14,11,-3
6427,2019-04-24,16,17,1
6428,2019-04-24,5,5,0
6429,2019-04-24,8,12,4
6432,2019-04-24,22,16,-6
6433,2019-04-24,12,10,-2
6434,2019-04-24,22,20,-2
6435,2019-04-24,13,10,-3
6436,2019-04-24,5,8,3
6501,2019-04-24,6,6,0
6502,2019-04-24,4,5,1
6503,2019-04-24,19,18,-1
6504,2019-04-24,8,7,-1
6700,2019-04-24,4,10,6
6701,2019-04-24,16,16,0
6702,2019-04-24,8,5,-3
6703,2019-04-24,9,6,-3
6704,2019-04-24,13,9,-4
6705,2019-04-24,10,10,0
6706,2019-04-24,4,10,6
6707,2019-04-24,11,11,0
6708,2019-04-24,17,27,10
6709,2019-04-24,12,9,-3
6710,2019-04-24,3,4,1
6711,2019-04-24,7,7,0
6712,2019-04-24,5,5,0
6713,2019-04-24,7,7,0
6714,2019-04-24,1,1,0
6715,2019-04-24,4,11,7
6716,2019-04-24,2,3,1
6717,2019-04-24,5,8,3
6718,2019-04-24,4,8,4
6719,2019-04-24,5,10,5
6720,2019-04-24,8,13,5
6721,2019-04-24,3,3,0
6722,2019-04-24,7,7,0
6723,2019-04-24,1,4,3
6724,2019-04-24,13,16,3
6725,2019-04-24,11,12,1
6726,2019-04-24,1,3,2
6727,2019-04-24,16,22,6
6729,2019-04-24,44,59,15
6730,2019-04-24,5,4,-1
6732,2019-04-24,6,22,16
6733,2019-04-24,9,15,6
6734,2019-04-24,23,19,-4
6735,2019-04-24,3,4,1
6736,2019-04-24,2,4,2
6737,2019-04-24,7,5,-2
6738,2019-04-24,23,22,-1
6739,2019-04-24,2,3,1
6741,2019-04-24,7,7,0
6742,2019-04-24,12,21,9
6743,2019-04-24,18,9,-9
6744,2019-04-24,8,9,1
6745,2019-04-24,6,6,0
6746,2019-04-24,3,1,-2
6747,2019-04-24,15,15,0
6748,2019-04-24,27,38,11
6749,2019-04-24,20,18,-2
6750,2019-04-24,13,14,1
6753,2019-04-24,5,5,0
6754,2019-04-24,2,9,7
6901,2019-04-24,12,22,10
6902,2019-04-24,30,37,7
6903,2019-04-24,36,30,-6
6904,2019-04-24,9,15,6
6905,2019-04-24,24,15,-9
6906,2019-04-24,63,26,-37
6907,2019-04-24,21,21,0
6908,2019-04-24,9,16,7
6910,2019-04-24,34,32,-2
6912,2019-04-24,74,37,-37
6913,2019-04-24,21,11,-10
6915,2019-04-24,30,28,-2
6916,2019-04-24,14,16,2
6917,2019-04-24,8,12,4
6918,2019-04-24,13,10,-3
6919,2019-04-24,19,10,-9
6921,2019-04-24,17,19,2
6923,2019-04-24,12,11,-1
6924,2019-04-24,5,3,-2
6925,2019-04-24,14,11,-3
6926,2019-04-24,19,18,-1
6927,2019-04-24,23,13,-10
6928,2019-04-24,30,8,-22
6929,2019-04-24,19,9,-10
6930,2019-04-24,12,8,-4
7001,2019-04-24,7,8,1
7002,2019-04-24,4,4,0
7003,2019-04-24,26,17,-9
7004,2019-04-24,9,7,-2
7005,2019-04-24,2,4,2
7006,2019-04-24,9,8,-1
7007,2019-04-24,8,14,6
7008,2019-04-24,5,14,9
7009,2019-04-24,25,33,8
7010,2019-04-24,3,6,3
7011,2019-04-24,16,18,2
7012,2019-04-24,7,10,3
7013,2019-04-24,4,6,2
7014,2019-04-24,30,18,-12
7015,2019-04-24,2,4,2
7016,2019-04-24,5,3,-2
7017,2019-04-24,6,12,6
7018,2019-04-24,7,14,7
7019,2019-04-24,16,16,0
7020,2019-04-24,8,12,4
7021,2019-04-24,5,12,7
7022,2019-04-24,18,19,1
7023,2019-04-24,2,3,1
7024,2019-04-24,8,14,6
7025,2019-04-24,14,6,-8
7026,2019-04-24,27,33,6
7027,2019-04-24,11,12,1
7028,2019-04-24,45,61,16
7029,2019-04-24,15,22,7
7030,2019-04-24,12,24,12
7031,2019-04-24,14,21,7
7032,2019-04-24,60,31,-29
7033,2019-04-24,16,17,1
7034,2019-04-24,4,1,-3
7035,2019-04-24,17,20,3
7036,2019-04-24,19,18,-1
7037,2019-04-24,23,20,-3
7038,2019-04-24,31,32,1
7039,2019-04-24,12,16,4
7040,2019-04-24,27,31,4
7041,2019-04-24,46,33,-13
7042,2019-04-24,11,11,0
7043,2019-04-24,4,10,6
7045,2019-04-24,8,4,-4
7046,2019-04-24,43,37,-6
7047,2019-04-24,22,56,34
7048,2019-04-24,10,6,-4
7050,2019-04-24,3,10,7
7051,2019-04-24,5,5,0
7052,2019-04-24,18,18,0
7053,2019-04-24,7,8,1
7054,2019-04-24,7,13,6
7055,2019-04-24,3,4,1
7056,2019-04-24,5,9,4
7057,2019-04-24,6,13,7
7058,2019-04-24,9,11,2
7059,2019-04-24,12,7,-5
7060,2019-04-24,8,11,3
7061,2019-04-24,9,13,4
7062,2019-04-24,19,21,2
7063,2019-04-24,13,10,-3
7064,2019-04-24,5,4,-1
7065,2019-04-24,13,13,0
7066,2019-04-24,13,12,-1
7067,2019-04-24,24,28,4
7068,2019-04-24,17,20,3
7069,2019-04-24,27,23,-4
7070,2019-04-24,8,9,1
7071,2019-04-24,20,10,-10
7072,2019-04-24,18,13,-5
7073,2019-04-24,22,22,0
7074,2019-04-24,12,9,-3
7076,2019-04-24,23,17,-6
7077,2019-04-24,6,8,2
7078,2019-04-24,10,16,6
7079,2019-04-24,23,26,3
7082,2019-04-24,24,24,0
7083,2019-04-24,12,19,7
7084,2019-04-24,36,37,1
7090,2019-04-24,3,6,3
7091,2019-04-24,4,1,-3
7092,2019-04-24,1,2,1
7093,2019-04-24,1,0,-1
7095,2019-04-24,4,2,-2
7096,2019-04-24,4,2,-2
7098,2019-04-24,1,1,0
7099,2019-04-24,1,3,2
7101,2019-04-24,2,2,0
7102,2019-04-24,4,9,5
7103,2019-04-24,1,1,0
7105,2019-04-24,4,3,-1
7107,2019-04-24,1,1,0
7108,2019-04-24,2,1,-1
7109,2019-04-24,6,6,0
7112,2019-04-24,5,8,3
7113,2019-04-24,20,25,5
7114,2019-04-24,15,27,12
7118,2019-04-24,2,2,0
7119,2019-04-24,2,2,0
7124,2019-04-24,3,2,-1
7125,2019-04-24,3,1,-2
7126,2019-04-24,1,0,-1
7127,2019-04-24,12,14,2
7128,2019-04-24,6,3,-3
7129,2019-04-24,2,3,1
7130,2019-04-24,5,3,-2
7132,2019-04-24,2,5,3
7133,2019-04-24,1,1,0
7136,2019-04-24,1,5,4
7139,2019-04-24,23,30,7
7140,2019-04-24,4,6,2
7141,2019-04-24,9,5,-4
7142,2019-04-24,1,3,2
7144,2019-04-24,10,9,-1
7146,2019-04-24,2,6,4
7147,2019-04-24,11,4,-7
7148,2019-04-24,1,3,2
7149,2019-04-24,1,3,2
10002,2019-04-25,78,87,9
4000,2019-04-25,35,39,4
4002,2019-04-25,64,69,5
5002,2019-04-25,2,3,1
5003,2019-04-25,1,0,-1
5006,2019-04-25,4,6,2
5007,2019-04-25,11,16,5
6001,2019-04-25,46,67,21
6002,2019-04-25,24,41,17
6003,2019-04-25,44,59,15
6004,2019-04-25,28,36,8
6005,2019-04-25,56,43,-13
6006,2019-04-25,16,10,-6
6007,2019-04-25,26,30,4
6008,2019-04-25,46,86,40
6009,2019-04-25,49,54,5
6011,2019-04-25,44,50,6
6012,2019-04-25,97,172,75
6013,2019-04-25,52,85,33
6014,2019-04-25,30,36,6
6015,2019-04-25,125,201,76
6016,2019-04-25,12,12,0
6017,2019-04-25,32,49,17
6018,2019-04-25,38,38,0
6019,2019-04-25,77,69,-8
6020,2019-04-25,67,78,11
6021,2019-04-25,58,53,-5
6022,2019-04-25,36,34,-2
6023,2019-04-25,65,80,15
6025,2019-04-25,20,20,0
6026,2019-04-25,54,86,32
6027,2019-04-25,59,86,27
6029,2019-04-25,11,10,-1
6031,2019-04-25,24,20,-4
6032,2019-04-25,42,98,56
6033,2019-04-25,20,16,-4
6034,2019-04-25,43,65,22
6035,2019-04-25,18,22,4
6036,2019-04-25,77,94,17
6037,2019-04-25,41,41,0
6038,2019-04-25,55,68,13
6039,2019-04-25,58,55,-3
6040,2019-04-25,44,54,10
6041,2019-04-25,39,44,5
6042,2019-04-25,69,59,-10
6043,2019-04-25,84,184,100
6044,2019-04-25,55,47,-8
6046,2019-04-25,67,57,-10
6047,2019-04-25,56,39,-17
6048,2019-04-25,34,36,2
6049,2019-04-25,79,83,4
6051,2019-04-25,29,33,4
6052,2019-04-25,68,103,35
6053,2019-04-25,104,126,22
6057,2019-04-25,57,50,-7
6058,2019-04-25,48,49,1
6059,2019-04-25,40,26,-14
6060,2019-04-25,18,9,-9
6061,2019-04-25,62,60,-2
6062,2019-04-25,28,29,1
6063,2019-04-25,51,40,-11
6064,2019-04-25,143,118,-25
6065,2019-04-25,33,35,2
6066,2019-04-25,14,8,-6
6067,2019-04-25,51,54,3
6068,2019-04-25,6,6,0
6070,2019-04-25,80,99,19
6072,2019-04-25,52,45,-7
6073,2019-04-25,118,130,12
6075,2019-04-25,31,17,-14
6076,2019-04-25,11,17,6
6079,2019-04-25,45,41,-4
6080,2019-04-25,100,98,-2
6081,2019-04-25,17,22,5
6082,2019-04-25,11,5,-6
6083,2019-04-25,76,66,-10
6084,2019-04-25,22,27,5
6085,2019-04-25,47,91,44
6087,2019-04-25,55,76,21
6088,2019-04-25,36,50,14
6089,2019-04-25,37,40,3
6090,2019-04-25,31,32,1
6091,2019-04-25,27,23,-4
6092,2019-04-25,55,53,-2
6093,2019-04-25,25,17,-8
6094,2019-04-25,46,31,-15
6095,2019-04-25,58,49,-9
6096,2019-04-25,33,48,15
6097,2019-04-25,32,25,-7
6098,2019-04-25,17,21,4
6099,2019-04-25,71,84,13
6100,2019-04-25,153,156,3
6101,2019-04-25,24,11,-13
6102,2019-04-25,22,12,-10
6103,2019-04-25,8,10,2
6104,2019-04-25,62,81,19
6105,2019-04-25,39,54,15
6106,2019-04-25,12,16,4
6107,2019-04-25,62,57,-5
6108,2019-04-25,42,56,14
6109,2019-04-25,12,16,4
6110,2019-04-25,21,22,1
6111,2019-04-25,23,43,20
6112,2019-04-25,57,60,3
6113,2019-04-25,39,42,3
6114,2019-04-25,86,113,27
6115,2019-04-25,12,16,4
6116,2019-04-25,39,53,14
6118,2019-04-25,51,66,15
6119,2019-04-25,49,70,21
6120,2019-04-25,48,62,14
6121,2019-04-25,18,16,-2
6122,2019-04-25,21,13,-8
6123,2019-04-25,16,22,6
6124,2019-04-25,25,49,24
6125,2019-04-25,16,10,-6
6126,2019-04-25,19,21,2
6127,2019-04-25,24,24,0
6128,2019-04-25,12,9,-3
6129,2019-04-25,43,37,-6
6130,2019-04-25,16,14,-2
6131,2019-04-25,47,39,-8
6132,2019-04-25,46,51,5
6133,2019-04-25,39,42,3
6134,2019-04-25,32,28,-4
6136,2019-04-25,190,153,-37
6137,2019-04-25,68,66,-2
6138,2019-04-25,52,47,-5
6139,2019-04-25,28,25,-3
6140,2019-04-25,62,61,-1
6142,2019-04-25,66,47,-19
6143,2019-04-25,60,61,1
6145,2019-04-25,32,28,-4
6146,2019-04-25,35,30,-5
6147,2019-04-25,65,38,-27
6148,2019-04-25,63,37,-26
6149,2019-04-25,48,44,-4
6150,2019-04-25,43,42,-1
6151,2019-04-25,59,51,-8
6152,2019-04-25,69,83,14
6153,2019-04-25,35,30,-5
6154,2019-04-25,117,103,-14
6155,2019-04-25,105,101,-4
6156,2019-04-25,55,46,-9
6157,2019-04-25,70,55,-15
6158,2019-04-25,54,49,-5
6160,2019-04-25,53,33,-20
6161,2019-04-25,35,37,2
6163,2019-04-25,75,79,4
6164,2019-04-25,69,69,0
6165,2019-04-25,41,56,15
6166,2019-04-25,52,44,-8
6167,2019-04-25,25,33,8
6168,2019-04-25,35,30,-5
6169,2019-04-25,89,88,-1
6170,2019-04-25,43,26,-17
6171,2019-04-25,36,48,12
6173,2019-04-25,55,39,-16
6174,2019-04-25,66,55,-11
6175,2019-04-25,66,40,-26
6176,2019-04-25,55,66,11
6177,2019-04-25,58,43,-15
6178,2019-04-25,78,68,-10
6179,2019-04-25,62,55,-7
6180,2019-04-25,34,36,2
6181,2019-04-25,85,51,-34
6182,2019-04-25,56,40,-16
6183,2019-04-25,59,55,-4
6184,2019-04-25,175,163,-12
6185,2019-04-25,7,8,1
6186,2019-04-25,67,55,-12
6187,2019-04-25,74,95,21
6188,2019-04-25,40,37,-3
6189,2019-04-25,13,14,1
6190,2019-04-25,73,68,-5
6191,2019-04-25,60,47,-13
6192,2019-04-25,34,19,-15
6193,2019-04-25,81,65,-16
6194,2019-04-25,116,104,-12
6195,2019-04-25,76,39,-37
6196,2019-04-25,89,65,-24
6197,2019-04-25,28,25,-3
6198,2019-04-25,17,11,-6
6199,2019-04-25,83,51,-32
6200,2019-04-25,79,80,1
6201,2019-04-25,50,42,-8
6202,2019-04-25,79,61,-18
6203,2019-04-25,50,46,-4
6204,2019-04-25,80,76,-4
6205,2019-04-25,67,60,-7
6206,2019-04-25,102,89,-13
6207,2019-04-25,34,32,-2
6208,2019-04-25,56,57,1
6209,2019-04-25,90,66,-24
6210,2019-04-25,22,21,-1
6211,2019-04-25,113,110,-3
6212,2019-04-25,45,28,-17
6213,2019-04-25,81,73,-8
6214,2019-04-25,54,44,-10
6215,2019-04-25,34,23,-11
6216,2019-04-25,72,52,-20
6217,2019-04-25,76,58,-18
6218,2019-04-25,45,34,-11
6219,2019-04-25,44,39,-5
6220,2019-04-25,69,55,-14
6221,2019-04-25,109,86,-23
6222,2019-04-25,59,35,-24
6223,2019-04-25,68,38,-30
6224,2019-04-25,49,48,-1
6225,2019-04-25,38,36,-2
6226,2019-04-25,20,20,0
6227,2019-04-25,105,87,-18
6228,2019-04-25,26,17,-9
6229,2019-04-25,41,33,-8
6230,2019-04-25,44,38,-6
6231,2019-04-25,78,66,-12
6233,2019-04-25,88,59,-29
6234,2019-04-25,53,52,-1
6235,2019-04-25,37,46,9
6236,2019-04-25,42,43,1
6237,2019-04-25,47,50,3
6240,2019-04-25,14,11,-3
6241,2019-04-25,39,44,5
6243,2019-04-25,59,61,2
6245,2019-04-25,42,33,-9
6246,2019-04-25,35,39,4
6247,2019-04-25,66,48,-18
6248,2019-04-25,105,89,-16
6249,2019-04-25,34,34,0
6250,2019-04-25,42,39,-3
6251,2019-04-25,11,13,2
6252,2019-04-25,41,24,-17
6254,2019-04-25,42,42,0
6255,2019-04-25,52,50,-2
6257,2019-04-25,34,29,-5
6258,2019-04-25,57,35,-22
6259,2019-04-25,22,31,9
6260,2019-04-25,40,36,-4
6261,2019-04-25,33,33,0
6262,2019-04-25,39,32,-7
6263,2019-04-25,11,12,1
6264,2019-04-25,41,35,-6
6265,2019-04-25,34,37,3
6266,2019-04-25,25,20,-5
6267,2019-04-25,25,27,2
6268,2019-04-25,40,25,-15
6269,2019-04-25,20,25,5
6270,2019-04-25,18,20,2
6272,2019-04-25,26,24,-2
6273,2019-04-25,18,13,-5
6274,2019-04-25,35,26,-9
6275,2019-04-25,25,23,-2
6276,2019-04-25,17,23,6
6277,2019-04-25,40,41,1
6278,2019-04-25,14,17,3
6279,2019-04-25,15,12,-3
6280,2019-04-25,61,54,-7
6281,2019-04-25,1,1,0
6301,2019-04-25,12,7,-5
6302,2019-04-25,20,10,-10
6303,2019-04-25,8,4,-4
6304,2019-04-25,5,9,4
6305,2019-04-25,25,16,-9
6306,2019-04-25,35,17,-18
6307,2019-04-25,56,50,-6
6309,2019-04-25,15,17,2
6310,2019-04-25,54,29,-25
6311,2019-04-25,32,26,-6
6312,2019-04-25,15,24,9
6313,2019-04-25,23,25,2
6314,2019-04-25,42,37,-5
6315,2019-04-25,51,23,-28
6316,2019-04-25,37,6,-31
6321,2019-04-25,49,35,-14
6322,2019-04-25,11,10,-1
6323,2019-04-25,12,13,1
6324,2019-04-25,14,17,3
6327,2019-04-25,19,11,-8
6328,2019-04-25,22,23,1
6329,2019-04-25,14,15,1
6330,2019-04-25,18,16,-2
6331,2019-04-25,24,13,-11
6332,2019-04-25,15,19,4
6333,2019-04-25,14,16,2
6334,2019-04-25,32,40,8
6335,2019-04-25,35,33,-2
6336,2019-04-25,13,15,2
6338,2019-04-25,26,18,-8
6339,2019-04-25,17,20,3
6340,2019-04-25,16,10,-6
6341,2019-04-25,14,25,11
6343,2019-04-25,27,27,0
6344,2019-04-25,39,38,-1
6345,2019-04-25,12,16,4
6346,2019-04-25,19,10,-9
6347,2019-04-25,20,19,-1
6349,2019-04-25,21,16,-5
6350,2019-04-25,27,22,-5
6354,2019-04-25,17,16,-1
6355,2019-04-25,23,25,2
6356,2019-04-25,27,17,-10
6357,2019-04-25,11,8,-3
6358,2019-04-25,18,14,-4
6359,2019-04-25,47,47,0
6360,2019-04-25,27,23,-4
6361,2019-04-25,25,24,-1
6362,2019-04-25,20,21,1
6363,2019-04-25,11,15,4
6364,2019-04-25,27,21,-6
6366,2019-04-25,18,10,-8
6367,2019-04-25,16,20,4
6368,2019-04-25,38,42,4
6369,2019-04-25,19,29,10
6370,2019-04-25,27,17,-10
6371,2019-04-25,44,40,-4
6372,2019-04-25,47,52,5
6373,2019-04-25,17,24,7
6374,2019-04-25,25,27,2
6375,2019-04-25,49,57,8
6376,2019-04-25,17,19,2
6377,2019-04-25,20,22,2
6379,2019-04-25,10,19,9
6380,2019-04-25,18,15,-3
6381,2019-04-25,43,47,4
6383,2019-04-25,13,11,-2
6384,2019-04-25,20,11,-9
6385,2019-04-25,30,32,2
6386,2019-04-25,34,47,13
6387,2019-04-25,44,55,11
6388,2019-04-25,17,18,1
6389,2019-04-25,48,43,-5
6391,2019-04-25,36,57,21
6393,2019-04-25,51,58,7
6394,2019-04-25,38,47,9
6395,2019-04-25,26,44,18
6396,2019-04-25,46,45,-1
6397,2019-04-25,30,38,8
6398,2019-04-25,24,24,0
6401,2019-04-25,41,53,12
6402,2019-04-25,22,22,0
6403,2019-04-25,14,13,-1
6404,2019-04-25,7,16,9
6405,2019-04-25,29,35,6
6406,2019-04-25,38,48,10
6407,2019-04-25,9,19,10
6408,2019-04-25,32,33,1
6409,2019-04-25,11,16,5
6410,2019-04-25,27,31,4
6411,2019-04-25,80,71,-9
6412,2019-04-25,15,18,3
6413,2019-04-25,48,55,7
6414,2019-04-25,14,19,5
6415,2019-04-25,14,20,6
6416,2019-04-25,12,8,-4
6417,2019-04-25,14,16,2
6419,2019-04-25,11,13,2
6420,2019-04-25,18,15,-3
6421,2019-04-25,14,11,-3
6422,2019-04-25,10,11,1
6423,2019-04-25,19,8,-11
6424,2019-04-25,19,22,3
6425,2019-04-25,18,14,-4
6426,2019-04-25,40,36,-4
6427,2019-04-25,26,27,1
6428,2019-04-25,6,9,3
6429,2019-04-25,17,25,8
6432,2019-04-25,45,41,-4
6433,2019-04-25,17,22,5
6434,2019-04-25,44,44,0
6435,2019-04-25,17,23,6
6436,2019-04-25,11,11,0
6501,2019-04-25,2,3,1
6502,2019-04-25,10,10,0
6503,2019-04-25,40,31,-9
6504,2019-04-25,4,8,4
6700,2019-04-25,10,26,16
6701,2019-04-25,45,32,-13
6702,2019-04-25,9,9,0
6703,2019-04-25,17,16,-1
6704,2019-04-25,20,12,-8
6705,2019-04-25,12,13,1
6706,2019-04-25,10,18,8
6707,2019-04-25,18,20,2
6708,2019-04-25,28,59,31
6709,2019-04-25,18,20,2
6710,2019-04-25,13,17,4
6711,2019-04-25,13,14,1
6712,2019-04-25,6,9,3
6713,2019-04-25,12,11,-1
6714,2019-04-25,3,3,0
6715,2019-04-25,9,16,7
6716,2019-04-25,4,8,4
6717,2019-04-25,10,11,1
6718,2019-04-25,14,13,-1
6719,2019-04-25,17,15,-2
6720,2019-04-25,18,21,3
6721,2019-04-25,9,16,7
6722,2019-04-25,13,11,-2
6723,2019-04-25,16,15,-1
6724,2019-04-25,27,42,15
6725,2019-04-25,23,26,3
6726,2019-04-25,10,9,-1
6727,2019-04-25,34,51,17
6728,2019-04-25,4,6,2
6729,2019-04-25,81,104,23
6730,2019-04-25,7,5,-2
6731,2019-04-25,5,6,1
6732,2019-04-25,11,27,16
6733,2019-04-25,16,21,5
6734,2019-04-25,37,34,-3
6735,2019-04-25,7,9,2
6736,2019-04-25,5,11,6
6737,2019-04-25,13,15,2
6738,2019-04-25,54,54,0
6739,2019-04-25,4,7,3
6741,2019-04-25,8,12,4
6742,2019-04-25,30,46,16
6743,2019-04-25,21,10,-11
6744,2019-04-25,13,16,3
6745,2019-04-25,16,9,-7
6746,2019-04-25,10,9,-1
6747,2019-04-25,23,26,3
6748,2019-04-25,40,59,19
6749,2019-04-25,35,38,3
6750,2019-04-25,37,18,-19
6753,2019-04-25,8,7,-1
6754,2019-04-25,8,19,11
6901,2019-04-25,28,33,5
6902,2019-04-25,45,64,19
6903,2019-04-25,66,57,-9
6904,2019-04-25,32,31,-1
6905,2019-04-25,28,28,0
6906,2019-04-25,83,54,-29
6907,2019-04-25,70,46,-24
6908,2019-04-25,41,35,-6
6910,2019-04-25,83,77,-6
6912,2019-04-25,62,60,-2
6913,2019-04-25,36,26,-10
6915,2019-04-25,48,44,-4
6916,2019-04-25,24,23,-1
6917,2019-04-25,14,19,5
6918,2019-04-25,15,8,-7
6919,2019-04-25,15,18,3
6921,2019-04-25,45,42,-3
6923,2019-04-25,33,34,1
6924,2019-04-25,14,10,-4
6925,2019-04-25,24,33,9
6926,2019-04-25,34,32,-2
6927,2019-04-25,47,21,-26
6928,2019-04-25,31,11,-20
6929,2019-04-25,27,18,-9
6930,2019-04-25,17,18,1
7001,2019-04-25,20,21,1
7002,2019-04-25,10,12,2
7003,2019-04-25,52,43,-9
7004,2019-04-25,13,11,-2
7005,2019-04-25,1,1,0
7006,2019-04-25,8,9,1
7007,2019-04-25,9,10,1
7008,2019-04-25,14,15,1
7009,2019-04-25,36,61,25
7010,2019-04-25,13,10,-3
7011,2019-04-25,43,52,9
7012,2019-04-25,19,22,3
7013,2019-04-25,12,19,7
7014,2019-04-25,43,30,-13
7015,2019-04-25,8,7,-1
7016,2019-04-25,8,10,2
7017,2019-04-25,21,25,4
7018,2019-04-25,14,28,14
7019,2019-04-25,66,74,8
7020,2019-04-25,19,14,-5
7021,2019-04-25,25,24,-1
7022,2019-04-25,31,29,-2
7023,2019-04-25,8,5,-3
7024,2019-04-25,40,30,-10
7025,2019-04-25,30,17,-13
7026,2019-04-25,46,50,4
7027,2019-04-25,25,26,1
7028,2019-04-25,65,65,0
7029,2019-04-25,37,33,-4
7030,2019-04-25,45,50,5
7031,2019-04-25,43,46,3
7032,2019-04-25,87,57,-30
7033,2019-04-25,66,56,-10
7034,2019-04-25,6,10,4
7035,2019-04-25,33,30,-3
7036,2019-04-25,35,35,0
7037,2019-04-25,28,24,-4
7038,2019-04-25,49,52,3
7039,2019-04-25,16,11,-5
7040,2019-04-25,35,40,5
7041,2019-04-25,70,75,5
7042,2019-04-25,25,29,4
7043,2019-04-25,16,12,-4
7045,2019-04-25,20,23,3
7046,2019-04-25,92,104,12
7047,2019-04-25,74,102,28
7048,2019-04-25,10,13,3
7050,2019-04-25,16,16,0
7051,2019-04-25,3,9,6
7052,2019-04-25,34,34,0
7053,2019-04-25,29,23,-6
7054,2019-04-25,23,22,-1
7055,2019-04-25,13,16,3
7056,2019-04-25,14,15,1
7057,2019-04-25,14,23,9
7058,2019-04-25,21,28,7
7059,2019-04-25,13,10,-3
7060,2019-04-25,19,13,-6
7061,2019-04-25,31,27,-4
7062,2019-04-25,33,33,0
7063,2019-04-25,9,11,2
7064,2019-04-25,7,12,5
7065,2019-04-25,21,18,-3
7066,2019-04-25,40,57,17
7067,2019-04-25,63,66,3
7068,2019-04-25,39,41,2
7069,2019-04-25,40,40,0
7070,2019-04-25,28,28,0
7071,2019-04-25,37,22,-15
7072,2019-04-25,24,20,-4
7073,2019-04-25,25,37,12
7074,2019-04-25,23,22,-1
7075,2019-04-25,6,3,-3
7076,2019-04-25,36,28,-8
7077,2019-04-25,15,19,4
7078,2019-04-25,20,22,2
7079,2019-04-25,23,23,0
7082,2019-04-25,43,44,1
7083,2019-04-25,50,40,-10
7084,2019-04-25,59,65,6
7090,2019-04-25,6,9,3
7091,2019-04-25,4,4,0
7092,2019-04-25,4,5,1
7093,2019-04-25,3,4,1
7094,2019-04-25,4,3,-1
7095,2019-04-25,9,9,0
7096,2019-04-25,17,20,3
7097,2019-04-25,4,3,-1
7098,2019-04-25,1,1,0
7099,2019-04-25,4,8,4
7101,2019-04-25,7,5,-2
7102,2019-04-25,9,11,2
7103,2019-04-25,2,2,0
7104,2019-04-25,1,1,0
7105,2019-04-25,1,2,1
7107,2019-04-25,2,1,-1
7108,2019-04-25,6,7,1
7109,2019-04-25,9,9,0
7110,2019-04-25,5,5,0
7111,2019-04-25,4,0,-4
7112,2019-04-25,10,9,-1
7113,2019-04-25,55,44,-11
7114,2019-04-25,36,44,8
7117,2019-04-25,5,3,-2
7118,2019-04-25,2,1,-1
7119,2019-04-25,1,0,-1
7120,2019-04-25,2,3,1
7121,2019-04-25,4,2,-2
7122,2019-04-25,3,2,-1
7123,2019-04-25,3,3,0
7124,2019-04-25,11,11,0
7125,2019-04-25,6,7,1
7126,2019-04-25,2,1,-1
7127,2019-04-25,22,23,1
7128,2019-04-25,6,4,-2
7129,2019-04-25,1,2,1
7130,2019-04-25,7,5,-2
7131,2019-04-25,1,0,-1
7133,2019-04-25,4,5,1
7134,2019-04-25,4,4,0
7136,2019-04-25,1,2,1
7138,2019-04-25,2,4,2
7139,2019-04-25,35,49,14
7140,2019-04-25,16,12,-4
7141,2019-04-25,16,22,6
7142,2019-04-25,5,7,2
7144,2019-04-25,15,21,6
7145,2019-04-25,5,6,1
7146,2019-04-25,12,13,1
7147,2019-04-25,15,18,3
7148,2019-04-25,8,6,-2
7149,2019-04-25,8,7,-1
10002,2019-04-26,32,34,2
4000,2019-04-26,16,20,4
4002,2019-04-26,19,26,7
5002,2019-04-26,2,1,-1
5006,2019-04-26,1,2,1
5007,2019-04-26,3,4,1
6001,2019-04-26,10,28,18
6002,2019-04-26,15,12,-3
6003,2019-04-26,18,20,2
6004,2019-04-26,8,17,9
6005,2019-04-26,20,27,7
6006,2019-04-26,13,8,-5
6007,2019-04-26,8,10,2
6008,2019-04-26,20,42,22
6009,2019-04-26,15,12,-3
6011,2019-04-26,21,24,3
6012,2019-04-26,27,63,36
6013,2019-04-26,14,19,5
6014,2019-04-26,7,14,7
6015,2019-04-26,32,69,37
6016,2019-04-26,2,6,4
6017,2019-04-26,13,14,1
6018,2019-04-26,21,18,-3
6019,2019-04-26,40,27,-13
6020,2019-04-26,9,22,13
6021,2019-04-26,29,17,-12
6022,2019-04-26,8,12,4
6023,2019-04-26,12,22,10
6025,2019-04-26,4,10,6
6026,2019-04-26,6,13,7
6027,2019-04-26,10,38,28
6029,2019-04-26,1,7,6
6031,2019-04-26,7,16,9
6032,2019-04-26,14,40,26
6033,2019-04-26,1,5,4
6034,2019-04-26,9,21,12
6035,2019-04-26,1,15,14
6036,2019-04-26,4,27,23
6037,2019-04-26,9,16,7
6038,2019-04-26,18,36,18
6039,2019-04-26,16,37,21
6040,2019-04-26,1,11,10
6041,2019-04-26,2,9,7
6042,2019-04-26,26,32,6
6043,2019-04-26,29,105,76
6044,2019-04-26,29,15,-14
6046,2019-04-26,27,36,9
6047,2019-04-26,15,18,3
6048,2019-04-26,13,22,9
6049,2019-04-26,37,55,18
6051,2019-04-26,14,20,6
6052,2019-04-26,13,39,26
6053,2019-04-26,21,52,31
6057,2019-04-26,27,23,-4
6058,2019-04-26,10,23,13
6059,2019-04-26,16,10,-6
6060,2019-04-26,6,6,0
6061,2019-04-26,13,39,26
6062,2019-04-26,13,15,2
6063,2019-04-26,15,18,3
6064,2019-04-26,23,49,26
6065,2019-04-26,19,13,-6
6066,2019-04-26,5,5,0
6067,2019-04-26,14,22,8
6070,2019-04-26,43,64,21
6072,2019-04-26,9,41,32
6073,2019-04-26,30,66,36
6075,2019-04-26,10,9,-1
6076,2019-04-26,5,5,0
6079,2019-04-26,25,14,-11
6080,2019-04-26,25,34,9
6081,2019-04-26,10,10,0
6082,2019-04-26,8,2,-6
6083,2019-04-26,20,44,24
6084,2019-04-26,9,15,6
6085,2019-04-26,21,28,7
6087,2019-04-26,26,28,2
6088,2019-04-26,12,15,3
6089,2019-04-26,14,24,10
6090,2019-04-26,15,17,2
6091,2019-04-26,20,13,-7
6092,2019-04-26,12,20,8
6093,2019-04-26,6,7,1
6094,2019-04-26,19,21,2
6095,2019-04-26,19,24,5
6096,2019-04-26,8,18,10
6097,2019-04-26,21,10,-11
6098,2019-04-26,13,10,-3
6099,2019-04-26,14,23,9
6100,2019-04-26,47,38,-9
6101,2019-04-26,20,10,-10
6102,2019-04-26,8,4,-4
6103,2019-04-26,5,11,6
6104,2019-04-26,20,44,24
6105,2019-04-26,25,28,3
6106,2019-04-26,6,12,6
6107,2019-04-26,25,15,-10
6108,2019-04-26,13,13,0
6110,2019-04-26,10,11,1
6111,2019-04-26,14,13,-1
6112,2019-04-26,28,23,-5
6113,2019-04-26,17,17,0
6114,2019-04-26,34,51,17
6115,2019-04-26,4,1,-3
6116,2019-04-26,19,15,-4
6118,2019-04-26,22,16,-6
6119,2019-04-26,29,30,1
6120,2019-04-26,14,35,21
6121,2019-04-26,4,5,1
6122,2019-04-26,6,7,1
6123,2019-04-26,9,6,-3
6124,2019-04-26,8,16,8
6125,2019-04-26,4,5,1
6126,2019-04-26,15,10,-5
6127,2019-04-26,18,10,-8
6128,2019-04-26,3,5,2
6129,2019-04-26,22,14,-8
6130,2019-04-26,11,6,-5
6131,2019-04-26,29,15,-14
6132,2019-04-26,21,15,-6
6133,2019-04-26,28,21,-7
6134,2019-04-26,14,12,-2
6136,2019-04-26,116,92,-24
6137,2019-04-26,41,28,-13
6138,2019-04-26,24,13,-11
6139,2019-04-26,17,8,-9
6140,2019-04-26,31,20,-11
6142,2019-04-26,19,15,-4
6143,2019-04-26,29,21,-8
6145,2019-04-26,25,8,-17
6146,2019-04-26,11,11,0
6147,2019-04-26,21,21,0
6148,2019-04-26,30,21,-9
6149,2019-04-26,16,22,6
6150,2019-04-26,22,13,-9
6151,2019-04-26,32,26,-6
6152,2019-04-26,24,24,0
6153,2019-04-26,21,16,-5
6154,2019-04-26,55,55,0
6155,2019-04-26,40,29,-11
6156,2019-04-26,27,22,-5
6157,2019-04-26,28,23,-5
6158,2019-04-26,27,11,-16
6160,2019-04-26,24,18,-6
6161,2019-04-26,9,10,1
6163,2019-04-26,42,40,-2
6164,2019-04-26,31,36,5
6165,2019-04-26,19,21,2
6166,2019-04-26,38,14,-24
6167,2019-04-26,19,14,-5
6168,2019-04-26,15,14,-1
6169,2019-04-26,31,32,1
6170,2019-04-26,13,9,-4
6171,2019-04-26,18,8,-10
6173,2019-04-26,16,19,3
6174,2019-04-26,34,22,-12
6175,2019-04-26,36,14,-22
6176,2019-04-26,33,30,-3
6177,2019-04-26,37,16,-21
6178,2019-04-26,45,22,-23
6179,2019-04-26,20,22,2
6180,2019-04-26,17,11,-6
6181,2019-04-26,40,23,-17
6182,2019-04-26,16,15,-1
6183,2019-04-26,28,21,-7
6184,2019-04-26,75,88,13
6185,2019-04-26,11,7,-4
6186,2019-04-26,30,27,-3
6187,2019-04-26,33,38,5
6188,2019-04-26,23,12,-11
6189,2019-04-26,3,6,3
6190,2019-04-26,49,43,-6
6191,2019-04-26,21,22,1
6192,2019-04-26,12,7,-5
6193,2019-04-26,14,7,-7
6194,2019-04-26,37,36,-1
6195,2019-04-26,24,14,-10
6196,2019-04-26,39,15,-24
6197,2019-04-26,13,14,1
6198,2019-04-26,1,3,2
6199,2019-04-26,30,33,3
6200,2019-04-26,21,29,8
6201,2019-04-26,27,18,-9
6202,2019-04-26,29,28,-1
6203,2019-04-26,26,25,-1
6204,2019-04-26,21,40,19
6205,2019-04-26,26,27,1
6206,2019-04-26,33,28,-5
6207,2019-04-26,18,21,3
6208,2019-04-26,29,42,13
6209,2019-04-26,38,33,-5
6210,2019-04-26,6,13,7
6211,2019-04-26,34,34,0
6212,2019-04-26,22,14,-8
6213,2019-04-26,53,41,-12
6214,2019-04-26,38,26,-12
6215,2019-04-26,23,16,-7
6216,2019-04-26,21,6,-15
6217,2019-04-26,43,36,-7
6218,2019-04-26,23,19,-4
6219,2019-04-26,30,24,-6
6220,2019-04-26,34,24,-10
6221,2019-04-26,61,35,-26
6222,2019-04-26,24,19,-5
6223,2019-04-26,28,8,-20
6224,2019-04-26,22,19,-3
6225,2019-04-26,23,13,-10
6226,2019-04-26,7,11,4
6227,2019-04-26,56,43,-13
6228,2019-04-26,9,11,2
6229,2019-04-26,23,18,-5
6230,2019-04-26,32,12,-20
6231,2019-04-26,44,30,-14
6233,2019-04-26,24,11,-13
6234,2019-04-26,26,15,-11
6235,2019-04-26,38,41,3
6236,2019-04-26,20,21,1
6237,2019-04-26,17,17,0
6240,2019-04-26,8,7,-1
6241,2019-04-26,13,9,-4
6243,2019-04-26,23,15,-8
6245,2019-04-26,14,18,4
6246,2019-04-26,19,13,-6
6247,2019-04-26,21,23,2
6248,2019-04-26,54,42,-12
6249,2019-04-26,8,5,-3
6250,2019-04-26,12,10,-2
6251,2019-04-26,10,3,-7
6252,2019-04-26,12,9,-3
6254,2019-04-26,20,17,-3
6255,2019-04-26,13,13,0
6257,2019-04-26,12,15,3
6258,2019-04-26,29,14,-15
6259,2019-04-26,14,16,2
6260,2019-04-26,15,11,-4
6261,2019-04-26,14,6,-8
6262,2019-04-26,7,7,0
6263,2019-04-26,12,5,-7
6264,2019-04-26,12,9,-3
6265,2019-04-26,19,10,-9
6266,2019-04-26,6,0,-6
6267,2019-04-26,23,10,-13
6268,2019-04-26,17,10,-7
6269,2019-04-26,3,7,4
6270,2019-04-26,8,6,-2
6272,2019-04-26,3,3,0
6273,2019-04-26,12,9,-3
6274,2019-04-26,7,10,3
6275,2019-04-26,6,8,2
6276,2019-04-26,11,12,1
6277,2019-04-26,18,11,-7
6278,2019-04-26,6,3,-3
6279,2019-04-26,4,4,0
6280,2019-04-26,26,22,-4
6281,2019-04-26,1,2,1
6301,2019-04-26,7,7,0
6302,2019-04-26,7,8,1
6303,2019-04-26,8,1,-7
6304,2019-04-26,6,3,-3
6305,2019-04-26,9,7,-2
6306,2019-04-26,20,5,-15
6307,2019-04-26,29,12,-17
6309,2019-04-26,4,6,2
6310,2019-04-26,12,12,0
6311,2019-04-26,14,8,-6
6312,2019-04-26,8,13,5
6313,2019-04-26,7,10,3
6314,2019-04-26,24,18,-6
6315,2019-04-26,14,11,-3
6316,2019-04-26,3,2,-1
6321,2019-04-26,12,10,-2
6322,2019-04-26,5,5,0
6323,2019-04-26,5,2,-3
6324,2019-04-26,7,3,-4
6327,2019-04-26,9,4,-5
6328,2019-04-26,18,5,-13
6329,2019-04-26,11,4,-7
6330,2019-04-26,10,5,-5
6331,2019-04-26,9,6,-3
6332,2019-04-26,6,5,-1
6333,2019-04-26,10,4,-6
6334,2019-04-26,14,22,8
6335,2019-04-26,18,7,-11
6336,2019-04-26,5,6,1
6338,2019-04-26,13,5,-8
6339,2019-04-26,12,9,-3
6340,2019-04-26,8,9,1
6341,2019-04-26,10,12,2
6343,2019-04-26,22,12,-10
6344,2019-04-26,12,13,1
6345,2019-04-26,2,4,2
6346,2019-04-26,5,11,6
6347,2019-04-26,4,10,6
6349,2019-04-26,7,5,-2
6350,2019-04-26,14,10,-4
6354,2019-04-26,8,5,-3
6355,2019-04-26,16,6,-10
6356,2019-04-26,6,6,0
6357,2019-04-26,7,1,-6
6358,2019-04-26,11,4,-7
6359,2019-04-26,13,27,14
6360,2019-04-26,11,5,-6
6361,2019-04-26,9,6,-3
6362,2019-04-26,11,6,-5
6363,2019-04-26,8,3,-5
6364,2019-04-26,5,6,1
6366,2019-04-26,8,5,-3
6367,2019-04-26,7,6,-1
6368,2019-04-26,14,7,-7
6369,2019-04-26,4,5,1
6370,2019-04-26,15,5,-10
6371,2019-04-26,17,15,-2
6372,2019-04-26,9,16,7
6373,2019-04-26,14,7,-7
6374,2019-04-26,10,8,-2
6375,2019-04-26,19,16,-3
6376,2019-04-26,11,4,-7
6377,2019-04-26,9,10,1
6379,2019-04-26,15,8,-7
6380,2019-04-26,11,5,-6
6381,2019-04-26,16,11,-5
6383,2019-04-26,8,7,-1
6384,2019-04-26,1,3,2
6385,2019-04-26,21,16,-5
6386,2019-04-26,16,32,16
6387,2019-04-26,18,25,7
6388,2019-04-26,6,6,0
6389,2019-04-26,18,19,1
6391,2019-04-26,19,16,-3
6393,2019-04-26,20,27,7
6394,2019-04-26,14,12,-2
6395,2019-04-26,9,20,11
6396,2019-04-26,18,25,7
6397,2019-04-26,9,14,5
6398,2019-04-26,7,9,2
6401,2019-04-26,20,19,-1
6402,2019-04-26,10,8,-2
6403,2019-04-26,5,4,-1
6404,2019-04-26,4,7,3
6405,2019-04-26,16,10,-6
6406,2019-04-26,4,4,0
6407,2019-04-26,8,9,1
6408,2019-04-26,10,24,14
6409,2019-04-26,6,3,-3
6410,2019-04-26,14,14,0
6411,2019-04-26,30,30,0
6412,2019-04-26,4,7,3
6413,2019-04-26,4,6,2
6414,2019-04-26,7,7,0
6415,2019-04-26,1,4,3
6416,2019-04-26,9,4,-5
6417,2019-04-26,10,6,-4
6419,2019-04-26,4,3,-1
6420,2019-04-26,5,9,4
6421,2019-04-26,8,6,-2
6422,2019-04-26,3,3,0
6423,2019-04-26,2,3,1
6424,2019-04-26,12,11,-1
6425,2019-04-26,6,8,2
6426,2019-04-26,16,20,4
6427,2019-04-26,18,14,-4
6428,2019-04-26,6,3,-3
6429,2019-04-26,5,7,2
6432,2019-04-26,19,18,-1
6433,2019-04-26,9,8,-1
6434,2019-04-26,20,15,-5
6435,2019-04-26,7,4,-3
6436,2019-04-26,10,5,-5
6501,2019-04-26,3,2,-1
6502,2019-04-26,4,2,-2
6503,2019-04-26,11,11,0
6504,2019-04-26,1,2,1
6700,2019-04-26,4,3,-1
6701,2019-04-26,14,8,-6
6702,2019-04-26,4,5,1
6703,2019-04-26,4,8,4
6704,2019-04-26,6,6,0
6705,2019-04-26,12,5,-7
6706,2019-04-26,6,6,0
6707,2019-04-26,10,10,0
6708,2019-04-26,7,34,27
6709,2019-04-26,10,9,-1
6710,2019-04-26,6,1,-5
6711,2019-04-26,4,2,-2
6712,2019-04-26,2,1,-1
6713,2019-04-26,5,3,-2
6715,2019-04-26,9,7,-2
6716,2019-04-26,2,2,0
6717,2019-04-26,1,6,5
6718,2019-04-26,2,3,1
6719,2019-04-26,6,6,0
6720,2019-04-26,13,8,-5
6721,2019-04-26,3,6,3
6722,2019-04-26,9,7,-2
6723,2019-04-26,2,4,2
6724,2019-04-26,10,19,9
6725,2019-04-26,10,15,5
6727,2019-04-26,13,22,9
6728,2019-04-26,2,0,-2
6729,2019-04-26,23,41,18
6730,2019-04-26,4,4,0
6731,2019-04-26,3,2,-1
6732,2019-04-26,9,8,-1
6733,2019-04-26,8,4,-4
6734,2019-04-26,13,8,-5
6735,2019-04-26,3,1,-2
6736,2019-04-26,2,4,2
6737,2019-04-26,4,4,0
6738,2019-04-26,19,33,14
6739,2019-04-26,4,3,-1
6741,2019-04-26,6,4,-2
6742,2019-04-26,15,18,3
6743,2019-04-26,11,5,-6
6744,2019-04-26,10,6,-4
6745,2019-04-26,1,2,1
6746,2019-04-26,4,8,4
6747,2019-04-26,13,20,7
6748,2019-04-26,22,19,-3
6749,2019-04-26,16,15,-1
6750,2019-04-26,12,9,-3
6753,2019-04-26,2,5,3
6754,2019-04-26,2,5,3
6901,2019-04-26,17,16,-1
6902,2019-04-26,21,23,2
6903,2019-04-26,20,20,0
6904,2019-04-26,20,10,-10
6905,2019-04-26,12,5,-7
6906,2019-04-26,40,33,-7
6907,2019-04-26,27,15,-12
6908,2019-04-26,10,16,6
6910,2019-04-26,26,20,-6
6912,2019-04-26,32,33,1
6913,2019-04-26,17,13,-4
6915,2019-04-26,28,19,-9
6916,2019-04-26,10,12,2
6917,2019-04-26,7,7,0
6918,2019-04-26,11,5,-6
6919,2019-04-26,9,8,-1
6921,2019-04-26,8,22,14
6923,2019-04-26,7,18,11
6924,2019-04-26,7,3,-4
6925,2019-04-26,12,13,1
6926,2019-04-26,21,13,-8
6927,2019-04-26,16,9,-7
6928,2019-04-26,10,8,-2
6929,2019-04-26,14,6,-8
6930,2019-04-26,3,6,3
7001,2019-04-26,5,9,4
7002,2019-04-26,5,5,0
7003,2019-04-26,18,23,5
7004,2019-04-26,5,3,-2
7005,2019-04-26,4,0,-4
7006,2019-04-26,5,4,-1
7007,2019-04-26,4,3,-1
7008,2019-04-26,2,7,5
7009,2019-04-26,18,24,6
7010,2019-04-26,2,1,-1
7011,2019-04-26,24,27,3
7012,2019-04-26,8,6,-2
7013,2019-04-26,4,5,1
7014,2019-04-26,11,11,0
7015,2019-04-26,2,3,1
7016,2019-04-26,4,6,2
7017,2019-04-26,10,11,1
7018,2019-04-26,13,10,-3
7019,2019-04-26,7,34,27
7020,2019-04-26,5,5,0
7021,2019-04-26,6,7,1
7022,2019-04-26,10,8,-2
7023,2019-04-26,1,5,4
7024,2019-04-26,10,11,1
7025,2019-04-26,11,16,5
7026,2019-04-26,36,24,-12
7027,2019-04-26,14,8,-6
7028,2019-04-26,50,48,-2
7029,2019-04-26,23,14,-9
7030,2019-04-26,20,14,-6
7031,2019-04-26,24,9,-15
7032,2019-04-26,28,24,-4
7033,2019-04-26,26,30,4
7034,2019-04-26,3,3,0
7035,2019-04-26,18,12,-6
7036,2019-04-26,15,10,-5
7037,2019-04-26,14,11,-3
7038,2019-04-26,19,25,6
7039,2019-04-26,9,2,-7
7040,2019-04-26,15,19,4
7041,2019-04-26,17,36,19
7042,2019-04-26,11,11,0
7043,2019-04-26,6,3,-3
7045,2019-04-26,3,5,2
7046,2019-04-26,18,49,31
7047,2019-04-26,28,36,8
7048,2019-04-26,3,0,-3
7050,2019-04-26,8,5,-3
7051,2019-04-26,3,4,1
7052,2019-04-26,15,19,4
7053,2019-04-26,9,5,-4
7054,2019-04-26,6,8,2
7055,2019-04-26,6,6,0
7056,2019-04-26,5,7,2
7057,2019-04-26,14,16,2
7058,2019-04-26,5,7,2
7059,2019-04-26,12,7,-5
7060,2019-04-26,8,4,-4
7061,2019-04-26,10,13,3
7062,2019-04-26,10,21,11
7063,2019-04-26,5,3,-2
7064,2019-04-26,3,6,3
7065,2019-04-26,9,4,-5
7066,2019-04-26,2,18,16
7067,2019-04-26,24,41,17
7068,2019-04-26,13,15,2
7069,2019-04-26,10,16,6
7070,2019-04-26,15,6,-9
7071,2019-04-26,7,6,-1
7072,2019-04-26,18,15,-3
7073,2019-04-26,12,12,0
7074,2019-04-26,10,7,-3
7076,2019-04-26,22,13,-9
7077,2019-04-26,4,4,0
7078,2019-04-26,9,5,-4
7079,2019-04-26,22,31,9
7082,2019-04-26,12,18,6
7083,2019-04-26,17,14,-3
7084,2019-04-26,27,36,9
7090,2019-04-26,1,3,2
7095,2019-04-26,2,4,2
7096,2019-04-26,2,7,5
7099,2019-04-26,1,2,1
7101,2019-04-26,1,2,1
7102,2019-04-26,5,5,0
7104,2019-04-26,1,0,-1
7112,2019-04-26,1,2,1
7113,2019-04-26,25,28,3
7114,2019-04-26,11,15,4
7119,2019-04-26,1,0,-1
7122,2019-04-26,2,1,-1
7124,2019-04-26,2,1,-1
7125,2019-04-26,3,2,-1
7126,2019-04-26,2,0,-2
7127,2019-04-26,6,14,8
7128,2019-04-26,1,1,0
7129,2019-04-26,1,2,1
7130,2019-04-26,3,4,1
7132,2019-04-26,1,2,1
7134,2019-04-26,2,1,-1
7136,2019-04-26,2,1,-1
7139,2019-04-26,15,19,4
7140,2019-04-26,3,5,2
7141,2019-04-26,4,1,-3
7142,2019-04-26,3,3,0
7144,2019-04-26,4,5,1
7145,2019-04-26,1,1,0
7146,2019-04-26,8,3,-5
7147,2019-04-26,9,9,0
7149,2019-04-26,2,2,0
10002,2019-04-27,11,9,-2
4000,2019-04-27,19,24,5
4002,2019-04-27,14,15,1
5002,2019-04-27,3,3,0
5003,2019-04-27,1,0,-1
5007,2019-04-27,2,3,1
6001,2019-04-27,5,6,1
6002,2019-04-27,6,6,0
6003,2019-04-27,17,24,7
6004,2019-04-27,6,3,-3
6005,2019-04-27,8,7,-1
6006,2019-04-27,6,4,-2
6007,2019-04-27,7,9,2
6008,2019-04-27,9,19,10
6009,2019-04-27,27,21,-6
6011,2019-04-27,11,15,4
6012,2019-04-27,26,62,36
6013,2019-04-27,6,20,14
6014,2019-04-27,8,4,-4
6015,2019-04-27,42,54,12
6016,2019-04-27,1,3,2
6017,2019-04-27,18,28,10
6018,2019-04-27,20,15,-5
6019,2019-04-27,39,29,-10
6020,2019-04-27,23,35,12
6021,2019-04-27,29,22,-7
6022,2019-04-27,22,23,1
6023,2019-04-27,22,31,9
6025,2019-04-27,5,5,0
6026,2019-04-27,15,24,9
6027,2019-04-27,18,26,8
6029,2019-04-27,2,0,-2
6031,2019-04-27,7,5,-2
6032,2019-04-27,6,23,17
6033,2019-04-27,6,3,-3
6034,2019-04-27,1,21,20
6035,2019-04-27,2,2,0
6036,2019-04-27,16,33,17
6037,2019-04-27,12,14,2
6038,2019-04-27,15,15,0
6039,2019-04-27,21,22,1
6042,2019-04-27,7,7,0
6043,2019-04-27,17,19,2
6044,2019-04-27,31,25,-6
6046,2019-04-27,7,9,2
6047,2019-04-27,11,7,-4
6048,2019-04-27,3,2,-1
6049,2019-04-27,5,10,5
6051,2019-04-27,6,8,2
6052,2019-04-27,9,16,7
6053,2019-04-27,22,33,11
6057,2019-04-27,6,3,-3
6058,2019-04-27,13,8,-5
6059,2019-04-27,5,2,-3
6060,2019-04-27,1,3,2
6061,2019-04-27,14,7,-7
6062,2019-04-27,16,12,-4
6063,2019-04-27,15,10,-5
6064,2019-04-27,32,15,-17
6065,2019-04-27,20,7,-13
6066,2019-04-27,5,0,-5
6067,2019-04-27,7,6,-1
6068,2019-04-27,1,1,0
6070,2019-04-27,45,33,-12
6072,2019-04-27,13,4,-9
6073,2019-04-27,26,41,15
6075,2019-04-27,9,1,-8
6076,2019-04-27,6,3,-3
6079,2019-04-27,15,20,5
6080,2019-04-27,18,21,3
6081,2019-04-27,10,20,10
6082,2019-04-27,4,1,-3
6083,2019-04-27,15,16,1
6084,2019-04-27,5,4,-1
6085,2019-04-27,13,18,5
6087,2019-04-27,22,33,11
6088,2019-04-27,10,17,7
6089,2019-04-27,13,6,-7
6090,2019-04-27,15,12,-3
6091,2019-04-27,18,13,-5
6092,2019-04-27,7,8,1
6093,2019-04-27,4,3,-1
6094,2019-04-27,3,3,0
6095,2019-04-27,12,14,2
6096,2019-04-27,5,10,5
6097,2019-04-27,20,22,2
6098,2019-04-27,14,5,-9
6099,2019-04-27,16,20,4
6100,2019-04-27,59,49,-10
6101,2019-04-27,15,7,-8
6102,2019-04-27,5,3,-2
6103,2019-04-27,5,6,1
6104,2019-04-27,9,16,7
6105,2019-04-27,13,24,11
6106,2019-04-27,6,8,2
6107,2019-04-27,24,18,-6
6108,2019-04-27,12,9,-3
6109,2019-04-27,2,2,0
6110,2019-04-27,8,9,1
6111,2019-04-27,5,6,1
6112,2019-04-27,35,47,12
6113,2019-04-27,14,14,0
6114,2019-04-27,46,63,17
6115,2019-04-27,1,2,1
6116,2019-04-27,22,22,0
6118,2019-04-27,22,33,11
6119,2019-04-27,33,36,3
6120,2019-04-27,21,32,11
6121,2019-04-27,3,8,5
6122,2019-04-27,6,8,2
6123,2019-04-27,11,10,-1
6124,2019-04-27,8,11,3
6125,2019-04-27,8,2,-6
6126,2019-04-27,12,9,-3
6127,2019-04-27,7,9,2
6128,2019-04-27,3,7,4
6129,2019-04-27,24,16,-8
6130,2019-04-27,12,9,-3
6131,2019-04-27,18,13,-5
6132,2019-04-27,12,13,1
6133,2019-04-27,17,16,-1
6134,2019-04-27,7,5,-2
6136,2019-04-27,75,70,-5
6137,2019-04-27,37,43,6
6138,2019-04-27,25,25,0
6139,2019-04-27,17,16,-1
6140,2019-04-27,37,34,-3
6142,2019-04-27,9,8,-1
6143,2019-04-27,34,21,-13
6145,2019-04-27,13,15,2
6146,2019-04-27,21,10,-11
6147,2019-04-27,17,8,-9
6148,2019-04-27,30,23,-7
6149,2019-04-27,10,6,-4
6150,2019-04-27,27,20,-7
6151,2019-04-27,30,32,2
6152,2019-04-27,40,44,4
6153,2019-04-27,9,11,2
6154,2019-04-27,58,68,10
6155,2019-04-27,43,55,12
6156,2019-04-27,24,18,-6
6157,2019-04-27,46,37,-9
6158,2019-04-27,26,27,1
6160,2019-04-27,17,22,5
6161,2019-04-27,19,11,-8
6163,2019-04-27,43,45,2
6164,2019-04-27,45,55,10
6165,2019-04-27,24,38,14
6166,2019-04-27,14,10,-4
6167,2019-04-27,24,23,-1
6168,2019-04-27,24,14,-10
6169,2019-04-27,46,48,2
6170,2019-04-27,16,21,5
6171,2019-04-27,13,22,9
6173,2019-04-27,19,27,8
6174,2019-04-27,31,21,-10
6175,2019-04-27,32,14,-18
6176,2019-04-27,23,28,5
6177,2019-04-27,25,29,4
6178,2019-04-27,36,53,17
6179,2019-04-27,34,36,2
6180,2019-04-27,7,13,6
6181,2019-04-27,42,28,-14
6182,2019-04-27,20,27,7
6183,2019-04-27,26,32,6
6184,2019-04-27,86,77,-9
6185,2019-04-27,9,11,2
6186,2019-04-27,33,21,-12
6187,2019-04-27,36,44,8
6188,2019-04-27,17,12,-5
6189,2019-04-27,11,7,-4
6190,2019-04-27,49,30,-19
6191,2019-04-27,17,11,-6
6192,2019-04-27,17,10,-7
6193,2019-04-27,26,26,0
6194,2019-04-27,21,22,1
6195,2019-04-27,19,18,-1
6196,2019-04-27,26,20,-6
6197,2019-04-27,25,23,-2
6198,2019-04-27,5,2,-3
6199,2019-04-27,24,16,-8
6200,2019-04-27,33,34,1
6201,2019-04-27,29,21,-8
6202,2019-04-27,31,24,-7
6203,2019-04-27,17,24,7
6204,2019-04-27,17,25,8
6205,2019-04-27,36,30,-6
6206,2019-04-27,40,46,6
6207,2019-04-27,12,9,-3
6208,2019-04-27,10,19,9
6209,2019-04-27,32,24,-8
6210,2019-04-27,7,2,-5
6211,2019-04-27,44,43,-1
6212,2019-04-27,26,10,-16
6213,2019-04-27,49,47,-2
6214,2019-04-27,24,34,10
6215,2019-04-27,17,17,0
6216,2019-04-27,33,8,-25
6217,2019-04-27,35,21,-14
6218,2019-04-27,11,12,1
6219,2019-04-27,22,19,-3
6220,2019-04-27,38,36,-2
6221,2019-04-27,66,58,-8
6222,2019-04-27,17,14,-3
6223,2019-04-27,38,17,-21
6224,2019-04-27,23,19,-4
6225,2019-04-27,16,13,-3
6226,2019-04-27,2,2,0
6227,2019-04-27,43,46,3
6228,2019-04-27,10,9,-1
6229,2019-04-27,22,18,-4
6230,2019-04-27,25,26,1
6231,2019-04-27,36,31,-5
6233,2019-04-27,41,30,-11
6234,2019-04-27,23,22,-1
6235,2019-04-27,16,9,-7
6236,2019-04-27,27,20,-7
6237,2019-04-27,19,18,-1
6240,2019-04-27,3,5,2
6241,2019-04-27,18,14,-4
6243,2019-04-27,19,11,-8
6245,2019-04-27,6,5,-1
6246,2019-04-27,10,16,6
6247,2019-04-27,19,33,14
6248,2019-04-27,42,44,2
6249,2019-04-27,13,13,0
6250,2019-04-27,30,20,-10
6251,2019-04-27,5,10,5
6252,2019-04-27,17,16,-1
6254,2019-04-27,16,21,5
6255,2019-04-27,34,21,-13
6257,2019-04-27,14,19,5
6258,2019-04-27,17,20,3
6259,2019-04-27,11,13,2
6260,2019-04-27,10,11,1
6261,2019-04-27,14,17,3
6262,2019-04-27,13,10,-3
6263,2019-04-27,2,5,3
6264,2019-04-27,8,8,0
6265,2019-04-27,15,13,-2
6266,2019-04-27,5,6,1
6267,2019-04-27,19,18,-1
6268,2019-04-27,13,12,-1
6269,2019-04-27,5,9,4
6270,2019-04-27,22,11,-11
6272,2019-04-27,11,14,3
6273,2019-04-27,15,12,-3
6274,2019-04-27,10,10,0
6275,2019-04-27,6,2,-4
6276,2019-04-27,14,12,-2
6277,2019-04-27,11,17,6
6278,2019-04-27,5,5,0
6280,2019-04-27,29,18,-11
6281,2019-04-27,4,2,-2
6301,2019-04-27,8,9,1
6302,2019-04-27,1,3,2
6303,2019-04-27,3,3,0
6304,2019-04-27,1,2,1
6305,2019-04-27,2,3,1
6306,2019-04-27,6,2,-4
6307,2019-04-27,31,29,-2
6309,2019-04-27,3,2,-1
6310,2019-04-27,12,5,-7
6311,2019-04-27,14,9,-5
6312,2019-04-27,6,8,2
6313,2019-04-27,2,7,5
6314,2019-04-27,17,11,-6
6315,2019-04-27,10,8,-2
6316,2019-04-27,4,4,0
6321,2019-04-27,9,9,0
6322,2019-04-27,11,6,-5
6323,2019-04-27,3,3,0
6324,2019-04-27,5,5,0
6327,2019-04-27,9,4,-5
6328,2019-04-27,7,14,7
6329,2019-04-27,7,3,-4
6330,2019-04-27,4,5,1
6331,2019-04-27,5,0,-5
6332,2019-04-27,5,7,2
6333,2019-04-27,6,5,-1
6334,2019-04-27,17,19,2
6335,2019-04-27,8,6,-2
6336,2019-04-27,5,5,0
6338,2019-04-27,13,17,4
6339,2019-04-27,12,7,-5
6340,2019-04-27,9,8,-1
6341,2019-04-27,13,9,-4
6343,2019-04-27,14,12,-2
6344,2019-04-27,7,7,0
6345,2019-04-27,8,2,-6
6346,2019-04-27,11,7,-4
6347,2019-04-27,3,4,1
6349,2019-04-27,6,5,-1
6350,2019-04-27,2,3,1
6354,2019-04-27,5,6,1
6355,2019-04-27,4,4,0
6356,2019-04-27,12,8,-4
6357,2019-04-27,3,3,0
6358,2019-04-27,6,9,3
6359,2019-04-27,27,20,-7
6360,2019-04-27,2,3,1
6361,2019-04-27,14,11,-3
6362,2019-04-27,13,7,-6
6363,2019-04-27,9,5,-4
6364,2019-04-27,10,7,-3
6366,2019-04-27,5,7,2
6367,2019-04-27,8,9,1
6368,2019-04-27,20,18,-2
6369,2019-04-27,1,7,6
6370,2019-04-27,8,7,-1
6371,2019-04-27,23,35,12
6372,2019-04-27,27,35,8
6373,2019-04-27,13,5,-8
6374,2019-04-27,11,9,-2
6375,2019-04-27,14,12,-2
6376,2019-04-27,11,6,-5
6377,2019-04-27,7,8,1
6379,2019-04-27,6,4,-2
6380,2019-04-27,6,2,-4
6381,2019-04-27,24,20,-4
6383,2019-04-27,5,6,1
6384,2019-04-27,5,2,-3
6385,2019-04-27,15,20,5
6386,2019-04-27,18,22,4
6387,2019-04-27,24,30,6
6388,2019-04-27,4,5,1
6389,2019-04-27,25,23,-2
6391,2019-04-27,18,30,12
6393,2019-04-27,26,27,1
6394,2019-04-27,24,31,7
6395,2019-04-27,10,11,1
6396,2019-04-27,23,8,-15
6397,2019-04-27,15,17,2
6398,2019-04-27,4,8,4
6401,2019-04-27,15,25,10
6402,2019-04-27,8,5,-3
6403,2019-04-27,1,2,1
6404,2019-04-27,1,1,0
6405,2019-04-27,14,20,6
6406,2019-04-27,18,14,-4
6407,2019-04-27,4,6,2
6408,2019-04-27,13,12,-1
6409,2019-04-27,5,5,0
6410,2019-04-27,11,10,-1
6411,2019-04-27,37,32,-5
6412,2019-04-27,10,8,-2
6413,2019-04-27,6,4,-2
6414,2019-04-27,3,2,-1
6415,2019-04-27,5,2,-3
6416,2019-04-27,7,7,0
6417,2019-04-27,3,1,-2
6420,2019-04-27,3,2,-1
6421,2019-04-27,15,13,-2
6422,2019-04-27,2,2,0
6423,2019-04-27,3,3,0
6424,2019-04-27,3,3,0
6425,2019-04-27,5,8,3
6426,2019-04-27,11,14,3
6427,2019-04-27,10,18,8
6428,2019-04-27,1,1,0
6429,2019-04-27,6,4,-2
6432,2019-04-27,8,13,5
6433,2019-04-27,3,3,0
6434,2019-04-27,10,8,-2
6435,2019-04-27,4,2,-2
6436,2019-04-27,4,4,0
6501,2019-04-27,3,6,3
6502,2019-04-27,8,8,0
6503,2019-04-27,9,8,-1
6504,2019-04-27,1,1,0
6700,2019-04-27,7,9,2
6701,2019-04-27,6,6,0
6702,2019-04-27,5,6,1
6703,2019-04-27,5,3,-2
6704,2019-04-27,2,3,1
6705,2019-04-27,8,8,0
6706,2019-04-27,5,8,3
6707,2019-04-27,8,7,-1
6708,2019-04-27,5,10,5
6709,2019-04-27,8,6,-2
6710,2019-04-27,1,5,4
6711,2019-04-27,2,1,-1
6712,2019-04-27,3,2,-1
6713,2019-04-27,7,9,2
6715,2019-04-27,1,2,1
6716,2019-04-27,4,4,0
6718,2019-04-27,4,4,0
6719,2019-04-27,4,6,2
6720,2019-04-27,5,9,4
6721,2019-04-27,8,8,0
6722,2019-04-27,3,4,1
6723,2019-04-27,3,3,0
6724,2019-04-27,6,9,3
6725,2019-04-27,7,10,3
6726,2019-04-27,1,4,3
6727,2019-04-27,8,16,8
6728,2019-04-27,1,2,1
6729,2019-04-27,36,49,13
6730,2019-04-27,3,6,3
6731,2019-04-27,4,2,-2
6732,2019-04-27,5,4,-1
6733,2019-04-27,9,6,-3
6734,2019-04-27,18,21,3
6735,2019-04-27,5,7,2
6736,2019-04-27,5,4,-1
6737,2019-04-27,1,6,5
6738,2019-04-27,5,3,-2
6739,2019-04-27,5,5,0
6741,2019-04-27,6,2,-4
6742,2019-04-27,8,11,3
6743,2019-04-27,6,9,3
6744,2019-04-27,1,4,3
6745,2019-04-27,2,5,3
6746,2019-04-27,5,5,0
6747,2019-04-27,5,4,-1
6748,2019-04-27,14,16,2
6749,2019-04-27,7,8,1
6750,2019-04-27,14,20,6
6753,2019-04-27,3,4,1
6754,2019-04-27,4,2,-2
6901,2019-04-27,7,13,6
6902,2019-04-27,28,27,-1
6903,2019-04-27,53,42,-11
6904,2019-04-27,15,11,-4
6905,2019-04-27,6,2,-4
6906,2019-04-27,49,33,-16
6907,2019-04-27,29,17,-12
6908,2019-04-27,18,14,-4
6910,2019-04-27,36,35,-1
6912,2019-04-27,36,27,-9
6913,2019-04-27,17,11,-6
6915,2019-04-27,32,30,-2
6916,2019-04-27,18,12,-6
6917,2019-04-27,3,9,6
6918,2019-04-27,10,9,-1
6919,2019-04-27,6,5,-1
6921,2019-04-27,5,5,0
6923,2019-04-27,11,18,7
6924,2019-04-27,4,3,-1
6925,2019-04-27,14,13,-1
6926,2019-04-27,16,20,4
6927,2019-04-27,15,3,-12
6928,2019-04-27,9,0,-9
6929,2019-04-27,7,3,-4
6930,2019-04-27,3,3,0
7001,2019-04-27,10,12,2
7002,2019-04-27,1,2,1
7003,2019-04-27,15,20,5
7004,2019-04-27,3,3,0
7005,2019-04-27,1,1,0
7006,2019-04-27,4,5,1
7007,2019-04-27,1,4,3
7008,2019-04-27,10,5,-5
7009,2019-04-27,15,28,13
7010,2019-04-27,3,1,-2
7011,2019-04-27,17,16,-1
7012,2019-04-27,5,9,4
7013,2019-04-27,5,3,-2
7014,2019-04-27,15,9,-6
7015,2019-04-27,3,3,0
7016,2019-04-27,6,7,1
7017,2019-04-27,6,10,4
7018,2019-04-27,8,18,10
7019,2019-04-27,5,3,-2
7020,2019-04-27,6,7,1
7021,2019-04-27,5,9,4
7022,2019-04-27,12,11,-1
7024,2019-04-27,8,9,1
7025,2019-04-27,7,4,-3
7026,2019-04-27,18,18,0
7027,2019-04-27,9,9,0
7028,2019-04-27,15,13,-2
7029,2019-04-27,17,21,4
7030,2019-04-27,19,17,-2
7031,2019-04-27,25,29,4
7032,2019-04-27,43,30,-13
7033,2019-04-27,26,19,-7
7034,2019-04-27,11,16,5
7035,2019-04-27,11,10,-1
7036,2019-04-27,12,16,4
7037,2019-04-27,19,18,-1
7038,2019-04-27,19,22,3
7039,2019-04-27,7,7,0
7040,2019-04-27,11,10,-1
7041,2019-04-27,27,25,-2
7042,2019-04-27,8,12,4
7043,2019-04-27,3,3,0
7045,2019-04-27,11,8,-3
7046,2019-04-27,24,25,1
7047,2019-04-27,23,38,15
7048,2019-04-27,4,6,2
7050,2019-04-27,3,2,-1
7051,2019-04-27,7,4,-3
7052,2019-04-27,5,9,4
7053,2019-04-27,6,6,0
7054,2019-04-27,9,9,0
7055,2019-04-27,5,5,0
7056,2019-04-27,2,4,2
7057,2019-04-27,17,10,-7
7058,2019-04-27,5,10,5
7059,2019-04-27,6,5,-1
7060,2019-04-27,6,7,1
7061,2019-04-27,5,8,3
7062,2019-04-27,6,8,2
7063,2019-04-27,1,8,7
7064,2019-04-27,3,2,-1
7065,2019-04-27,13,13,0
7066,2019-04-27,10,17,7
7067,2019-04-27,9,6,-3
7068,2019-04-27,9,13,4
7069,2019-04-27,4,7,3
7070,2019-04-27,11,11,0
7071,2019-04-27,11,6,-5
7072,2019-04-27,22,18,-4
7073,2019-04-27,11,10,-1
7074,2019-04-27,8,8,0
7075,2019-04-27,3,2,-1
7076,2019-04-27,15,10,-5
7078,2019-04-27,6,9,3
7079,2019-04-27,12,5,-7
7082,2019-04-27,13,18,5
7083,2019-04-27,10,17,7
7084,2019-04-27,36,34,-2
7091,2019-04-27,2,2,0
7094,2019-04-27,1,1,0
7096,2019-04-27,2,0,-2
7101,2019-04-27,2,1,-1
7102,2019-04-27,4,3,-1
7104,2019-04-27,2,2,0
7105,2019-04-27,1,0,-1
7109,2019-04-27,1,0,-1
7111,2019-04-27,1,1,0
7112,2019-04-27,5,1,-4
7113,2019-04-27,3,4,1
7114,2019-04-27,6,16,10
7119,2019-04-27,1,1,0
7121,2019-04-27,1,2,1
7122,2019-04-27,4,0,-4
7124,2019-04-27,1,1,0
7125,2019-04-27,3,4,1
7127,2019-04-27,4,2,-2
7130,2019-04-27,5,3,-2
7132,2019-04-27,1,1,0
7134,2019-04-27,1,2,1
7135,2019-04-27,1,0,-1
7137,2019-04-27,1,3,2
7139,2019-04-27,7,7,0
7140,2019-04-27,9,6,-3
7141,2019-04-27,7,3,-4
7142,2019-04-27,4,2,-2
7143,2019-04-27,2,1,-1
7144,2019-04-27,8,15,7
7145,2019-04-27,5,2,-3
7146,2019-04-27,4,1,-3
7147,2019-04-27,4,6,2
7149,2019-04-27,3,2,-1
10002,2019-04-28,34,37,3
4000,2019-04-28,33,35,2
4002,2019-04-28,26,35,9
5002,2019-04-28,4,2,-2
5003,2019-04-28,2,1,-1
5004,2019-04-28,4,3,-1
5006,2019-04-28,1,2,1
5007,2019-04-28,5,5,0
6001,2019-04-28,19,16,-3
6002,2019-04-28,30,36,6
6003,2019-04-28,14,33,19
6004,2019-04-28,13,14,1
6005,2019-04-28,17,17,0
6006,2019-04-28,15,15,0
6007,2019-04-28,20,24,4
6008,2019-04-28,22,32,10
6009,2019-04-28,27,36,9
6011,2019-04-28,19,22,3
6012,2019-04-28,44,110,66
6013,2019-04-28,27,38,11
6014,2019-04-28,17,14,-3
6015,2019-04-28,84,144,60
6016,2019-04-28,8,7,-1
6017,2019-04-28,20,21,1
6018,2019-04-28,29,29,0
6019,2019-04-28,53,32,-21
6020,2019-04-28,24,42,18
6021,2019-04-28,43,37,-6
6022,2019-04-28,43,50,7
6023,2019-04-28,49,103,54
6025,2019-04-28,9,7,-2
6026,2019-04-28,92,121,29
6027,2019-04-28,43,46,3
6029,2019-04-28,5,4,-1
6031,2019-04-28,9,23,14
6032,2019-04-28,33,40,7
6033,2019-04-28,2,3,1
6034,2019-04-28,12,30,18
6035,2019-04-28,4,6,2
6036,2019-04-28,98,138,40
6037,2019-04-28,16,33,17
6038,2019-04-28,33,38,5
6039,2019-04-28,32,28,-4
6042,2019-04-28,13,10,-3
6043,2019-04-28,40,34,-6
6044,2019-04-28,52,52,0
6046,2019-04-28,11,6,-5
6047,2019-04-28,20,10,-10
6048,2019-04-28,3,7,4
6049,2019-04-28,15,18,3
6050,2019-04-28,8,8,0
6051,2019-04-28,26,24,-2
6052,2019-04-28,70,80,10
6053,2019-04-28,43,66,23
6057,2019-04-28,21,9,-12
6058,2019-04-28,20,16,-4
6059,2019-04-28,9,5,-4
6060,2019-04-28,7,3,-4
6061,2019-04-28,32,32,0
6062,2019-04-28,24,14,-10
6063,2019-04-28,28,27,-1
6064,2019-04-28,43,38,-5
6065,2019-04-28,28,26,-2
6066,2019-04-28,19,5,-14
6067,2019-04-28,23,25,2
6068,2019-04-28,3,1,-2
6070,2019-04-28,67,77,10
6072,2019-04-28,11,6,-5
6073,2019-04-28,55,83,28
6075,2019-04-28,10,3,-7
6076,2019-04-28,11,14,3
6079,2019-04-28,40,29,-11
6080,2019-04-28,44,50,6
6081,2019-04-28,16,16,0
6082,2019-04-28,7,4,-3
6083,2019-04-28,19,25,6
6084,2019-04-28,25,23,-2
6085,2019-04-28,12,27,15
6087,2019-04-28,42,63,21
6088,2019-04-28,23,27,4
6089,2019-04-28,12,11,-1
6090,2019-04-28,20,17,-3
6091,2019-04-28,22,24,2
6092,2019-04-28,23,14,-9
6093,2019-04-28,14,14,0
6094,2019-04-28,18,22,4
6095,2019-04-28,41,45,4
6096,2019-04-28,7,13,6
6097,2019-04-28,40,23,-17
6098,2019-04-28,11,3,-8
6099,2019-04-28,32,39,7
6100,2019-04-28,100,97,-3
6101,2019-04-28,26,4,-22
6102,2019-04-28,16,13,-3
6103,2019-04-28,7,5,-2
6104,2019-04-28,23,25,2
6105,2019-04-28,27,28,1
6106,2019-04-28,18,15,-3
6107,2019-04-28,44,46,2
6108,2019-04-28,17,23,6
6109,2019-04-28,4,11,7
6110,2019-04-28,20,16,-4
6111,2019-04-28,18,20,2
6112,2019-04-28,54,56,2
6113,2019-04-28,21,32,11
6114,2019-04-28,63,80,17
6115,2019-04-28,20,17,-3
6116,2019-04-28,16,19,3
6118,2019-04-28,44,62,18
6119,2019-04-28,51,64,13
6120,2019-04-28,30,38,8
6121,2019-04-28,14,16,2
6122,2019-04-28,7,7,0
6123,2019-04-28,11,13,2
6124,2019-04-28,23,25,2
6125,2019-04-28,10,11,1
6126,2019-04-28,12,16,4
6127,2019-04-28,20,22,2
6128,2019-04-28,6,8,2
6129,2019-04-28,26,26,0
6130,2019-04-28,23,17,-6
6131,2019-04-28,33,24,-9
6132,2019-04-28,21,22,1
6133,2019-04-28,22,19,-3
6134,2019-04-28,24,17,-7
6136,2019-04-28,121,94,-27
6137,2019-04-28,62,56,-6
6138,2019-04-28,25,29,4
6139,2019-04-28,16,19,3
6140,2019-04-28,70,61,-9
6142,2019-04-28,59,56,-3
6143,2019-04-28,68,65,-3
6145,2019-04-28,47,45,-2
6146,2019-04-28,44,37,-7
6147,2019-04-28,52,16,-36
6148,2019-04-28,46,37,-9
6149,2019-04-28,23,13,-10
6150,2019-04-28,36,36,0
6151,2019-04-28,43,38,-5
6152,2019-04-28,63,65,2
6153,2019-04-28,19,14,-5
6154,2019-04-28,98,119,21
6155,2019-04-28,68,82,14
6156,2019-04-28,39,43,4
6157,2019-04-28,49,58,9
6158,2019-04-28,35,38,3
6160,2019-04-28,31,37,6
6161,2019-04-28,25,28,3
6163,2019-04-28,65,59,-6
6164,2019-04-28,70,71,1
6165,2019-04-28,43,56,13
6166,2019-04-28,33,26,-7
6167,2019-04-28,24,24,0
6168,2019-04-28,10,6,-4
6169,2019-04-28,70,63,-7
6170,2019-04-28,27,22,-5
6171,2019-04-28,20,19,-1
6173,2019-04-28,51,45,-6
6174,2019-04-28,57,50,-7
6175,2019-04-28,53,27,-26
6176,2019-04-28,71,65,-6
6177,2019-04-28,40,43,3
6178,2019-04-28,56,63,7
6179,2019-04-28,49,47,-2
6180,2019-04-28,17,19,2
6181,2019-04-28,52,43,-9
6182,2019-04-28,24,24,0
6183,2019-04-28,35,32,-3
6184,2019-04-28,124,92,-32
6185,2019-04-28,14,15,1
6186,2019-04-28,40,27,-13
6187,2019-04-28,68,61,-7
6188,2019-04-28,23,27,4
6189,2019-04-28,20,11,-9
6190,2019-04-28,59,41,-18
6191,2019-04-28,28,23,-5
6192,2019-04-28,30,24,-6
6193,2019-04-28,60,58,-2
6194,2019-04-28,76,69,-7
6195,2019-04-28,40,31,-9
6196,2019-04-28,59,57,-2
6197,2019-04-28,30,32,2
6198,2019-04-28,10,7,-3
6199,2019-04-28,34,23,-11
6200,2019-04-28,46,41,-5
6201,2019-04-28,35,29,-6
6202,2019-04-28,51,38,-13
6203,2019-04-28,48,40,-8
6204,2019-04-28,45,48,3
6205,2019-04-28,51,43,-8
6206,2019-04-28,91,79,-12
6207,2019-04-28,22,22,0
6208,2019-04-28,22,31,9
6209,2019-04-28,62,43,-19
6210,2019-04-28,10,11,1
6211,2019-04-28,73,91,18
6212,2019-04-28,33,26,-7
6213,2019-04-28,57,55,-2
6214,2019-04-28,41,32,-9
6215,2019-04-28,29,17,-12
6216,2019-04-28,101,64,-37
6217,2019-04-28,68,52,-16
6218,2019-04-28,32,36,4
6219,2019-04-28,23,24,1
6220,2019-04-28,49,39,-10
6221,2019-04-28,88,72,-16
6222,2019-04-28,42,26,-16
6223,2019-04-28,64,43,-21
6224,2019-04-28,39,35,-4
6225,2019-04-28,44,30,-14
6226,2019-04-28,4,2,-2
6227,2019-04-28,79,88,9
6228,2019-04-28,13,7,-6
6229,2019-04-28,54,36,-18
6230,2019-04-28,60,49,-11
6231,2019-04-28,56,49,-7
6233,2019-04-28,60,65,5
6234,2019-04-28,42,43,1
6235,2019-04-28,11,10,-1
6236,2019-04-28,26,37,11
6237,2019-04-28,42,49,7
6240,2019-04-28,9,14,5
6241,2019-04-28,29,30,1
6243,2019-04-28,43,42,-1
6245,2019-04-28,23,22,-1
6246,2019-04-28,30,23,-7
6247,2019-04-28,43,41,-2
6248,2019-04-28,63,48,-15
6249,2019-04-28,36,37,1
6250,2019-04-28,57,70,13
6251,2019-04-28,21,18,-3
6252,2019-04-28,17,10,-7
6254,2019-04-28,27,33,6
6255,2019-04-28,53,56,3
6257,2019-04-28,27,17,-10
6258,2019-04-28,41,29,-12
6259,2019-04-28,26,17,-9
6260,2019-04-28,24,16,-8
6261,2019-04-28,25,23,-2
6262,2019-04-28,30,24,-6
6263,2019-04-28,7,10,3
6264,2019-04-28,13,12,-1
6265,2019-04-28,28,33,5
6266,2019-04-28,10,11,1
6267,2019-04-28,37,34,-3
6268,2019-04-28,30,24,-6
6269,2019-04-28,14,14,0
6270,2019-04-28,20,16,-4
6272,2019-04-28,17,17,0
6273,2019-04-28,22,15,-7
6274,2019-04-28,22,27,5
6275,2019-04-28,13,12,-1
6276,2019-04-28,9,12,3
6277,2019-04-28,30,28,-2
6278,2019-04-28,16,12,-4
6279,2019-04-28,8,7,-1
6280,2019-04-28,35,46,11
6281,2019-04-28,9,16,7
6301,2019-04-28,13,9,-4
6302,2019-04-28,10,4,-6
6303,2019-04-28,6,7,1
6304,2019-04-28,4,2,-2
6305,2019-04-28,11,6,-5
6306,2019-04-28,20,11,-9
6307,2019-04-28,41,42,1
6309,2019-04-28,9,6,-3
6310,2019-04-28,24,11,-13
6311,2019-04-28,25,21,-4
6312,2019-04-28,6,14,8
6313,2019-04-28,32,31,-1
6314,2019-04-28,30,30,0
6315,2019-04-28,28,18,-10
6316,2019-04-28,21,10,-11
6321,2019-04-28,36,33,-3
6322,2019-04-28,5,7,2
6323,2019-04-28,10,3,-7
6324,2019-04-28,15,15,0
6327,2019-04-28,12,10,-2
6328,2019-04-28,25,23,-2
6329,2019-04-28,6,13,7
6330,2019-04-28,5,6,1
6331,2019-04-28,10,15,5
6332,2019-04-28,20,20,0
6333,2019-04-28,12,14,2
6334,2019-04-28,32,31,-1
6335,2019-04-28,14,25,11
6336,2019-04-28,19,14,-5
6338,2019-04-28,30,27,-3
6339,2019-04-28,12,11,-1
6340,2019-04-28,15,12,-3
6341,2019-04-28,25,21,-4
6343,2019-04-28,22,25,3
6344,2019-04-28,20,27,7
6345,2019-04-28,8,10,2
6346,2019-04-28,4,4,0
6347,2019-04-28,7,7,0
6349,2019-04-28,15,10,-5
6350,2019-04-28,13,13,0
6354,2019-04-28,24,19,-5
6355,2019-04-28,14,13,-1
6356,2019-04-28,15,9,-6
6357,2019-04-28,8,7,-1
6358,2019-04-28,10,8,-2
6359,2019-04-28,24,18,-6
6360,2019-04-28,22,23,1
6361,2019-04-28,17,18,1
6362,2019-04-28,13,13,0
6363,2019-04-28,10,9,-1
6364,2019-04-28,30,17,-13
6366,2019-04-28,8,7,-1
6367,2019-04-28,19,16,-3
6368,2019-04-28,37,39,2
6369,2019-04-28,15,19,4
6370,2019-04-28,29,25,-4
6371,2019-04-28,48,49,1
6372,2019-04-28,64,59,-5
6373,2019-04-28,16,22,6
6374,2019-04-28,20,24,4
6375,2019-04-28,21,27,6
6376,2019-04-28,15,10,-5
6377,2019-04-28,13,20,7
6379,2019-04-28,11,13,2
6380,2019-04-28,14,12,-2
6381,2019-04-28,32,40,8
6383,2019-04-28,25,14,-11
6384,2019-04-28,12,10,-2
6385,2019-04-28,30,25,-5
6386,2019-04-28,37,32,-5
6387,2019-04-28,27,37,10
6388,2019-04-28,12,11,-1
6389,2019-04-28,35,27,-8
6391,2019-04-28,31,48,17
6393,2019-04-28,32,33,1
6394,2019-04-28,41,59,18
6395,2019-04-28,44,58,14
6396,2019-04-28,69,47,-22
6397,2019-04-28,28,31,3
6398,2019-04-28,8,14,6
6401,2019-04-28,32,34,2
6402,2019-04-28,35,40,5
6403,2019-04-28,13,15,2
6404,2019-04-28,3,2,-1
6405,2019-04-28,29,30,1
6406,2019-04-28,76,83,7
6407,2019-04-28,21,25,4
6408,2019-04-28,23,20,-3
6409,2019-04-28,12,13,1
6410,2019-04-28,12,12,0
6411,2019-04-28,46,44,-2
6412,2019-04-28,7,2,-5
6413,2019-04-28,2,3,1
6414,2019-04-28,7,16,9
6415,2019-04-28,8,12,4
6416,2019-04-28,13,7,-6
6417,2019-04-28,6,5,-1
6419,2019-04-28,8,5,-3
6420,2019-04-28,13,10,-3
6421,2019-04-28,19,18,-1
6422,2019-04-28,5,8,3
6423,2019-04-28,9,5,-4
6424,2019-04-28,4,15,11
6425,2019-04-28,21,26,5
6426,2019-04-28,30,26,-4
6427,2019-04-28,30,32,2
6428,2019-04-28,9,13,4
6429,2019-04-28,18,20,2
6432,2019-04-28,24,18,-6
6433,2019-04-28,16,12,-4
6434,2019-04-28,23,26,3
6435,2019-04-28,19,25,6
6436,2019-04-28,8,7,-1
6501,2019-04-28,32,38,6
6502,2019-04-28,15,15,0
6503,2019-04-28,22,22,0
6504,2019-04-28,7,11,4
6700,2019-04-28,13,26,13
6701,2019-04-28,18,14,-4
6702,2019-04-28,14,15,1
6703,2019-04-28,33,33,0
6704,2019-04-28,15,9,-6
6705,2019-04-28,6,11,5
6706,2019-04-28,12,16,4
6707,2019-04-28,5,9,4
6708,2019-04-28,23,22,-1
6709,2019-04-28,8,13,5
6710,2019-04-28,4,8,4
6711,2019-04-28,3,5,2
6712,2019-04-28,10,16,6
6713,2019-04-28,9,12,3
6714,2019-04-28,7,5,-2
6715,2019-04-28,10,13,3
6716,2019-04-28,6,6,0
6717,2019-04-28,3,5,2
6718,2019-04-28,9,11,2
6719,2019-04-28,7,15,8
6720,2019-04-28,16,19,3
6721,2019-04-28,5,9,4
6722,2019-04-28,10,7,-3
6723,2019-04-28,13,10,-3
6724,2019-04-28,34,33,-1
6725,2019-04-28,20,17,-3
6726,2019-04-28,5,6,1
6727,2019-04-28,19,27,8
6728,2019-04-28,9,6,-3
6729,2019-04-28,55,80,25
6730,2019-04-28,4,6,2
6731,2019-04-28,15,13,-2
6732,2019-04-28,10,12,2
6733,2019-04-28,17,19,2
6734,2019-04-28,26,19,-7
6735,2019-04-28,6,7,1
6736,2019-04-28,9,10,1
6737,2019-04-28,8,7,-1
6738,2019-04-28,8,8,0
6739,2019-04-28,4,6,2
6741,2019-04-28,8,8,0
6742,2019-04-28,17,20,3
6743,2019-04-28,11,11,0
6744,2019-04-28,9,10,1
6745,2019-04-28,7,7,0
6746,2019-04-28,9,7,-2
6747,2019-04-28,11,10,-1
6748,2019-04-28,29,36,7
6749,2019-04-28,17,16,-1
6750,2019-04-28,20,18,-2
6753,2019-04-28,5,4,-1
6754,2019-04-28,6,7,1
6901,2019-04-28,21,31,10
6902,2019-04-28,41,45,4
6903,2019-04-28,48,55,7
6904,2019-04-28,17,16,-1
6905,2019-04-28,11,13,2
6906,2019-04-28,68,47,-21
6907,2019-04-28,59,39,-20
6908,2019-04-28,35,28,-7
6910,2019-04-28,69,63,-6
6912,2019-04-28,68,50,-18
6913,2019-04-28,26,30,4
6915,2019-04-28,40,38,-2
6916,2019-04-28,15,18,3
6917,2019-04-28,10,19,9
6918,2019-04-28,13,6,-7
6919,2019-04-28,21,14,-7
6921,2019-04-28,14,14,0
6923,2019-04-28,29,19,-10
6924,2019-04-28,11,12,1
6925,2019-04-28,16,19,3
6926,2019-04-28,18,26,8
6927,2019-04-28,32,18,-14
6928,2019-04-28,11,4,-7
6929,2019-04-28,28,22,-6
6930,2019-04-28,7,10,3
7001,2019-04-28,20,31,11
7002,2019-04-28,3,4,1
7003,2019-04-28,24,30,6
7004,2019-04-28,9,6,-3
7006,2019-04-28,4,7,3
7007,2019-04-28,9,12,3
7008,2019-04-28,14,8,-6
7009,2019-04-28,23,42,19
7010,2019-04-28,7,10,3
7011,2019-04-28,22,33,11
7012,2019-04-28,9,18,9
7013,2019-04-28,9,11,2
7014,2019-04-28,26,22,-4
7015,2019-04-28,16,13,-3
7016,2019-04-28,9,13,4
7017,2019-04-28,18,20,2
7018,2019-04-28,11,15,4
7019,2019-04-28,10,11,1
7020,2019-04-28,14,15,1
7021,2019-04-28,12,16,4
7022,2019-04-28,21,24,3
7023,2019-04-28,4,6,2
7024,2019-04-28,17,11,-6
7025,2019-04-28,24,12,-12
7026,2019-04-28,29,22,-7
7027,2019-04-28,21,20,-1
7028,2019-04-28,19,20,1
7029,2019-04-28,24,22,-2
7030,2019-04-28,33,32,-1
7031,2019-04-28,30,26,-4
7032,2019-04-28,49,39,-10
7033,2019-04-28,44,43,-1
7034,2019-04-28,19,28,9
7035,2019-04-28,17,20,3
7036,2019-04-28,34,21,-13
7037,2019-04-28,26,25,-1
7038,2019-04-28,34,43,9
7039,2019-04-28,15,21,6
7040,2019-04-28,27,26,-1
7041,2019-04-28,50,43,-7
7042,2019-04-28,12,10,-2
7043,2019-04-28,11,4,-7
7045,2019-04-28,31,34,3
7046,2019-04-28,22,32,10
7047,2019-04-28,68,70,2
7048,2019-04-28,9,12,3
7050,2019-04-28,8,12,4
7051,2019-04-28,11,8,-3
7052,2019-04-28,12,12,0
7053,2019-04-28,13,18,5
7054,2019-04-28,24,34,10
7055,2019-04-28,12,21,9
7056,2019-04-28,4,4,0
7057,2019-04-28,25,29,4
7058,2019-04-28,19,25,6
7059,2019-04-28,4,8,4
7060,2019-04-28,7,8,1
7061,2019-04-28,16,15,-1
7062,2019-04-28,16,27,11
7063,2019-04-28,15,11,-4
7064,2019-04-28,5,6,1
7065,2019-04-28,24,25,1
7066,2019-04-28,23,35,12
7067,2019-04-28,16,21,5
7068,2019-04-28,24,28,4
7069,2019-04-28,21,17,-4
7070,2019-04-28,16,20,4
7071,2019-04-28,32,23,-9
7072,2019-04-28,25,17,-8
7073,2019-04-28,32,33,1
7074,2019-04-28,11,14,3
7075,2019-04-28,3,3,0
7076,2019-04-28,28,20,-8
7077,2019-04-28,5,8,3
7078,2019-04-28,20,22,2
7079,2019-04-28,10,8,-2
7082,2019-04-28,25,41,16
7083,2019-04-28,26,19,-7
7084,2019-04-28,43,46,3
7090,2019-04-28,4,3,-1
7091,2019-04-28,4,6,2
7092,2019-04-28,2,2,0
7093,2019-04-28,2,2,0
7094,2019-04-28,3,3,0
7095,2019-04-28,3,3,0
7096,2019-04-28,11,9,-2
7097,2019-04-28,3,0,-3
7098,2019-04-28,2,0,-2
7099,2019-04-28,1,0,-1
7101,2019-04-28,1,2,1
7102,2019-04-28,6,6,0
7103,2019-04-28,8,9,1
7104,2019-04-28,2,2,0
7105,2019-04-28,10,9,-1
7106,2019-04-28,2,2,0
7107,2019-04-28,5,3,-2
7108,2019-04-28,8,7,-1
7110,2019-04-28,6,7,1
7111,2019-04-28,2,2,0
7112,2019-04-28,9,7,-2
7113,2019-04-28,12,13,1
7114,2019-04-28,30,38,8
7117,2019-04-28,1,2,1
7118,2019-04-28,2,0,-2
7119,2019-04-28,11,11,0
7120,2019-04-28,5,4,-1
7121,2019-04-28,2,2,0
7122,2019-04-28,3,2,-1
7123,2019-04-28,2,1,-1
7124,2019-04-28,6,5,-1
7125,2019-04-28,19,16,-3
7126,2019-04-28,1,4,3
7127,2019-04-28,8,7,-1
7128,2019-04-28,6,5,-1
7129,2019-04-28,1,1,0
7130,2019-04-28,6,4,-2
7131,2019-04-28,4,2,-2
7133,2019-04-28,3,3,0
7134,2019-04-28,5,4,-1
7135,2019-04-28,4,7,3
7136,2019-04-28,3,3,0
7137,2019-04-28,3,5,2
7138,2019-04-28,2,1,-1
7139,2019-04-28,33,32,-1
7140,2019-04-28,17,13,-4
7141,2019-04-28,15,14,-1
7142,2019-04-28,8,12,4
7143,2019-04-28,10,7,-3
7144,2019-04-28,14,17,3
7145,2019-04-28,4,7,3
7146,2019-04-28,10,10,0
7147,2019-04-28,8,3,-5
7148,2019-04-28,4,1,-3
7149,2019-04-28,5,6,1
10002,2019-04-29,79,92,13
4000,2019-04-29,22,41,19
4002,2019-04-29,59,59,0
5002,2019-04-29,4,2,-2
5003,2019-04-29,1,1,0
5004,2019-04-29,1,0,-1
5006,2019-04-29,6,6,0
5007,2019-04-29,10,14,4
6001,2019-04-29,43,69,26
6002,2019-04-29,20,23,3
6003,2019-04-29,50,67,17
6004,2019-04-29,27,44,17
6005,2019-04-29,47,47,0
6006,2019-04-29,21,15,-6
6007,2019-04-29,38,35,-3
6008,2019-04-29,46,83,37
6009,2019-04-29,40,43,3
6011,2019-04-29,39,53,14
6012,2019-04-29,92,140,48
6013,2019-04-29,59,65,6
6014,2019-04-29,31,32,1
6015,2019-04-29,89,159,70
6016,2019-04-29,11,13,2
6017,2019-04-29,17,28,11
6018,2019-04-29,43,46,3
6019,2019-04-29,90,55,-35
6020,2019-04-29,48,67,19
6021,2019-04-29,74,53,-21
6022,2019-04-29,39,32,-7
6023,2019-04-29,68,72,4
6025,2019-04-29,20,22,2
6026,2019-04-29,57,73,16
6027,2019-04-29,89,98,9
6029,2019-04-29,12,19,7
6031,2019-04-29,28,35,7
6032,2019-04-29,47,87,40
6033,2019-04-29,21,16,-5
6034,2019-04-29,33,60,27
6035,2019-04-29,19,29,10
6036,2019-04-29,79,111,32
6037,2019-04-29,31,37,6
6038,2019-04-29,73,77,4
6039,2019-04-29,81,96,15
6042,2019-04-29,65,51,-14
6043,2019-04-29,132,222,90
6044,2019-04-29,39,50,11
6046,2019-04-29,64,66,2
6047,2019-04-29,46,47,1
6048,2019-04-29,32,41,9
6049,2019-04-29,67,62,-5
6050,2019-04-29,23,20,-3
6051,2019-04-29,25,24,-1
6052,2019-04-29,88,127,39
6053,2019-04-29,99,125,26
6057,2019-04-29,68,55,-13
6058,2019-04-29,46,47,1
6059,2019-04-29,50,28,-22
6060,2019-04-29,19,11,-8
6061,2019-04-29,3,30,27
6062,2019-04-29,40,35,-5
6063,2019-04-29,67,49,-18
6064,2019-04-29,133,120,-13
6065,2019-04-29,29,21,-8
6066,2019-04-29,30,10,-20
6067,2019-04-29,38,60,22
6068,2019-04-29,7,6,-1
6070,2019-04-29,147,127,-20
6072,2019-04-29,46,56,10
6073,2019-04-29,128,110,-18
6075,2019-04-29,23,10,-13
6076,2019-04-29,9,15,6
6079,2019-04-29,56,44,-12
6080,2019-04-29,100,95,-5
6081,2019-04-29,32,22,-10
6082,2019-04-29,11,7,-4
6083,2019-04-29,133,94,-39
6084,2019-04-29,25,31,6
6085,2019-04-29,59,93,34
6087,2019-04-29,69,93,24
6088,2019-04-29,47,54,7
6089,2019-04-29,34,46,12
6090,2019-04-29,41,39,-2
6091,2019-04-29,25,20,-5
6092,2019-04-29,42,34,-8
6093,2019-04-29,17,8,-9
6094,2019-04-29,51,42,-9
6095,2019-04-29,64,66,2
6096,2019-04-29,28,48,20
6097,2019-04-29,50,18,-32
6098,2019-04-29,24,26,2
6099,2019-04-29,64,74,10
6100,2019-04-29,157,160,3
6101,2019-04-29,30,8,-22
6102,2019-04-29,26,25,-1
6103,2019-04-29,10,15,5
6104,2019-04-29,74,79,5
6105,2019-04-29,35,60,25
6106,2019-04-29,13,14,1
6107,2019-04-29,66,56,-10
6108,2019-04-29,38,49,11
6109,2019-04-29,9,12,3
6110,2019-04-29,20,33,13
6111,2019-04-29,25,37,12
6112,2019-04-29,47,57,10
6113,2019-04-29,47,43,-4
6114,2019-04-29,109,129,20
6115,2019-04-29,14,18,4
6116,2019-04-29,49,53,4
6118,2019-04-29,46,47,1
6119,2019-04-29,48,73,25
6120,2019-04-29,38,44,6
6121,2019-04-29,19,21,2
6122,2019-04-29,15,20,5
6123,2019-04-29,17,31,14
6124,2019-04-29,20,31,11
6125,2019-04-29,17,14,-3
6126,2019-04-29,19,32,13
6127,2019-04-29,38,36,-2
6128,2019-04-29,14,15,1
6129,2019-04-29,40,37,-3
6130,2019-04-29,19,12,-7
6131,2019-04-29,44,26,-18
6132,2019-04-29,36,50,14
6133,2019-04-29,43,43,0
6134,2019-04-29,30,28,-2
6136,2019-04-29,219,145,-74
6137,2019-04-29,63,57,-6
6138,2019-04-29,47,51,4
6139,2019-04-29,34,25,-9
6140,2019-04-29,66,65,-1
6142,2019-04-29,64,40,-24
6143,2019-04-29,72,64,-8
6145,2019-04-29,31,33,2
6146,2019-04-29,42,29,-13
6147,2019-04-29,65,34,-31
6148,2019-04-29,80,58,-22
6149,2019-04-29,39,34,-5
6150,2019-04-29,34,39,5
6151,2019-04-29,57,50,-7
6152,2019-04-29,81,80,-1
6153,2019-04-29,31,27,-4
6154,2019-04-29,105,101,-4
6155,2019-04-29,85,91,6
6156,2019-04-29,56,45,-11
6157,2019-04-29,85,60,-25
6158,2019-04-29,46,51,5
6160,2019-04-29,51,46,-5
6161,2019-04-29,22,37,15
6163,2019-04-29,72,79,7
6164,2019-04-29,49,57,8
6165,2019-04-29,48,66,18
6166,2019-04-29,55,45,-10
6167,2019-04-29,29,26,-3
6168,2019-04-29,47,45,-2
6169,2019-04-29,90,97,7
6170,2019-04-29,22,30,8
6171,2019-04-29,21,26,5
6173,2019-04-29,78,51,-27
6174,2019-04-29,74,52,-22
6175,2019-04-29,66,25,-41
6176,2019-04-29,38,48,10
6177,2019-04-29,39,42,3
6178,2019-04-29,67,56,-11
6179,2019-04-29,57,49,-8
6180,2019-04-29,38,47,9
6181,2019-04-29,60,38,-22
6182,2019-04-29,43,32,-11
6183,2019-04-29,46,44,-2
6184,2019-04-29,148,137,-11
6185,2019-04-29,19,13,-6
6186,2019-04-29,64,35,-29
6187,2019-04-29,58,74,16
6188,2019-04-29,40,33,-7
6189,2019-04-29,8,12,4
6190,2019-04-29,92,64,-28
6191,2019-04-29,38,37,-1
6192,2019-04-29,26,21,-5
6193,2019-04-29,75,74,-1
6194,2019-04-29,113,99,-14
6195,2019-04-29,48,34,-14
6196,2019-04-29,64,51,-13
6197,2019-04-29,42,28,-14
6198,2019-04-29,19,6,-13
6199,2019-04-29,82,54,-28
6200,2019-04-29,56,55,-1
6201,2019-04-29,47,42,-5
6202,2019-04-29,65,61,-4
6203,2019-04-29,54,55,1
6204,2019-04-29,63,69,6
6205,2019-04-29,58,60,2
6206,2019-04-29,91,94,3
6207,2019-04-29,34,27,-7
6208,2019-04-29,48,57,9
6209,2019-04-29,86,56,-30
6210,2019-04-29,35,18,-17
6211,2019-04-29,104,96,-8
6212,2019-04-29,60,24,-36
6213,2019-04-29,79,75,-4
6214,2019-04-29,77,52,-25
6215,2019-04-29,30,28,-2
6216,2019-04-29,83,41,-42
6217,2019-04-29,74,63,-11
6218,2019-04-29,39,40,1
6219,2019-04-29,45,47,2
6220,2019-04-29,43,46,3
6221,2019-04-29,111,97,-14
6222,2019-04-29,51,30,-21
6223,2019-04-29,57,36,-21
6224,2019-04-29,41,35,-6
6225,2019-04-29,36,24,-12
6226,2019-04-29,19,16,-3
6227,2019-04-29,110,102,-8
6228,2019-04-29,25,16,-9
6229,2019-04-29,54,43,-11
6230,2019-04-29,57,56,-1
6231,2019-04-29,89,86,-3
6233,2019-04-29,66,48,-18
6234,2019-04-29,46,36,-10
6235,2019-04-29,82,55,-27
6236,2019-04-29,49,47,-2
6237,2019-04-29,38,35,-3
6240,2019-04-29,9,11,2
6241,2019-04-29,36,31,-5
6243,2019-04-29,47,44,-3
6245,2019-04-29,50,44,-6
6246,2019-04-29,29,36,7
6247,2019-04-29,56,39,-17
6248,2019-04-29,105,88,-17
6249,2019-04-29,34,34,0
6250,2019-04-29,60,59,-1
6251,2019-04-29,15,16,1
6252,2019-04-29,32,23,-9
6254,2019-04-29,48,37,-11
6255,2019-04-29,60,43,-17
6257,2019-04-29,26,26,0
6258,2019-04-29,53,37,-16
6259,2019-04-29,24,23,-1
6260,2019-04-29,31,33,2
6261,2019-04-29,25,30,5
6262,2019-04-29,17,23,6
6263,2019-04-29,17,17,0
6264,2019-04-29,25,27,2
6265,2019-04-29,37,36,-1
6266,2019-04-29,24,18,-6
6267,2019-04-29,34,37,3
6268,2019-04-29,22,27,5
6269,2019-04-29,10,14,4
6270,2019-04-29,22,19,-3
6272,2019-04-29,17,16,-1
6273,2019-04-29,26,24,-2
6274,2019-04-29,27,32,5
6275,2019-04-29,16,25,9
6276,2019-04-29,21,20,-1
6277,2019-04-29,28,32,4
6278,2019-04-29,18,15,-3
6279,2019-04-29,23,20,-3
6280,2019-04-29,49,40,-9
6281,2019-04-29,25,14,-11
6301,2019-04-29,8,13,5
6302,2019-04-29,18,15,-3
6303,2019-04-29,14,7,-7
6304,2019-04-29,8,8,0
6305,2019-04-29,14,8,-6
6306,2019-04-29,39,19,-20
6307,2019-04-29,48,45,-3
6309,2019-04-29,14,22,8
6310,2019-04-29,63,21,-42
6311,2019-04-29,24,20,-4
6312,2019-04-29,12,21,9
6313,2019-04-29,21,38,17
6314,2019-04-29,33,37,4
6315,2019-04-29,50,24,-26
6316,2019-04-29,26,12,-14
6321,2019-04-29,36,37,1
6322,2019-04-29,15,15,0
6323,2019-04-29,11,11,0
6324,2019-04-29,11,16,5
6327,2019-04-29,24,17,-7
6328,2019-04-29,25,28,3
6329,2019-04-29,22,18,-4
6330,2019-04-29,20,22,2
6331,2019-04-29,14,13,-1
6332,2019-04-29,26,28,2
6333,2019-04-29,13,10,-3
6334,2019-04-29,49,45,-4
6335,2019-04-29,19,24,5
6336,2019-04-29,17,16,-1
6338,2019-04-29,20,30,10
6339,2019-04-29,20,23,3
6340,2019-04-29,18,20,2
6341,2019-04-29,12,31,19
6343,2019-04-29,25,24,-1
6344,2019-04-29,38,29,-9
6345,2019-04-29,14,9,-5
6346,2019-04-29,20,11,-9
6347,2019-04-29,16,18,2
6349,2019-04-29,21,26,5
6350,2019-04-29,26,37,11
6354,2019-04-29,17,13,-4
6355,2019-04-29,22,29,7
6356,2019-04-29,32,26,-6
6357,2019-04-29,8,6,-2
6358,2019-04-29,17,20,3
6359,2019-04-29,46,42,-4
6360,2019-04-29,25,20,-5
6361,2019-04-29,24,31,7
6362,2019-04-29,19,20,1
6363,2019-04-29,19,13,-6
6364,2019-04-29,23,38,15
6366,2019-04-29,20,16,-4
6367,2019-04-29,22,23,1
6368,2019-04-29,41,48,7
6369,2019-04-29,21,32,11
6370,2019-04-29,21,22,1
6371,2019-04-29,27,33,6
6372,2019-04-29,54,51,-3
6373,2019-04-29,33,32,-1
6374,2019-04-29,28,23,-5
6375,2019-04-29,52,48,-4
6376,2019-04-29,23,18,-5
6377,2019-04-29,26,28,2
6379,2019-04-29,15,18,3
6380,2019-04-29,22,24,2
6381,2019-04-29,37,39,2
6383,2019-04-29,12,9,-3
6384,2019-04-29,19,15,-4
6385,2019-04-29,28,39,11
6386,2019-04-29,50,52,2
6387,2019-04-29,43,49,6
6388,2019-04-29,14,16,2
6389,2019-04-29,46,35,-11
6391,2019-04-29,31,58,27
6393,2019-04-29,43,60,17
6394,2019-04-29,43,67,24
6395,2019-04-29,42,31,-11
6396,2019-04-29,51,51,0
6397,2019-04-29,27,44,17
6398,2019-04-29,19,23,4
6401,2019-04-29,33,46,13
6402,2019-04-29,36,44,8
6403,2019-04-29,19,20,1
6404,2019-04-29,10,12,2
6405,2019-04-29,25,29,4
6406,2019-04-29,41,35,-6
6407,2019-04-29,11,21,10
6408,2019-04-29,28,31,3
6409,2019-04-29,10,12,2
6410,2019-04-29,32,30,-2
6411,2019-04-29,74,71,-3
6412,2019-04-29,27,26,-1
6413,2019-04-29,18,47,29
6414,2019-04-29,14,21,7
6415,2019-04-29,13,14,1
6416,2019-04-29,9,8,-1
6417,2019-04-29,18,20,2
6419,2019-04-29,4,13,9
6420,2019-04-29,18,13,-5
6421,2019-04-29,30,21,-9
6422,2019-04-29,6,15,9
6423,2019-04-29,11,4,-7
6424,2019-04-29,13,29,16
6425,2019-04-29,25,27,2
6426,2019-04-29,40,48,8
6427,2019-04-29,39,37,-2
6428,2019-04-29,9,16,7
6429,2019-04-29,23,32,9
6432,2019-04-29,70,69,-1
6433,2019-04-29,24,21,-3
6434,2019-04-29,43,39,-4
6435,2019-04-29,27,23,-4
6436,2019-04-29,20,24,4
6501,2019-04-29,23,29,6
6502,2019-04-29,13,14,1
6503,2019-04-29,43,34,-9
6504,2019-04-29,4,3,-1
6700,2019-04-29,13,22,9
6701,2019-04-29,36,35,-1
6702,2019-04-29,20,16,-4
6703,2019-04-29,33,38,5
6704,2019-04-29,19,18,-1
6705,2019-04-29,15,18,3
6706,2019-04-29,11,18,7
6707,2019-04-29,25,19,-6
6708,2019-04-29,36,75,39
6709,2019-04-29,21,21,0
6710,2019-04-29,7,10,3
6711,2019-04-29,14,14,0
6712,2019-04-29,6,6,0
6713,2019-04-29,17,13,-4
6714,2019-04-29,3,3,0
6715,2019-04-29,11,10,-1
6716,2019-04-29,6,8,2
6717,2019-04-29,7,5,-2
6718,2019-04-29,16,20,4
6719,2019-04-29,14,20,6
6720,2019-04-29,17,21,4
6721,2019-04-29,9,10,1
6722,2019-04-29,8,10,2
6723,2019-04-29,12,14,2
6724,2019-04-29,27,35,8
6725,2019-04-29,14,22,8
6726,2019-04-29,7,10,3
6727,2019-04-29,47,62,15
6728,2019-04-29,2,4,2
6729,2019-04-29,82,99,17
6730,2019-04-29,7,7,0
6731,2019-04-29,5,1,-4
6732,2019-04-29,28,30,2
6733,2019-04-29,17,16,-1
6734,2019-04-29,31,32,1
6735,2019-04-29,11,12,1
6736,2019-04-29,8,12,4
6737,2019-04-29,13,17,4
6738,2019-04-29,56,50,-6
6739,2019-04-29,6,12,6
6741,2019-04-29,16,14,-2
6742,2019-04-29,34,40,6
6743,2019-04-29,25,20,-5
6744,2019-04-29,14,16,2
6745,2019-04-29,11,13,2
6746,2019-04-29,13,10,-3
6747,2019-04-29,32,35,3
6748,2019-04-29,45,59,14
6749,2019-04-29,28,37,9
6750,2019-04-29,29,20,-9
6753,2019-04-29,17,13,-4
6754,2019-04-29,12,15,3
6901,2019-04-29,39,52,13
6902,2019-04-29,41,62,21
6903,2019-04-29,78,67,-11
6904,2019-04-29,36,31,-5
6905,2019-04-29,31,27,-4
6906,2019-04-29,94,58,-36
6907,2019-04-29,58,50,-8
6908,2019-04-29,24,28,4
6910,2019-04-29,72,71,-1
6912,2019-04-29,87,56,-31
6913,2019-04-29,33,26,-7
6915,2019-04-29,42,37,-5
6916,2019-04-29,23,20,-3
6917,2019-04-29,7,11,4
6918,2019-04-29,25,16,-9
6919,2019-04-29,15,11,-4
6921,2019-04-29,52,50,-2
6923,2019-04-29,30,33,3
6924,2019-04-29,20,14,-6
6925,2019-04-29,23,25,2
6926,2019-04-29,28,27,-1
6927,2019-04-29,49,26,-23
6928,2019-04-29,28,12,-16
6929,2019-04-29,24,16,-8
6930,2019-04-29,18,13,-5
7001,2019-04-29,19,25,6
7002,2019-04-29,11,15,4
7003,2019-04-29,56,43,-13
7004,2019-04-29,17,8,-9
7005,2019-04-29,2,5,3
7006,2019-04-29,11,12,1
7007,2019-04-29,18,23,5
7008,2019-04-29,21,18,-3
7009,2019-04-29,43,62,19
7010,2019-04-29,6,5,-1
7011,2019-04-29,29,37,8
7012,2019-04-29,22,19,-3
7013,2019-04-29,16,21,5
7014,2019-04-29,52,35,-17
7015,2019-04-29,21,14,-7
7016,2019-04-29,14,11,-3
7017,2019-04-29,15,24,9
7018,2019-04-29,17,20,3
7019,2019-04-29,63,52,-11
7020,2019-04-29,17,17,0
7021,2019-04-29,22,24,2
7022,2019-04-29,34,29,-5
7023,2019-04-29,1,3,2
7024,2019-04-29,19,22,3
7025,2019-04-29,31,26,-5
7026,2019-04-29,45,54,9
7027,2019-04-29,27,26,-1
7028,2019-04-29,99,102,3
7029,2019-04-29,22,30,8
7030,2019-04-29,36,44,8
7031,2019-04-29,41,28,-13
7032,2019-04-29,77,44,-33
7033,2019-04-29,43,33,-10
7034,2019-04-29,15,16,1
7035,2019-04-29,38,42,4
7036,2019-04-29,30,31,1
7037,2019-04-29,31,32,1
7038,2019-04-29,54,50,-4
7039,2019-04-29,14,16,2
7040,2019-04-29,47,50,3
7041,2019-04-29,89,83,-6
7042,2019-04-29,31,30,-1
7043,2019-04-29,23,15,-8
7045,2019-04-29,23,18,-5
7046,2019-04-29,92,92,0
7047,2019-04-29,76,124,48
7048,2019-04-29,8,11,3
7050,2019-04-29,14,10,-4
7051,2019-04-29,9,15,6
7052,2019-04-29,34,33,-1
7053,2019-04-29,24,23,-1
7054,2019-04-29,22,21,-1
7055,2019-04-29,16,29,13
7056,2019-04-29,12,14,2
7057,2019-04-29,26,34,8
7058,2019-04-29,18,19,1
7059,2019-04-29,14,12,-2
7060,2019-04-29,14,26,12
7061,2019-04-29,28,22,-6
7062,2019-04-29,34,30,-4
7063,2019-04-29,21,17,-4
7064,2019-04-29,17,7,-10
7065,2019-04-29,17,21,4
7066,2019-04-29,34,61,27
7067,2019-04-29,54,63,9
7068,2019-04-29,39,56,17
7069,2019-04-29,38,46,8
7070,2019-04-29,21,28,7
7071,2019-04-29,32,20,-12
7072,2019-04-29,26,24,-2
7073,2019-04-29,34,40,6
7074,2019-04-29,17,22,5
7075,2019-04-29,5,9,4
7076,2019-04-29,43,38,-5
7077,2019-04-29,21,21,0
7078,2019-04-29,13,27,14
7079,2019-04-29,50,55,5
7082,2019-04-29,40,47,7
7083,2019-04-29,33,20,-13
7084,2019-04-29,49,56,7
7090,2019-04-29,8,9,1
7091,2019-04-29,5,6,1
7094,2019-04-29,1,1,0
7095,2019-04-29,10,12,2
7096,2019-04-29,13,11,-2
7097,2019-04-29,7,3,-4
7098,2019-04-29,2,5,3
7099,2019-04-29,7,8,1
7100,2019-04-29,2,2,0
7101,2019-04-29,7,3,-4
7102,2019-04-29,10,17,7
7103,2019-04-29,2,2,0
7104,2019-04-29,1,2,1
7105,2019-04-29,3,4,1
7107,2019-04-29,2,1,-1
7108,2019-04-29,5,5,0
7109,2019-04-29,11,7,-4
7110,2019-04-29,3,4,1
7111,2019-04-29,2,1,-1
7112,2019-04-29,10,13,3
7113,2019-04-29,52,39,-13
7114,2019-04-29,39,52,13
7117,2019-04-29,2,2,0
7118,2019-04-29,2,2,0
7119,2019-04-29,4,5,1
7120,2019-04-29,1,2,1
7121,2019-04-29,3,3,0
7122,2019-04-29,6,6,0
7123,2019-04-29,1,2,1
7124,2019-04-29,17,13,-4
7125,2019-04-29,4,8,4
7126,2019-04-29,5,1,-4
7127,2019-04-29,27,29,2
7128,2019-04-29,8,12,4
7129,2019-04-29,2,4,2
7130,2019-04-29,12,9,-3
7131,2019-04-29,1,1,0
7132,2019-04-29,2,2,0
7133,2019-04-29,6,4,-2
7134,2019-04-29,6,5,-1
7135,2019-04-29,3,4,1
7136,2019-04-29,4,4,0
7137,2019-04-29,1,6,5
7138,2019-04-29,2,1,-1
7139,2019-04-29,37,41,4
7140,2019-04-29,21,24,3
7141,2019-04-29,14,25,11
7142,2019-04-29,7,10,3
7143,2019-04-29,9,11,2
7144,2019-04-29,17,20,3
7145,2019-04-29,6,9,3
7146,2019-04-29,13,14,1
7147,2019-04-29,18,18,0
7148,2019-04-29,2,2,0
7149,2019-04-29,7,8,1
10002,2019-04-30,74,88,14
4000,2019-04-30,33,42,9
4002,2019-04-30,76,61,-15
5002,2019-04-30,3,7,4
5004,2019-04-30,1,3,2
5006,2019-04-30,8,5,-3
5007,2019-04-30,12,13,1
6001,2019-04-30,43,61,18
6002,2019-04-30,23,42,19
6003,2019-04-30,56,72,16
6004,2019-04-30,35,52,17
6005,2019-04-30,56,57,1
6006,2019-04-30,23,16,-7
6007,2019-04-30,31,36,5
6008,2019-04-30,43,75,32
6009,2019-04-30,47,46,-1
6011,2019-04-30,49,53,4
6012,2019-04-30,122,189,67
6013,2019-04-30,64,88,24
6014,2019-04-30,28,33,5
6015,2019-04-30,155,247,92
6016,2019-04-30,5,8,3
6017,2019-04-30,28,49,21
6018,2019-04-30,41,50,9
6019,2019-04-30,109,63,-46
6020,2019-04-30,54,76,22
6021,2019-04-30,80,52,-28
6022,2019-04-30,27,38,11
6023,2019-04-30,105,113,8
6025,2019-04-30,38,36,-2
6026,2019-04-30,93,111,18
6027,2019-04-30,125,99,-26
6029,2019-04-30,17,18,1
6031,2019-04-30,32,38,6
6032,2019-04-30,42,104,62
6033,2019-04-30,16,15,-1
6034,2019-04-30,40,77,37
6035,2019-04-30,19,25,6
6036,2019-04-30,81,119,38
6037,2019-04-30,32,36,4
6038,2019-04-30,82,85,3
6039,2019-04-30,70,70,0
6042,2019-04-30,85,67,-18
6043,2019-04-30,150,250,100
6044,2019-04-30,47,49,2
6046,2019-04-30,86,82,-4
6047,2019-04-30,48,36,-12
6048,2019-04-30,42,44,2
6049,2019-04-30,79,80,1
6050,2019-04-30,19,19,0
6051,2019-04-30,32,34,2
6052,2019-04-30,126,180,54
6053,2019-04-30,114,135,21
6057,2019-04-30,73,61,-12
6058,2019-04-30,68,55,-13
6059,2019-04-30,63,51,-12
6060,2019-04-30,19,20,1
6062,2019-04-30,66,40,-26
6063,2019-04-30,73,61,-12
6064,2019-04-30,156,128,-28
6065,2019-04-30,57,38,-19
6066,2019-04-30,32,9,-23
6067,2019-04-30,46,58,12
6068,2019-04-30,4,4,0
6070,2019-04-30,167,176,9
6072,2019-04-30,45,63,18
6073,2019-04-30,155,158,3
6075,2019-04-30,30,9,-21
6076,2019-04-30,14,22,8
6079,2019-04-30,56,55,-1
6080,2019-04-30,102,96,-6
6081,2019-04-30,28,25,-3
6082,2019-04-30,6,4,-2
6083,2019-04-30,131,124,-7
6084,2019-04-30,33,32,-1
6085,2019-04-30,62,79,17
6087,2019-04-30,72,96,24
6088,2019-04-30,55,54,-1
6089,2019-04-30,43,43,0
6090,2019-04-30,34,30,-4
6091,2019-04-30,42,28,-14
6092,2019-04-30,43,52,9
6093,2019-04-30,31,21,-10
6094,2019-04-30,61,53,-8
6095,2019-04-30,66,55,-11
6096,2019-04-30,35,55,20
6097,2019-04-30,55,32,-23
6098,2019-04-30,38,23,-15
6099,2019-04-30,70,80,10
6100,2019-04-30,181,158,-23
6101,2019-04-30,30,10,-20
6102,2019-04-30,24,21,-3
6103,2019-04-30,17,17,0
6104,2019-04-30,74,94,20
6105,2019-04-30,43,58,15
6106,2019-04-30,21,32,11
6107,2019-04-30,68,72,4
6108,2019-04-30,46,51,5
6109,2019-04-30,18,21,3
6110,2019-04-30,34,31,-3
6111,2019-04-30,30,42,12
6112,2019-04-30,52,65,13
6113,2019-04-30,41,45,4
6114,2019-04-30,117,157,40
6115,2019-04-30,14,23,9
6116,2019-04-30,49,49,0
6118,2019-04-30,56,70,14
6119,2019-04-30,62,79,17
6120,2019-04-30,53,64,11
6121,2019-04-30,13,21,8
6122,2019-04-30,10,19,9
6123,2019-04-30,22,25,3
6124,2019-04-30,28,38,10
6125,2019-04-30,25,15,-10
6126,2019-04-30,23,33,10
6127,2019-04-30,44,37,-7
6128,2019-04-30,12,16,4
6129,2019-04-30,51,47,-4
6130,2019-04-30,25,12,-13
6131,2019-04-30,67,39,-28
6132,2019-04-30,41,39,-2
6133,2019-04-30,47,35,-12
6134,2019-04-30,40,38,-2
6136,2019-04-30,233,167,-66
6137,2019-04-30,92,78,-14
6138,2019-04-30,71,68,-3
6139,2019-04-30,21,24,3
6140,2019-04-30,83,80,-3
6142,2019-04-30,60,49,-11
6143,2019-04-30,83,78,-5
6145,2019-04-30,40,40,0
6146,2019-04-30,51,43,-8
6147,2019-04-30,63,52,-11
6148,2019-04-30,81,59,-22
6149,2019-04-30,41,35,-6
6150,2019-04-30,43,47,4
6151,2019-04-30,49,51,2
6152,2019-04-30,104,92,-12
6153,2019-04-30,48,34,-14
6154,2019-04-30,124,124,0
6155,2019-04-30,95,106,11
6156,2019-04-30,69,76,7
6157,2019-04-30,111,90,-21
6158,2019-04-30,46,52,6
6160,2019-04-30,48,52,4
6161,2019-04-30,29,39,10
6163,2019-04-30,70,78,8
6164,2019-04-30,63,73,10
6165,2019-04-30,54,49,-5
6166,2019-04-30,58,52,-6
6167,2019-04-30,25,30,5
6168,2019-04-30,34,34,0
6169,2019-04-30,89,81,-8
6170,2019-04-30,31,32,1
6171,2019-04-30,35,40,5
6173,2019-04-30,84,59,-25
6174,2019-04-30,68,55,-13
6175,2019-04-30,70,43,-27
6176,2019-04-30,87,80,-7
6177,2019-04-30,44,37,-7
6178,2019-04-30,72,75,3
6179,2019-04-30,51,63,12
6180,2019-04-30,34,35,1
6181,2019-04-30,73,40,-33
6182,2019-04-30,43,31,-12
6183,2019-04-30,63,63,0
6184,2019-04-30,165,154,-11
6185,2019-04-30,18,22,4
6186,2019-04-30,58,35,-23
6187,2019-04-30,83,94,11
6188,2019-04-30,35,45,10
6189,2019-04-30,13,22,9
6190,2019-04-30,94,74,-20
6191,2019-04-30,46,50,4
6192,2019-04-30,31,39,8
6193,2019-04-30,73,67,-6
6194,2019-04-30,118,113,-5
6195,2019-04-30,71,50,-21
6196,2019-04-30,86,60,-26
6197,2019-04-30,31,32,1
6198,2019-04-30,10,7,-3
6199,2019-04-30,84,67,-17
6200,2019-04-30,75,68,-7
6201,2019-04-30,64,41,-23
6202,2019-04-30,104,73,-31
6203,2019-04-30,66,65,-1
6204,2019-04-30,85,74,-11
6205,2019-04-30,69,48,-21
6206,2019-04-30,113,104,-9
6207,2019-04-30,29,30,1
6208,2019-04-30,58,66,8
6209,2019-04-30,98,74,-24
6210,2019-04-30,25,26,1
6211,2019-04-30,108,107,-1
6212,2019-04-30,73,39,-34
6213,2019-04-30,83,90,7
6214,2019-04-30,79,66,-13
6215,2019-04-30,48,44,-4
6216,2019-04-30,90,39,-51
6217,2019-04-30,98,55,-43
6218,2019-04-30,46,35,-11
6219,2019-04-30,51,37,-14
6220,2019-04-30,78,71,-7
6221,2019-04-30,131,113,-18
6222,2019-04-30,50,33,-17
6223,2019-04-30,69,33,-36
6224,2019-04-30,56,53,-3
6225,2019-04-30,51,32,-19
6226,2019-04-30,21,19,-2
6227,2019-04-30,114,111,-3
6228,2019-04-30,26,26,0
6229,2019-04-30,66,56,-10
6230,2019-04-30,85,72,-13
6231,2019-04-30,73,67,-6
6233,2019-04-30,91,67,-24
6234,2019-04-30,55,44,-11
6235,2019-04-30,53,47,-6
6236,2019-04-30,50,57,7
6237,2019-04-30,39,50,11
6240,2019-04-30,12,20,8
6241,2019-04-30,30,31,1
6243,2019-04-30,56,64,8
6245,2019-04-30,37,41,4
6246,2019-04-30,47,34,-13
6247,2019-04-30,61,59,-2
6248,2019-04-30,123,98,-25
6249,2019-04-30,44,37,-7
6250,2019-04-30,58,53,-5
6251,2019-04-30,19,13,-6
6252,2019-04-30,36,36,0
6254,2019-04-30,60,46,-14
6255,2019-04-30,50,52,2
6257,2019-04-30,27,27,0
6258,2019-04-30,66,53,-13
6259,2019-04-30,24,20,-4
6260,2019-04-30,41,33,-8
6261,2019-04-30,32,32,0
6262,2019-04-30,21,22,1
6263,2019-04-30,18,22,4
6264,2019-04-30,26,31,5
6265,2019-04-30,41,38,-3
6266,2019-04-30,17,12,-5
6267,2019-04-30,35,32,-3
6268,2019-04-30,39,36,-3
6269,2019-04-30,10,15,5
6270,2019-04-30,23,29,6
6272,2019-04-30,22,24,2
6273,2019-04-30,30,25,-5
6274,2019-04-30,44,46,2
6275,2019-04-30,23,15,-8
6276,2019-04-30,30,21,-9
6277,2019-04-30,41,45,4
6278,2019-04-30,19,14,-5
6279,2019-04-30,21,17,-4
6280,2019-04-30,52,51,-1
6281,2019-04-30,25,21,-4
6301,2019-04-30,17,10,-7
6302,2019-04-30,13,8,-5
6303,2019-04-30,13,9,-4
6304,2019-04-30,12,8,-4
6305,2019-04-30,25,16,-9
6306,2019-04-30,50,18,-32
6307,2019-04-30,63,61,-2
6309,2019-04-30,35,34,-1
6310,2019-04-30,52,24,-28
6311,2019-04-30,41,29,-12
6312,2019-04-30,7,20,13
6313,2019-04-30,25,25,0
6314,2019-04-30,54,39,-15
6315,2019-04-30,65,29,-36
6316,2019-04-30,37,9,-28
6321,2019-04-30,51,41,-10
6322,2019-04-30,23,16,-7
6323,2019-04-30,8,10,2
6324,2019-04-30,18,22,4
6327,2019-04-30,18,16,-2
6328,2019-04-30,25,20,-5
6329,2019-04-30,28,18,-10
6330,2019-04-30,22,22,0
6331,2019-04-30,19,16,-3
6332,2019-04-30,21,25,4
6333,2019-04-30,17,20,3
6334,2019-04-30,39,39,0
6335,2019-04-30,25,21,-4
6336,2019-04-30,19,16,-3
6338,2019-04-30,23,8,-15
6339,2019-04-30,27,21,-6
6340,2019-04-30,31,25,-6
6341,2019-04-30,21,34,13
6343,2019-04-30,30,25,-5
6344,2019-04-30,36,33,-3
6345,2019-04-30,6,9,3
6346,2019-04-30,12,19,7
6347,2019-04-30,24,17,-7
6349,2019-04-30,17,33,16
6350,2019-04-30,33,28,-5
6354,2019-04-30,18,29,11
6355,2019-04-30,23,36,13
6356,2019-04-30,34,29,-5
6357,2019-04-30,15,10,-5
6358,2019-04-30,21,20,-1
6359,2019-04-30,61,78,17
6360,2019-04-30,27,28,1
6361,2019-04-30,39,26,-13
6362,2019-04-30,22,24,2
6363,2019-04-30,24,13,-11
6364,2019-04-30,32,35,3
6366,2019-04-30,24,15,-9
6367,2019-04-30,22,23,1
6368,2019-04-30,56,49,-7
6369,2019-04-30,25,36,11
6370,2019-04-30,27,27,0
6371,2019-04-30,41,42,1
6372,2019-04-30,45,71,26
6373,2019-04-30,26,32,6
6374,2019-04-30,32,31,-1
6375,2019-04-30,64,81,17
6376,2019-04-30,27,23,-4
6377,2019-04-30,31,33,2
6379,2019-04-30,21,21,0
6380,2019-04-30,26,22,-4
6381,2019-04-30,46,39,-7
6383,2019-04-30,19,18,-1
6384,2019-04-30,16,18,2
6385,2019-04-30,54,56,2
6386,2019-04-30,47,63,16
6387,2019-04-30,53,70,17
6388,2019-04-30,21,21,0
6389,2019-04-30,39,36,-3
6391,2019-04-30,41,60,19
6393,2019-04-30,52,67,15
6394,2019-04-30,55,79,24
6395,2019-04-30,52,52,0
6396,2019-04-30,64,66,2
6397,2019-04-30,36,55,19
6398,2019-04-30,21,29,8
6401,2019-04-30,60,73,13
6402,2019-04-30,28,26,-2
6403,2019-04-30,15,18,3
6404,2019-04-30,6,10,4
6405,2019-04-30,35,48,13
6406,2019-04-30,37,49,12
6407,2019-04-30,13,20,7
6408,2019-04-30,48,51,3
6409,2019-04-30,14,21,7
6410,2019-04-30,28,30,2
6411,2019-04-30,104,115,11
6412,2019-04-30,17,20,3
6413,2019-04-30,18,19,1
6414,2019-04-30,13,22,9
6415,2019-04-30,17,18,1
6416,2019-04-30,27,13,-14
6417,2019-04-30,21,22,1
6419,2019-04-30,15,13,-2
6420,2019-04-30,16,17,1
6421,2019-04-30,31,41,10
6422,2019-04-30,8,11,3
6423,2019-04-30,19,17,-2
6424,2019-04-30,27,41,14
6425,2019-04-30,19,16,-3
6426,2019-04-30,54,61,7
6427,2019-04-30,44,39,-5
6428,2019-04-30,8,12,4
6429,2019-04-30,24,30,6
6432,2019-04-30,62,61,-1
6433,2019-04-30,28,19,-9
6434,2019-04-30,49,53,4
6435,2019-04-30,26,23,-3
6436,2019-04-30,18,14,-4
6501,2019-04-30,33,35,2
6502,2019-04-30,23,26,3
6503,2019-04-30,30,27,-3
6504,2019-04-30,7,10,3
6700,2019-04-30,11,23,12
6701,2019-04-30,39,40,1
6702,2019-04-30,17,12,-5
6703,2019-04-30,33,30,-3
6704,2019-04-30,16,12,-4
6705,2019-04-30,14,22,8
6706,2019-04-30,13,18,5
6707,2019-04-30,25,29,4
6708,2019-04-30,44,87,43
6709,2019-04-30,27,27,0
6710,2019-04-30,8,10,2
6711,2019-04-30,19,14,-5
6712,2019-04-30,13,13,0
6713,2019-04-30,10,12,2
6714,2019-04-30,4,5,1
6715,2019-04-30,11,13,2
6716,2019-04-30,8,10,2
6717,2019-04-30,14,11,-3
6718,2019-04-30,12,17,5
6719,2019-04-30,12,14,2
6720,2019-04-30,18,25,7
6721,2019-04-30,11,11,0
6722,2019-04-30,9,18,9
6723,2019-04-30,11,13,2
6724,2019-04-30,31,44,13
6725,2019-04-30,27,24,-3
6726,2019-04-30,9,15,6
6727,2019-04-30,69,70,1
6728,2019-04-30,11,9,-2
6729,2019-04-30,84,103,19
6730,2019-04-30,10,8,-2
6731,2019-04-30,9,7,-2
6732,2019-04-30,23,35,12
6733,2019-04-30,18,22,4
6734,2019-04-30,39,40,1
6735,2019-04-30,8,6,-2
6736,2019-04-30,9,12,3
6737,2019-04-30,16,18,2
6738,2019-04-30,46,47,1
6739,2019-04-30,8,9,1
6741,2019-04-30,12,19,7
6742,2019-04-30,37,39,2
6743,2019-04-30,28,21,-7
6744,2019-04-30,14,20,6
6745,2019-04-30,13,12,-1
6746,2019-04-30,11,14,3
6747,2019-04-30,34,40,6
6748,2019-04-30,50,70,20
6749,2019-04-30,46,42,-4
6750,2019-04-30,36,33,-3
6753,2019-04-30,16,19,3
6754,2019-04-30,10,18,8
6901,2019-04-30,43,51,8
6902,2019-04-30,46,71,25
6903,2019-04-30,85,64,-21
6904,2019-04-30,21,27,6
6905,2019-04-30,32,23,-9
6906,2019-04-30,123,75,-48
6907,2019-04-30,70,46,-24
6908,2019-04-30,42,46,4
6910,2019-04-30,82,66,-16
6912,2019-04-30,108,93,-15
6913,2019-04-30,46,26,-20
6915,2019-04-30,70,60,-10
6916,2019-04-30,19,28,9
6917,2019-04-30,8,8,0
6918,2019-04-30,22,14,-8
6919,2019-04-30,21,16,-5
6921,2019-04-30,47,62,15
6923,2019-04-30,39,37,-2
6924,2019-04-30,14,15,1
6925,2019-04-30,20,21,1
6926,2019-04-30,41,41,0
6927,2019-04-30,65,37,-28
6928,2019-04-30,35,15,-20
6929,2019-04-30,29,19,-10
6930,2019-04-30,17,16,-1
7001,2019-04-30,25,19,-6
7002,2019-04-30,11,12,1
7003,2019-04-30,69,47,-22
7004,2019-04-30,8,15,7
7005,2019-04-30,4,6,2
7006,2019-04-30,13,7,-6
7007,2019-04-30,9,13,4
7008,2019-04-30,12,17,5
7009,2019-04-30,59,70,11
7010,2019-04-30,10,13,3
7011,2019-04-30,41,60,19
7012,2019-04-30,21,19,-2
7013,2019-04-30,14,17,3
7014,2019-04-30,61,41,-20
7015,2019-04-30,10,12,2
7016,2019-04-30,14,14,0
7017,2019-04-30,19,26,7
7018,2019-04-30,20,24,4
7019,2019-04-30,76,78,2
7020,2019-04-30,24,21,-3
7021,2019-04-30,30,33,3
7022,2019-04-30,33,27,-6
7023,2019-04-30,13,4,-9
7024,2019-04-30,33,26,-7
7025,2019-04-30,35,17,-18
7026,2019-04-30,50,51,1
7027,2019-04-30,27,29,2
7028,2019-04-30,87,71,-16
7029,2019-04-30,34,33,-1
7030,2019-04-30,53,61,8
7031,2019-04-30,34,45,11
7032,2019-04-30,89,59,-30
7033,2019-04-30,47,48,1
7034,2019-04-30,17,23,6
7035,2019-04-30,44,40,-4
7036,2019-04-30,32,34,2
7037,2019-04-30,38,37,-1
7038,2019-04-30,56,55,-1
7039,2019-04-30,25,27,2
7040,2019-04-30,52,56,4
7041,2019-04-30,63,76,13
7042,2019-04-30,21,21,0
7043,2019-04-30,17,12,-5
7045,2019-04-30,26,27,1
7046,2019-04-30,102,130,28
7047,2019-04-30,87,132,45
7048,2019-04-30,13,15,2
7050,2019-04-30,10,15,5
7051,2019-04-30,6,11,5
7052,2019-04-30,34,36,2
7053,2019-04-30,27,24,-3
7054,2019-04-30,32,32,0
7055,2019-04-30,18,38,20
7056,2019-04-30,10,10,0
7057,2019-04-30,32,46,14
7058,2019-04-30,28,28,0
7059,2019-04-30,23,23,0
7060,2019-04-30,22,26,4
7061,2019-04-30,21,23,2
7062,2019-04-30,37,40,3
7063,2019-04-30,14,14,0
7064,2019-04-30,24,24,0
7065,2019-04-30,29,21,-8
7066,2019-04-30,45,68,23
7067,2019-04-30,58,75,17
7068,2019-04-30,42,62,20
7069,2019-04-30,56,64,8
7070,2019-04-30,34,27,-7
7071,2019-04-30,36,21,-15
7072,2019-04-30,31,27,-4
7073,2019-04-30,34,45,11
7074,2019-04-30,27,30,3
7075,2019-04-30,5,3,-2
7076,2019-04-30,38,24,-14
7077,2019-04-30,23,23,0
7078,2019-04-30,17,35,18
7079,2019-04-30,55,75,20
7082,2019-04-30,42,51,9
7083,2019-04-30,32,25,-7
7084,2019-04-30,65,68,3
7090,2019-04-30,12,11,-1
7091,2019-04-30,4,5,1
7092,2019-04-30,4,3,-1
7093,2019-04-30,5,5,0
7094,2019-04-30,6,7,1
7095,2019-04-30,11,10,-1
7096,2019-04-30,17,17,0
7098,2019-04-30,6,3,-3
7099,2019-04-30,6,9,3
7100,2019-04-30,1,1,0
7101,2019-04-30,7,2,-5
7102,2019-04-30,12,15,3
7104,2019-04-30,2,1,-1
7105,2019-04-30,6,6,0
7107,2019-04-30,1,1,0
7108,2019-04-30,5,4,-1
7109,2019-04-30,7,9,2
7111,2019-04-30,1,3,2
7112,2019-04-30,13,15,2
7113,2019-04-30,46,39,-7
7114,2019-04-30,49,42,-7
7117,2019-04-30,4,4,0
7118,2019-04-30,1,2,1
7119,2019-04-30,2,4,2
7121,2019-04-30,3,3,0
7122,2019-04-30,6,5,-1
7123,2019-04-30,1,1,0
7124,2019-04-30,9,11,2
7125,2019-04-30,17,21,4
7126,2019-04-30,5,4,-1
7127,2019-04-30,24,27,3
7128,2019-04-30,7,8,1
7129,2019-04-30,9,6,-3
7130,2019-04-30,8,11,3
7131,2019-04-30,5,2,-3
7132,2019-04-30,1,4,3
7133,2019-04-30,3,4,1
7134,2019-04-30,6,8,2
7135,2019-04-30,3,0,-3
7136,2019-04-30,5,7,2
7137,2019-04-30,2,4,2
7138,2019-04-30,3,4,1
7139,2019-04-30,46,63,17
7140,2019-04-30,17,13,-4
7141,2019-04-30,20,26,6
7142,2019-04-30,8,13,5
7143,2019-04-30,12,17,5
7144,2019-04-30,34,43,9
7145,2019-04-30,8,10,2
7146,2019-04-30,14,17,3
7147,2019-04-30,19,17,-2
7148,2019-04-30,4,3,-1
7149,2019-04-30,8,10,2
10002,2019-05-01,74,71,-3
4000,2019-05-01,21,35,14
4002,2019-05-01,37,50,13
5002,2019-05-01,3,2,-1
5004,2019-05-01,3,3,0
5006,2019-05-01,4,3,-1
5007,2019-05-01,10,10,0
6001,2019-05-01,35,64,29
6002,2019-05-01,17,17,0
6003,2019-05-01,41,59,18
6004,2019-05-01,26,48,22
6005,2019-05-01,48,62,14
6006,2019-05-01,25,14,-11
6007,2019-05-01,19,25,6
6008,2019-05-01,36,66,30
6009,2019-05-01,34,35,1
6011,2019-05-01,35,49,14
6012,2019-05-01,61,120,59
6013,2019-05-01,32,51,19
6014,2019-05-01,20,28,8
6015,2019-05-01,87,169,82
6016,2019-05-01,6,9,3
6017,2019-05-01,25,26,1
6018,2019-05-01,24,32,8
6019,2019-05-01,65,53,-12
6020,2019-05-01,31,44,13
6021,2019-05-01,54,38,-16
6022,2019-05-01,34,30,-4
6023,2019-05-01,51,60,9
6025,2019-05-01,29,29,0
6026,2019-05-01,30,50,20
6027,2019-05-01,48,65,17
6029,2019-05-01,13,16,3
6031,2019-05-01,19,26,7
6032,2019-05-01,28,93,65
6033,2019-05-01,15,14,-1
6034,2019-05-01,25,49,24
6035,2019-05-01,13,22,9
6036,2019-05-01,33,58,25
6037,2019-05-01,29,36,7
6038,2019-05-01,49,59,10
6039,2019-05-01,38,59,21
6042,2019-05-01,62,64,2
6043,2019-05-01,93,232,139
6044,2019-05-01,54,28,-26
6046,2019-05-01,56,65,9
6047,2019-05-01,51,37,-14
6048,2019-05-01,34,33,-1
6049,2019-05-01,82,90,8
6050,2019-05-01,23,30,7
6051,2019-05-01,27,22,-5
6052,2019-05-01,50,112,62
6053,2019-05-01,66,97,31
6057,2019-05-01,56,36,-20
6058,2019-05-01,46,51,5
6059,2019-05-01,38,34,-4
6060,2019-05-01,19,17,-2
6062,2019-05-01,33,39,6
6063,2019-05-01,47,57,10
6064,2019-05-01,73,100,27
6065,2019-05-01,28,27,-1
6066,2019-05-01,23,13,-10
6067,2019-05-01,34,55,21
6068,2019-05-01,3,5,2
6070,2019-05-01,117,118,1
6072,2019-05-01,30,52,22
6073,2019-05-01,85,103,18
6075,2019-05-01,25,7,-18
6076,2019-05-01,13,16,3
6079,2019-05-01,34,32,-2
6080,2019-05-01,58,66,8
6081,2019-05-01,12,7,-5
6082,2019-05-01,9,5,-4
6083,2019-05-01,75,119,44
6084,2019-05-01,20,28,8
6085,2019-05-01,41,80,39
6087,2019-05-01,58,80,22
6088,2019-05-01,29,42,13
6089,2019-05-01,44,44,0
6090,2019-05-01,28,29,1
6091,2019-05-01,29,17,-12
6092,2019-05-01,26,37,11
6093,2019-05-01,16,11,-5
6094,2019-05-01,43,44,1
6095,2019-05-01,46,42,-4
6096,2019-05-01,19,27,8
6097,2019-05-01,29,14,-15
6098,2019-05-01,21,20,-1
6099,2019-05-01,50,69,19
6100,2019-05-01,95,115,20
6101,2019-05-01,25,10,-15
6102,2019-05-01,22,15,-7
6103,2019-05-01,10,5,-5
6104,2019-05-01,61,80,19
6105,2019-05-01,44,55,11
6106,2019-05-01,14,19,5
6107,2019-05-01,37,44,7
6108,2019-05-01,29,36,7
6109,2019-05-01,2,0,-2
6110,2019-05-01,21,20,-1
6111,2019-05-01,26,28,2
6112,2019-05-01,59,46,-13
6113,2019-05-01,39,40,1
6114,2019-05-01,68,89,21
6115,2019-05-01,6,12,6
6116,2019-05-01,47,45,-2
6118,2019-05-01,39,45,6
6119,2019-05-01,54,47,-7
6120,2019-05-01,35,51,16
6121,2019-05-01,12,18,6
6122,2019-05-01,8,7,-1
6123,2019-05-01,19,17,-2
6124,2019-05-01,26,37,11
6125,2019-05-01,7,9,2
6126,2019-05-01,31,29,-2
6127,2019-05-01,19,20,1
6128,2019-05-01,10,11,1
6129,2019-05-01,54,34,-20
6130,2019-05-01,20,5,-15
6131,2019-05-01,43,27,-16
6132,2019-05-01,41,44,3
6133,2019-05-01,39,37,-2
6134,2019-05-01,23,20,-3
6136,2019-05-01,193,148,-45
6137,2019-05-01,60,53,-7
6138,2019-05-01,33,38,5
6139,2019-05-01,23,16,-7
6140,2019-05-01,51,53,2
6142,2019-05-01,41,24,-17
6143,2019-05-01,46,32,-14
6145,2019-05-01,31,17,-14
6146,2019-05-01,33,25,-8
6147,2019-05-01,64,44,-20
6148,2019-05-01,56,48,-8
6149,2019-05-01,33,17,-16
6150,2019-05-01,39,33,-6
6151,2019-05-01,52,38,-14
6152,2019-05-01,46,60,14
6153,2019-05-01,31,30,-1
6154,2019-05-01,92,84,-8
6155,2019-05-01,88,73,-15
6156,2019-05-01,48,53,5
6157,2019-05-01,59,45,-14
6158,2019-05-01,40,32,-8
6160,2019-05-01,36,26,-10
6161,2019-05-01,31,27,-4
6163,2019-05-01,65,63,-2
6164,2019-05-01,50,64,14
6165,2019-05-01,42,30,-12
6166,2019-05-01,42,27,-15
6167,2019-05-01,22,26,4
6168,2019-05-01,27,26,-1
6169,2019-05-01,63,62,-1
6170,2019-05-01,20,19,-1
6171,2019-05-01,31,37,6
6173,2019-05-01,64,50,-14
6174,2019-05-01,56,47,-9
6175,2019-05-01,60,30,-30
6176,2019-05-01,50,62,12
6177,2019-05-01,37,29,-8
6178,2019-05-01,64,56,-8
6179,2019-05-01,44,42,-2
6180,2019-05-01,24,35,11
6181,2019-05-01,54,43,-11
6182,2019-05-01,27,20,-7
6183,2019-05-01,53,45,-8
6184,2019-05-01,119,127,8
6185,2019-05-01,18,7,-11
6186,2019-05-01,58,41,-17
6187,2019-05-01,59,70,11
6188,2019-05-01,28,26,-2
6189,2019-05-01,14,10,-4
6190,2019-05-01,78,62,-16
6191,2019-05-01,43,44,1
6192,2019-05-01,38,18,-20
6193,2019-05-01,51,53,2
6194,2019-05-01,66,67,1
6195,2019-05-01,48,24,-24
6196,2019-05-01,69,52,-17
6197,2019-05-01,34,27,-7
6198,2019-05-01,3,0,-3
6199,2019-05-01,68,57,-11
6200,2019-05-01,56,51,-5
6201,2019-05-01,44,37,-7
6202,2019-05-01,58,46,-12
6203,2019-05-01,37,40,3
6204,2019-05-01,64,79,15
6205,2019-05-01,62,41,-21
6206,2019-05-01,70,69,-1
6207,2019-05-01,26,27,1
6208,2019-05-01,46,42,-4
6209,2019-05-01,72,47,-25
6210,2019-05-01,17,18,1
6211,2019-05-01,72,61,-11
6212,2019-05-01,40,19,-21
6213,2019-05-01,60,66,6
6214,2019-05-01,72,49,-23
6215,2019-05-01,37,31,-6
6216,2019-05-01,45,20,-25
6217,2019-05-01,60,52,-8
6218,2019-05-01,32,25,-7
6219,2019-05-01,40,32,-8
6220,2019-05-01,56,45,-11
6221,2019-05-01,111,98,-13
6222,2019-05-01,29,18,-11
6223,2019-05-01,47,20,-27
6224,2019-05-01,35,34,-1
6225,2019-05-01,44,33,-11
6226,2019-05-01,14,16,2
6227,2019-05-01,40,42,2
6228,2019-05-01,20,16,-4
6229,2019-05-01,31,30,-1
6230,2019-05-01,45,44,-1
6231,2019-05-01,84,52,-32
6233,2019-05-01,56,42,-14
6234,2019-05-01,51,38,-13
6235,2019-05-01,49,49,0
6236,2019-05-01,43,34,-9
6237,2019-05-01,27,23,-4
6240,2019-05-01,14,10,-4
6241,2019-05-01,24,24,0
6243,2019-05-01,35,31,-4
6245,2019-05-01,29,32,3
6246,2019-05-01,42,34,-8
6247,2019-05-01,68,50,-18
6248,2019-05-01,92,73,-19
6249,2019-05-01,23,24,1
6250,2019-05-01,24,23,-1
6251,2019-05-01,5,10,5
6252,2019-05-01,30,27,-3
6254,2019-05-01,45,36,-9
6255,2019-05-01,45,44,-1
6257,2019-05-01,24,15,-9
6258,2019-05-01,55,38,-17
6259,2019-05-01,26,22,-4
6260,2019-05-01,29,28,-1
6261,2019-05-01,32,25,-7
6262,2019-05-01,25,27,2
6263,2019-05-01,21,19,-2
6264,2019-05-01,24,13,-11
6265,2019-05-01,44,47,3
6266,2019-05-01,12,9,-3
6267,2019-05-01,30,22,-8
6268,2019-05-01,30,34,4
6269,2019-05-01,10,10,0
6270,2019-05-01,21,14,-7
6272,2019-05-01,19,17,-2
6273,2019-05-01,18,8,-10
6274,2019-05-01,34,19,-15
6275,2019-05-01,12,13,1
6276,2019-05-01,21,14,-7
6277,2019-05-01,27,31,4
6278,2019-05-01,14,6,-8
6279,2019-05-01,20,17,-3
6280,2019-05-01,46,45,-1
6281,2019-05-01,15,11,-4
6301,2019-05-01,15,12,-3
6302,2019-05-01,9,10,1
6303,2019-05-01,8,6,-2
6304,2019-05-01,7,6,-1
6305,2019-05-01,10,10,0
6306,2019-05-01,22,10,-12
6307,2019-05-01,47,36,-11
6309,2019-05-01,16,15,-1
6310,2019-05-01,47,28,-19
6311,2019-05-01,28,20,-8
6312,2019-05-01,5,9,4
6313,2019-05-01,21,20,-1
6314,2019-05-01,30,28,-2
6315,2019-05-01,25,17,-8
6316,2019-05-01,15,5,-10
6321,2019-05-01,30,27,-3
6322,2019-05-01,12,14,2
6323,2019-05-01,7,7,0
6324,2019-05-01,19,12,-7
6327,2019-05-01,27,10,-17
6328,2019-05-01,19,16,-3
6329,2019-05-01,16,8,-8
6330,2019-05-01,19,7,-12
6331,2019-05-01,12,10,-2
6332,2019-05-01,10,11,1
6333,2019-05-01,12,18,6
6334,2019-05-01,40,41,1
6335,2019-05-01,22,18,-4
6336,2019-05-01,11,11,0
6338,2019-05-01,18,26,8
6339,2019-05-01,20,10,-10
6340,2019-05-01,9,17,8
6341,2019-05-01,24,17,-7
6343,2019-05-01,23,18,-5
6344,2019-05-01,35,21,-14
6345,2019-05-01,6,6,0
6346,2019-05-01,11,13,2
6347,2019-05-01,11,8,-3
6349,2019-05-01,18,8,-10
6350,2019-05-01,24,8,-16
6354,2019-05-01,23,13,-10
6355,2019-05-01,20,18,-2
6356,2019-05-01,20,10,-10
6357,2019-05-01,3,4,1
6358,2019-05-01,15,8,-7
6359,2019-05-01,38,31,-7
6360,2019-05-01,16,11,-5
6361,2019-05-01,20,19,-1
6362,2019-05-01,20,12,-8
6363,2019-05-01,16,9,-7
6364,2019-05-01,34,22,-12
6366,2019-05-01,23,14,-9
6367,2019-05-01,16,17,1
6368,2019-05-01,31,39,8
6369,2019-05-01,16,22,6
6370,2019-05-01,21,13,-8
6371,2019-05-01,40,28,-12
6372,2019-05-01,36,37,1
6373,2019-05-01,28,16,-12
6374,2019-05-01,23,18,-5
6375,2019-05-01,31,26,-5
6376,2019-05-01,21,13,-8
6377,2019-05-01,20,16,-4
6379,2019-05-01,23,15,-8
6380,2019-05-01,22,16,-6
6381,2019-05-01,35,29,-6
6383,2019-05-01,14,10,-4
6384,2019-05-01,10,10,0
6385,2019-05-01,35,33,-2
6386,2019-05-01,30,44,14
6387,2019-05-01,36,49,13
6388,2019-05-01,11,13,2
6389,2019-05-01,29,27,-2
6391,2019-05-01,28,41,13
6393,2019-05-01,45,44,-1
6394,2019-05-01,26,32,6
6395,2019-05-01,28,29,1
6396,2019-05-01,42,44,2
6397,2019-05-01,22,25,3
6398,2019-05-01,13,20,7
6401,2019-05-01,29,40,11
6402,2019-05-01,20,17,-3
6403,2019-05-01,22,12,-10
6404,2019-05-01,8,10,2
6405,2019-05-01,20,23,3
6406,2019-05-01,18,20,2
6407,2019-05-01,8,15,7
6408,2019-05-01,38,43,5
6409,2019-05-01,9,13,4
6410,2019-05-01,31,30,-1
6411,2019-05-01,79,80,1
6412,2019-05-01,11,19,8
6413,2019-05-01,9,23,14
6414,2019-05-01,9,10,1
6415,2019-05-01,12,11,-1
6416,2019-05-01,15,10,-5
6417,2019-05-01,8,10,2
6419,2019-05-01,3,6,3
6420,2019-05-01,14,7,-7
6421,2019-05-01,34,18,-16
6422,2019-05-01,4,5,1
6423,2019-05-01,10,4,-6
6424,2019-05-01,21,40,19
6425,2019-05-01,11,9,-2
6426,2019-05-01,30,38,8
6427,2019-05-01,30,28,-2
6428,2019-05-01,7,12,5
6429,2019-05-01,16,24,8
6432,2019-05-01,56,56,0
6433,2019-05-01,20,14,-6
6434,2019-05-01,45,38,-7
6435,2019-05-01,15,16,1
6436,2019-05-01,14,11,-3
6501,2019-05-01,2,2,0
6502,2019-05-01,7,5,-2
6503,2019-05-01,29,34,5
6504,2019-05-01,5,5,0
6700,2019-05-01,10,27,17
6701,2019-05-01,40,41,1
6702,2019-05-01,10,14,4
6703,2019-05-01,19,19,0
6704,2019-05-01,10,9,-1
6705,2019-05-01,14,12,-2
6706,2019-05-01,11,10,-1
6707,2019-05-01,21,30,9
6708,2019-05-01,24,68,44
6709,2019-05-01,14,13,-1
6710,2019-05-01,7,11,4
6711,2019-05-01,11,11,0
6712,2019-05-01,2,2,0
6713,2019-05-01,11,12,1
6714,2019-05-01,2,1,-1
6715,2019-05-01,11,7,-4
6716,2019-05-01,4,5,1
6717,2019-05-01,3,8,5
6718,2019-05-01,13,12,-1
6719,2019-05-01,16,19,3
6720,2019-05-01,13,10,-3
6721,2019-05-01,11,11,0
6722,2019-05-01,10,11,1
6723,2019-05-01,9,9,0
6724,2019-05-01,14,21,7
6725,2019-05-01,18,21,3
6726,2019-05-01,4,7,3
6727,2019-05-01,38,55,17
6728,2019-05-01,6,4,-2
6729,2019-05-01,45,69,24
6730,2019-05-01,5,6,1
6731,2019-05-01,3,1,-2
6732,2019-05-01,22,26,4
6733,2019-05-01,20,12,-8
6734,2019-05-01,21,20,-1
6735,2019-05-01,5,6,1
6736,2019-05-01,6,11,5
6737,2019-05-01,13,5,-8
6738,2019-05-01,42,40,-2
6739,2019-05-01,6,4,-2
6741,2019-05-01,16,10,-6
6742,2019-05-01,21,31,10
6743,2019-05-01,15,7,-8
6744,2019-05-01,15,13,-2
6745,2019-05-01,10,9,-1
6746,2019-05-01,8,7,-1
6747,2019-05-01,33,36,3
6748,2019-05-01,44,50,6
6749,2019-05-01,39,41,2
6750,2019-05-01,35,22,-13
6753,2019-05-01,13,6,-7
6754,2019-05-01,9,9,0
6901,2019-05-01,34,48,14
6902,2019-05-01,36,54,18
6903,2019-05-01,44,49,5
6904,2019-05-01,24,18,-6
6905,2019-05-01,28,23,-5
6906,2019-05-01,101,66,-35
6907,2019-05-01,57,40,-17
6908,2019-05-01,33,26,-7
6910,2019-05-01,66,48,-18
6912,2019-05-01,96,87,-9
6913,2019-05-01,35,23,-12
6915,2019-05-01,61,47,-14
6916,2019-05-01,12,13,1
6917,2019-05-01,12,14,2
6918,2019-05-01,23,10,-13
6919,2019-05-01,14,12,-2
6921,2019-05-01,37,43,6
6923,2019-05-01,30,26,-4
6924,2019-05-01,7,9,2
6925,2019-05-01,26,23,-3
6926,2019-05-01,21,20,-1
6927,2019-05-01,26,16,-10
6928,2019-05-01,22,13,-9
6929,2019-05-01,18,14,-4
6930,2019-05-01,13,14,1
7001,2019-05-01,14,14,0
7002,2019-05-01,6,4,-2
7003,2019-05-01,48,41,-7
7004,2019-05-01,11,6,-5
7005,2019-05-01,4,3,-1
7006,2019-05-01,7,9,2
7007,2019-05-01,10,9,-1
7008,2019-05-01,13,14,1
7009,2019-05-01,31,49,18
7010,2019-05-01,7,6,-1
7011,2019-05-01,33,39,6
7012,2019-05-01,12,14,2
7013,2019-05-01,13,13,0
7014,2019-05-01,42,30,-12
7015,2019-05-01,3,3,0
7016,2019-05-01,3,3,0
7017,2019-05-01,11,16,5
7018,2019-05-01,14,13,-1
7019,2019-05-01,25,82,57
7020,2019-05-01,10,13,3
7021,2019-05-01,28,16,-12
7022,2019-05-01,23,26,3
7023,2019-05-01,3,4,1
7024,2019-05-01,17,13,-4
7025,2019-05-01,25,21,-4
7026,2019-05-01,44,36,-8
7027,2019-05-01,21,21,0
7028,2019-05-01,64,66,2
7029,2019-05-01,27,34,7
7030,2019-05-01,34,37,3
7031,2019-05-01,33,33,0
7032,2019-05-01,64,40,-24
7033,2019-05-01,31,29,-2
7034,2019-05-01,11,8,-3
7035,2019-05-01,23,24,1
7036,2019-05-01,33,32,-1
7037,2019-05-01,27,22,-5
7038,2019-05-01,42,39,-3
7039,2019-05-01,13,16,3
7040,2019-05-01,33,56,23
7041,2019-05-01,61,60,-1
7042,2019-05-01,21,24,3
7043,2019-05-01,8,5,-3
7045,2019-05-01,20,23,3
7046,2019-05-01,83,107,24
7047,2019-05-01,55,87,32
7048,2019-05-01,8,12,4
7050,2019-05-01,11,13,2
7051,2019-05-01,5,5,0
7052,2019-05-01,32,39,7
7053,2019-05-01,20,16,-4
7054,2019-05-01,19,22,3
7055,2019-05-01,10,8,-2
7056,2019-05-01,9,12,3
7057,2019-05-01,26,17,-9
7058,2019-05-01,15,12,-3
7059,2019-05-01,19,14,-5
7060,2019-05-01,19,16,-3
7061,2019-05-01,19,17,-2
7062,2019-05-01,32,36,4
7063,2019-05-01,8,6,-2
7064,2019-05-01,8,8,0
7065,2019-05-01,12,14,2
7066,2019-05-01,23,48,25
7067,2019-05-01,57,66,9
7068,2019-05-01,36,32,-4
7069,2019-05-01,32,45,13
7070,2019-05-01,17,23,6
7071,2019-05-01,28,12,-16
7072,2019-05-01,19,17,-2
7073,2019-05-01,16,12,-4
7074,2019-05-01,20,22,2
7075,2019-05-01,2,3,1
7076,2019-05-01,37,30,-7
7077,2019-05-01,11,13,2
7078,2019-05-01,11,10,-1
7079,2019-05-01,43,74,31
7082,2019-05-01,29,46,17
7083,2019-05-01,31,32,1
7084,2019-05-01,53,60,7
7090,2019-05-01,7,7,0
7091,2019-05-01,3,2,-1
7092,2019-05-01,5,1,-4
7095,2019-05-01,5,8,3
7096,2019-05-01,12,15,3
7098,2019-05-01,1,0,-1
7099,2019-05-01,4,5,1
7100,2019-05-01,2,2,0
7101,2019-05-01,3,1,-2
7102,2019-05-01,4,10,6
7108,2019-05-01,1,2,1
7109,2019-05-01,9,9,0
7110,2019-05-01,1,0,-1
7112,2019-05-01,3,9,6
7113,2019-05-01,33,29,-4
7114,2019-05-01,31,28,-3
7117,2019-05-01,1,2,1
7118,2019-05-01,1,1,0
7119,2019-05-01,1,1,0
7121,2019-05-01,1,0,-1
7122,2019-05-01,4,1,-3
7123,2019-05-01,1,1,0
7124,2019-05-01,10,12,2
7125,2019-05-01,6,1,-5
7126,2019-05-01,7,2,-5
7127,2019-05-01,24,25,1
7128,2019-05-01,6,5,-1
7129,2019-05-01,2,5,3
7130,2019-05-01,5,8,3
7131,2019-05-01,1,2,1
7132,2019-05-01,6,2,-4
7134,2019-05-01,1,1,0
7135,2019-05-01,1,3,2
7136,2019-05-01,1,0,-1
7138,2019-05-01,3,6,3
7139,2019-05-01,35,39,4
7140,2019-05-01,15,19,4
7141,2019-05-01,14,7,-7
7142,2019-05-01,4,4,0
7143,2019-05-01,5,9,4
7144,2019-05-01,21,26,5
7145,2019-05-01,9,5,-4
7146,2019-05-01,5,14,9
7147,2019-05-01,13,15,2
7148,2019-05-01,2,2,0
7149,2019-05-01,6,4,-2
4000,2019-05-02,16,29,13
4002,2019-05-02,33,15,-18
5002,2019-05-02,3,3,0
5004,2019-05-02,1,0,-1
5006,2019-05-02,6,7,1
5007,2019-05-02,8,8,0
6001,2019-05-02,31,14,-17
6002,2019-05-02,14,36,22
6003,2019-05-02,21,28,7
6004,2019-05-02,21,7,-14
6005,2019-05-02,46,20,-26
6006,2019-05-02,7,8,1
6007,2019-05-02,19,15,-4
6008,2019-05-02,33,30,-3
6009,2019-05-02,24,16,-8
6011,2019-05-02,21,25,4
6012,2019-05-02,80,72,-8
6013,2019-05-02,32,38,6
6014,2019-05-02,22,14,-8
6015,2019-05-02,74,83,9
6016,2019-05-02,3,2,-1
6017,2019-05-02,13,33,20
6018,2019-05-02,18,28,10
6019,2019-05-02,46,25,-21
6020,2019-05-02,35,50,15
6021,2019-05-02,32,22,-10
6022,2019-05-02,21,14,-7
6023,2019-05-02,21,21,0
6025,2019-05-02,12,2,-10
6026,2019-05-02,53,53,0
6027,2019-05-02,87,33,-54
6029,2019-05-02,13,16,3
6031,2019-05-02,17,16,-1
6032,2019-05-02,37,34,-3
6033,2019-05-02,12,9,-3
6034,2019-05-02,23,12,-11
6035,2019-05-02,13,0,-13
6036,2019-05-02,42,43,1
6037,2019-05-02,19,14,-5
6038,2019-05-02,41,33,-8
6039,2019-05-02,46,25,-21
6042,2019-05-02,41,27,-14
6043,2019-05-02,77,47,-30
6044,2019-05-02,20,33,13
6046,2019-05-02,40,32,-8
6047,2019-05-02,36,4,-32
6048,2019-05-02,18,11,-7
6049,2019-05-02,46,17,-29
6050,2019-05-02,9,4,-5
6051,2019-05-02,19,11,-8
6052,2019-05-02,51,28,-23
6053,2019-05-02,69,55,-14
6057,2019-05-02,45,24,-21
6058,2019-05-02,41,19,-22
6059,2019-05-02,32,8,-24
6060,2019-05-02,20,6,-14
6062,2019-05-02,35,11,-24
6063,2019-05-02,56,25,-31
6064,2019-05-02,84,25,-59
6065,2019-05-02,34,17,-17
6066,2019-05-02,23,6,-17
6067,2019-05-02,33,10,-23
6068,2019-05-02,3,3,0
6070,2019-05-02,94,57,-37
6072,2019-05-02,50,7,-43
6073,2019-05-02,100,59,-41
6075,2019-05-02,27,5,-22
6076,2019-05-02,3,13,10
6079,2019-05-02,24,30,6
6080,2019-05-02,46,44,-2
6081,2019-05-02,19,11,-8
6082,2019-05-02,2,7,5
6083,2019-05-02,66,17,-49
6084,2019-05-02,30,8,-22
6085,2019-05-02,36,43,7
6087,2019-05-02,43,69,26
6088,2019-05-02,18,32,14
6089,2019-05-02,29,12,-17
6090,2019-05-02,28,29,1
6091,2019-05-02,12,12,0
6092,2019-05-02,23,17,-6
6093,2019-05-02,13,8,-5
6094,2019-05-02,32,9,-23
6095,2019-05-02,21,35,14
6096,2019-05-02,10,25,15
6097,2019-05-02,16,14,-2
6098,2019-05-02,24,8,-16
6099,2019-05-02,35,46,11
6100,2019-05-02,103,91,-12
6101,2019-05-02,16,4,-12
6102,2019-05-02,8,10,2
6103,2019-05-02,5,9,4
6104,2019-05-02,39,28,-11
6105,2019-05-02,16,21,5
6106,2019-05-02,6,5,-1
6107,2019-05-02,36,38,2
6108,2019-05-02,22,31,9
6109,2019-05-02,1,1,0
6110,2019-05-02,12,22,10
6111,2019-05-02,10,21,11
6112,2019-05-02,31,53,22
6113,2019-05-02,13,17,4
6114,2019-05-02,65,76,11
6115,2019-05-02,4,12,8
6116,2019-05-02,25,41,16
6118,2019-05-02,18,39,21
6119,2019-05-02,21,49,28
6120,2019-05-02,27,32,5
6121,2019-05-02,7,16,9
6122,2019-05-02,4,8,4
6123,2019-05-02,10,20,10
6124,2019-05-02,11,21,10
6125,2019-05-02,8,6,-2
6126,2019-05-02,12,30,18
6127,2019-05-02,5,12,7
6128,2019-05-02,4,12,8
6129,2019-05-02,14,22,8
6130,2019-05-02,8,12,4
6131,2019-05-02,22,14,-8
6132,2019-05-02,14,30,16
6133,2019-05-02,13,26,13
6134,2019-05-02,12,21,9
6136,2019-05-02,111,90,-21
6137,2019-05-02,23,54,31
6138,2019-05-02,28,44,16
6139,2019-05-02,14,21,7
6140,2019-05-02,29,42,13
6142,2019-05-02,24,22,-2
6143,2019-05-02,31,34,3
6145,2019-05-02,10,21,11
6146,2019-05-02,10,12,2
6147,2019-05-02,24,10,-14
6148,2019-05-02,43,26,-17
6149,2019-05-02,16,13,-3
6150,2019-05-02,22,29,7
6151,2019-05-02,36,46,10
6152,2019-05-02,27,52,25
6153,2019-05-02,9,16,7
6154,2019-05-02,68,85,17
6155,2019-05-02,48,74,26
6156,2019-05-02,26,27,1
6157,2019-05-02,29,58,29
6158,2019-05-02,20,34,14
6160,2019-05-02,8,20,12
6161,2019-05-02,17,31,14
6163,2019-05-02,31,54,23
6164,2019-05-02,32,57,25
6165,2019-05-02,17,35,18
6166,2019-05-02,14,32,18
6167,2019-05-02,11,28,17
6168,2019-05-02,28,5,-23
6169,2019-05-02,62,65,3
6170,2019-05-02,17,14,-3
6171,2019-05-02,6,24,18
6173,2019-05-02,48,19,-29
6174,2019-05-02,28,39,11
6175,2019-05-02,40,30,-10
6176,2019-05-02,38,51,13
6177,2019-05-02,25,35,10
6178,2019-05-02,35,33,-2
6179,2019-05-02,29,32,3
6180,2019-05-02,27,29,2
6181,2019-05-02,25,27,2
6182,2019-05-02,16,23,7
6183,2019-05-02,28,34,6
6184,2019-05-02,129,109,-20
6185,2019-05-02,11,17,6
6186,2019-05-02,34,22,-12
6187,2019-05-02,37,29,-8
6188,2019-05-02,19,19,0
6189,2019-05-02,3,10,7
6190,2019-05-02,47,33,-14
6191,2019-05-02,36,16,-20
6192,2019-05-02,18,25,7
6193,2019-05-02,53,54,1
6194,2019-05-02,77,58,-19
6195,2019-05-02,27,23,-4
6196,2019-05-02,46,50,4
6197,2019-05-02,19,18,-1
6198,2019-05-02,9,6,-3
6199,2019-05-02,56,27,-29
6200,2019-05-02,49,28,-21
6201,2019-05-02,24,25,1
6202,2019-05-02,42,29,-13
6203,2019-05-02,31,16,-15
6204,2019-05-02,51,33,-18
6205,2019-05-02,42,25,-17
6206,2019-05-02,62,46,-16
6207,2019-05-02,9,11,2
6208,2019-05-02,25,24,-1
6209,2019-05-02,45,38,-7
6210,2019-05-02,22,12,-10
6211,2019-05-02,34,46,12
6212,2019-05-02,22,18,-4
6213,2019-05-02,52,52,0
6214,2019-05-02,40,21,-19
6215,2019-05-02,14,19,5
6216,2019-05-02,39,21,-18
6217,2019-05-02,50,37,-13
6218,2019-05-02,19,21,2
6219,2019-05-02,15,21,6
6220,2019-05-02,27,50,23
6221,2019-05-02,83,67,-16
6222,2019-05-02,16,17,1
6223,2019-05-02,32,23,-9
6224,2019-05-02,23,30,7
6225,2019-05-02,22,21,-1
6226,2019-05-02,15,5,-10
6227,2019-05-02,45,46,1
6228,2019-05-02,10,9,-1
6229,2019-05-02,25,24,-1
6230,2019-05-02,28,32,4
6231,2019-05-02,42,44,2
6233,2019-05-02,49,54,5
6234,2019-05-02,41,25,-16
6235,2019-05-02,56,5,-51
6236,2019-05-02,20,31,11
6237,2019-05-02,20,32,12
6240,2019-05-02,6,3,-3
6241,2019-05-02,19,24,5
6243,2019-05-02,24,30,6
6245,2019-05-02,10,19,9
6246,2019-05-02,14,13,-1
6247,2019-05-02,54,54,0
6248,2019-05-02,71,44,-27
6249,2019-05-02,24,19,-5
6250,2019-05-02,28,18,-10
6251,2019-05-02,10,7,-3
6252,2019-05-02,19,16,-3
6254,2019-05-02,31,31,0
6255,2019-05-02,33,35,2
6257,2019-05-02,11,12,1
6258,2019-05-02,21,30,9
6259,2019-05-02,21,25,4
6260,2019-05-02,11,17,6
6261,2019-05-02,20,21,1
6262,2019-05-02,13,24,11
6263,2019-05-02,6,17,11
6264,2019-05-02,3,15,12
6265,2019-05-02,7,20,13
6266,2019-05-02,1,6,5
6267,2019-05-02,21,29,8
6268,2019-05-02,17,27,10
6269,2019-05-02,4,13,9
6270,2019-05-02,10,23,13
6272,2019-05-02,9,17,8
6273,2019-05-02,10,15,5
6274,2019-05-02,7,12,5
6275,2019-05-02,11,11,0
6276,2019-05-02,13,18,5
6277,2019-05-02,18,21,3
6278,2019-05-02,10,11,1
6279,2019-05-02,7,8,1
6280,2019-05-02,38,29,-9
6281,2019-05-02,5,6,1
6301,2019-05-02,8,7,-1
6302,2019-05-02,3,8,5
6303,2019-05-02,3,8,5
6304,2019-05-02,1,5,4
6305,2019-05-02,14,10,-4
6306,2019-05-02,34,7,-27
6307,2019-05-02,29,30,1
6309,2019-05-02,8,12,4
6310,2019-05-02,31,9,-22
6311,2019-05-02,21,22,1
6312,2019-05-02,8,16,8
6313,2019-05-02,10,22,12
6314,2019-05-02,11,22,11
6315,2019-05-02,30,8,-22
6316,2019-05-02,22,7,-15
6321,2019-05-02,24,17,-7
6322,2019-05-02,10,10,0
6323,2019-05-02,10,7,-3
6324,2019-05-02,6,9,3
6327,2019-05-02,4,15,11
6328,2019-05-02,13,25,12
6329,2019-05-02,5,13,8
6330,2019-05-02,9,12,3
6331,2019-05-02,5,5,0
6332,2019-05-02,15,11,-4
6333,2019-05-02,7,14,7
6334,2019-05-02,25,28,3
6335,2019-05-02,6,17,11
6336,2019-05-02,8,12,4
6338,2019-05-02,8,19,11
6339,2019-05-02,4,12,8
6340,2019-05-02,9,19,10
6341,2019-05-02,2,22,20
6343,2019-05-02,6,16,10
6344,2019-05-02,20,17,-3
6345,2019-05-02,6,7,1
6346,2019-05-02,9,3,-6
6347,2019-05-02,11,2,-9
6349,2019-05-02,6,16,10
6350,2019-05-02,19,22,3
6354,2019-05-02,11,10,-1
6355,2019-05-02,14,18,4
6356,2019-05-02,11,14,3
6357,2019-05-02,5,8,3
6358,2019-05-02,6,10,4
6359,2019-05-02,37,15,-22
6360,2019-05-02,12,16,4
6361,2019-05-02,13,15,2
6362,2019-05-02,7,15,8
6363,2019-05-02,5,5,0
6364,2019-05-02,17,8,-9
6366,2019-05-02,11,9,-2
6367,2019-05-02,7,19,12
6368,2019-05-02,21,23,2
6369,2019-05-02,18,12,-6
6370,2019-05-02,10,25,15
6371,2019-05-02,13,32,19
6372,2019-05-02,20,43,23
6373,2019-05-02,9,25,16
6374,2019-05-02,14,25,11
6375,2019-05-02,22,17,-5
6376,2019-05-02,2,14,12
6377,2019-05-02,5,18,13
6379,2019-05-02,6,14,8
6380,2019-05-02,9,16,7
6381,2019-05-02,25,28,3
6383,2019-05-02,9,12,3
6384,2019-05-02,5,6,1
6385,2019-05-02,12,23,11
6386,2019-05-02,24,22,-2
6387,2019-05-02,29,33,4
6388,2019-05-02,5,5,0
6389,2019-05-02,32,24,-8
6391,2019-05-02,9,36,27
6393,2019-05-02,18,40,22
6394,2019-05-02,21,40,19
6395,2019-05-02,33,13,-20
6396,2019-05-02,41,14,-27
6397,2019-05-02,15,41,26
6398,2019-05-02,9,17,8
6401,2019-05-02,21,44,23
6402,2019-05-02,9,24,15
6403,2019-05-02,9,15,6
6404,2019-05-02,1,8,7
6405,2019-05-02,17,17,0
6406,2019-05-02,13,24,11
6407,2019-05-02,3,10,7
6408,2019-05-02,20,29,9
6409,2019-05-02,6,10,4
6410,2019-05-02,17,12,-5
6411,2019-05-02,51,61,10
6412,2019-05-02,8,5,-3
6413,2019-05-02,16,8,-8
6414,2019-05-02,1,8,7
6415,2019-05-02,6,10,4
6416,2019-05-02,6,3,-3
6417,2019-05-02,11,10,-1
6419,2019-05-02,3,6,3
6420,2019-05-02,7,13,6
6421,2019-05-02,7,7,0
6422,2019-05-02,8,7,-1
6423,2019-05-02,13,2,-11
6424,2019-05-02,10,13,3
6425,2019-05-02,13,6,-7
6426,2019-05-02,28,16,-12
6427,2019-05-02,8,8,0
6428,2019-05-02,2,8,6
6429,2019-05-02,7,20,13
6432,2019-05-02,25,21,-4
6433,2019-05-02,12,10,-2
6434,2019-05-02,23,30,7
6435,2019-05-02,9,11,2
6436,2019-05-02,8,6,-2
6501,2019-05-02,3,6,3
6502,2019-05-02,8,4,-4
6503,2019-05-02,22,24,2
6504,2019-05-02,1,1,0
6700,2019-05-02,5,16,11
6701,2019-05-02,34,7,-27
6702,2019-05-02,8,5,-3
6703,2019-05-02,15,6,-9
6704,2019-05-02,6,11,5
6706,2019-05-02,5,11,6
6707,2019-05-02,11,5,-6
6708,2019-05-02,22,19,-3
6709,2019-05-02,5,11,6
6710,2019-05-02,7,11,4
6711,2019-05-02,8,5,-3
6712,2019-05-02,2,3,1
6713,2019-05-02,2,11,9
6714,2019-05-02,1,1,0
6715,2019-05-02,4,3,-1
6716,2019-05-02,2,2,0
6717,2019-05-02,9,5,-4
6718,2019-05-02,4,13,9
6719,2019-05-02,4,9,5
6720,2019-05-02,7,22,15
6721,2019-05-02,11,8,-3
6722,2019-05-02,6,13,7
6723,2019-05-02,7,7,0
6724,2019-05-02,10,10,0
6725,2019-05-02,16,8,-8
6726,2019-05-02,6,12,6
6727,2019-05-02,30,22,-8
6728,2019-05-02,2,5,3
6729,2019-05-02,44,52,8
6730,2019-05-02,4,4,0
6731,2019-05-02,1,4,3
6732,2019-05-02,2,19,17
6733,2019-05-02,8,15,7
6734,2019-05-02,17,25,8
6735,2019-05-02,3,1,-2
6736,2019-05-02,8,8,0
6737,2019-05-02,4,5,1
6738,2019-05-02,48,7,-41
6739,2019-05-02,6,7,1
6741,2019-05-02,4,7,3
6742,2019-05-02,15,18,3
6743,2019-05-02,10,9,-1
6744,2019-05-02,2,12,10
6745,2019-05-02,5,5,0
6746,2019-05-02,6,4,-2
6747,2019-05-02,19,12,-7
6748,2019-05-02,23,40,17
6749,2019-05-02,15,7,-8
6750,2019-05-02,16,13,-3
6753,2019-05-02,8,3,-5
6754,2019-05-02,3,9,6
6901,2019-05-02,12,21,9
6902,2019-05-02,23,46,23
6903,2019-05-02,30,36,6
6904,2019-05-02,13,23,10
6905,2019-05-02,19,13,-6
6906,2019-05-02,44,17,-27
6907,2019-05-02,32,29,-3
6908,2019-05-02,24,20,-4
6910,2019-05-02,66,53,-13
6912,2019-05-02,57,35,-22
6913,2019-05-02,19,26,7
6915,2019-05-02,28,35,7
6916,2019-05-02,8,10,2
6917,2019-05-02,7,8,1
6918,2019-05-02,9,12,3
6919,2019-05-02,12,7,-5
6921,2019-05-02,38,24,-14
6923,2019-05-02,14,15,1
6924,2019-05-02,13,10,-3
6925,2019-05-02,15,12,-3
6926,2019-05-02,16,18,2
6927,2019-05-02,35,17,-18
6928,2019-05-02,26,3,-23
6929,2019-05-02,16,18,2
6930,2019-05-02,14,2,-12
7001,2019-05-02,8,12,4
7002,2019-05-02,4,9,5
7003,2019-05-02,41,32,-9
7004,2019-05-02,8,5,-3
7005,2019-05-02,2,5,3
7006,2019-05-02,6,7,1
7007,2019-05-02,3,11,8
7008,2019-05-02,7,7,0
7009,2019-05-02,24,24,0
7010,2019-05-02,1,2,1
7011,2019-05-02,28,41,13
7012,2019-05-02,9,11,2
7013,2019-05-02,5,16,11
7014,2019-05-02,15,9,-6
7015,2019-05-02,5,9,4
7016,2019-05-02,6,4,-2
7017,2019-05-02,7,12,5
7018,2019-05-02,1,21,20
7019,2019-05-02,49,3,-46
7020,2019-05-02,6,7,1
7021,2019-05-02,18,20,2
7022,2019-05-02,12,20,8
7023,2019-05-02,1,5,4
7024,2019-05-02,12,8,-4
7025,2019-05-02,18,20,2
7026,2019-05-02,28,13,-15
7027,2019-05-02,7,19,12
7028,2019-05-02,54,19,-35
7029,2019-05-02,10,28,18
7030,2019-05-02,17,26,9
7031,2019-05-02,24,29,5
7032,2019-05-02,44,24,-20
7033,2019-05-02,21,20,-1
7034,2019-05-02,10,13,3
7035,2019-05-02,16,25,9
7036,2019-05-02,31,33,2
7037,2019-05-02,13,15,2
7038,2019-05-02,21,22,1
7039,2019-05-02,11,16,5
7040,2019-05-02,33,21,-12
7041,2019-05-02,67,31,-36
7042,2019-05-02,11,5,-6
7043,2019-05-02,6,9,3
7044,2019-05-02,3,0,-3
7045,2019-05-02,18,10,-8
7046,2019-05-02,78,39,-39
7047,2019-05-02,35,76,41
7048,2019-05-02,3,9,6
7050,2019-05-02,3,2,-1
7051,2019-05-02,2,8,6
7052,2019-05-02,27,13,-14
7053,2019-05-02,15,16,1
7054,2019-05-02,9,13,4
7055,2019-05-02,11,12,1
7056,2019-05-02,4,13,9
7057,2019-05-02,8,21,13
7058,2019-05-02,15,18,3
7059,2019-05-02,8,15,7
7060,2019-05-02,5,18,13
7061,2019-05-02,9,10,1
7062,2019-05-02,16,20,4
7063,2019-05-02,2,7,5
7064,2019-05-02,9,11,2
7065,2019-05-02,5,12,7
7066,2019-05-02,31,24,-7
7067,2019-05-02,52,18,-34
7068,2019-05-02,19,38,19
7069,2019-05-02,20,5,-15
7070,2019-05-02,7,23,16
7071,2019-05-02,13,13,0
7072,2019-05-02,18,16,-2
7073,2019-05-02,10,25,15
7074,2019-05-02,7,10,3
7075,2019-05-02,2,4,2
7076,2019-05-02,15,12,-3
7077,2019-05-02,6,5,-1
7078,2019-05-02,7,18,11
7079,2019-05-02,36,15,-21
7082,2019-05-02,17,13,-4
7083,2019-05-02,10,18,8
7084,2019-05-02,26,16,-10
7090,2019-05-02,2,3,1
7091,2019-05-02,4,8,4
7092,2019-05-02,1,2,1
7093,2019-05-02,2,1,-1
7095,2019-05-02,5,1,-4
7096,2019-05-02,4,2,-2
7097,2019-05-02,2,0,-2
7099,2019-05-02,2,2,0
7101,2019-05-02,3,0,-3
7102,2019-05-02,2,8,6
7106,2019-05-02,1,1,0
7107,2019-05-02,1,0,-1
7109,2019-05-02,6,0,-6
7111,2019-05-02,1,1,0
7112,2019-05-02,2,4,2
7113,2019-05-02,41,13,-28
7114,2019-05-02,21,37,16
7118,2019-05-02,2,0,-2
7119,2019-05-02,1,2,1
7120,2019-05-02,1,2,1
7122,2019-05-02,1,3,2
7124,2019-05-02,7,12,5
7125,2019-05-02,12,10,-2
7127,2019-05-02,20,10,-10
7128,2019-05-02,4,3,-1
7129,2019-05-02,2,4,2
7130,2019-05-02,5,0,-5
7131,2019-05-02,2,0,-2
7132,2019-05-02,1,4,3
7133,2019-05-02,1,1,0
7134,2019-05-02,1,4,3
7135,2019-05-02,1,2,1
7136,2019-05-02,2,3,1
7137,2019-05-02,2,1,-1
7138,2019-05-02,1,0,-1
7139,2019-05-02,12,33,21
7140,2019-05-02,12,16,4
7141,2019-05-02,7,8,1
7142,2019-05-02,4,4,0
7143,2019-05-02,3,4,1
7144,2019-05-02,13,16,3
7145,2019-05-02,2,6,4
7146,2019-05-02,5,19,14
7147,2019-05-02,17,9,-8
7149,2019-05-02,1,1,0
10002,2019-05-02,45,54,9
10002,2019-05-02,35,29,-6
4000,2019-05-02,8,11,3
4002,2019-05-02,18,33,15
5002,2019-05-02,2,1,-1
5004,2019-05-02,1,1,0
5006,2019-05-02,1,2,1
5007,2019-05-02,6,2,-4
6001,2019-05-02,12,39,27
6002,2019-05-02,13,8,-5
6003,2019-05-02,18,30,12
6004,2019-05-02,11,22,11
6005,2019-05-02,10,38,28
6006,2019-05-02,13,3,-10
6007,2019-05-02,10,14,4
6008,2019-05-02,11,53,42
6009,2019-05-02,11,19,8
6011,2019-05-02,18,24,6
6012,2019-05-02,15,63,48
6013,2019-05-02,16,23,7
6014,2019-05-02,12,15,3
6015,2019-05-02,38,91,53
6017,2019-05-02,15,9,-6
6018,2019-05-02,15,5,-10
6019,2019-05-02,32,23,-9
6020,2019-05-02,21,25,4
6021,2019-05-02,26,25,-1
6022,2019-05-02,10,17,7
6023,2019-05-02,16,25,9
6025,2019-05-02,1,11,10
6026,2019-05-02,8,27,19
6027,2019-05-02,20,74,54
6029,2019-05-02,9,11,2
6031,2019-05-02,8,23,15
6032,2019-05-02,12,57,45
6033,2019-05-02,6,11,5
6034,2019-05-02,7,31,24
6035,2019-05-02,5,18,13
6036,2019-05-02,13,38,25
6037,2019-05-02,15,21,6
6038,2019-05-02,17,31,14
6039,2019-05-02,29,50,21
6042,2019-05-02,22,30,8
6043,2019-05-02,35,136,101
6044,2019-05-02,19,8,-11
6046,2019-05-02,30,32,2
6047,2019-05-02,16,24,8
6048,2019-05-02,14,28,14
6049,2019-05-02,23,76,53
6050,2019-05-02,9,21,12
6051,2019-05-02,8,16,8
6052,2019-05-02,14,67,53
6053,2019-05-02,28,71,43
6057,2019-05-02,30,30,0
6058,2019-05-02,13,35,22
6059,2019-05-02,13,22,9
6060,2019-05-02,5,9,4
6062,2019-05-02,7,23,16
6063,2019-05-02,11,30,19
6064,2019-05-02,24,63,39
6065,2019-05-02,18,17,-1
6066,2019-05-02,2,2,0
6067,2019-05-02,14,40,26
6070,2019-05-02,54,89,35
6072,2019-05-02,8,36,28
6073,2019-05-02,35,77,42
6075,2019-05-02,4,13,9
6076,2019-05-02,8,3,-5
6079,2019-05-02,27,17,-10
6080,2019-05-02,23,33,10
6081,2019-05-02,9,7,-2
6082,2019-05-02,5,2,-3
6083,2019-05-02,27,75,48
6084,2019-05-02,6,31,25
6085,2019-05-02,15,40,25
6087,2019-05-02,34,34,0
6088,2019-05-02,18,21,3
6089,2019-05-02,13,27,14
6090,2019-05-02,21,18,-3
6091,2019-05-02,24,12,-12
6092,2019-05-02,14,19,5
6093,2019-05-02,13,12,-1
6094,2019-05-02,12,21,9
6095,2019-05-02,41,22,-19
6096,2019-05-02,7,15,8
6097,2019-05-02,22,11,-11
6098,2019-05-02,15,18,3
6099,2019-05-02,22,39,17
6100,2019-05-02,63,75,12
6101,2019-05-02,15,6,-9
6102,2019-05-02,9,3,-6
6103,2019-05-02,5,7,2
6104,2019-05-02,17,45,28
6105,2019-05-02,19,31,12
6106,2019-05-02,5,6,1
6107,2019-05-02,32,15,-17
6108,2019-05-02,19,17,-2
6109,2019-05-02,3,2,-1
6110,2019-05-02,12,8,-4
6111,2019-05-02,18,14,-4
6112,2019-05-02,18,19,1
6113,2019-05-02,24,18,-6
6114,2019-05-02,34,49,15
6115,2019-05-02,1,4,3
6116,2019-05-02,24,17,-7
6118,2019-05-02,23,18,-5
6119,2019-05-02,38,16,-22
6120,2019-05-02,16,25,9
6121,2019-05-02,9,6,-3
6122,2019-05-02,4,2,-2
6123,2019-05-02,12,11,-1
6124,2019-05-02,12,18,6
6125,2019-05-02,4,5,1
6126,2019-05-02,14,5,-9
6127,2019-05-02,14,12,-2
6128,2019-05-02,9,4,-5
6129,2019-05-02,24,12,-12
6130,2019-05-02,14,6,-8
6131,2019-05-02,26,9,-17
6132,2019-05-02,31,16,-15
6133,2019-05-02,21,11,-10
6134,2019-05-02,13,11,-2
6136,2019-05-02,77,60,-17
6137,2019-05-02,46,16,-30
6138,2019-05-02,23,10,-13
6139,2019-05-02,17,9,-8
6140,2019-05-02,30,20,-10
6142,2019-05-02,18,3,-15
6143,2019-05-02,29,16,-13
6145,2019-05-02,15,5,-10
6146,2019-05-02,17,10,-7
6147,2019-05-02,25,25,0
6148,2019-05-02,43,29,-14
6149,2019-05-02,17,9,-8
6150,2019-05-02,24,7,-17
6151,2019-05-02,26,11,-15
6152,2019-05-02,41,31,-10
6153,2019-05-02,20,11,-9
6154,2019-05-02,34,38,4
6155,2019-05-02,36,20,-16
6156,2019-05-02,34,21,-13
6157,2019-05-02,37,15,-22
6158,2019-05-02,32,16,-16
6160,2019-05-02,24,10,-14
6161,2019-05-02,14,6,-8
6163,2019-05-02,38,15,-23
6164,2019-05-02,25,14,-11
6165,2019-05-02,25,3,-22
6166,2019-05-02,27,7,-20
6167,2019-05-02,13,2,-11
6168,2019-05-02,17,23,6
6169,2019-05-02,35,26,-9
6170,2019-05-02,13,12,-1
6171,2019-05-02,19,9,-10
6173,2019-05-02,28,17,-11
6174,2019-05-02,33,13,-20
6175,2019-05-02,42,16,-26
6176,2019-05-02,33,19,-14
6177,2019-05-02,21,12,-9
6178,2019-05-02,30,20,-10
6179,2019-05-02,21,19,-2
6180,2019-05-02,9,10,1
6181,2019-05-02,36,16,-20
6182,2019-05-02,17,8,-9
6183,2019-05-02,23,10,-13
6184,2019-05-02,54,71,17
6185,2019-05-02,10,4,-6
6186,2019-05-02,19,21,2
6187,2019-05-02,17,42,25
6188,2019-05-02,13,7,-6
6189,2019-05-02,9,3,-6
6190,2019-05-02,44,39,-5
6191,2019-05-02,10,11,1
6192,2019-05-02,20,7,-13
6193,2019-05-02,27,31,4
6194,2019-05-02,32,39,7
6195,2019-05-02,28,15,-13
6196,2019-05-02,30,16,-14
6197,2019-05-02,18,23,5
6198,2019-05-02,6,4,-2
6199,2019-05-02,18,38,20
6200,2019-05-02,17,31,14
6201,2019-05-02,22,5,-17
6202,2019-05-02,29,26,-3
6203,2019-05-02,5,19,14
6204,2019-05-02,25,33,8
6205,2019-05-02,32,18,-14
6206,2019-05-02,29,34,5
6207,2019-05-02,13,12,-1
6208,2019-05-02,27,27,0
6209,2019-05-02,38,29,-9
6210,2019-05-02,5,11,6
6211,2019-05-02,34,29,-5
6212,2019-05-02,24,8,-16
6213,2019-05-02,31,31,0
6214,2019-05-02,33,19,-14
6215,2019-05-02,21,11,-10
6216,2019-05-02,20,15,-5
6217,2019-05-02,34,26,-8
6218,2019-05-02,19,14,-5
6219,2019-05-02,15,11,-4
6220,2019-05-02,33,18,-15
6221,2019-05-02,44,45,1
6222,2019-05-02,20,4,-16
6223,2019-05-02,36,13,-23
6224,2019-05-02,19,13,-6
6225,2019-05-02,32,8,-24
6226,2019-05-02,3,11,8
6227,2019-05-02,20,21,1
6228,2019-05-02,17,8,-9
6229,2019-05-02,13,8,-5
6230,2019-05-02,21,20,-1
6231,2019-05-02,37,20,-17
6233,2019-05-02,31,11,-20
6234,2019-05-02,29,14,-15
6235,2019-05-02,15,43,28
6236,2019-05-02,20,11,-9
6237,2019-05-02,22,10,-12
6240,2019-05-02,7,6,-1
6241,2019-05-02,16,5,-11
6243,2019-05-02,19,13,-6
6245,2019-05-02,16,7,-9
6246,2019-05-02,20,19,-1
6247,2019-05-02,21,25,4
6248,2019-05-02,40,36,-4
6249,2019-05-02,10,6,-4
6250,2019-05-02,21,23,2
6251,2019-05-02,10,4,-6
6252,2019-05-02,5,10,5
6254,2019-05-02,12,12,0
6255,2019-05-02,19,10,-9
6257,2019-05-02,9,5,-4
6258,2019-05-02,37,9,-28
6259,2019-05-02,12,3,-9
6260,2019-05-02,20,8,-12
6261,2019-05-02,18,12,-6
6262,2019-05-02,17,6,-11
6263,2019-05-02,9,6,-3
6264,2019-05-02,18,8,-10
6265,2019-05-02,24,21,-3
6266,2019-05-02,13,3,-10
6267,2019-05-02,14,8,-6
6268,2019-05-02,18,4,-14
6269,2019-05-02,6,6,0
6270,2019-05-02,11,6,-5
6272,2019-05-02,14,5,-9
6273,2019-05-02,8,3,-5
6274,2019-05-02,13,5,-8
6275,2019-05-02,12,7,-5
6276,2019-05-02,11,1,-10
6277,2019-05-02,11,7,-4
6278,2019-05-02,5,2,-3
6279,2019-05-02,8,4,-4
6280,2019-05-02,24,33,9
6281,2019-05-02,6,4,-2
6301,2019-05-02,8,4,-4
6302,2019-05-02,3,5,2
6303,2019-05-02,8,1,-7
6304,2019-05-02,5,2,-3
6305,2019-05-02,10,5,-5
6306,2019-05-02,15,10,-5
6307,2019-05-02,21,14,-7
6309,2019-05-02,7,5,-2
6310,2019-05-02,11,10,-1
6311,2019-05-02,13,9,-4
6312,2019-05-02,1,3,2
6313,2019-05-02,10,4,-6
6314,2019-05-02,25,3,-22
6315,2019-05-02,9,12,3
6316,2019-05-02,5,5,0
6321,2019-05-02,16,17,1
6322,2019-05-02,12,7,-5
6323,2019-05-02,6,4,-2
6324,2019-05-02,7,6,-1
6327,2019-05-02,12,2,-10
6328,2019-05-02,12,5,-7
6329,2019-05-02,12,4,-8
6330,2019-05-02,10,3,-7
6331,2019-05-02,7,2,-5
6332,2019-05-02,9,9,0
6333,2019-05-02,4,0,-4
6334,2019-05-02,15,18,3
6335,2019-05-02,17,3,-14
6336,2019-05-02,9,3,-6
6338,2019-05-02,8,7,-1
6339,2019-05-02,10,4,-6
6340,2019-05-02,12,4,-8
6341,2019-05-02,8,3,-5
6343,2019-05-02,11,5,-6
6344,2019-05-02,12,10,-2
6345,2019-05-02,2,2,0
6346,2019-05-02,1,10,9
6347,2019-05-02,4,12,8
6349,2019-05-02,14,2,-12
6350,2019-05-02,16,6,-10
6354,2019-05-02,7,3,-4
6355,2019-05-02,5,5,0
6356,2019-05-02,11,7,-4
6357,2019-05-02,6,3,-3
6358,2019-05-02,4,3,-1
6359,2019-05-02,17,32,15
6360,2019-05-02,8,2,-6
6361,2019-05-02,13,4,-9
6362,2019-05-02,6,7,1
6363,2019-05-02,10,4,-6
6364,2019-05-02,20,13,-7
6366,2019-05-02,7,4,-3
6367,2019-05-02,18,8,-10
6368,2019-05-02,19,14,-5
6369,2019-05-02,5,12,7
6370,2019-05-02,16,2,-14
6371,2019-05-02,18,10,-8
6372,2019-05-02,17,15,-2
6373,2019-05-02,14,3,-11
6374,2019-05-02,10,6,-4
6375,2019-05-02,13,20,7
6376,2019-05-02,9,4,-5
6377,2019-05-02,15,8,-7
6379,2019-05-02,5,3,-2
6380,2019-05-02,14,4,-10
6381,2019-05-02,13,13,0
6383,2019-05-02,4,2,-2
6384,2019-05-02,8,2,-6
6385,2019-05-02,20,12,-8
6386,2019-05-02,12,23,11
6387,2019-05-02,13,24,11
6388,2019-05-02,4,3,-1
6389,2019-05-02,13,16,3
6391,2019-05-02,23,15,-8
6393,2019-05-02,26,17,-9
6394,2019-05-02,24,23,-1
6395,2019-05-02,7,17,10
6396,2019-05-02,7,27,20
6397,2019-05-02,18,14,-4
6398,2019-05-02,6,4,-2
6401,2019-05-02,24,12,-12
6402,2019-05-02,9,6,-3
6403,2019-05-02,9,4,-5
6404,2019-05-02,1,1,0
6405,2019-05-02,10,10,0
6406,2019-05-02,7,5,-2
6407,2019-05-02,7,8,1
6408,2019-05-02,11,19,8
6409,2019-05-02,11,1,-10
6410,2019-05-02,11,17,6
6411,2019-05-02,35,39,4
6412,2019-05-02,5,7,2
6413,2019-05-02,2,15,13
6414,2019-05-02,4,2,-2
6415,2019-05-02,8,2,-6
6416,2019-05-02,7,3,-4
6417,2019-05-02,5,2,-3
6419,2019-05-02,4,0,-4
6420,2019-05-02,10,5,-5
6421,2019-05-02,9,6,-3
6422,2019-05-02,2,1,-1
6423,2019-05-02,2,7,5
6424,2019-05-02,8,21,13
6425,2019-05-02,6,8,2
6426,2019-05-02,10,25,15
6427,2019-05-02,6,6,0
6428,2019-05-02,7,2,-5
6429,2019-05-02,14,8,-6
6432,2019-05-02,18,17,-1
6433,2019-05-02,15,4,-11
6434,2019-05-02,13,15,2
6435,2019-05-02,8,15,7
6436,2019-05-02,10,6,-4
6501,2019-05-02,2,4,2
6502,2019-05-02,4,8,4
6503,2019-05-02,16,11,-5
6504,2019-05-02,6,6,0
6700,2019-05-02,5,3,-2
6701,2019-05-02,12,20,8
6702,2019-05-02,1,4,3
6703,2019-05-02,3,9,6
6704,2019-05-02,8,5,-3
6705,2019-05-02,8,2,-6
6706,2019-05-02,7,2,-5
6707,2019-05-02,7,14,7
6708,2019-05-02,12,53,41
6709,2019-05-02,11,4,-7
6710,2019-05-02,4,4,0
6711,2019-05-02,5,8,3
6712,2019-05-02,1,2,1
6713,2019-05-02,6,3,-3
6714,2019-05-02,1,0,-1
6715,2019-05-02,2,3,1
6716,2019-05-02,3,3,0
6717,2019-05-02,2,5,3
6718,2019-05-02,8,2,-6
6719,2019-05-02,10,7,-3
6720,2019-05-02,8,4,-4
6722,2019-05-02,5,2,-3
6723,2019-05-02,3,4,1
6724,2019-05-02,10,9,-1
6725,2019-05-02,8,6,-2
6726,2019-05-02,6,3,-3
6727,2019-05-02,14,31,17
6728,2019-05-02,4,0,-4
6729,2019-05-02,21,37,16
6730,2019-05-02,4,1,-3
6731,2019-05-02,2,1,-1
6732,2019-05-02,8,2,-6
6733,2019-05-02,9,5,-4
6734,2019-05-02,16,8,-8
6735,2019-05-02,4,9,5
6736,2019-05-02,1,2,1
6737,2019-05-02,5,4,-1
6738,2019-05-02,18,40,22
6739,2019-05-02,5,1,-4
6741,2019-05-02,3,0,-3
6742,2019-05-02,12,13,1
6743,2019-05-02,8,4,-4
6744,2019-05-02,11,2,-9
6745,2019-05-02,6,5,-1
6746,2019-05-02,5,6,1
6747,2019-05-02,7,21,14
6748,2019-05-02,17,22,5
6749,2019-05-02,10,16,6
6750,2019-05-02,11,3,-8
6754,2019-05-02,7,0,-7
6901,2019-05-02,9,15,6
6902,2019-05-02,25,18,-7
6903,2019-05-02,31,27,-4
6904,2019-05-02,23,8,-15
6905,2019-05-02,15,11,-4
6906,2019-05-02,27,31,4
6907,2019-05-02,20,10,-10
6908,2019-05-02,15,9,-6
6910,2019-05-02,19,16,-3
6912,2019-05-02,31,39,8
6913,2019-05-02,16,6,-10
6915,2019-05-02,22,11,-11
6916,2019-05-02,13,3,-10
6917,2019-05-02,4,3,-1
6918,2019-05-02,10,5,-5
6919,2019-05-02,12,8,-4
6921,2019-05-02,19,34,15
6923,2019-05-02,10,12,2
6924,2019-05-02,7,5,-2
6925,2019-05-02,8,12,4
6926,2019-05-02,11,6,-5
6927,2019-05-02,20,12,-8
6928,2019-05-02,10,4,-6
6929,2019-05-02,11,4,-7
6930,2019-05-02,1,11,10
7001,2019-05-02,5,11,6
7002,2019-05-02,7,2,-5
7003,2019-05-02,15,22,7
7004,2019-05-02,4,6,2
7005,2019-05-02,5,2,-3
7006,2019-05-02,3,1,-2
7007,2019-05-02,4,3,-1
7008,2019-05-02,8,8,0
7009,2019-05-02,17,35,18
7010,2019-05-02,2,0,-2
7011,2019-05-02,16,15,-1
7012,2019-05-02,7,6,-1
7013,2019-05-02,12,3,-9
7014,2019-05-02,17,19,2
7016,2019-05-02,2,3,1
7017,2019-05-02,9,4,-5
7018,2019-05-02,9,3,-6
7019,2019-05-02,4,50,46
7020,2019-05-02,13,12,-1
7021,2019-05-02,7,9,2
7022,2019-05-02,17,9,-8
7023,2019-05-02,1,0,-1
7024,2019-05-02,9,6,-3
7025,2019-05-02,2,14,12
7026,2019-05-02,12,30,18
7027,2019-05-02,16,6,-10
7028,2019-05-02,39,67,28
7029,2019-05-02,20,3,-17
7030,2019-05-02,17,10,-7
7031,2019-05-02,13,11,-2
7032,2019-05-02,33,21,-12
7033,2019-05-02,14,17,3
7034,2019-05-02,5,5,0
7035,2019-05-02,13,7,-6
7036,2019-05-02,16,17,1
7037,2019-05-02,15,14,-1
7038,2019-05-02,19,16,-3
7039,2019-05-02,15,3,-12
7040,2019-05-02,12,33,21
7041,2019-05-02,28,56,28
7042,2019-05-02,7,13,6
7043,2019-05-02,7,1,-6
7045,2019-05-02,5,10,5
7046,2019-05-02,22,69,47
7047,2019-05-02,27,27,0
7048,2019-05-02,5,3,-2
7050,2019-05-02,5,4,-1
7051,2019-05-02,3,2,-1
7052,2019-05-02,10,21,11
7053,2019-05-02,15,7,-8
7054,2019-05-02,7,3,-4
7055,2019-05-02,7,7,0
7056,2019-05-02,7,5,-2
7057,2019-05-02,13,7,-6
7058,2019-05-02,6,8,2
7059,2019-05-02,7,6,-1
7060,2019-05-02,8,2,-6
7061,2019-05-02,10,5,-5
7062,2019-05-02,21,15,-6
7063,2019-05-02,4,4,0
7064,2019-05-02,5,10,5
7065,2019-05-02,13,3,-10
7066,2019-05-02,10,36,26
7067,2019-05-02,17,46,29
7068,2019-05-02,18,12,-6
7069,2019-05-02,16,26,10
7070,2019-05-02,19,8,-11
7071,2019-05-02,27,8,-19
7072,2019-05-02,13,5,-8
7073,2019-05-02,16,9,-7
7074,2019-05-02,13,7,-6
7076,2019-05-02,28,4,-24
7077,2019-05-02,4,5,1
7078,2019-05-02,10,5,-5
7079,2019-05-02,6,23,17
7082,2019-05-02,13,27,14
7083,2019-05-02,14,5,-9
7084,2019-05-02,16,31,15
7090,2019-05-02,8,2,-6
7091,2019-05-02,1,1,0
7092,2019-05-02,3,0,-3
7096,2019-05-02,3,6,3
7098,2019-05-02,1,0,-1
7099,2019-05-02,1,3,2
7100,2019-05-02,1,1,0
7101,2019-05-02,1,2,1
7102,2019-05-02,5,3,-2
7104,2019-05-02,2,0,-2
7105,2019-05-02,1,1,0
7108,2019-05-02,3,2,-1
7109,2019-05-02,4,4,0
7110,2019-05-02,1,1,0
7112,2019-05-02,1,1,0
7113,2019-05-02,17,31,14
7114,2019-05-02,16,9,-7
7122,2019-05-02,2,1,-1
7123,2019-05-02,1,0,-1
7124,2019-05-02,8,4,-4
7125,2019-05-02,2,0,-2
7126,2019-05-02,2,1,-1
7127,2019-05-02,6,16,10
7128,2019-05-02,2,3,1
7130,2019-05-02,3,5,2
7132,2019-05-02,3,1,-2
7134,2019-05-02,1,0,-1
7135,2019-05-02,1,0,-1
7136,2019-05-02,2,1,-1
7137,2019-05-02,1,0,-1
7139,2019-05-02,16,8,-8
7140,2019-05-02,6,4,-2
7141,2019-05-02,3,1,-2
7142,2019-05-02,3,2,-1
7143,2019-05-02,3,5,2
7144,2019-05-02,12,11,-1
7145,2019-05-02,8,1,-7
7146,2019-05-02,10,1,-9
7147,2019-05-02,3,11,8
7149,2019-05-02,2,0,-2
4000,2019-05-03,19,27,8
4002,2019-05-03,38,45,7
5002,2019-05-03,1,2,1
5006,2019-05-03,4,4,0
5007,2019-05-03,9,7,-2
6001,2019-05-03,25,39,14
6002,2019-05-03,19,21,2
6003,2019-05-03,30,41,11
6004,2019-05-03,15,26,11
6005,2019-05-03,42,44,2
6006,2019-05-03,15,7,-8
6007,2019-05-03,20,19,-1
6008,2019-05-03,30,46,16
6009,2019-05-03,32,37,5
6011,2019-05-03,28,32,4
6012,2019-05-03,57,92,35
6013,2019-05-03,27,38,11
6014,2019-05-03,23,15,-8
6015,2019-05-03,79,106,27
6016,2019-05-03,5,6,1
6017,2019-05-03,12,21,9
6018,2019-05-03,25,30,5
6019,2019-05-03,77,65,-12
6020,2019-05-03,45,58,13
6021,2019-05-03,43,35,-8
6022,2019-05-03,30,35,5
6023,2019-05-03,34,38,4
6025,2019-05-03,10,10,0
6026,2019-05-03,30,44,14
6027,2019-05-03,54,53,-1
6029,2019-05-03,3,13,10
6031,2019-05-03,16,39,23
6032,2019-05-03,21,59,38
6033,2019-05-03,9,10,1
6034,2019-05-03,20,47,27
6035,2019-05-03,9,15,6
6036,2019-05-03,28,44,16
6037,2019-05-03,21,21,0
6038,2019-05-03,52,65,13
6039,2019-05-03,45,54,9
6041,2019-05-03,6,11,5
6042,2019-05-03,55,45,-10
6043,2019-05-03,79,128,49
6044,2019-05-03,47,35,-12
6046,2019-05-03,43,51,8
6047,2019-05-03,30,14,-16
6048,2019-05-03,25,24,-1
6049,2019-05-03,68,70,2
6050,2019-05-03,10,10,0
6051,2019-05-03,19,18,-1
6052,2019-05-03,44,47,3
6053,2019-05-03,55,89,34
6057,2019-05-03,46,36,-10
6058,2019-05-03,41,42,1
6059,2019-05-03,32,27,-5
6060,2019-05-03,5,6,1
6062,2019-05-03,35,35,0
6063,2019-05-03,32,37,5
6064,2019-05-03,71,70,-1
6065,2019-05-03,28,16,-12
6066,2019-05-03,26,2,-24
6067,2019-05-03,38,36,-2
6068,2019-05-03,5,4,-1
6070,2019-05-03,94,91,-3
6072,2019-05-03,39,32,-7
6073,2019-05-03,75,71,-4
6075,2019-05-03,19,8,-11
6076,2019-05-03,7,12,5
6079,2019-05-03,40,37,-3
6080,2019-05-03,59,67,8
6081,2019-05-03,23,21,-2
6082,2019-05-03,9,9,0
6083,2019-05-03,42,63,21
6084,2019-05-03,20,32,12
6085,2019-05-03,40,60,20
6087,2019-05-03,53,68,15
6088,2019-05-03,16,36,20
6089,2019-05-03,32,25,-7
6090,2019-05-03,35,27,-8
6091,2019-05-03,25,18,-7
6092,2019-05-03,37,21,-16
6093,2019-05-03,13,9,-4
6094,2019-05-03,33,33,0
6095,2019-05-03,51,44,-7
6096,2019-05-03,24,34,10
6097,2019-05-03,31,15,-16
6098,2019-05-03,25,7,-18
6099,2019-05-03,40,47,7
6100,2019-05-03,105,92,-13
6101,2019-05-03,30,11,-19
6102,2019-05-03,20,11,-9
6103,2019-05-03,6,11,5
6104,2019-05-03,34,46,12
6105,2019-05-03,22,41,19
6106,2019-05-03,9,12,3
6107,2019-05-03,46,51,5
6108,2019-05-03,27,25,-2
6109,2019-05-03,3,3,0
6110,2019-05-03,19,23,4
6111,2019-05-03,18,22,4
6112,2019-05-03,47,55,8
6113,2019-05-03,20,30,10
6114,2019-05-03,71,101,30
6115,2019-05-03,5,6,1
6116,2019-05-03,36,45,9
6118,2019-05-03,45,52,7
6119,2019-05-03,40,53,13
6120,2019-05-03,22,44,22
6121,2019-05-03,10,18,8
6122,2019-05-03,5,10,5
6123,2019-05-03,13,9,-4
6124,2019-05-03,20,30,10
6125,2019-05-03,6,10,4
6126,2019-05-03,29,26,-3
6127,2019-05-03,21,18,-3
6128,2019-05-03,9,11,2
6129,2019-05-03,47,42,-5
6130,2019-05-03,17,13,-4
6131,2019-05-03,39,22,-17
6132,2019-05-03,29,36,7
6133,2019-05-03,33,29,-4
6134,2019-05-03,24,21,-3
6136,2019-05-03,141,119,-22
6137,2019-05-03,62,45,-17
6138,2019-05-03,38,28,-10
6139,2019-05-03,26,13,-13
6140,2019-05-03,61,42,-19
6142,2019-05-03,30,30,0
6143,2019-05-03,33,33,0
6145,2019-05-03,30,28,-2
6146,2019-05-03,23,19,-4
6147,2019-05-03,35,28,-7
6148,2019-05-03,40,33,-7
6149,2019-05-03,16,18,2
6150,2019-05-03,31,41,10
6151,2019-05-03,45,45,0
6152,2019-05-03,44,54,10
6153,2019-05-03,29,40,11
6154,2019-05-03,99,98,-1
6155,2019-05-03,63,61,-2
6156,2019-05-03,40,41,1
6157,2019-05-03,60,50,-10
6158,2019-05-03,36,38,2
6160,2019-05-03,35,31,-4
6161,2019-05-03,31,28,-3
6163,2019-05-03,61,60,-1
6164,2019-05-03,45,46,1
6165,2019-05-03,29,39,10
6166,2019-05-03,49,30,-19
6167,2019-05-03,22,24,2
6168,2019-05-03,28,25,-3
6169,2019-05-03,56,60,4
6170,2019-05-03,22,17,-5
6171,2019-05-03,12,19,7
6173,2019-05-03,55,37,-18
6174,2019-05-03,47,48,1
6175,2019-05-03,63,38,-25
6176,2019-05-03,56,58,2
6177,2019-05-03,42,33,-9
6178,2019-05-03,36,54,18
6179,2019-05-03,47,48,1
6180,2019-05-03,27,30,3
6181,2019-05-03,66,33,-33
6182,2019-05-03,22,22,0
6183,2019-05-03,41,40,-1
6184,2019-05-03,121,139,18
6185,2019-05-03,9,10,1
6186,2019-05-03,27,23,-4
6187,2019-05-03,53,60,7
6188,2019-05-03,25,21,-4
6189,2019-05-03,9,13,4
6190,2019-05-03,64,52,-12
6191,2019-05-03,30,28,-2
6192,2019-05-03,26,24,-2
6193,2019-05-03,55,43,-12
6194,2019-05-03,67,67,0
6195,2019-05-03,45,22,-23
6196,2019-05-03,70,50,-20
6197,2019-05-03,27,18,-9
6198,2019-05-03,9,6,-3
6199,2019-05-03,60,47,-13
6200,2019-05-03,58,52,-6
6201,2019-05-03,41,32,-9
6202,2019-05-03,53,47,-6
6203,2019-05-03,37,33,-4
6204,2019-05-03,46,49,3
6205,2019-05-03,45,37,-8
6206,2019-05-03,70,59,-11
6207,2019-05-03,22,17,-5
6208,2019-05-03,30,39,9
6209,2019-05-03,85,61,-24
6210,2019-05-03,19,15,-4
6211,2019-05-03,81,74,-7
6212,2019-05-03,41,11,-30
6213,2019-05-03,56,58,2
6214,2019-05-03,16,11,-5
6215,2019-05-03,40,33,-7
6216,2019-05-03,42,12,-30
6217,2019-05-03,53,35,-18
6218,2019-05-03,19,21,2
6219,2019-05-03,29,25,-4
6220,2019-05-03,43,45,2
6221,2019-05-03,100,87,-13
6222,2019-05-03,30,24,-6
6223,2019-05-03,46,23,-23
6224,2019-05-03,41,28,-13
6225,2019-05-03,36,27,-9
6226,2019-05-03,14,14,0
6227,2019-05-03,65,64,-1
6228,2019-05-03,16,11,-5
6229,2019-05-03,43,32,-11
6230,2019-05-03,48,34,-14
6231,2019-05-03,61,57,-4
6233,2019-05-03,53,41,-12
6234,2019-05-03,46,39,-7
6235,2019-05-03,55,44,-11
6236,2019-05-03,31,27,-4
6237,2019-05-03,28,30,2
6240,2019-05-03,15,9,-6
6241,2019-05-03,29,29,0
6243,2019-05-03,38,33,-5
6245,2019-05-03,23,18,-5
6246,2019-05-03,26,33,7
6247,2019-05-03,44,32,-12
6248,2019-05-03,71,49,-22
6249,2019-05-03,23,20,-3
6250,2019-05-03,20,29,9
6251,2019-05-03,11,9,-2
6252,2019-05-03,30,26,-4
6254,2019-05-03,32,32,0
6255,2019-05-03,41,40,-1
6257,2019-05-03,18,13,-5
6258,2019-05-03,33,35,2
6259,2019-05-03,23,15,-8
6260,2019-05-03,28,15,-13
6261,2019-05-03,22,20,-2
6262,2019-05-03,19,19,0
6263,2019-05-03,12,19,7
6264,2019-05-03,25,16,-9
6265,2019-05-03,31,25,-6
6266,2019-05-03,9,7,-2
6267,2019-05-03,26,24,-2
6268,2019-05-03,26,25,-1
6269,2019-05-03,8,12,4
6270,2019-05-03,16,9,-7
6272,2019-05-03,22,13,-9
6273,2019-05-03,13,13,0
6274,2019-05-03,14,12,-2
6275,2019-05-03,14,20,6
6276,2019-05-03,17,20,3
6277,2019-05-03,24,29,5
6278,2019-05-03,8,8,0
6279,2019-05-03,9,7,-2
6280,2019-05-03,37,32,-5
6281,2019-05-03,6,9,3
6301,2019-05-03,13,8,-5
6302,2019-05-03,9,5,-4
6303,2019-05-03,7,8,1
6304,2019-05-03,7,6,-1
6305,2019-05-03,13,10,-3
6306,2019-05-03,27,10,-17
6307,2019-05-03,49,32,-17
6309,2019-05-03,7,10,3
6310,2019-05-03,32,14,-18
6311,2019-05-03,17,16,-1
6312,2019-05-03,9,14,5
6313,2019-05-03,10,19,9
6314,2019-05-03,33,35,2
6315,2019-05-03,42,19,-23
6316,2019-05-03,12,5,-7
6321,2019-05-03,24,21,-3
6322,2019-05-03,15,11,-4
6323,2019-05-03,4,5,1
6324,2019-05-03,11,14,3
6327,2019-05-03,22,9,-13
6328,2019-05-03,25,15,-10
6329,2019-05-03,16,15,-1
6330,2019-05-03,13,13,0
6331,2019-05-03,11,10,-1
6332,2019-05-03,11,12,1
6333,2019-05-03,8,4,-4
6334,2019-05-03,38,41,3
6335,2019-05-03,16,3,-13
6336,2019-05-03,10,13,3
6338,2019-05-03,18,19,1
6339,2019-05-03,11,16,5
6340,2019-05-03,13,13,0
6341,2019-05-03,15,20,5
6343,2019-05-03,25,24,-1
6344,2019-05-03,30,26,-4
6345,2019-05-03,4,5,1
6346,2019-05-03,12,12,0
6347,2019-05-03,14,13,-1
6349,2019-05-03,10,10,0
6350,2019-05-03,21,21,0
6354,2019-05-03,14,18,4
6355,2019-05-03,16,16,0
6356,2019-05-03,26,13,-13
6357,2019-05-03,9,11,2
6358,2019-05-03,17,12,-5
6359,2019-05-03,30,35,5
6360,2019-05-03,9,10,1
6361,2019-05-03,14,17,3
6362,2019-05-03,15,15,0
6363,2019-05-03,11,11,0
6364,2019-05-03,19,19,0
6366,2019-05-03,7,6,-1
6367,2019-05-03,19,11,-8
6368,2019-05-03,32,36,4
6369,2019-05-03,12,19,7
6370,2019-05-03,22,14,-8
6371,2019-05-03,34,37,3
6372,2019-05-03,32,33,1
6373,2019-05-03,23,25,2
6374,2019-05-03,32,17,-15
6375,2019-05-03,32,43,11
6376,2019-05-03,14,15,1
6377,2019-05-03,22,25,3
6379,2019-05-03,6,17,11
6380,2019-05-03,11,8,-3
6381,2019-05-03,23,30,7
6383,2019-05-03,9,13,4
6384,2019-05-03,11,5,-6
6385,2019-05-03,29,30,1
6386,2019-05-03,33,43,10
6387,2019-05-03,30,42,12
6388,2019-05-03,12,9,-3
6389,2019-05-03,33,29,-4
6391,2019-05-03,25,30,5
6393,2019-05-03,30,43,13
6394,2019-05-03,32,46,14
6395,2019-05-03,36,40,4
6396,2019-05-03,32,40,8
6397,2019-05-03,14,22,8
6398,2019-05-03,17,19,2
6401,2019-05-03,27,30,3
6402,2019-05-03,25,26,1
6403,2019-05-03,13,12,-1
6404,2019-05-03,8,9,1
6405,2019-05-03,18,16,-2
6406,2019-05-03,14,12,-2
6407,2019-05-03,8,12,4
6408,2019-05-03,29,41,12
6409,2019-05-03,9,10,1
6410,2019-05-03,24,24,0
6411,2019-05-03,61,70,9
6412,2019-05-03,9,16,7
6413,2019-05-03,6,11,5
6414,2019-05-03,6,14,8
6415,2019-05-03,9,10,1
6416,2019-05-03,11,12,1
6417,2019-05-03,8,6,-2
6419,2019-05-03,6,8,2
6420,2019-05-03,14,16,2
6421,2019-05-03,31,21,-10
6422,2019-05-03,8,7,-1
6423,2019-05-03,11,6,-5
6424,2019-05-03,12,24,12
6425,2019-05-03,17,15,-2
6426,2019-05-03,38,37,-1
6427,2019-05-03,18,22,4
6428,2019-05-03,4,7,3
6429,2019-05-03,7,11,4
6432,2019-05-03,30,24,-6
6433,2019-05-03,19,20,1
6434,2019-05-03,29,35,6
6435,2019-05-03,12,8,-4
6436,2019-05-03,11,17,6
6501,2019-05-03,10,12,2
6502,2019-05-03,7,6,-1
6503,2019-05-03,35,23,-12
6504,2019-05-03,3,3,0
6700,2019-05-03,11,19,8
6701,2019-05-03,33,14,-19
6702,2019-05-03,12,10,-2
6703,2019-05-03,12,2,-10
6704,2019-05-03,13,13,0
6705,2019-05-03,7,7,0
6706,2019-05-03,10,7,-3
6707,2019-05-03,19,24,5
6708,2019-05-03,27,54,27
6709,2019-05-03,14,11,-3
6710,2019-05-03,8,3,-5
6711,2019-05-03,11,12,1
6712,2019-05-03,5,3,-2
6713,2019-05-03,5,9,4
6715,2019-05-03,5,7,2
6716,2019-05-03,9,8,-1
6717,2019-05-03,9,11,2
6718,2019-05-03,7,6,-1
6719,2019-05-03,13,12,-1
6720,2019-05-03,19,18,-1
6721,2019-05-03,6,9,3
6722,2019-05-03,10,14,4
6723,2019-05-03,9,9,0
6724,2019-05-03,14,19,5
6725,2019-05-03,15,19,4
6726,2019-05-03,6,11,5
6727,2019-05-03,31,42,11
6728,2019-05-03,6,5,-1
6729,2019-05-03,42,64,22
6730,2019-05-03,1,3,2
6731,2019-05-03,6,0,-6
6732,2019-05-03,13,16,3
6733,2019-05-03,12,13,1
6734,2019-05-03,33,21,-12
6735,2019-05-03,7,5,-2
6736,2019-05-03,2,2,0
6737,2019-05-03,9,4,-5
6738,2019-05-03,60,36,-24
6739,2019-05-03,7,9,2
6741,2019-05-03,12,8,-4
6742,2019-05-03,20,21,1
6743,2019-05-03,10,5,-5
6744,2019-05-03,14,9,-5
6745,2019-05-03,8,7,-1
6746,2019-05-03,9,10,1
6747,2019-05-03,23,22,-1
6748,2019-05-03,34,43,9
6749,2019-05-03,31,32,1
6750,2019-05-03,13,18,5
6753,2019-05-03,8,7,-1
6754,2019-05-03,10,9,-1
6901,2019-05-03,25,37,12
6902,2019-05-03,46,67,21
6903,2019-05-03,37,36,-1
6904,2019-05-03,31,21,-10
6905,2019-05-03,22,16,-6
6906,2019-05-03,63,48,-15
6907,2019-05-03,33,35,2
6908,2019-05-03,15,25,10
6910,2019-05-03,58,54,-4
6912,2019-05-03,60,61,1
6913,2019-05-03,34,22,-12
6915,2019-05-03,42,32,-10
6916,2019-05-03,10,19,9
6917,2019-05-03,9,9,0
6918,2019-05-03,13,10,-3
6919,2019-05-03,14,11,-3
6921,2019-05-03,38,36,-2
6923,2019-05-03,28,25,-3
6924,2019-05-03,7,12,5
6925,2019-05-03,22,26,4
6926,2019-05-03,25,25,0
6927,2019-05-03,35,26,-9
6928,2019-05-03,19,2,-17
6929,2019-05-03,14,12,-2
6930,2019-05-03,9,11,2
7001,2019-05-03,11,23,12
7002,2019-05-03,6,8,2
7003,2019-05-03,35,40,5
7004,2019-05-03,12,11,-1
7005,2019-05-03,4,4,0
7006,2019-05-03,7,15,8
7007,2019-05-03,9,14,5
7008,2019-05-03,13,13,0
7009,2019-05-03,25,49,24
7010,2019-05-03,8,9,1
7011,2019-05-03,32,40,8
7012,2019-05-03,15,15,0
7013,2019-05-03,8,8,0
7014,2019-05-03,24,19,-5
7015,2019-05-03,2,5,3
7016,2019-05-03,9,6,-3
7017,2019-05-03,8,13,5
7018,2019-05-03,10,19,9
7019,2019-05-03,39,41,2
7020,2019-05-03,8,5,-3
7021,2019-05-03,20,27,7
7022,2019-05-03,15,15,0
7023,2019-05-03,3,4,1
7024,2019-05-03,17,13,-4
7025,2019-05-03,16,8,-8
7026,2019-05-03,39,38,-1
7027,2019-05-03,24,18,-6
7028,2019-05-03,66,61,-5
7029,2019-05-03,29,18,-11
7030,2019-05-03,35,36,1
7031,2019-05-03,33,44,11
7032,2019-05-03,44,28,-16
7033,2019-05-03,43,30,-13
7034,2019-05-03,9,13,4
7035,2019-05-03,24,12,-12
7036,2019-05-03,23,17,-6
7037,2019-05-03,27,21,-6
7038,2019-05-03,38,32,-6
7039,2019-05-03,18,8,-10
7040,2019-05-03,36,37,1
7041,2019-05-03,73,61,-12
7042,2019-05-03,17,23,6
7043,2019-05-03,10,7,-3
7045,2019-05-03,9,7,-2
7046,2019-05-03,67,98,31
7047,2019-05-03,53,81,28
7048,2019-05-03,7,8,1
7050,2019-05-03,8,10,2
7051,2019-05-03,7,11,4
7052,2019-05-03,20,24,4
7053,2019-05-03,12,10,-2
7054,2019-05-03,13,12,-1
7055,2019-05-03,13,17,4
7056,2019-05-03,6,11,5
7057,2019-05-03,17,20,3
7058,2019-05-03,16,19,3
7059,2019-05-03,10,11,1
7060,2019-05-03,9,10,1
7061,2019-05-03,11,17,6
7062,2019-05-03,18,26,8
7063,2019-05-03,9,14,5
7064,2019-05-03,14,16,2
7065,2019-05-03,16,16,0
7066,2019-05-03,31,39,8
7067,2019-05-03,51,54,3
7068,2019-05-03,20,36,16
7069,2019-05-03,27,27,0
7070,2019-05-03,14,17,3
7071,2019-05-03,26,19,-7
7072,2019-05-03,19,8,-11
7073,2019-05-03,18,23,5
7074,2019-05-03,14,20,6
7075,2019-05-03,7,6,-1
7076,2019-05-03,33,24,-9
7077,2019-05-03,10,12,2
7078,2019-05-03,20,20,0
7079,2019-05-03,35,43,8
7082,2019-05-03,32,41,9
7083,2019-05-03,40,35,-5
7084,2019-05-03,31,34,3
7090,2019-05-03,5,5,0
7091,2019-05-03,1,1,0
7093,2019-05-03,1,0,-1
7095,2019-05-03,3,3,0
7096,2019-05-03,8,14,6
7097,2019-05-03,1,2,1
7099,2019-05-03,2,5,3
7100,2019-05-03,2,1,-1
7101,2019-05-03,1,1,0
7102,2019-05-03,7,7,0
7104,2019-05-03,1,0,-1
7105,2019-05-03,1,1,0
7106,2019-05-03,1,0,-1
7108,2019-05-03,1,2,1
7109,2019-05-03,6,10,4
7110,2019-05-03,3,2,-1
7112,2019-05-03,3,3,0
7113,2019-05-03,40,33,-7
7114,2019-05-03,35,30,-5
7118,2019-05-03,2,2,0
7119,2019-05-03,1,1,0
7120,2019-05-03,2,0,-2
7121,2019-05-03,1,0,-1
7122,2019-05-03,1,2,1
7124,2019-05-03,9,7,-2
7125,2019-05-03,5,4,-1
7126,2019-05-03,3,5,2
7127,2019-05-03,23,20,-3
7128,2019-05-03,10,8,-2
7129,2019-05-03,2,6,4
7130,2019-05-03,6,6,0
7131,2019-05-03,2,0,-2
7132,2019-05-03,3,5,2
7133,2019-05-03,1,0,-1
7134,2019-05-03,3,2,-1
7135,2019-05-03,1,6,5
7136,2019-05-03,2,2,0
7138,2019-05-03,3,2,-1
7139,2019-05-03,33,36,3
7140,2019-05-03,16,12,-4
7141,2019-05-03,17,20,3
7142,2019-05-03,1,6,5
7143,2019-05-03,8,7,-1
7144,2019-05-03,10,15,5
7145,2019-05-03,11,10,-1
7146,2019-05-03,17,20,3
7147,2019-05-03,14,15,1
7148,2019-05-03,3,7,4
7149,2019-05-03,3,3,0
10002,2019-05-03,62,63,1
4000,2019-05-04,54,68,14
4002,2019-05-04,42,49,7
5002,2019-05-04,4,6,2
5003,2019-05-04,10,9,-1
5004,2019-05-04,1,4,3
5006,2019-05-04,8,9,1
5007,2019-05-04,20,13,-7
6001,2019-05-04,40,43,3
6002,2019-05-04,24,26,2
6003,2019-05-04,28,35,7
6004,2019-05-04,29,22,-7
6005,2019-05-04,43,39,-4
6006,2019-05-04,32,27,-5
6007,2019-05-04,37,27,-10
6008,2019-05-04,38,40,2
6009,2019-05-04,58,55,-3
6011,2019-05-04,23,31,8
6012,2019-05-04,97,155,58
6013,2019-05-04,47,67,20
6014,2019-05-04,19,16,-3
6015,2019-05-04,124,231,107
6016,2019-05-04,10,11,1
6017,2019-05-04,35,38,3
6018,2019-05-04,45,60,15
6019,2019-05-04,92,87,-5
6020,2019-05-04,65,94,29
6021,2019-05-04,64,60,-4
6022,2019-05-04,43,42,-1
6023,2019-05-04,161,233,72
6025,2019-05-04,38,51,13
6026,2019-05-04,236,360,124
6027,2019-05-04,58,94,36
6029,2019-05-04,26,22,-4
6031,2019-05-04,21,24,3
6032,2019-05-04,51,112,61
6033,2019-05-04,13,13,0
6034,2019-05-04,35,53,18
6035,2019-05-04,11,30,19
6036,2019-05-04,209,283,74
6037,2019-05-04,35,47,12
6038,2019-05-04,71,64,-7
6039,2019-05-04,42,62,20
6041,2019-05-04,18,23,5
6042,2019-05-04,28,25,-3
6043,2019-05-04,38,55,17
6044,2019-05-04,72,62,-10
6046,2019-05-04,30,24,-6
6047,2019-05-04,40,27,-13
6048,2019-05-04,15,14,-1
6049,2019-05-04,35,32,-3
6050,2019-05-04,12,7,-5
6051,2019-05-04,43,37,-6
6052,2019-05-04,236,260,24
6053,2019-05-04,111,117,6
6057,2019-05-04,29,26,-3
6058,2019-05-04,22,19,-3
6059,2019-05-04,24,17,-7
6060,2019-05-04,12,10,-2
6062,2019-05-04,50,30,-20
6063,2019-05-04,54,56,2
6064,2019-05-04,79,97,18
6065,2019-05-04,36,34,-2
6066,2019-05-04,39,20,-19
6067,2019-05-04,33,35,2
6068,2019-05-04,7,11,4
6070,2019-05-04,91,109,18
6072,2019-05-04,20,18,-2
6073,2019-05-04,108,122,14
6075,2019-05-04,21,4,-17
6076,2019-05-04,25,28,3
6079,2019-05-04,43,46,3
6080,2019-05-04,93,86,-7
6081,2019-05-04,21,16,-5
6082,2019-05-04,15,8,-7
6083,2019-05-04,59,60,1
6084,2019-05-04,17,12,-5
6085,2019-05-04,47,51,4
6087,2019-05-04,87,111,24
6088,2019-05-04,46,60,14
6089,2019-05-04,18,16,-2
6090,2019-05-04,17,18,1
6091,2019-05-04,32,18,-14
6092,2019-05-04,55,51,-4
6093,2019-05-04,24,14,-10
6094,2019-05-04,23,18,-5
6095,2019-05-04,71,65,-6
6096,2019-05-04,17,30,13
6097,2019-05-04,34,31,-3
6098,2019-05-04,19,19,0
6099,2019-05-04,68,88,20
6100,2019-05-04,164,159,-5
6101,2019-05-04,32,8,-24
6102,2019-05-04,29,24,-5
6103,2019-05-04,10,12,2
6104,2019-05-04,44,50,6
6105,2019-05-04,35,50,15
6106,2019-05-04,27,36,9
6107,2019-05-04,77,65,-12
6108,2019-05-04,23,35,12
6109,2019-05-04,59,66,7
6110,2019-05-04,23,26,3
6111,2019-05-04,36,44,8
6112,2019-05-04,75,78,3
6113,2019-05-04,22,35,13
6114,2019-05-04,163,170,7
6115,2019-05-04,16,22,6
6116,2019-05-04,45,55,10
6118,2019-05-04,74,91,17
6119,2019-05-04,52,69,17
6120,2019-05-04,56,58,2
6121,2019-05-04,31,32,1
6122,2019-05-04,18,18,0
6123,2019-05-04,27,31,4
6124,2019-05-04,40,49,9
6125,2019-05-04,11,15,4
6126,2019-05-04,16,23,7
6127,2019-05-04,65,65,0
6128,2019-05-04,15,16,1
6129,2019-05-04,46,31,-15
6130,2019-05-04,28,22,-6
6131,2019-05-04,71,39,-32
6132,2019-05-04,51,59,8
6133,2019-05-04,69,59,-10
6134,2019-05-04,32,22,-10
6136,2019-05-04,167,159,-8
6137,2019-05-04,79,73,-6
6138,2019-05-04,62,49,-13
6139,2019-05-04,26,24,-2
6140,2019-05-04,119,111,-8
6142,2019-05-04,117,110,-7
6143,2019-05-04,150,140,-10
6145,2019-05-04,89,86,-3
6146,2019-05-04,89,70,-19
6147,2019-05-04,60,48,-12
6148,2019-05-04,65,52,-13
6149,2019-05-04,39,28,-11
6150,2019-05-04,74,68,-6
6151,2019-05-04,83,71,-12
6152,2019-05-04,105,109,4
6153,2019-05-04,34,33,-1
6154,2019-05-04,146,143,-3
6155,2019-05-04,134,141,7
6156,2019-05-04,57,54,-3
6157,2019-05-04,141,137,-4
6158,2019-05-04,54,55,1
6160,2019-05-04,53,35,-18
6161,2019-05-04,50,49,-1
6163,2019-05-04,124,125,1
6164,2019-05-04,126,122,-4
6165,2019-05-04,100,112,12
6166,2019-05-04,66,62,-4
6167,2019-05-04,45,37,-8
6168,2019-05-04,36,22,-14
6169,2019-05-04,152,128,-24
6170,2019-05-04,80,72,-8
6171,2019-05-04,46,54,8
6173,2019-05-04,81,72,-9
6174,2019-05-04,79,67,-12
6175,2019-05-04,94,49,-45
6176,2019-05-04,110,109,-1
6177,2019-05-04,80,71,-9
6178,2019-05-04,118,116,-2
6179,2019-05-04,99,98,-1
6180,2019-05-04,32,42,10
6181,2019-05-04,105,78,-27
6182,2019-05-04,74,70,-4
6183,2019-05-04,76,72,-4
6184,2019-05-04,198,180,-18
6185,2019-05-04,23,17,-6
6186,2019-05-04,66,52,-14
6187,2019-05-04,91,101,10
6188,2019-05-04,53,46,-7
6189,2019-05-04,31,33,2
6190,2019-05-04,74,71,-3
6191,2019-05-04,55,46,-9
6192,2019-05-04,49,34,-15
6193,2019-05-04,105,96,-9
6194,2019-05-04,114,117,3
6195,2019-05-04,60,55,-5
6196,2019-05-04,103,74,-29
6197,2019-05-04,46,38,-8
6198,2019-05-04,17,19,2
6199,2019-05-04,76,54,-22
6200,2019-05-04,87,90,3
6201,2019-05-04,65,53,-12
6202,2019-05-04,121,106,-15
6203,2019-05-04,64,70,6
6204,2019-05-04,83,78,-5
6205,2019-05-04,82,73,-9
6206,2019-05-04,109,86,-23
6207,2019-05-04,31,28,-3
6208,2019-05-04,41,31,-10
6209,2019-05-04,75,75,0
6210,2019-05-04,14,14,0
6211,2019-05-04,135,119,-16
6212,2019-05-04,89,68,-21
6213,2019-05-04,100,89,-11
6215,2019-05-04,44,33,-11
6216,2019-05-04,163,133,-30
6217,2019-05-04,73,55,-18
6218,2019-05-04,29,42,13
6219,2019-05-04,55,44,-11
6220,2019-05-04,93,80,-13
6221,2019-05-04,134,119,-15
6222,2019-05-04,65,64,-1
6223,2019-05-04,106,66,-40
6224,2019-05-04,67,51,-16
6225,2019-05-04,59,29,-30
6226,2019-05-04,8,8,0
6227,2019-05-04,147,144,-3
6228,2019-05-04,24,22,-2
6229,2019-05-04,69,65,-4
6230,2019-05-04,69,72,3
6231,2019-05-04,93,92,-1
6233,2019-05-04,95,87,-8
6234,2019-05-04,99,82,-17
6235,2019-05-04,24,23,-1
6236,2019-05-04,60,53,-7
6237,2019-05-04,41,41,0
6240,2019-05-04,11,20,9
6241,2019-05-04,56,53,-3
6243,2019-05-04,71,57,-14
6245,2019-05-04,35,41,6
6246,2019-05-04,31,32,1
6247,2019-05-04,87,81,-6
6248,2019-05-04,113,110,-3
6249,2019-05-04,58,59,1
6250,2019-05-04,144,135,-9
6251,2019-05-04,28,35,7
6252,2019-05-04,48,37,-11
6254,2019-05-04,58,51,-7
6255,2019-05-04,84,84,0
6257,2019-05-04,39,36,-3
6258,2019-05-04,97,73,-24
6259,2019-05-04,39,44,5
6260,2019-05-04,50,40,-10
6261,2019-05-04,46,38,-8
6262,2019-05-04,35,34,-1
6263,2019-05-04,9,13,4
6264,2019-05-04,33,36,3
6265,2019-05-04,32,21,-11
6266,2019-05-04,14,15,1
6267,2019-05-04,59,44,-15
6268,2019-05-04,50,43,-7
6269,2019-05-04,23,25,2
6270,2019-05-04,41,35,-6
6272,2019-05-04,27,24,-3
6273,2019-05-04,30,28,-2
6274,2019-05-04,36,33,-3
6275,2019-05-04,25,21,-4
6276,2019-05-04,41,31,-10
6277,2019-05-04,68,61,-7
6278,2019-05-04,25,18,-7
6279,2019-05-04,9,10,1
6280,2019-05-04,62,54,-8
6281,2019-05-04,23,21,-2
6301,2019-05-04,29,27,-2
6302,2019-05-04,21,16,-5
6303,2019-05-04,18,13,-5
6304,2019-05-04,8,7,-1
6305,2019-05-04,21,12,-9
6306,2019-05-04,37,18,-19
6307,2019-05-04,55,67,12
6309,2019-05-04,14,19,5
6310,2019-05-04,43,19,-24
6311,2019-05-04,33,25,-8
6312,2019-05-04,19,32,13
6313,2019-05-04,66,80,14
6314,2019-05-04,45,28,-17
6315,2019-05-04,55,35,-20
6316,2019-05-04,43,23,-20
6321,2019-05-04,97,87,-10
6322,2019-05-04,17,20,3
6323,2019-05-04,10,14,4
6324,2019-05-04,19,31,12
6327,2019-05-04,32,25,-7
6328,2019-05-04,45,37,-8
6329,2019-05-04,24,20,-4
6330,2019-05-04,19,19,0
6331,2019-05-04,23,18,-5
6332,2019-05-04,15,17,2
6333,2019-05-04,10,13,3
6334,2019-05-04,56,47,-9
6335,2019-05-04,36,31,-5
6336,2019-05-04,25,20,-5
6338,2019-05-04,41,41,0
6339,2019-05-04,17,18,1
6340,2019-05-04,30,25,-5
6341,2019-05-04,32,37,5
6343,2019-05-04,33,25,-8
6344,2019-05-04,65,60,-5
6345,2019-05-04,17,24,7
6346,2019-05-04,9,5,-4
6347,2019-05-04,8,11,3
6349,2019-05-04,24,23,-1
6350,2019-05-04,33,42,9
6354,2019-05-04,31,32,1
6355,2019-05-04,20,24,4
6356,2019-05-04,17,10,-7
6357,2019-05-04,14,8,-6
6358,2019-05-04,14,12,-2
6359,2019-05-04,54,72,18
6360,2019-05-04,25,32,7
6361,2019-05-04,42,50,8
6362,2019-05-04,27,26,-1
6363,2019-05-04,16,16,0
6364,2019-05-04,47,36,-11
6366,2019-05-04,16,8,-8
6367,2019-05-04,32,35,3
6368,2019-05-04,83,66,-17
6369,2019-05-04,23,30,7
6370,2019-05-04,21,25,4
6371,2019-05-04,62,68,6
6372,2019-05-04,81,76,-5
6373,2019-05-04,16,24,8
6374,2019-05-04,43,36,-7
6375,2019-05-04,55,69,14
6376,2019-05-04,25,24,-1
6377,2019-05-04,41,52,11
6379,2019-05-04,18,17,-1
6380,2019-05-04,22,21,-1
6381,2019-05-04,67,58,-9
6383,2019-05-04,30,22,-8
6384,2019-05-04,22,25,3
6385,2019-05-04,45,45,0
6386,2019-05-04,41,46,5
6387,2019-05-04,47,56,9
6388,2019-05-04,30,26,-4
6389,2019-05-04,56,45,-11
6391,2019-05-04,60,80,20
6393,2019-05-04,41,53,12
6394,2019-05-04,70,109,39
6395,2019-05-04,71,90,19
6396,2019-05-04,114,117,3
6397,2019-05-04,41,49,8
6398,2019-05-04,32,32,0
6401,2019-05-04,79,84,5
6402,2019-05-04,93,81,-12
6403,2019-05-04,19,16,-3
6404,2019-05-04,16,12,-4
6405,2019-05-04,83,92,9
6406,2019-05-04,163,234,71
6407,2019-05-04,18,31,13
6408,2019-05-04,25,28,3
6409,2019-05-04,20,15,-5
6410,2019-05-04,28,25,-3
6411,2019-05-04,87,86,-1
6412,2019-05-04,13,17,4
6413,2019-05-04,14,16,2
6414,2019-05-04,20,22,2
6415,2019-05-04,11,17,6
6416,2019-05-04,17,11,-6
6417,2019-05-04,22,16,-6
6419,2019-05-04,12,12,0
6420,2019-05-04,26,24,-2
6421,2019-05-04,40,41,1
6422,2019-05-04,12,11,-1
6423,2019-05-04,11,5,-6
6424,2019-05-04,19,30,11
6425,2019-05-04,41,44,3
6426,2019-05-04,33,49,16
6427,2019-05-04,32,40,8
6428,2019-05-04,12,8,-4
6429,2019-05-04,25,26,1
6432,2019-05-04,67,68,1
6433,2019-05-04,22,19,-3
6434,2019-05-04,42,42,0
6435,2019-05-04,47,52,5
6436,2019-05-04,18,9,-9
6501,2019-05-04,66,73,7
6502,2019-05-04,25,43,18
6503,2019-05-04,44,40,-4
6504,2019-05-04,19,21,2
6700,2019-05-04,23,44,21
6701,2019-05-04,49,35,-14
6702,2019-05-04,21,20,-1
6703,2019-05-04,75,76,1
6704,2019-05-04,19,23,4
6705,2019-05-04,15,11,-4
6706,2019-05-04,25,24,-1
6707,2019-05-04,18,12,-6
6708,2019-05-04,26,50,24
6709,2019-05-04,30,26,-4
6710,2019-05-04,13,10,-3
6711,2019-05-04,11,10,-1
6712,2019-05-04,28,26,-2
6713,2019-05-04,23,25,2
6714,2019-05-04,18,19,1
6715,2019-05-04,18,25,7
6716,2019-05-04,8,13,5
6717,2019-05-04,10,12,2
6718,2019-05-04,18,19,1
6719,2019-05-04,7,10,3
6720,2019-05-04,25,27,2
6721,2019-05-04,15,17,2
6722,2019-05-04,14,19,5
6723,2019-05-04,10,7,-3
6724,2019-05-04,92,137,45
6725,2019-05-04,28,17,-11
6726,2019-05-04,22,16,-6
6727,2019-05-04,45,54,9
6728,2019-05-04,12,11,-1
6729,2019-05-04,95,95,0
6730,2019-05-04,11,8,-3
6731,2019-05-04,21,20,-1
6732,2019-05-04,16,13,-3
6733,2019-05-04,32,24,-8
6734,2019-05-04,50,41,-9
6735,2019-05-04,10,6,-4
6736,2019-05-04,14,17,3
6737,2019-05-04,10,12,2
6738,2019-05-04,26,28,2
6739,2019-05-04,11,6,-5
6741,2019-05-04,13,12,-1
6742,2019-05-04,43,50,7
6743,2019-05-04,31,9,-22
6744,2019-05-04,21,21,0
6745,2019-05-04,19,18,-1
6746,2019-05-04,16,19,3
6747,2019-05-04,30,32,2
6748,2019-05-04,56,62,6
6749,2019-05-04,30,39,9
6750,2019-05-04,26,17,-9
6753,2019-05-04,9,10,1
6754,2019-05-04,5,10,5
6901,2019-05-04,34,45,11
6902,2019-05-04,52,62,10
6903,2019-05-04,75,55,-20
6904,2019-05-04,40,33,-7
6905,2019-05-04,29,29,0
6906,2019-05-04,79,50,-29
6907,2019-05-04,69,58,-11
6908,2019-05-04,59,49,-10
6910,2019-05-04,103,94,-9
6912,2019-05-04,78,63,-15
6913,2019-05-04,51,39,-12
6915,2019-05-04,81,82,1
6916,2019-05-04,43,36,-7
6917,2019-05-04,19,20,1
6918,2019-05-04,25,22,-3
6919,2019-05-04,17,15,-2
6921,2019-05-04,36,37,1
6923,2019-05-04,39,43,4
6924,2019-05-04,30,28,-2
6925,2019-05-04,24,24,0
6926,2019-05-04,53,45,-8
6927,2019-05-04,33,24,-9
6928,2019-05-04,26,2,-24
6929,2019-05-04,21,14,-7
6930,2019-05-04,12,14,2
7001,2019-05-04,33,29,-4
7002,2019-05-04,13,12,-1
7003,2019-05-04,75,57,-18
7004,2019-05-04,12,11,-1
7005,2019-05-04,8,11,3
7006,2019-05-04,13,14,1
7007,2019-05-04,12,12,0
7008,2019-05-04,13,17,4
7009,2019-05-04,53,77,24
7010,2019-05-04,13,13,0
7011,2019-05-04,51,59,8
7012,2019-05-04,22,18,-4
7013,2019-05-04,16,25,9
7014,2019-05-04,41,23,-18
7015,2019-05-04,45,43,-2
7016,2019-05-04,11,13,2
7017,2019-05-04,30,28,-2
7018,2019-05-04,30,38,8
7019,2019-05-04,16,17,1
7020,2019-05-04,21,15,-6
7021,2019-05-04,27,24,-3
7022,2019-05-04,34,31,-3
7023,2019-05-04,4,4,0
7024,2019-05-04,25,14,-11
7025,2019-05-04,18,10,-8
7026,2019-05-04,43,44,1
7027,2019-05-04,22,26,4
7028,2019-05-04,50,44,-6
7029,2019-05-04,34,33,-1
7030,2019-05-04,54,56,2
7031,2019-05-04,71,64,-7
7032,2019-05-04,95,70,-25
7033,2019-05-04,45,32,-13
7034,2019-05-04,59,94,35
7035,2019-05-04,25,18,-7
7036,2019-05-04,35,31,-4
7037,2019-05-04,30,24,-6
7038,2019-05-04,48,55,7
7039,2019-05-04,26,23,-3
7040,2019-05-04,53,47,-6
7041,2019-05-04,49,67,18
7042,2019-05-04,16,23,7
7043,2019-05-04,15,12,-3
7044,2019-05-04,11,3,-8
7045,2019-05-04,79,78,-1
7046,2019-05-04,81,101,20
7047,2019-05-04,114,113,-1
7048,2019-05-04,31,25,-6
7050,2019-05-04,32,29,-3
7051,2019-05-04,8,13,5
7052,2019-05-04,22,21,-1
7053,2019-05-04,44,49,5
7054,2019-05-04,79,89,10
7055,2019-05-04,18,38,20
7056,2019-05-04,16,16,0
7057,2019-05-04,40,43,3
7058,2019-05-04,29,35,6
7059,2019-05-04,32,24,-8
7060,2019-05-04,17,17,0
7061,2019-05-04,39,39,0
7062,2019-05-04,27,21,-6
7063,2019-05-04,23,19,-4
7064,2019-05-04,8,13,5
7065,2019-05-04,29,28,-1
7066,2019-05-04,59,82,23
7067,2019-05-04,54,61,7
7068,2019-05-04,51,49,-2
7069,2019-05-04,44,59,15
7070,2019-05-04,28,28,0
7071,2019-05-04,28,25,-3
7072,2019-05-04,27,23,-4
7073,2019-05-04,39,47,8
7074,2019-05-04,24,19,-5
7075,2019-05-04,13,8,-5
7076,2019-05-04,43,28,-15
7077,2019-05-04,29,32,3
7078,2019-05-04,18,27,9
7079,2019-05-04,23,28,5
7082,2019-05-04,65,68,3
7083,2019-05-04,56,48,-8
7084,2019-05-04,59,60,1
7090,2019-05-04,9,12,3
7091,2019-05-04,10,8,-2
7092,2019-05-04,3,6,3
7093,2019-05-04,15,5,-10
7094,2019-05-04,6,13,7
7095,2019-05-04,7,5,-2
7096,2019-05-04,13,16,3
7098,2019-05-04,3,1,-2
7099,2019-05-04,5,4,-1
7100,2019-05-04,5,5,0
7101,2019-05-04,2,5,3
7102,2019-05-04,16,14,-2
7103,2019-05-04,24,28,4
7104,2019-05-04,3,7,4
7105,2019-05-04,28,28,0
7106,2019-05-04,2,6,4
7107,2019-05-04,5,6,1
7108,2019-05-04,12,12,0
7109,2019-05-04,8,7,-1
7110,2019-05-04,14,16,2
7111,2019-05-04,4,4,0
7112,2019-05-04,14,15,1
7113,2019-05-04,27,20,-7
7114,2019-05-04,90,91,1
7117,2019-05-04,5,9,4
7118,2019-05-04,1,0,-1
7119,2019-05-04,17,19,2
7120,2019-05-04,14,9,-5
7121,2019-05-04,4,7,3
7122,2019-05-04,1,3,2
7123,2019-05-04,1,0,-1
7124,2019-05-04,7,9,2
7125,2019-05-04,25,29,4
7126,2019-05-04,5,6,1
7127,2019-05-04,30,30,0
7128,2019-05-04,16,15,-1
7129,2019-05-04,8,9,1
7130,2019-05-04,6,7,1
7131,2019-05-04,12,12,0
7132,2019-05-04,7,7,0
7133,2019-05-04,8,9,1
7134,2019-05-04,10,13,3
7135,2019-05-04,4,7,3
7136,2019-05-04,5,4,-1
7137,2019-05-04,10,7,-3
7139,2019-05-04,70,73,3
7140,2019-05-04,25,30,5
7141,2019-05-04,35,38,3
7142,2019-05-04,7,7,0
7143,2019-05-04,20,26,6
7144,2019-05-04,32,34,2
7145,2019-05-04,14,13,-1
7146,2019-05-04,13,18,5
7147,2019-05-04,12,13,1
7148,2019-05-04,16,15,-1
7149,2019-05-04,10,9,-1
10002,2019-05-04,69,72,3
4000,2019-05-05,40,53,13
4002,2019-05-05,37,29,-8
5002,2019-05-05,4,6,2
5003,2019-05-05,8,8,0
5004,2019-05-05,2,3,1
5006,2019-05-05,2,6,4
5007,2019-05-05,22,17,-5
6001,2019-05-05,38,48,10
6002,2019-05-05,43,58,15
6003,2019-05-05,38,39,1
6004,2019-05-05,35,31,-4
6005,2019-05-05,40,38,-2
6006,2019-05-05,36,36,0
6007,2019-05-05,38,46,8
6008,2019-05-05,43,49,6
6009,2019-05-05,87,93,6
6011,2019-05-05,25,34,9
6012,2019-05-05,120,182,62
6013,2019-05-05,62,92,30
6014,2019-05-05,26,26,0
6015,2019-05-05,158,248,90
6016,2019-05-05,9,14,5
6017,2019-05-05,47,49,2
6018,2019-05-05,48,52,4
6019,2019-05-05,133,95,-38
6020,2019-05-05,61,69,8
6021,2019-05-05,69,50,-19
6022,2019-05-05,62,75,13
6023,2019-05-05,222,294,72
6025,2019-05-05,19,17,-2
6026,2019-05-05,267,387,120
6027,2019-05-05,76,80,4
6029,2019-05-05,20,26,6
6031,2019-05-05,34,31,-3
6032,2019-05-05,55,111,56
6033,2019-05-05,13,7,-6
6034,2019-05-05,38,53,15
6035,2019-05-05,13,23,10
6036,2019-05-05,283,359,76
6037,2019-05-05,53,58,5
6038,2019-05-05,72,87,15
6039,2019-05-05,47,42,-5
6041,2019-05-05,39,28,-11
6042,2019-05-05,24,20,-4
6043,2019-05-05,41,60,19
6044,2019-05-05,78,60,-18
6046,2019-05-05,27,25,-2
6047,2019-05-05,43,25,-18
6048,2019-05-05,23,18,-5
6049,2019-05-05,37,37,0
6050,2019-05-05,16,15,-1
6051,2019-05-05,40,34,-6
6052,2019-05-05,365,374,9
6053,2019-05-05,118,118,0
6057,2019-05-05,40,41,1
6058,2019-05-05,42,42,0
6059,2019-05-05,23,23,0
6060,2019-05-05,11,10,-1
6062,2019-05-05,59,47,-12
6063,2019-05-05,70,64,-6
6064,2019-05-05,93,96,3
6065,2019-05-05,33,33,0
6066,2019-05-05,24,23,-1
6067,2019-05-05,44,45,1
6068,2019-05-05,10,11,1
6070,2019-05-05,110,97,-13
6072,2019-05-05,28,43,15
6073,2019-05-05,132,168,36
6075,2019-05-05,24,11,-13
6076,2019-05-05,15,15,0
6079,2019-05-05,68,60,-8
6080,2019-05-05,89,84,-5
6081,2019-05-05,29,16,-13
6082,2019-05-05,12,13,1
6083,2019-05-05,68,66,-2
6084,2019-05-05,20,20,0
6085,2019-05-05,45,69,24
6087,2019-05-05,78,95,17
6088,2019-05-05,41,53,12
6089,2019-05-05,24,21,-3
6090,2019-05-05,31,34,3
6091,2019-05-05,36,40,4
6092,2019-05-05,51,44,-7
6093,2019-05-05,29,21,-8
6094,2019-05-05,25,17,-8
6095,2019-05-05,86,91,5
6096,2019-05-05,24,32,8
6097,2019-05-05,64,37,-27
6098,2019-05-05,40,20,-20
6099,2019-05-05,77,100,23
6100,2019-05-05,203,192,-11
6101,2019-05-05,47,11,-36
6102,2019-05-05,30,28,-2
6103,2019-05-05,18,23,5
6104,2019-05-05,63,78,15
6105,2019-05-05,30,37,7
6106,2019-05-05,38,25,-13
6107,2019-05-05,77,86,9
6108,2019-05-05,20,37,17
6109,2019-05-05,52,52,0
6110,2019-05-05,31,35,4
6111,2019-05-05,40,44,4
6112,2019-05-05,104,114,10
6113,2019-05-05,47,54,7
6114,2019-05-05,138,174,36
6115,2019-05-05,20,16,-4
6116,2019-05-05,53,58,5
6118,2019-05-05,73,81,8
6119,2019-05-05,63,75,12
6120,2019-05-05,51,51,0
6121,2019-05-05,28,42,14
6122,2019-05-05,17,22,5
6123,2019-05-05,31,31,0
6124,2019-05-05,52,54,2
6125,2019-05-05,21,16,-5
6126,2019-05-05,23,44,21
6127,2019-05-05,72,63,-9
6128,2019-05-05,15,25,10
6129,2019-05-05,42,42,0
6130,2019-05-05,29,36,7
6131,2019-05-05,69,50,-19
6132,2019-05-05,32,50,18
6133,2019-05-05,72,59,-13
6134,2019-05-05,37,42,5
6136,2019-05-05,193,157,-36
6137,2019-05-05,104,101,-3
6138,2019-05-05,73,66,-7
6139,2019-05-05,30,31,1
6140,2019-05-05,127,132,5
6142,2019-05-05,165,147,-18
6143,2019-05-05,170,168,-2
6145,2019-05-05,118,91,-27
6146,2019-05-05,100,88,-12
6147,2019-05-05,101,79,-22
6148,2019-05-05,63,66,3
6149,2019-05-05,25,29,4
6150,2019-05-05,55,57,2
6151,2019-05-05,84,91,7
6152,2019-05-05,122,129,7
6153,2019-05-05,28,31,3
6154,2019-05-05,134,133,-1
6155,2019-05-05,115,95,-20
6156,2019-05-05,72,67,-5
6157,2019-05-05,136,128,-8
6158,2019-05-05,63,62,-1
6160,2019-05-05,43,38,-5
6161,2019-05-05,57,56,-1
6163,2019-05-05,141,131,-10
6164,2019-05-05,131,134,3
6165,2019-05-05,134,142,8
6166,2019-05-05,107,98,-9
6167,2019-05-05,43,43,0
6168,2019-05-05,32,27,-5
6169,2019-05-05,138,121,-17
6170,2019-05-05,121,110,-11
6171,2019-05-05,41,42,1
6173,2019-05-05,102,61,-41
6174,2019-05-05,85,60,-25
6175,2019-05-05,108,97,-11
6176,2019-05-05,116,117,1
6177,2019-05-05,64,72,8
6178,2019-05-05,135,126,-9
6179,2019-05-05,59,71,12
6180,2019-05-05,44,58,14
6181,2019-05-05,107,96,-11
6182,2019-05-05,72,67,-5
6183,2019-05-05,93,88,-5
6184,2019-05-05,229,203,-26
6185,2019-05-05,18,21,3
6186,2019-05-05,63,67,4
6187,2019-05-05,99,90,-9
6188,2019-05-05,43,45,2
6189,2019-05-05,30,27,-3
6190,2019-05-05,91,72,-19
6191,2019-05-05,53,50,-3
6192,2019-05-05,43,38,-5
6193,2019-05-05,105,109,4
6194,2019-05-05,176,146,-30
6195,2019-05-05,64,37,-27
6196,2019-05-05,96,91,-5
6197,2019-05-05,32,43,11
6198,2019-05-05,21,17,-4
6199,2019-05-05,93,69,-24
6200,2019-05-05,82,80,-2
6201,2019-05-05,73,65,-8
6202,2019-05-05,72,61,-11
6203,2019-05-05,54,42,-12
6204,2019-05-05,90,85,-5
6205,2019-05-05,89,80,-9
6206,2019-05-05,92,90,-2
6207,2019-05-05,30,29,-1
6208,2019-05-05,45,48,3
6209,2019-05-05,93,77,-16
6210,2019-05-05,28,18,-10
6211,2019-05-05,122,108,-14
6212,2019-05-05,110,100,-10
6213,2019-05-05,95,94,-1
6215,2019-05-05,41,42,1
6216,2019-05-05,397,267,-130
6217,2019-05-05,91,85,-6
6218,2019-05-05,48,32,-16
6219,2019-05-05,53,51,-2
6220,2019-05-05,107,102,-5
6221,2019-05-05,184,165,-19
6222,2019-05-05,71,63,-8
6223,2019-05-05,122,96,-26
6224,2019-05-05,61,62,1
6225,2019-05-05,66,73,7
6226,2019-05-05,10,12,2
6227,2019-05-05,145,133,-12
6228,2019-05-05,14,15,1
6229,2019-05-05,77,59,-18
6230,2019-05-05,107,97,-10
6231,2019-05-05,104,104,0
6233,2019-05-05,124,104,-20
6234,2019-05-05,85,83,-2
6235,2019-05-05,27,26,-1
6236,2019-05-05,55,63,8
6237,2019-05-05,59,61,2
6240,2019-05-05,21,12,-9
6241,2019-05-05,40,46,6
6243,2019-05-05,75,75,0
6245,2019-05-05,60,50,-10
6246,2019-05-05,35,29,-6
6247,2019-05-05,106,88,-18
6248,2019-05-05,144,129,-15
6249,2019-05-05,103,89,-14
6250,2019-05-05,145,147,2
6251,2019-05-05,30,30,0
6252,2019-05-05,48,52,4
6254,2019-05-05,62,66,4
6255,2019-05-05,118,109,-9
6257,2019-05-05,51,47,-4
6258,2019-05-05,80,69,-11
6259,2019-05-05,39,31,-8
6260,2019-05-05,57,56,-1
6261,2019-05-05,29,39,10
6262,2019-05-05,43,55,12
6263,2019-05-05,25,22,-3
6264,2019-05-05,32,21,-11
6265,2019-05-05,34,41,7
6266,2019-05-05,24,17,-7
6267,2019-05-05,62,57,-5
6268,2019-05-05,44,47,3
6269,2019-05-05,23,24,1
6270,2019-05-05,33,35,2
6272,2019-05-05,29,23,-6
6273,2019-05-05,36,25,-11
6274,2019-05-05,30,39,9
6275,2019-05-05,26,22,-4
6276,2019-05-05,58,50,-8
6277,2019-05-05,69,60,-9
6278,2019-05-05,22,19,-3
6279,2019-05-05,20,21,1
6280,2019-05-05,72,69,-3
6281,2019-05-05,25,27,2
6301,2019-05-05,15,15,0
6302,2019-05-05,31,27,-4
6303,2019-05-05,27,25,-2
6304,2019-05-05,9,3,-6
6305,2019-05-05,9,12,3
6306,2019-05-05,33,20,-13
6307,2019-05-05,72,68,-4
6309,2019-05-05,21,27,6
6310,2019-05-05,53,26,-27
6311,2019-05-05,41,35,-6
6312,2019-05-05,25,35,10
6313,2019-05-05,86,90,4
6314,2019-05-05,48,45,-3
6315,2019-05-05,56,49,-7
6316,2019-05-05,55,32,-23
6321,2019-05-05,120,114,-6
6322,2019-05-05,38,48,10
6323,2019-05-05,16,13,-3
6324,2019-05-05,29,26,-3
6327,2019-05-05,43,34,-9
6328,2019-05-05,42,46,4
6329,2019-05-05,27,24,-3
6330,2019-05-05,20,28,8
6331,2019-05-05,23,23,0
6332,2019-05-05,28,29,1
6333,2019-05-05,14,13,-1
6334,2019-05-05,51,51,0
6335,2019-05-05,25,22,-3
6336,2019-05-05,28,30,2
6338,2019-05-05,45,56,11
6339,2019-05-05,22,29,7
6340,2019-05-05,20,17,-3
6341,2019-05-05,42,55,13
6343,2019-05-05,32,39,7
6344,2019-05-05,68,73,5
6345,2019-05-05,25,20,-5
6346,2019-05-05,11,12,1
6347,2019-05-05,21,13,-8
6349,2019-05-05,27,27,0
6350,2019-05-05,31,29,-2
6354,2019-05-05,37,31,-6
6355,2019-05-05,29,35,6
6356,2019-05-05,23,21,-2
6357,2019-05-05,28,25,-3
6358,2019-05-05,20,17,-3
6359,2019-05-05,76,59,-17
6360,2019-05-05,53,41,-12
6361,2019-05-05,47,33,-14
6362,2019-05-05,36,38,2
6363,2019-05-05,18,17,-1
6364,2019-05-05,36,41,5
6366,2019-05-05,27,21,-6
6367,2019-05-05,33,24,-9
6368,2019-05-05,67,70,3
6369,2019-05-05,24,38,14
6370,2019-05-05,41,42,1
6371,2019-05-05,64,61,-3
6372,2019-05-05,113,124,11
6373,2019-05-05,26,23,-3
6374,2019-05-05,34,37,3
6375,2019-05-05,56,79,23
6376,2019-05-05,28,24,-4
6377,2019-05-05,34,32,-2
6379,2019-05-05,21,23,2
6380,2019-05-05,19,14,-5
6381,2019-05-05,55,58,3
6383,2019-05-05,30,31,1
6384,2019-05-05,11,12,1
6385,2019-05-05,46,45,-1
6386,2019-05-05,45,55,10
6387,2019-05-05,62,62,0
6388,2019-05-05,21,18,-3
6389,2019-05-05,51,42,-9
6391,2019-05-05,61,83,22
6393,2019-05-05,51,60,9
6394,2019-05-05,60,82,22
6395,2019-05-05,48,44,-4
6396,2019-05-05,67,67,0
6397,2019-05-05,42,43,1
6398,2019-05-05,34,32,-2
6401,2019-05-05,54,56,2
6402,2019-05-05,74,91,17
6403,2019-05-05,21,20,-1
6404,2019-05-05,22,25,3
6405,2019-05-05,94,109,15
6406,2019-05-05,272,338,66
6407,2019-05-05,15,27,12
6408,2019-05-05,37,45,8
6409,2019-05-05,22,32,10
6410,2019-05-05,15,16,1
6411,2019-05-05,88,67,-21
6412,2019-05-05,13,13,0
6413,2019-05-05,10,8,-2
6414,2019-05-05,37,39,2
6415,2019-05-05,17,13,-4
6416,2019-05-05,21,14,-7
6417,2019-05-05,12,16,4
6419,2019-05-05,15,14,-1
6420,2019-05-05,29,21,-8
6421,2019-05-05,36,24,-12
6422,2019-05-05,10,9,-1
6423,2019-05-05,20,13,-7
6424,2019-05-05,14,24,10
6425,2019-05-05,42,43,1
6426,2019-05-05,36,44,8
6427,2019-05-05,50,54,4
6428,2019-05-05,10,15,5
6429,2019-05-05,49,53,4
6432,2019-05-05,79,89,10
6433,2019-05-05,27,31,4
6434,2019-05-05,55,54,-1
6435,2019-05-05,45,43,-2
6436,2019-05-05,17,15,-2
6501,2019-05-05,60,70,10
6502,2019-05-05,50,52,2
6503,2019-05-05,38,29,-9
6504,2019-05-05,23,21,-2
6700,2019-05-05,50,54,4
6701,2019-05-05,35,31,-4
6702,2019-05-05,15,17,2
6703,2019-05-05,89,88,-1
6704,2019-05-05,25,28,3
6705,2019-05-05,14,20,6
6706,2019-05-05,21,22,1
6707,2019-05-05,20,23,3
6708,2019-05-05,41,50,9
6709,2019-05-05,24,26,2
6710,2019-05-05,15,20,5
6711,2019-05-05,15,13,-2
6712,2019-05-05,32,30,-2
6713,2019-05-05,15,17,2
6714,2019-05-05,18,18,0
6715,2019-05-05,29,27,-2
6716,2019-05-05,11,10,-1
6717,2019-05-05,15,19,4
6718,2019-05-05,15,18,3
6719,2019-05-05,27,27,0
6720,2019-05-05,21,31,10
6721,2019-05-05,17,8,-9
6722,2019-05-05,12,20,8
6723,2019-05-05,14,13,-1
6724,2019-05-05,108,155,47
6725,2019-05-05,34,27,-7
6726,2019-05-05,13,16,3
6727,2019-05-05,54,64,10
6728,2019-05-05,14,16,2
6729,2019-05-05,96,118,22
6730,2019-05-05,11,11,0
6731,2019-05-05,28,24,-4
6732,2019-05-05,19,41,22
6733,2019-05-05,25,25,0
6734,2019-05-05,45,47,2
6735,2019-05-05,10,10,0
6736,2019-05-05,20,17,-3
6737,2019-05-05,19,16,-3
6738,2019-05-05,25,23,-2
6739,2019-05-05,2,5,3
6741,2019-05-05,9,10,1
6742,2019-05-05,86,89,3
6743,2019-05-05,28,16,-12
6744,2019-05-05,18,23,5
6745,2019-05-05,16,20,4
6746,2019-05-05,15,14,-1
6747,2019-05-05,24,24,0
6748,2019-05-05,57,74,17
6749,2019-05-05,41,36,-5
6750,2019-05-05,36,36,0
6753,2019-05-05,22,13,-9
6754,2019-05-05,16,16,0
6901,2019-05-05,47,34,-13
6902,2019-05-05,61,78,17
6903,2019-05-05,77,72,-5
6904,2019-05-05,35,29,-6
6905,2019-05-05,29,24,-5
6906,2019-05-05,132,72,-60
6907,2019-05-05,111,91,-20
6908,2019-05-05,43,50,7
6910,2019-05-05,112,125,13
6912,2019-05-05,124,66,-58
6913,2019-05-05,53,46,-7
6915,2019-05-05,106,87,-19
6916,2019-05-05,40,35,-5
6917,2019-05-05,21,28,7
6918,2019-05-05,24,23,-1
6919,2019-05-05,33,30,-3
6921,2019-05-05,35,41,6
6923,2019-05-05,43,42,-1
6924,2019-05-05,22,17,-5
6925,2019-05-05,19,19,0
6926,2019-05-05,40,40,0
6927,2019-05-05,38,33,-5
6928,2019-05-05,24,9,-15
6929,2019-05-05,28,27,-1
6930,2019-05-05,18,20,2
7001,2019-05-05,31,29,-2
7002,2019-05-05,4,9,5
7003,2019-05-05,82,73,-9
7004,2019-05-05,12,13,1
7005,2019-05-05,8,10,2
7006,2019-05-05,21,18,-3
7007,2019-05-05,21,31,10
7008,2019-05-05,17,12,-5
7009,2019-05-05,55,80,25
7010,2019-05-05,20,23,3
7011,2019-05-05,41,55,14
7012,2019-05-05,28,37,9
7013,2019-05-05,19,25,6
7014,2019-05-05,48,26,-22
7015,2019-05-05,76,78,2
7016,2019-05-05,10,8,-2
7017,2019-05-05,26,32,6
7018,2019-05-05,28,38,10
7019,2019-05-05,22,18,-4
7020,2019-05-05,12,17,5
7021,2019-05-05,29,30,1
7022,2019-05-05,38,36,-2
7023,2019-05-05,2,3,1
7024,2019-05-05,35,27,-8
7025,2019-05-05,29,20,-9
7026,2019-05-05,32,23,-9
7027,2019-05-05,31,28,-3
7028,2019-05-05,35,29,-6
7029,2019-05-05,38,34,-4
7030,2019-05-05,65,66,1
7031,2019-05-05,69,66,-3
7032,2019-05-05,88,79,-9
7033,2019-05-05,32,38,6
7034,2019-05-05,79,128,49
7035,2019-05-05,29,38,9
7036,2019-05-05,39,47,8
7037,2019-05-05,26,38,12
7038,2019-05-05,57,42,-15
7039,2019-05-05,34,37,3
7040,2019-05-05,54,59,5
7041,2019-05-05,95,87,-8
7042,2019-05-05,23,23,0
7043,2019-05-05,21,25,4
7044,2019-05-05,7,5,-2
7045,2019-05-05,106,103,-3
7046,2019-05-05,95,104,9
7047,2019-05-05,134,153,19
7048,2019-05-05,23,51,28
7050,2019-05-05,15,17,2
7051,2019-05-05,14,23,9
7052,2019-05-05,17,27,10
7053,2019-05-05,55,47,-8
7054,2019-05-05,143,162,19
7055,2019-05-05,25,37,12
7056,2019-05-05,19,13,-6
7057,2019-05-05,52,58,6
7058,2019-05-05,56,54,-2
7059,2019-05-05,16,19,3
7060,2019-05-05,29,35,6
7061,2019-05-05,41,40,-1
7062,2019-05-05,29,38,9
7063,2019-05-05,24,18,-6
7064,2019-05-05,21,17,-4
7065,2019-05-05,28,32,4
7066,2019-05-05,52,92,40
7067,2019-05-05,53,51,-2
7068,2019-05-05,121,132,11
7069,2019-05-05,40,51,11
7070,2019-05-05,21,19,-2
7071,2019-05-05,45,27,-18
7072,2019-05-05,41,29,-12
7073,2019-05-05,45,46,1
7074,2019-05-05,26,28,2
7075,2019-05-05,10,6,-4
7076,2019-05-05,63,44,-19
7077,2019-05-05,32,32,0
7078,2019-05-05,25,28,3
7079,2019-05-05,26,24,-2
7082,2019-05-05,59,73,14
7083,2019-05-05,49,47,-2
7084,2019-05-05,69,68,-1
7090,2019-05-05,7,11,4
7091,2019-05-05,19,11,-8
7092,2019-05-05,8,7,-1
7093,2019-05-05,12,9,-3
7094,2019-05-05,9,12,3
7095,2019-05-05,7,8,1
7096,2019-05-05,13,13,0
7097,2019-05-05,5,7,2
7098,2019-05-05,5,4,-1
7099,2019-05-05,14,12,-2
7100,2019-05-05,8,10,2
7101,2019-05-05,4,3,-1
7102,2019-05-05,12,13,1
7103,2019-05-05,78,84,6
7104,2019-05-05,2,1,-1
7105,2019-05-05,28,31,3
7106,2019-05-05,6,7,1
7107,2019-05-05,20,19,-1
7108,2019-05-05,64,50,-14
7109,2019-05-05,12,19,7
7110,2019-05-05,39,42,3
7111,2019-05-05,6,8,2
7112,2019-05-05,43,49,6
7113,2019-05-05,13,18,5
7114,2019-05-05,121,133,12
7117,2019-05-05,5,3,-2
7118,2019-05-05,2,2,0
7119,2019-05-05,17,19,2
7120,2019-05-05,10,9,-1
7121,2019-05-05,5,4,-1
7122,2019-05-05,3,5,2
7123,2019-05-05,7,8,1
7124,2019-05-05,21,12,-9
7125,2019-05-05,67,74,7
7126,2019-05-05,5,10,5
7127,2019-05-05,20,19,-1
7128,2019-05-05,7,4,-3
7129,2019-05-05,8,6,-2
7130,2019-05-05,4,1,-3
7131,2019-05-05,13,15,2
7132,2019-05-05,10,10,0
7133,2019-05-05,2,9,7
7134,2019-05-05,5,5,0
7135,2019-05-05,7,8,1
7136,2019-05-05,2,1,-1
7137,2019-05-05,5,6,1
7138,2019-05-05,7,8,1
7139,2019-05-05,77,88,11
7140,2019-05-05,15,14,-1
7141,2019-05-05,44,46,2
7142,2019-05-05,15,9,-6
7143,2019-05-05,39,27,-12
7144,2019-05-05,44,43,-1
7145,2019-05-05,17,19,2
7146,2019-05-05,15,11,-4
7147,2019-05-05,26,23,-3
7148,2019-05-05,12,14,2
7149,2019-05-05,10,13,3
10002,2019-05-05,98,88,-10
4000,2019-05-06,54,68,14
4002,2019-05-06,83,107,24
5002,2019-05-06,8,10,2
5003,2019-05-06,4,2,-2
5004,2019-05-06,7,9,2
5006,2019-05-06,11,9,-2
5007,2019-05-06,23,27,4
6001,2019-05-06,49,79,30
6002,2019-05-06,43,54,11
6003,2019-05-06,82,87,5
6004,2019-05-06,67,68,1
6005,2019-05-06,65,87,22
6006,2019-05-06,43,31,-12
6007,2019-05-06,56,55,-1
6008,2019-05-06,56,88,32
6009,2019-05-06,69,65,-4
6011,2019-05-06,71,70,-1
6012,2019-05-06,148,215,67
6013,2019-05-06,76,102,26
6014,2019-05-06,58,59,1
6015,2019-05-06,138,218,80
6016,2019-05-06,8,9,1
6017,2019-05-06,38,48,10
6018,2019-05-06,48,63,15
6019,2019-05-06,165,87,-78
6020,2019-05-06,83,100,17
6021,2019-05-06,110,81,-29
6022,2019-05-06,52,54,2
6023,2019-05-06,138,196,58
6025,2019-05-06,36,37,1
6026,2019-05-06,171,237,66
6027,2019-05-06,151,117,-34
6029,2019-05-06,24,38,14
6031,2019-05-06,40,48,8
6032,2019-05-06,67,135,68
6033,2019-05-06,19,16,-3
6034,2019-05-06,53,74,21
6035,2019-05-06,24,34,10
6036,2019-05-06,186,226,40
6037,2019-05-06,60,53,-7
6038,2019-05-06,80,81,1
6039,2019-05-06,67,76,9
6041,2019-05-06,65,65,0
6042,2019-05-06,87,90,3
6043,2019-05-06,182,399,217
6044,2019-05-06,77,78,1
6046,2019-05-06,102,110,8
6047,2019-05-06,65,52,-13
6048,2019-05-06,52,50,-2
6049,2019-05-06,105,102,-3
6050,2019-05-06,28,29,1
6051,2019-05-06,50,47,-3
6052,2019-05-06,258,313,55
6053,2019-05-06,105,124,19
6057,2019-05-06,88,78,-10
6058,2019-05-06,77,56,-21
6059,2019-05-06,61,61,0
6060,2019-05-06,34,35,1
6062,2019-05-06,75,73,-2
6063,2019-05-06,88,77,-11
6064,2019-05-06,234,135,-99
6065,2019-05-06,56,62,6
6066,2019-05-06,42,27,-15
6067,2019-05-06,46,89,43
6068,2019-05-06,20,16,-4
6070,2019-05-06,231,171,-60
6072,2019-05-06,60,51,-9
6073,2019-05-06,156,146,-10
6075,2019-05-06,34,21,-13
6076,2019-05-06,16,27,11
6079,2019-05-06,71,72,1
6080,2019-05-06,151,161,10
6081,2019-05-06,40,37,-3
6082,2019-05-06,21,12,-9
6083,2019-05-06,164,195,31
6084,2019-05-06,56,57,1
6085,2019-05-06,111,140,29
6087,2019-05-06,98,137,39
6088,2019-05-06,64,70,6
6089,2019-05-06,46,44,-2
6090,2019-05-06,46,42,-4
6091,2019-05-06,46,31,-15
6092,2019-05-06,61,54,-7
6093,2019-05-06,41,33,-8
6094,2019-05-06,63,59,-4
6095,2019-05-06,112,115,3
6096,2019-05-06,39,48,9
6097,2019-05-06,64,32,-32
6098,2019-05-06,51,34,-17
6099,2019-05-06,118,144,26
6100,2019-05-06,258,242,-16
6101,2019-05-06,63,27,-36
6102,2019-05-06,38,24,-14
6103,2019-05-06,22,27,5
6104,2019-05-06,78,120,42
6105,2019-05-06,54,81,27
6106,2019-05-06,37,42,5
6107,2019-05-06,99,96,-3
6108,2019-05-06,54,65,11
6109,2019-05-06,15,18,3
6110,2019-05-06,36,37,1
6111,2019-05-06,32,46,14
6112,2019-05-06,92,100,8
6113,2019-05-06,78,78,0
6114,2019-05-06,134,176,42
6115,2019-05-06,22,26,4
6116,2019-05-06,53,77,24
6118,2019-05-06,77,88,11
6119,2019-05-06,80,94,14
6120,2019-05-06,75,81,6
6121,2019-05-06,31,49,18
6122,2019-05-06,25,28,3
6123,2019-05-06,36,38,2
6124,2019-05-06,47,64,17
6125,2019-05-06,29,17,-12
6126,2019-05-06,28,41,13
6127,2019-05-06,40,44,4
6128,2019-05-06,21,19,-2
6129,2019-05-06,21,18,-3
6130,2019-05-06,39,29,-10
6131,2019-05-06,57,47,-10
6132,2019-05-06,70,78,8
6133,2019-05-06,55,57,2
6134,2019-05-06,51,48,-3
6136,2019-05-06,259,187,-72
6137,2019-05-06,101,93,-8
6138,2019-05-06,83,78,-5
6139,2019-05-06,43,41,-2
6140,2019-05-06,88,92,4
6141,2019-05-06,9,18,9
6142,2019-05-06,122,95,-27
6143,2019-05-06,148,128,-20
6145,2019-05-06,68,69,1
6146,2019-05-06,94,67,-27
6147,2019-05-06,110,60,-50
6148,2019-05-06,127,93,-34
6149,2019-05-06,52,57,5
6150,2019-05-06,72,61,-11
6151,2019-05-06,78,74,-4
6152,2019-05-06,115,102,-13
6153,2019-05-06,40,36,-4
6154,2019-05-06,126,136,10
6155,2019-05-06,147,131,-16
6156,2019-05-06,79,62,-17
6157,2019-05-06,124,122,-2
6158,2019-05-06,67,79,12
6160,2019-05-06,53,52,-1
6161,2019-05-06,32,52,20
6163,2019-05-06,81,92,11
6164,2019-05-06,83,88,5
6165,2019-05-06,96,116,20
6166,2019-05-06,80,86,6
6167,2019-05-06,33,35,2
6168,2019-05-06,46,46,0
6169,2019-05-06,128,104,-24
6170,2019-05-06,80,72,-8
6171,2019-05-06,46,49,3
6173,2019-05-06,111,58,-53
6174,2019-05-06,86,67,-19
6175,2019-05-06,103,55,-48
6176,2019-05-06,98,93,-5
6177,2019-05-06,76,63,-13
6178,2019-05-06,85,95,10
6179,2019-05-06,79,69,-10
6180,2019-05-06,59,75,16
6181,2019-05-06,84,44,-40
6182,2019-05-06,51,41,-10
6183,2019-05-06,76,62,-14
6184,2019-05-06,189,193,4
6185,2019-05-06,28,31,3
6186,2019-05-06,69,56,-13
6187,2019-05-06,113,121,8
6188,2019-05-06,66,45,-21
6189,2019-05-06,32,32,0
6190,2019-05-06,114,80,-34
6191,2019-05-06,53,49,-4
6192,2019-05-06,48,34,-14
6193,2019-05-06,99,97,-2
6194,2019-05-06,159,133,-26
6195,2019-05-06,89,47,-42
6196,2019-05-06,94,68,-26
6197,2019-05-06,54,53,-1
6198,2019-05-06,28,14,-14
6199,2019-05-06,110,76,-34
6200,2019-05-06,106,86,-20
6201,2019-05-06,71,57,-14
6202,2019-05-06,106,79,-27
6203,2019-05-06,91,92,1
6204,2019-05-06,103,96,-7
6205,2019-05-06,77,56,-21
6206,2019-05-06,116,118,2
6207,2019-05-06,42,39,-3
6208,2019-05-06,69,79,10
6209,2019-05-06,93,74,-19
6210,2019-05-06,47,42,-5
6211,2019-05-06,170,154,-16
6212,2019-05-06,81,70,-11
6213,2019-05-06,94,91,-3
6215,2019-05-06,59,57,-2
6216,2019-05-06,147,75,-72
6217,2019-05-06,115,82,-33
6218,2019-05-06,58,42,-16
6219,2019-05-06,70,73,3
6220,2019-05-06,81,74,-7
6221,2019-05-06,155,135,-20
6222,2019-05-06,90,54,-36
6223,2019-05-06,137,79,-58
6224,2019-05-06,56,63,7
6225,2019-05-06,59,46,-13
6226,2019-05-06,23,20,-3
6227,2019-05-06,145,136,-9
6228,2019-05-06,35,36,1
6229,2019-05-06,72,60,-12
6230,2019-05-06,55,72,17
6231,2019-05-06,111,120,9
6233,2019-05-06,84,76,-8
6234,2019-05-06,68,63,-5
6235,2019-05-06,98,70,-28
6236,2019-05-06,70,63,-7
6237,2019-05-06,42,54,12
6240,2019-05-06,19,20,1
6241,2019-05-06,57,48,-9
6243,2019-05-06,69,55,-14
6245,2019-05-06,48,48,0
6246,2019-05-06,54,53,-1
6247,2019-05-06,110,87,-23
6248,2019-05-06,136,119,-17
6249,2019-05-06,67,47,-20
6250,2019-05-06,79,68,-11
6251,2019-05-06,30,35,5
6252,2019-05-06,51,43,-8
6253,2019-05-06,17,16,-1
6254,2019-05-06,77,60,-17
6255,2019-05-06,83,69,-14
6257,2019-05-06,37,38,1
6258,2019-05-06,69,59,-10
6259,2019-05-06,36,45,9
6260,2019-05-06,52,42,-10
6261,2019-05-06,50,43,-7
6262,2019-05-06,42,43,1
6263,2019-05-06,20,25,5
6264,2019-05-06,35,40,5
6265,2019-05-06,54,57,3
6266,2019-05-06,25,20,-5
6267,2019-05-06,53,49,-4
6268,2019-05-06,47,46,-1
6269,2019-05-06,24,30,6
6270,2019-05-06,37,29,-8
6272,2019-05-06,26,31,5
6273,2019-05-06,30,30,0
6274,2019-05-06,39,48,9
6275,2019-05-06,24,31,7
6276,2019-05-06,42,38,-4
6277,2019-05-06,52,47,-5
6278,2019-05-06,14,16,2
6279,2019-05-06,22,21,-1
6280,2019-05-06,61,60,-1
6281,2019-05-06,29,14,-15
6301,2019-05-06,20,14,-6
6302,2019-05-06,30,23,-7
6303,2019-05-06,16,9,-7
6304,2019-05-06,15,9,-6
6305,2019-05-06,23,13,-10
6306,2019-05-06,73,33,-40
6307,2019-05-06,78,65,-13
6309,2019-05-06,28,27,-1
6310,2019-05-06,86,34,-52
6311,2019-05-06,40,49,9
6312,2019-05-06,27,30,3
6313,2019-05-06,52,66,14
6314,2019-05-06,40,38,-2
6315,2019-05-06,85,40,-45
6316,2019-05-06,46,25,-21
6321,2019-05-06,91,89,-2
6322,2019-05-06,33,31,-2
6323,2019-05-06,12,18,6
6324,2019-05-06,21,21,0
6327,2019-05-06,33,20,-13
6328,2019-05-06,32,35,3
6329,2019-05-06,21,26,5
6330,2019-05-06,30,31,1
6331,2019-05-06,26,22,-4
6332,2019-05-06,33,38,5
6333,2019-05-06,19,18,-1
6334,2019-05-06,71,69,-2
6335,2019-05-06,28,36,8
6336,2019-05-06,20,25,5
6338,2019-05-06,35,35,0
6339,2019-05-06,30,26,-4
6340,2019-05-06,23,31,8
6341,2019-05-06,41,51,10
6343,2019-05-06,30,35,5
6344,2019-05-06,67,57,-10
6345,2019-05-06,12,17,5
6346,2019-05-06,34,26,-8
6347,2019-05-06,31,29,-2
6349,2019-05-06,33,46,13
6350,2019-05-06,38,40,2
6354,2019-05-06,32,39,7
6355,2019-05-06,27,37,10
6356,2019-05-06,40,36,-4
6357,2019-05-06,18,19,1
6358,2019-05-06,23,21,-2
6359,2019-05-06,96,87,-9
6360,2019-05-06,30,30,0
6361,2019-05-06,42,36,-6
6362,2019-05-06,29,29,0
6363,2019-05-06,28,21,-7
6364,2019-05-06,53,41,-12
6366,2019-05-06,31,19,-12
6367,2019-05-06,18,24,6
6368,2019-05-06,64,64,0
6369,2019-05-06,34,40,6
6370,2019-05-06,45,30,-15
6371,2019-05-06,81,85,4
6372,2019-05-06,74,80,6
6373,2019-05-06,40,45,5
6374,2019-05-06,30,45,15
6375,2019-05-06,78,74,-4
6376,2019-05-06,24,30,6
6377,2019-05-06,37,40,3
6379,2019-05-06,22,31,9
6380,2019-05-06,27,23,-4
6381,2019-05-06,67,70,3
6383,2019-05-06,29,23,-6
6384,2019-05-06,30,24,-6
6385,2019-05-06,35,41,6
6386,2019-05-06,75,82,7
6387,2019-05-06,69,84,15
6388,2019-05-06,22,32,10
6389,2019-05-06,44,44,0
6391,2019-05-06,51,76,25
6393,2019-05-06,50,87,37
6394,2019-05-06,53,94,41
6395,2019-05-06,61,55,-6
6396,2019-05-06,75,57,-18
6397,2019-05-06,40,68,28
6398,2019-05-06,32,47,15
6401,2019-05-06,56,62,6
6402,2019-05-06,60,64,4
6403,2019-05-06,23,37,14
6404,2019-05-06,10,18,8
6405,2019-05-06,53,63,10
6406,2019-05-06,113,134,21
6407,2019-05-06,27,34,7
6408,2019-05-06,40,53,13
6409,2019-05-06,23,25,2
6410,2019-05-06,42,47,5
6411,2019-05-06,112,101,-11
6412,2019-05-06,31,36,5
6413,2019-05-06,52,56,4
6414,2019-05-06,22,32,10
6415,2019-05-06,18,18,0
6416,2019-05-06,34,20,-14
6417,2019-05-06,29,32,3
6418,2019-05-06,1,2,1
6419,2019-05-06,13,23,10
6420,2019-05-06,28,25,-3
6421,2019-05-06,40,32,-8
6422,2019-05-06,13,14,1
6423,2019-05-06,26,21,-5
6424,2019-05-06,31,60,29
6425,2019-05-06,33,41,8
6426,2019-05-06,70,78,8
6427,2019-05-06,65,70,5
6428,2019-05-06,23,24,1
6429,2019-05-06,38,42,4
6432,2019-05-06,121,110,-11
6433,2019-05-06,42,36,-6
6434,2019-05-06,73,76,3
6435,2019-05-06,49,49,0
6436,2019-05-06,39,30,-9
6501,2019-05-06,50,51,1
6502,2019-05-06,32,30,-2
6503,2019-05-06,79,72,-7
6504,2019-05-06,23,31,8
6700,2019-05-06,26,36,10
6701,2019-05-06,78,73,-5
6702,2019-05-06,14,18,4
6703,2019-05-06,43,40,-3
6704,2019-05-06,30,28,-2
6705,2019-05-06,25,33,8
6706,2019-05-06,18,27,9
6707,2019-05-06,34,38,4
6708,2019-05-06,46,80,34
6709,2019-05-06,26,24,-2
6710,2019-05-06,17,15,-2
6711,2019-05-06,21,21,0
6712,2019-05-06,9,15,6
6713,2019-05-06,21,17,-4
6714,2019-05-06,8,7,-1
6715,2019-05-06,24,25,1
6716,2019-05-06,11,11,0
6717,2019-05-06,17,23,6
6718,2019-05-06,26,28,2
6719,2019-05-06,21,23,2
6720,2019-05-06,28,41,13
6721,2019-05-06,7,14,7
6722,2019-05-06,7,12,5
6723,2019-05-06,21,14,-7
6724,2019-05-06,89,117,28
6725,2019-05-06,28,42,14
6726,2019-05-06,15,17,2
6727,2019-05-06,72,85,13
6728,2019-05-06,11,7,-4
6729,2019-05-06,117,139,22
6730,2019-05-06,18,13,-5
6731,2019-05-06,6,7,1
6732,2019-05-06,28,30,2
6733,2019-05-06,30,28,-2
6734,2019-05-06,64,52,-12
6735,2019-05-06,14,19,5
6736,2019-05-06,20,20,0
6737,2019-05-06,14,18,4
6738,2019-05-06,62,62,0
6739,2019-05-06,11,12,1
6741,2019-05-06,17,19,2
6742,2019-05-06,52,56,4
6743,2019-05-06,37,27,-10
6744,2019-05-06,20,28,8
6745,2019-05-06,18,19,1
6746,2019-05-06,23,17,-6
6747,2019-05-06,54,57,3
6748,2019-05-06,82,89,7
6749,2019-05-06,52,44,-8
6750,2019-05-06,26,20,-6
6753,2019-05-06,18,16,-2
6754,2019-05-06,19,27,8
6901,2019-05-06,31,37,6
6902,2019-05-06,58,78,20
6903,2019-05-06,91,71,-20
6904,2019-05-06,44,43,-1
6905,2019-05-06,49,41,-8
6906,2019-05-06,144,97,-47
6907,2019-05-06,105,62,-43
6908,2019-05-06,55,46,-9
6910,2019-05-06,109,93,-16
6912,2019-05-06,141,89,-52
6913,2019-05-06,62,54,-8
6915,2019-05-06,83,75,-8
6916,2019-05-06,23,27,4
6917,2019-05-06,19,21,2
6918,2019-05-06,35,23,-12
6919,2019-05-06,33,31,-2
6921,2019-05-06,73,83,10
6923,2019-05-06,46,47,1
6924,2019-05-06,18,24,6
6925,2019-05-06,38,41,3
6926,2019-05-06,47,42,-5
6927,2019-05-06,78,51,-27
6928,2019-05-06,54,25,-29
6929,2019-05-06,33,24,-9
6930,2019-05-06,29,22,-7
7001,2019-05-06,30,23,-7
7002,2019-05-06,14,17,3
7003,2019-05-06,94,75,-19
7004,2019-05-06,18,17,-1
7005,2019-05-06,5,10,5
7006,2019-05-06,20,24,4
7007,2019-05-06,13,23,10
7008,2019-05-06,24,24,0
7009,2019-05-06,70,83,13
7010,2019-05-06,19,16,-3
7011,2019-05-06,49,62,13
7012,2019-05-06,29,40,11
7013,2019-05-06,27,27,0
7014,2019-05-06,91,56,-35
7015,2019-05-06,12,19,7
7016,2019-05-06,15,16,1
7017,2019-05-06,23,36,13
7018,2019-05-06,26,45,19
7019,2019-05-06,89,71,-18
7020,2019-05-06,24,30,6
7021,2019-05-06,40,47,7
7022,2019-05-06,56,52,-4
7023,2019-05-06,8,11,3
7024,2019-05-06,22,22,0
7025,2019-05-06,44,26,-18
7026,2019-05-06,47,51,4
7027,2019-05-06,37,38,1
7028,2019-05-06,81,79,-2
7029,2019-05-06,41,49,8
7030,2019-05-06,42,54,12
7031,2019-05-06,34,43,9
7032,2019-05-06,120,75,-45
7033,2019-05-06,58,47,-11
7034,2019-05-06,24,54,30
7035,2019-05-06,42,44,2
7036,2019-05-06,57,53,-4
7037,2019-05-06,52,39,-13
7038,2019-05-06,46,43,-3
7039,2019-05-06,33,37,4
7040,2019-05-06,61,70,9
7041,2019-05-06,149,107,-42
7042,2019-05-06,32,38,6
7043,2019-05-06,26,22,-4
7044,2019-05-06,7,8,1
7045,2019-05-06,62,65,3
7046,2019-05-06,135,160,25
7047,2019-05-06,117,162,45
7048,2019-05-06,20,29,9
7050,2019-05-06,25,21,-4
7051,2019-05-06,18,17,-1
7052,2019-05-06,47,49,2
7053,2019-05-06,50,56,6
7054,2019-05-06,50,60,10
7055,2019-05-06,30,42,12
7056,2019-05-06,17,20,3
7057,2019-05-06,38,45,7
7058,2019-05-06,38,40,2
7059,2019-05-06,25,37,12
7060,2019-05-06,32,38,6
7061,2019-05-06,31,23,-8
7062,2019-05-06,60,54,-6
7063,2019-05-06,20,18,-2
7064,2019-05-06,21,24,3
7065,2019-05-06,40,37,-3
7066,2019-05-06,72,116,44
7067,2019-05-06,76,104,28
7068,2019-05-06,62,86,24
7069,2019-05-06,55,66,11
7070,2019-05-06,30,37,7
7071,2019-05-06,59,44,-15
7072,2019-05-06,32,30,-2
7073,2019-05-06,30,42,12
7074,2019-05-06,40,48,8
7075,2019-05-06,9,8,-1
7076,2019-05-06,55,34,-21
7077,2019-05-06,21,26,5
7078,2019-05-06,17,39,22
7079,2019-05-06,54,77,23
7082,2019-05-06,56,72,16
7083,2019-05-06,59,44,-15
7084,2019-05-06,81,81,0
7090,2019-05-06,12,21,9
7091,2019-05-06,9,9,0
7092,2019-05-06,5,4,-1
7093,2019-05-06,1,3,2
7094,2019-05-06,3,1,-2
7095,2019-05-06,22,20,-2
7096,2019-05-06,17,22,5
7097,2019-05-06,1,3,2
7098,2019-05-06,5,6,1
7099,2019-05-06,8,11,3
7100,2019-05-06,6,4,-2
7101,2019-05-06,10,6,-4
7102,2019-05-06,16,35,19
7103,2019-05-06,10,12,2
7104,2019-05-06,3,4,1
7105,2019-05-06,16,17,1
7106,2019-05-06,4,2,-2
7107,2019-05-06,2,1,-1
7108,2019-05-06,11,11,0
7109,2019-05-06,23,17,-6
7110,2019-05-06,13,14,1
7111,2019-05-06,4,2,-2
7112,2019-05-06,9,17,8
7113,2019-05-06,50,41,-9
7114,2019-05-06,68,78,10
7116,2019-05-06,6,8,2
7117,2019-05-06,2,3,1
7118,2019-05-06,2,3,1
7119,2019-05-06,8,8,0
7120,2019-05-06,6,11,5
7121,2019-05-06,4,4,0
7122,2019-05-06,4,5,1
7123,2019-05-06,4,6,2
7124,2019-05-06,19,10,-9
7125,2019-05-06,16,20,4
7126,2019-05-06,12,5,-7
7127,2019-05-06,40,43,3
7128,2019-05-06,15,14,-1
7129,2019-05-06,8,5,-3
7130,2019-05-06,6,5,-1
7131,2019-05-06,9,6,-3
7132,2019-05-06,9,6,-3
7133,2019-05-06,4,7,3
7135,2019-05-06,3,6,3
7136,2019-05-06,6,3,-3
7137,2019-05-06,6,4,-2
7138,2019-05-06,6,6,0
7139,2019-05-06,72,96,24
7140,2019-05-06,26,30,4
7141,2019-05-06,25,29,4
7142,2019-05-06,11,18,7
7143,2019-05-06,5,15,10
7144,2019-05-06,34,40,6
7145,2019-05-06,12,15,3
7146,2019-05-06,17,22,5
7147,2019-05-06,31,28,-3
7148,2019-05-06,5,4,-1
7149,2019-05-06,10,13,3
10002,2019-05-06,86,120,34
4000,2019-05-07,66,78,12
4002,2019-05-07,87,90,3
5002,2019-05-07,7,11,4
5003,2019-05-07,4,3,-1
5004,2019-05-07,5,4,-1
5006,2019-05-07,8,6,-2
5007,2019-05-07,18,18,0
6001,2019-05-07,51,80,29
6002,2019-05-07,45,49,4
6003,2019-05-07,84,94,10
6004,2019-05-07,51,54,3
6005,2019-05-07,90,87,-3
6006,2019-05-07,34,22,-12
6007,2019-05-07,48,46,-2
6008,2019-05-07,53,106,53
6009,2019-05-07,81,82,1
6011,2019-05-07,63,79,16
6012,2019-05-07,128,197,69
6013,2019-05-07,74,102,28
6014,2019-05-07,41,55,14
6015,2019-05-07,184,288,104
6016,2019-05-07,14,16,2
6017,2019-05-07,41,54,13
6018,2019-05-07,50,56,6
6019,2019-05-07,144,90,-54
6020,2019-05-07,72,105,33
6021,2019-05-07,120,79,-41
6022,2019-05-07,62,56,-6
6023,2019-05-07,102,133,31
6025,2019-05-07,35,43,8
6026,2019-05-07,91,134,43
6027,2019-05-07,118,119,1
6029,2019-05-07,32,46,14
6031,2019-05-07,40,43,3
6032,2019-05-07,74,143,69
6033,2019-05-07,17,18,1
6034,2019-05-07,46,97,51
6035,2019-05-07,25,52,27
6036,2019-05-07,115,161,46
6037,2019-05-07,39,37,-2
6038,2019-05-07,68,79,11
6039,2019-05-07,74,105,31
6041,2019-05-07,65,65,0
6042,2019-05-07,111,99,-12
6043,2019-05-07,202,336,134
6044,2019-05-07,59,55,-4
6046,2019-05-07,115,95,-20
6047,2019-05-07,58,46,-12
6048,2019-05-07,42,42,0
6049,2019-05-07,88,88,0
6050,2019-05-07,37,44,7
6051,2019-05-07,37,34,-3
6052,2019-05-07,164,217,53
6053,2019-05-07,147,181,34
6057,2019-05-07,90,81,-9
6058,2019-05-07,74,75,1
6059,2019-05-07,68,61,-7
6060,2019-05-07,34,32,-2
6062,2019-05-07,65,67,2
6063,2019-05-07,87,86,-1
6064,2019-05-07,185,160,-25
6065,2019-05-07,54,45,-9
6066,2019-05-07,35,18,-17
6067,2019-05-07,64,57,-7
6068,2019-05-07,8,7,-1
6070,2019-05-07,202,176,-26
6072,2019-05-07,69,81,12
6073,2019-05-07,183,206,23
6075,2019-05-07,29,22,-7
6076,2019-05-07,12,22,10
6079,2019-05-07,61,51,-10
6080,2019-05-07,144,155,11
6081,2019-05-07,34,34,0
6082,2019-05-07,11,9,-2
6083,2019-05-07,175,171,-4
6084,2019-05-07,62,86,24
6085,2019-05-07,92,131,39
6087,2019-05-07,95,124,29
6088,2019-05-07,60,68,8
6089,2019-05-07,38,49,11
6090,2019-05-07,43,54,11
6091,2019-05-07,50,41,-9
6092,2019-05-07,50,52,2
6093,2019-05-07,25,31,6
6094,2019-05-07,51,44,-7
6095,2019-05-07,92,81,-11
6096,2019-05-07,32,62,30
6097,2019-05-07,62,30,-32
6098,2019-05-07,39,24,-15
6099,2019-05-07,99,124,25
6100,2019-05-07,277,247,-30
6101,2019-05-07,69,28,-41
6102,2019-05-07,40,31,-9
6103,2019-05-07,10,16,6
6104,2019-05-07,82,102,20
6105,2019-05-07,48,72,24
6106,2019-05-07,27,28,1
6107,2019-05-07,91,77,-14
6108,2019-05-07,60,70,10
6109,2019-05-07,10,9,-1
6110,2019-05-07,36,45,9
6111,2019-05-07,32,42,10
6112,2019-05-07,58,74,16
6113,2019-05-07,66,58,-8
6114,2019-05-07,140,188,48
6115,2019-05-07,12,23,11
6116,2019-05-07,52,69,17
6118,2019-05-07,65,87,22
6119,2019-05-07,71,86,15
6120,2019-05-07,58,74,16
6121,2019-05-07,29,43,14
6122,2019-05-07,13,21,8
6123,2019-05-07,20,29,9
6124,2019-05-07,38,60,22
6125,2019-05-07,23,31,8
6126,2019-05-07,45,45,0
6127,2019-05-07,51,39,-12
6128,2019-05-07,17,21,4
6129,2019-05-07,37,34,-3
6130,2019-05-07,28,19,-9
6131,2019-05-07,79,42,-37
6132,2019-05-07,65,74,9
6133,2019-05-07,52,57,5
6134,2019-05-07,30,31,1
6136,2019-05-07,267,205,-62
6137,2019-05-07,99,77,-22
6138,2019-05-07,77,74,-3
6139,2019-05-07,40,38,-2
6140,2019-05-07,87,92,5
6141,2019-05-07,33,34,1
6142,2019-05-07,69,54,-15
6143,2019-05-07,72,75,3
6145,2019-05-07,41,42,1
6146,2019-05-07,64,47,-17
6147,2019-05-07,88,54,-34
6148,2019-05-07,103,79,-24
6149,2019-05-07,53,39,-14
6150,2019-05-07,52,55,3
6151,2019-05-07,79,77,-2
6152,2019-05-07,91,96,5
6153,2019-05-07,51,57,6
6154,2019-05-07,139,149,10
6155,2019-05-07,120,118,-2
6156,2019-05-07,59,65,6
6157,2019-05-07,95,81,-14
6158,2019-05-07,69,69,0
6160,2019-05-07,60,50,-10
6161,2019-05-07,41,49,8
6162,2019-05-07,4,4,0
6163,2019-05-07,70,88,18
6164,2019-05-07,83,89,6
6165,2019-05-07,72,71,-1
6166,2019-05-07,74,56,-18
6167,2019-05-07,33,35,2
6168,2019-05-07,50,48,-2
6169,2019-05-07,114,90,-24
6170,2019-05-07,40,36,-4
6171,2019-05-07,43,40,-3
6173,2019-05-07,101,62,-39
6174,2019-05-07,113,90,-23
6175,2019-05-07,102,57,-45
6176,2019-05-07,99,99,0
6177,2019-05-07,51,54,3
6178,2019-05-07,68,70,2
6179,2019-05-07,85,83,-2
6180,2019-05-07,61,60,-1
6181,2019-05-07,95,56,-39
6182,2019-05-07,61,38,-23
6183,2019-05-07,76,63,-13
6184,2019-05-07,163,171,8
6185,2019-05-07,26,23,-3
6186,2019-05-07,80,53,-27
6187,2019-05-07,82,102,20
6188,2019-05-07,58,39,-19
6189,2019-05-07,19,23,4
6190,2019-05-07,116,79,-37
6191,2019-05-07,61,51,-10
6192,2019-05-07,51,38,-13
6193,2019-05-07,94,86,-8
6194,2019-05-07,182,163,-19
6195,2019-05-07,77,50,-27
6196,2019-05-07,82,63,-19
6197,2019-05-07,44,42,-2
6198,2019-05-07,27,17,-10
6199,2019-05-07,104,74,-30
6200,2019-05-07,104,83,-21
6201,2019-05-07,66,58,-8
6202,2019-05-07,89,73,-16
6203,2019-05-07,88,86,-2
6204,2019-05-07,95,95,0
6205,2019-05-07,71,56,-15
6206,2019-05-07,118,123,5
6207,2019-05-07,40,40,0
6208,2019-05-07,57,60,3
6209,2019-05-07,104,80,-24
6210,2019-05-07,31,32,1
6211,2019-05-07,130,127,-3
6212,2019-05-07,73,38,-35
6213,2019-05-07,99,92,-7
6215,2019-05-07,54,48,-6
6216,2019-05-07,109,60,-49
6217,2019-05-07,121,68,-53
6218,2019-05-07,68,54,-14
6219,2019-05-07,57,57,0
6220,2019-05-07,82,65,-17
6221,2019-05-07,162,142,-20
6222,2019-05-07,59,44,-15
6223,2019-05-07,74,43,-31
6224,2019-05-07,57,44,-13
6225,2019-05-07,55,46,-9
6226,2019-05-07,27,27,0
6227,2019-05-07,107,114,7
6228,2019-05-07,45,40,-5
6229,2019-05-07,65,55,-10
6230,2019-05-07,83,77,-6
6231,2019-05-07,89,84,-5
6233,2019-05-07,87,80,-7
6234,2019-05-07,51,52,1
6235,2019-05-07,61,62,1
6236,2019-05-07,64,70,6
6237,2019-05-07,44,51,7
6240,2019-05-07,22,24,2
6241,2019-05-07,48,50,2
6243,2019-05-07,43,47,4
6245,2019-05-07,52,49,-3
6246,2019-05-07,50,40,-10
6247,2019-05-07,87,76,-11
6248,2019-05-07,147,104,-43
6249,2019-05-07,42,40,-2
6250,2019-05-07,59,58,-1
6251,2019-05-07,30,25,-5
6252,2019-05-07,34,29,-5
6253,2019-05-07,27,19,-8
6254,2019-05-07,50,48,-2
6255,2019-05-07,60,60,0
6257,2019-05-07,37,35,-2
6258,2019-05-07,75,51,-24
6259,2019-05-07,45,41,-4
6260,2019-05-07,49,34,-15
6261,2019-05-07,54,47,-7
6262,2019-05-07,35,36,1
6263,2019-05-07,21,23,2
6264,2019-05-07,30,32,2
6265,2019-05-07,47,49,2
6266,2019-05-07,18,20,2
6267,2019-05-07,45,40,-5
6268,2019-05-07,39,43,4
6269,2019-05-07,18,29,11
6270,2019-05-07,31,32,1
6272,2019-05-07,33,27,-6
6273,2019-05-07,30,23,-7
6274,2019-05-07,41,32,-9
6275,2019-05-07,31,25,-6
6276,2019-05-07,45,35,-10
6277,2019-05-07,56,53,-3
6278,2019-05-07,20,9,-11
6279,2019-05-07,16,19,3
6280,2019-05-07,72,65,-7
6281,2019-05-07,26,11,-15
6301,2019-05-07,26,17,-9
6302,2019-05-07,18,11,-7
6303,2019-05-07,17,8,-9
6304,2019-05-07,11,8,-3
6305,2019-05-07,31,26,-5
6306,2019-05-07,52,19,-33
6307,2019-05-07,75,62,-13
6309,2019-05-07,20,27,7
6310,2019-05-07,67,30,-37
6311,2019-05-07,32,24,-8
6312,2019-05-07,29,40,11
6313,2019-05-07,30,54,24
6314,2019-05-07,59,54,-5
6315,2019-05-07,68,36,-32
6316,2019-05-07,50,18,-32
6321,2019-05-07,74,68,-6
6322,2019-05-07,20,15,-5
6323,2019-05-07,12,9,-3
6324,2019-05-07,18,17,-1
6327,2019-05-07,15,16,1
6328,2019-05-07,32,23,-9
6329,2019-05-07,35,24,-11
6330,2019-05-07,23,31,8
6331,2019-05-07,27,22,-5
6332,2019-05-07,23,35,12
6333,2019-05-07,16,19,3
6334,2019-05-07,61,69,8
6335,2019-05-07,37,34,-3
6336,2019-05-07,29,27,-2
6338,2019-05-07,34,35,1
6339,2019-05-07,23,23,0
6340,2019-05-07,28,29,1
6341,2019-05-07,30,41,11
6343,2019-05-07,35,35,0
6344,2019-05-07,60,35,-25
6345,2019-05-07,13,20,7
6346,2019-05-07,26,28,2
6347,2019-05-07,18,23,5
6349,2019-05-07,34,33,-1
6350,2019-05-07,46,47,1
6354,2019-05-07,31,29,-2
6355,2019-05-07,29,46,17
6356,2019-05-07,35,23,-12
6357,2019-05-07,19,15,-4
6358,2019-05-07,20,20,0
6359,2019-05-07,63,77,14
6360,2019-05-07,30,25,-5
6361,2019-05-07,38,34,-4
6362,2019-05-07,22,24,2
6363,2019-05-07,30,27,-3
6364,2019-05-07,38,33,-5
6366,2019-05-07,23,19,-4
6367,2019-05-07,21,20,-1
6368,2019-05-07,55,66,11
6369,2019-05-07,30,36,6
6370,2019-05-07,33,26,-7
6371,2019-05-07,69,59,-10
6372,2019-05-07,65,71,6
6373,2019-05-07,36,32,-4
6374,2019-05-07,43,46,3
6375,2019-05-07,77,86,9
6376,2019-05-07,24,22,-2
6377,2019-05-07,34,38,4
6379,2019-05-07,31,35,4
6380,2019-05-07,28,28,0
6381,2019-05-07,60,62,2
6383,2019-05-07,21,25,4
6384,2019-05-07,25,19,-6
6385,2019-05-07,59,68,9
6386,2019-05-07,55,62,7
6387,2019-05-07,56,72,16
6388,2019-05-07,21,22,1
6389,2019-05-07,60,49,-11
6391,2019-05-07,62,80,18
6393,2019-05-07,62,70,8
6394,2019-05-07,63,86,23
6395,2019-05-07,42,41,-1
6396,2019-05-07,74,76,2
6397,2019-05-07,40,54,14
6398,2019-05-07,39,43,4
6401,2019-05-07,54,75,21
6402,2019-05-07,43,63,20
6403,2019-05-07,20,20,0
6404,2019-05-07,14,20,6
6405,2019-05-07,46,59,13
6406,2019-05-07,50,71,21
6407,2019-05-07,25,35,10
6408,2019-05-07,55,60,5
6409,2019-05-07,18,22,4
6410,2019-05-07,34,34,0
6411,2019-05-07,121,115,-6
6412,2019-05-07,19,23,4
6413,2019-05-07,29,33,4
6414,2019-05-07,20,28,8
6415,2019-05-07,21,21,0
6416,2019-05-07,22,15,-7
6417,2019-05-07,24,20,-4
6418,2019-05-07,7,4,-3
6419,2019-05-07,14,13,-1
6420,2019-05-07,34,34,0
6421,2019-05-07,40,47,7
6422,2019-05-07,13,12,-1
6423,2019-05-07,19,11,-8
6424,2019-05-07,40,45,5
6425,2019-05-07,27,30,3
6426,2019-05-07,74,74,0
6427,2019-05-07,76,65,-11
6428,2019-05-07,16,24,8
6429,2019-05-07,30,33,3
6432,2019-05-07,84,96,12
6433,2019-05-07,39,37,-2
6434,2019-05-07,50,51,1
6435,2019-05-07,37,32,-5
6436,2019-05-07,29,31,2
6501,2019-05-07,17,21,4
6502,2019-05-07,12,15,3
6503,2019-05-07,61,55,-6
6504,2019-05-07,6,8,2
6700,2019-05-07,25,58,33
6701,2019-05-07,66,67,1
6702,2019-05-07,20,16,-4
6703,2019-05-07,35,34,-1
6704,2019-05-07,34,25,-9
6705,2019-05-07,19,31,12
6706,2019-05-07,21,27,6
6707,2019-05-07,49,36,-13
6708,2019-05-07,49,92,43
6709,2019-05-07,26,34,8
6710,2019-05-07,10,11,1
6711,2019-05-07,17,17,0
6712,2019-05-07,11,12,1
6713,2019-05-07,17,20,3
6714,2019-05-07,2,2,0
6715,2019-05-07,12,15,3
6716,2019-05-07,5,6,1
6717,2019-05-07,12,23,11
6718,2019-05-07,20,21,1
6719,2019-05-07,24,29,5
6720,2019-05-07,27,29,2
6721,2019-05-07,19,11,-8
6722,2019-05-07,8,15,7
6723,2019-05-07,13,17,4
6724,2019-05-07,49,68,19
6725,2019-05-07,27,23,-4
6726,2019-05-07,12,12,0
6727,2019-05-07,70,81,11
6728,2019-05-07,6,6,0
6729,2019-05-07,113,119,6
6730,2019-05-07,10,15,5
6731,2019-05-07,16,6,-10
6732,2019-05-07,24,29,5
6733,2019-05-07,26,24,-2
6734,2019-05-07,43,35,-8
6735,2019-05-07,10,9,-1
6736,2019-05-07,9,8,-1
6737,2019-05-07,16,17,1
6738,2019-05-07,96,85,-11
6739,2019-05-07,5,8,3
6741,2019-05-07,20,14,-6
6742,2019-05-07,47,53,6
6743,2019-05-07,22,10,-12
6744,2019-05-07,33,32,-1
6745,2019-05-07,9,13,4
6746,2019-05-07,19,15,-4
6747,2019-05-07,31,43,12
6748,2019-05-07,64,87,23
6749,2019-05-07,46,46,0
6750,2019-05-07,42,32,-10
6753,2019-05-07,17,17,0
6754,2019-05-07,15,29,14
6901,2019-05-07,38,44,6
6902,2019-05-07,53,76,23
6903,2019-05-07,109,83,-26
6904,2019-05-07,44,38,-6
6905,2019-05-07,37,31,-6
6906,2019-05-07,135,86,-49
6907,2019-05-07,75,56,-19
6908,2019-05-07,60,55,-5
6910,2019-05-07,92,86,-6
6912,2019-05-07,116,82,-34
6913,2019-05-07,51,36,-15
6915,2019-05-07,65,60,-5
6916,2019-05-07,30,33,3
6917,2019-05-07,15,21,6
6918,2019-05-07,31,19,-12
6919,2019-05-07,32,22,-10
6921,2019-05-07,58,69,11
6923,2019-05-07,44,48,4
6924,2019-05-07,21,14,-7
6925,2019-05-07,38,35,-3
6926,2019-05-07,36,35,-1
6927,2019-05-07,78,42,-36
6928,2019-05-07,50,23,-27
6929,2019-05-07,33,28,-5
6930,2019-05-07,16,16,0
7001,2019-05-07,25,28,3
7002,2019-05-07,10,17,7
7003,2019-05-07,91,76,-15
7004,2019-05-07,15,17,2
7005,2019-05-07,8,13,5
7006,2019-05-07,14,15,1
7007,2019-05-07,17,21,4
7008,2019-05-07,21,19,-2
7009,2019-05-07,73,80,7
7010,2019-05-07,12,9,-3
7011,2019-05-07,58,65,7
7012,2019-05-07,35,33,-2
7013,2019-05-07,22,19,-3
7014,2019-05-07,74,34,-40
7015,2019-05-07,10,15,5
7016,2019-05-07,16,15,-1
7017,2019-05-07,21,30,9
7018,2019-05-07,17,25,8
7019,2019-05-07,98,97,-1
7020,2019-05-07,15,19,4
7021,2019-05-07,38,36,-2
7022,2019-05-07,41,37,-4
7023,2019-05-07,7,5,-2
7024,2019-05-07,35,22,-13
7025,2019-05-07,52,24,-28
7026,2019-05-07,50,56,6
7027,2019-05-07,33,34,1
7028,2019-05-07,71,71,0
7029,2019-05-07,40,39,-1
7030,2019-05-07,30,38,8
7031,2019-05-07,44,48,4
7032,2019-05-07,117,73,-44
7033,2019-05-07,69,56,-13
7034,2019-05-07,21,25,4
7035,2019-05-07,47,47,0
7036,2019-05-07,49,45,-4
7037,2019-05-07,44,43,-1
7038,2019-05-07,67,58,-9
7039,2019-05-07,24,27,3
7040,2019-05-07,50,57,7
7041,2019-05-07,102,83,-19
7042,2019-05-07,28,30,2
7043,2019-05-07,23,17,-6
7044,2019-05-07,6,7,1
7045,2019-05-07,22,27,5
7046,2019-05-07,176,143,-33
7047,2019-05-07,92,144,52
7048,2019-05-07,16,23,7
7050,2019-05-07,20,22,2
7051,2019-05-07,15,19,4
7052,2019-05-07,36,45,9
7053,2019-05-07,42,44,2
7054,2019-05-07,38,50,12
7055,2019-05-07,20,30,10
7056,2019-05-07,18,24,6
7057,2019-05-07,33,38,5
7058,2019-05-07,34,39,5
7059,2019-05-07,38,31,-7
7060,2019-05-07,25,32,7
7061,2019-05-07,23,25,2
7062,2019-05-07,49,47,-2
7063,2019-05-07,15,17,2
7064,2019-05-07,19,25,6
7065,2019-05-07,38,29,-9
7066,2019-05-07,44,95,51
7067,2019-05-07,66,104,38
7068,2019-05-07,50,77,27
7069,2019-05-07,47,60,13
7070,2019-05-07,34,45,11
7071,2019-05-07,62,36,-26
7072,2019-05-07,52,32,-20
7073,2019-05-07,33,41,8
7074,2019-05-07,41,37,-4
7075,2019-05-07,6,13,7
7076,2019-05-07,56,52,-4
7077,2019-05-07,29,27,-2
7078,2019-05-07,35,34,-1
7079,2019-05-07,53,58,5
7082,2019-05-07,69,71,2
7083,2019-05-07,63,60,-3
7084,2019-05-07,78,80,2
7090,2019-05-07,6,8,2
7091,2019-05-07,7,9,2
7092,2019-05-07,4,6,2
7095,2019-05-07,17,16,-1
7096,2019-05-07,25,25,0
7097,2019-05-07,7,3,-4
7099,2019-05-07,6,9,3
7100,2019-05-07,4,4,0
7101,2019-05-07,8,9,1
7102,2019-05-07,13,28,15
7103,2019-05-07,8,8,0
7104,2019-05-07,2,0,-2
7105,2019-05-07,6,7,1
7106,2019-05-07,3,5,2
7107,2019-05-07,4,5,1
7108,2019-05-07,4,3,-1
7109,2019-05-07,9,7,-2
7110,2019-05-07,2,5,3
7111,2019-05-07,3,3,0
7112,2019-05-07,10,11,1
7113,2019-05-07,36,45,9
7114,2019-05-07,80,79,-1
7116,2019-05-07,6,4,-2
7117,2019-05-07,3,1,-2
7118,2019-05-07,2,1,-1
7119,2019-05-07,6,9,3
7120,2019-05-07,3,3,0
7121,2019-05-07,2,4,2
7122,2019-05-07,8,9,1
7123,2019-05-07,1,1,0
7124,2019-05-07,15,8,-7
7125,2019-05-07,15,10,-5
7126,2019-05-07,8,7,-1
7127,2019-05-07,21,23,2
7128,2019-05-07,15,9,-6
7129,2019-05-07,9,11,2
7130,2019-05-07,8,8,0
7131,2019-05-07,4,5,1
7132,2019-05-07,14,13,-1
7133,2019-05-07,3,5,2
7134,2019-05-07,2,4,2
7135,2019-05-07,3,4,1
7136,2019-05-07,6,6,0
7137,2019-05-07,4,6,2
7138,2019-05-07,2,3,1
7139,2019-05-07,55,71,16
7140,2019-05-07,23,22,-1
7141,2019-05-07,31,40,9
7142,2019-05-07,8,14,6
7143,2019-05-07,9,16,7
7144,2019-05-07,31,35,4
7145,2019-05-07,17,21,4
7146,2019-05-07,12,16,4
7147,2019-05-07,19,30,11
7148,2019-05-07,7,8,1
7149,2019-05-07,14,13,-1
10002,2019-05-07,95,99,4
4000,2019-05-08,39,75,36
4002,2019-05-08,75,92,17
5002,2019-05-08,11,10,-1
5003,2019-05-08,4,6,2
5004,2019-05-08,4,8,4
5006,2019-05-08,8,9,1
5007,2019-05-08,21,22,1
6001,2019-05-08,48,79,31
6002,2019-05-08,46,62,16
6003,2019-05-08,72,85,13
6004,2019-05-08,41,47,6
6005,2019-05-08,101,91,-10
6006,2019-05-08,41,26,-15
6007,2019-05-08,33,37,4
6008,2019-05-08,54,94,40
6009,2019-05-08,59,58,-1
6011,2019-05-08,47,62,15
6012,2019-05-08,145,222,77
6013,2019-05-08,80,109,29
6014,2019-05-08,60,57,-3
6015,2019-05-08,176,269,93
6016,2019-05-08,9,13,4
6017,2019-05-08,31,55,24
6018,2019-05-08,53,66,13
6019,2019-05-08,180,112,-68
6020,2019-05-08,68,92,24
6021,2019-05-08,101,69,-32
6022,2019-05-08,50,60,10
6023,2019-05-08,107,155,48
6025,2019-05-08,39,36,-3
6026,2019-05-08,110,135,25
6027,2019-05-08,110,129,19
6029,2019-05-08,21,39,18
6031,2019-05-08,26,33,7
6032,2019-05-08,55,126,71
6033,2019-05-08,24,25,1
6034,2019-05-08,50,68,18
6035,2019-05-08,17,39,22
6036,2019-05-08,98,162,64
6037,2019-05-08,44,42,-2
6038,2019-05-08,66,80,14
6039,2019-05-08,66,68,2
6040,2019-05-08,30,30,0
6041,2019-05-08,51,53,2
6042,2019-05-08,97,96,-1
6043,2019-05-08,194,343,149
6044,2019-05-08,66,68,2
6046,2019-05-08,106,78,-28
6047,2019-05-08,79,59,-20
6048,2019-05-08,53,53,0
6049,2019-05-08,103,109,6
6050,2019-05-08,41,41,0
6051,2019-05-08,48,37,-11
6052,2019-05-08,176,219,43
6053,2019-05-08,139,139,0
6057,2019-05-08,87,84,-3
6058,2019-05-08,58,64,6
6059,2019-05-08,73,54,-19
6060,2019-05-08,32,26,-6
6062,2019-05-08,76,75,-1
6063,2019-05-08,84,84,0
6064,2019-05-08,178,137,-41
6065,2019-05-08,62,44,-18
6066,2019-05-08,39,10,-29
6067,2019-05-08,44,49,5
6068,2019-05-08,16,16,0
6070,2019-05-08,218,174,-44
6072,2019-05-08,77,50,-27
6073,2019-05-08,190,174,-16
6075,2019-05-08,36,17,-19
6076,2019-05-08,22,31,9
6079,2019-05-08,90,80,-10
6080,2019-05-08,133,140,7
6081,2019-05-08,35,26,-9
6082,2019-05-08,22,8,-14
6083,2019-05-08,165,174,9
6084,2019-05-08,54,76,22
6085,2019-05-08,62,115,53
6087,2019-05-08,97,139,42
6088,2019-05-08,56,70,14
6089,2019-05-08,50,49,-1
6090,2019-05-08,46,43,-3
6091,2019-05-08,38,29,-9
6092,2019-05-08,79,70,-9
6093,2019-05-08,33,38,5
6094,2019-05-08,49,47,-2
6095,2019-05-08,93,88,-5
6096,2019-05-08,24,49,25
6097,2019-05-08,54,28,-26
6098,2019-05-08,45,30,-15
6099,2019-05-08,80,102,22
6100,2019-05-08,236,226,-10
6101,2019-05-08,59,29,-30
6102,2019-05-08,28,18,-10
6103,2019-05-08,17,15,-2
6104,2019-05-08,95,109,14
6105,2019-05-08,56,79,23
6106,2019-05-08,22,30,8
6107,2019-05-08,104,81,-23
6108,2019-05-08,47,59,12
6109,2019-05-08,11,20,9
6110,2019-05-08,28,24,-4
6111,2019-05-08,39,51,12
6112,2019-05-08,91,99,8
6113,2019-05-08,56,64,8
6114,2019-05-08,121,173,52
6115,2019-05-08,21,26,5
6116,2019-05-08,49,59,10
6118,2019-05-08,52,68,16
6119,2019-05-08,53,76,23
6120,2019-05-08,48,74,26
6121,2019-05-08,26,42,16
6122,2019-05-08,19,23,4
6123,2019-05-08,26,34,8
6124,2019-05-08,44,53,9
6125,2019-05-08,22,14,-8
6126,2019-05-08,38,39,1
6127,2019-05-08,39,41,2
6128,2019-05-08,22,17,-5
6129,2019-05-08,28,19,-9
6130,2019-05-08,25,26,1
6131,2019-05-08,67,40,-27
6132,2019-05-08,59,67,8
6133,2019-05-08,54,52,-2
6134,2019-05-08,38,39,1
6136,2019-05-08,265,191,-74
6137,2019-05-08,93,92,-1
6138,2019-05-08,85,77,-8
6139,2019-05-08,53,47,-6
6140,2019-05-08,75,77,2
6141,2019-05-08,33,25,-8
6142,2019-05-08,75,61,-14
6143,2019-05-08,103,89,-14
6145,2019-05-08,72,66,-6
6146,2019-05-08,47,45,-2
6147,2019-05-08,108,64,-44
6148,2019-05-08,135,87,-48
6149,2019-05-08,56,52,-4
6150,2019-05-08,59,57,-2
6151,2019-05-08,69,68,-1
6152,2019-05-08,98,99,1
6153,2019-05-08,52,50,-2
6154,2019-05-08,153,152,-1
6155,2019-05-08,103,102,-1
6156,2019-05-08,74,62,-12
6157,2019-05-08,94,95,1
6158,2019-05-08,59,57,-2
6160,2019-05-08,40,40,0
6161,2019-05-08,37,39,2
6162,2019-05-08,8,4,-4
6163,2019-05-08,78,84,6
6164,2019-05-08,84,96,12
6165,2019-05-08,73,71,-2
6166,2019-05-08,72,59,-13
6167,2019-05-08,34,36,2
6168,2019-05-08,44,44,0
6169,2019-05-08,121,106,-15
6170,2019-05-08,58,42,-16
6171,2019-05-08,42,50,8
6173,2019-05-08,122,77,-45
6174,2019-05-08,97,81,-16
6175,2019-05-08,95,68,-27
6176,2019-05-08,87,79,-8
6177,2019-05-08,66,56,-10
6178,2019-05-08,91,77,-14
6179,2019-05-08,97,93,-4
6180,2019-05-08,45,51,6
6181,2019-05-08,84,58,-26
6182,2019-05-08,61,48,-13
6183,2019-05-08,82,67,-15
6184,2019-05-08,166,193,27
6185,2019-05-08,18,20,2
6186,2019-05-08,83,52,-31
6187,2019-05-08,85,95,10
6188,2019-05-08,58,55,-3
6189,2019-05-08,24,24,0
6190,2019-05-08,90,86,-4
6191,2019-05-08,59,56,-3
6192,2019-05-08,43,40,-3
6193,2019-05-08,80,78,-2
6194,2019-05-08,141,137,-4
6195,2019-05-08,104,57,-47
6196,2019-05-08,105,78,-27
6197,2019-05-08,51,38,-13
6198,2019-05-08,32,23,-9
6199,2019-05-08,112,93,-19
6200,2019-05-08,99,78,-21
6201,2019-05-08,76,63,-13
6202,2019-05-08,74,79,5
6203,2019-05-08,69,82,13
6204,2019-05-08,105,133,28
6205,2019-05-08,83,70,-13
6206,2019-05-08,130,110,-20
6207,2019-05-08,34,34,0
6208,2019-05-08,62,70,8
6209,2019-05-08,122,84,-38
6210,2019-05-08,44,35,-9
6211,2019-05-08,134,117,-17
6212,2019-05-08,71,44,-27
6213,2019-05-08,103,98,-5
6215,2019-05-08,60,51,-9
6216,2019-05-08,128,70,-58
6217,2019-05-08,95,70,-25
6218,2019-05-08,59,43,-16
6219,2019-05-08,69,61,-8
6220,2019-05-08,95,77,-18
6221,2019-05-08,164,149,-15
6222,2019-05-08,75,53,-22
6223,2019-05-08,113,58,-55
6224,2019-05-08,67,48,-19
6225,2019-05-08,64,32,-32
6226,2019-05-08,22,23,1
6227,2019-05-08,125,126,1
6228,2019-05-08,38,40,2
6229,2019-05-08,67,51,-16
6230,2019-05-08,73,79,6
6231,2019-05-08,93,96,3
6233,2019-05-08,69,76,7
6234,2019-05-08,61,50,-11
6235,2019-05-08,95,69,-26
6236,2019-05-08,55,58,3
6237,2019-05-08,57,56,-1
6240,2019-05-08,16,16,0
6241,2019-05-08,42,36,-6
6243,2019-05-08,64,61,-3
6245,2019-05-08,47,41,-6
6246,2019-05-08,67,61,-6
6247,2019-05-08,97,80,-17
6248,2019-05-08,130,128,-2
6249,2019-05-08,42,42,0
6250,2019-05-08,53,57,4
6251,2019-05-08,21,24,3
6252,2019-05-08,38,32,-6
6253,2019-05-08,28,20,-8
6254,2019-05-08,55,46,-9
6255,2019-05-08,71,61,-10
6257,2019-05-08,41,38,-3
6258,2019-05-08,81,54,-27
6259,2019-05-08,43,29,-14
6260,2019-05-08,42,42,0
6261,2019-05-08,33,32,-1
6262,2019-05-08,35,39,4
6263,2019-05-08,22,26,4
6264,2019-05-08,32,30,-2
6265,2019-05-08,54,52,-2
6266,2019-05-08,28,28,0
6267,2019-05-08,36,40,4
6268,2019-05-08,50,54,4
6269,2019-05-08,20,26,6
6270,2019-05-08,38,36,-2
6272,2019-05-08,39,27,-12
6273,2019-05-08,30,32,2
6274,2019-05-08,42,47,5
6275,2019-05-08,26,27,1
6276,2019-05-08,33,32,-1
6277,2019-05-08,65,70,5
6278,2019-05-08,14,21,7
6279,2019-05-08,17,18,1
6280,2019-05-08,71,72,1
6281,2019-05-08,18,13,-5
6301,2019-05-08,21,13,-8
6302,2019-05-08,18,10,-8
6303,2019-05-08,20,11,-9
6304,2019-05-08,14,8,-6
6305,2019-05-08,30,17,-13
6306,2019-05-08,74,26,-48
6307,2019-05-08,69,68,-1
6309,2019-05-08,22,23,1
6310,2019-05-08,75,35,-40
6311,2019-05-08,42,33,-9
6312,2019-05-08,13,34,21
6313,2019-05-08,34,64,30
6314,2019-05-08,63,58,-5
6315,2019-05-08,78,40,-38
6316,2019-05-08,62,23,-39
6321,2019-05-08,81,66,-15
6322,2019-05-08,26,21,-5
6323,2019-05-08,16,17,1
6324,2019-05-08,15,16,1
6327,2019-05-08,27,22,-5
6328,2019-05-08,24,27,3
6329,2019-05-08,22,24,2
6330,2019-05-08,29,28,-1
6331,2019-05-08,31,23,-8
6332,2019-05-08,29,26,-3
6333,2019-05-08,16,18,2
6334,2019-05-08,62,58,-4
6335,2019-05-08,26,25,-1
6336,2019-05-08,22,18,-4
6338,2019-05-08,32,42,10
6339,2019-05-08,31,31,0
6340,2019-05-08,30,23,-7
6341,2019-05-08,32,51,19
6343,2019-05-08,44,45,1
6344,2019-05-08,63,48,-15
6345,2019-05-08,18,17,-1
6346,2019-05-08,26,20,-6
6347,2019-05-08,24,28,4
6349,2019-05-08,28,28,0
6350,2019-05-08,35,36,1
6354,2019-05-08,23,27,4
6355,2019-05-08,30,49,19
6356,2019-05-08,41,30,-11
6357,2019-05-08,18,18,0
6358,2019-05-08,27,24,-3
6359,2019-05-08,75,78,3
6360,2019-05-08,33,24,-9
6361,2019-05-08,35,31,-4
6362,2019-05-08,32,27,-5
6363,2019-05-08,18,13,-5
6364,2019-05-08,61,47,-14
6366,2019-05-08,17,21,4
6367,2019-05-08,25,21,-4
6368,2019-05-08,64,61,-3
6369,2019-05-08,30,40,10
6370,2019-05-08,31,27,-4
6371,2019-05-08,55,59,4
6372,2019-05-08,73,87,14
6373,2019-05-08,42,37,-5
6374,2019-05-08,36,35,-1
6375,2019-05-08,84,92,8
6376,2019-05-08,28,36,8
6377,2019-05-08,38,36,-2
6379,2019-05-08,27,28,1
6380,2019-05-08,20,23,3
6381,2019-05-08,51,55,4
6383,2019-05-08,17,19,2
6384,2019-05-08,20,17,-3
6385,2019-05-08,51,53,2
6386,2019-05-08,63,68,5
6387,2019-05-08,61,81,20
6388,2019-05-08,24,24,0
6389,2019-05-08,66,51,-15
6391,2019-05-08,58,75,17
6393,2019-05-08,47,77,30
6394,2019-05-08,58,93,35
6395,2019-05-08,45,56,11
6396,2019-05-08,70,68,-2
6397,2019-05-08,48,51,3
6398,2019-05-08,19,32,13
6401,2019-05-08,60,76,16
6402,2019-05-08,39,40,1
6403,2019-05-08,26,22,-4
6404,2019-05-08,16,17,1
6405,2019-05-08,35,50,15
6406,2019-05-08,75,81,6
6407,2019-05-08,17,31,14
6408,2019-05-08,51,62,11
6409,2019-05-08,19,19,0
6410,2019-05-08,40,40,0
6411,2019-05-08,124,122,-2
6412,2019-05-08,30,39,9
6413,2019-05-08,22,21,-1
6414,2019-05-08,17,28,11
6415,2019-05-08,24,18,-6
6416,2019-05-08,23,13,-10
6417,2019-05-08,17,27,10
6418,2019-05-08,6,4,-2
6419,2019-05-08,12,19,7
6420,2019-05-08,24,31,7
6421,2019-05-08,37,33,-4
6422,2019-05-08,14,11,-3
6423,2019-05-08,27,22,-5
6424,2019-05-08,36,58,22
6425,2019-05-08,23,27,4
6426,2019-05-08,60,88,28
6427,2019-05-08,54,68,14
6428,2019-05-08,8,18,10
6429,2019-05-08,26,37,11
6432,2019-05-08,80,69,-11
6433,2019-05-08,31,29,-2
6434,2019-05-08,68,65,-3
6435,2019-05-08,48,43,-5
6436,2019-05-08,23,30,7
6501,2019-05-08,31,42,11
6502,2019-05-08,20,18,-2
6503,2019-05-08,53,49,-4
6504,2019-05-08,11,11,0
6700,2019-05-08,28,47,19
6701,2019-05-08,59,59,0
6702,2019-05-08,12,12,0
6703,2019-05-08,39,37,-2
6704,2019-05-08,35,23,-12
6705,2019-05-08,23,21,-2
6706,2019-05-08,23,27,4
6707,2019-05-08,31,37,6
6708,2019-05-08,54,93,39
6709,2019-05-08,22,22,0
6710,2019-05-08,15,20,5
6711,2019-05-08,18,18,0
6712,2019-05-08,11,15,4
6713,2019-05-08,24,19,-5
6714,2019-05-08,8,5,-3
6715,2019-05-08,20,19,-1
6716,2019-05-08,14,14,0
6717,2019-05-08,13,10,-3
6718,2019-05-08,17,18,1
6719,2019-05-08,22,22,0
6720,2019-05-08,27,40,13
6721,2019-05-08,8,10,2
6722,2019-05-08,10,13,3
6723,2019-05-08,23,21,-2
6724,2019-05-08,66,71,5
6725,2019-05-08,31,29,-2
6726,2019-05-08,13,15,2
6727,2019-05-08,77,77,0
6728,2019-05-08,5,7,2
6729,2019-05-08,122,132,10
6730,2019-05-08,14,15,1
6731,2019-05-08,11,7,-4
6732,2019-05-08,28,30,2
6733,2019-05-08,28,27,-1
6734,2019-05-08,23,28,5
6735,2019-05-08,9,15,6
6736,2019-05-08,18,16,-2
6737,2019-05-08,15,18,3
6738,2019-05-08,77,77,0
6739,2019-05-08,4,8,4
6741,2019-05-08,20,23,3
6742,2019-05-08,36,48,12
6743,2019-05-08,30,18,-12
6744,2019-05-08,26,27,1
6745,2019-05-08,15,17,2
6746,2019-05-08,11,19,8
6747,2019-05-08,39,44,5
6748,2019-05-08,63,90,27
6749,2019-05-08,31,36,5
6750,2019-05-08,36,26,-10
6753,2019-05-08,16,15,-1
6754,2019-05-08,18,16,-2
6901,2019-05-08,46,49,3
6902,2019-05-08,59,93,34
6903,2019-05-08,96,83,-13
6904,2019-05-08,43,35,-8
6905,2019-05-08,45,37,-8
6906,2019-05-08,150,79,-71
6907,2019-05-08,101,77,-24
6908,2019-05-08,59,55,-4
6910,2019-05-08,92,101,9
6912,2019-05-08,129,94,-35
6913,2019-05-08,53,47,-6
6915,2019-05-08,82,73,-9
6916,2019-05-08,27,29,2
6917,2019-05-08,17,24,7
6918,2019-05-08,22,20,-2
6919,2019-05-08,37,26,-11
6921,2019-05-08,67,77,10
6923,2019-05-08,37,43,6
6924,2019-05-08,17,20,3
6925,2019-05-08,38,35,-3
6926,2019-05-08,45,38,-7
6927,2019-05-08,57,32,-25
6928,2019-05-08,42,15,-27
6929,2019-05-08,24,29,5
6930,2019-05-08,23,23,0
7001,2019-05-08,30,24,-6
7002,2019-05-08,23,20,-3
7003,2019-05-08,93,81,-12
7004,2019-05-08,18,13,-5
7005,2019-05-08,5,8,3
7006,2019-05-08,18,26,8
7007,2019-05-08,14,23,9
7008,2019-05-08,21,21,0
7009,2019-05-08,76,87,11
7010,2019-05-08,14,13,-1
7011,2019-05-08,47,63,16
7012,2019-05-08,26,23,-3
7013,2019-05-08,18,18,0
7014,2019-05-08,70,35,-35
7015,2019-05-08,9,17,8
7016,2019-05-08,12,11,-1
7017,2019-05-08,19,33,14
7018,2019-05-08,31,40,9
7019,2019-05-08,93,101,8
7020,2019-05-08,18,18,0
7021,2019-05-08,42,35,-7
7022,2019-05-08,36,36,0
7023,2019-05-08,8,7,-1
7024,2019-05-08,19,20,1
7025,2019-05-08,52,43,-9
7026,2019-05-08,55,54,-1
7027,2019-05-08,28,31,3
7028,2019-05-08,98,106,8
7029,2019-05-08,51,42,-9
7030,2019-05-08,44,48,4
7031,2019-05-08,44,47,3
7032,2019-05-08,94,66,-28
7033,2019-05-08,61,55,-6
7034,2019-05-08,23,29,6
7035,2019-05-08,47,40,-7
7036,2019-05-08,46,46,0
7037,2019-05-08,45,33,-12
7038,2019-05-08,55,63,8
7039,2019-05-08,29,34,5
7040,2019-05-08,55,61,6
7041,2019-05-08,110,89,-21
7042,2019-05-08,33,38,5
7043,2019-05-08,22,16,-6
7044,2019-05-08,8,7,-1
7045,2019-05-08,37,40,3
7046,2019-05-08,178,151,-27
7047,2019-05-08,104,152,48
7048,2019-05-08,14,23,9
7050,2019-05-08,21,24,3
7051,2019-05-08,7,12,5
7052,2019-05-08,46,48,2
7053,2019-05-08,35,37,2
7054,2019-05-08,50,63,13
7055,2019-05-08,23,29,6
7056,2019-05-08,16,21,5
7057,2019-05-08,37,38,1
7058,2019-05-08,34,38,4
7059,2019-05-08,29,33,4
7060,2019-05-08,37,38,1
7061,2019-05-08,32,32,0
7062,2019-05-08,45,48,3
7063,2019-05-08,25,14,-11
7064,2019-05-08,28,32,4
7065,2019-05-08,30,17,-13
7066,2019-05-08,61,97,36
7067,2019-05-08,80,114,34
7068,2019-05-08,53,66,13
7069,2019-05-08,56,68,12
7070,2019-05-08,45,50,5
7071,2019-05-08,44,34,-10
7072,2019-05-08,42,27,-15
7073,2019-05-08,31,42,11
7074,2019-05-08,38,32,-6
7075,2019-05-08,7,11,4
7076,2019-05-08,45,39,-6
7077,2019-05-08,25,25,0
7078,2019-05-08,18,34,16
7079,2019-05-08,55,70,15
7082,2019-05-08,55,75,20
7083,2019-05-08,71,64,-7
7084,2019-05-08,65,65,0
7090,2019-05-08,11,11,0
7091,2019-05-08,6,8,2
7092,2019-05-08,12,9,-3
7093,2019-05-08,3,4,1
7094,2019-05-08,1,3,2
7095,2019-05-08,16,20,4
7096,2019-05-08,17,21,4
7097,2019-05-08,2,3,1
7098,2019-05-08,1,1,0
7099,2019-05-08,6,8,2
7100,2019-05-08,1,2,1
7101,2019-05-08,13,9,-4
7102,2019-05-08,12,24,12
7103,2019-05-08,16,14,-2
7104,2019-05-08,3,3,0
7105,2019-05-08,10,11,1
7106,2019-05-08,4,2,-2
7107,2019-05-08,2,3,1
7108,2019-05-08,9,5,-4
7109,2019-05-08,18,18,0
7110,2019-05-08,6,12,6
7111,2019-05-08,5,5,0
7112,2019-05-08,9,10,1
7113,2019-05-08,46,43,-3
7114,2019-05-08,65,79,14
7116,2019-05-08,4,4,0
7117,2019-05-08,9,3,-6
7118,2019-05-08,5,5,0
7119,2019-05-08,5,2,-3
7120,2019-05-08,3,8,5
7121,2019-05-08,3,4,1
7122,2019-05-08,7,7,0
7123,2019-05-08,1,1,0
7124,2019-05-08,20,25,5
7125,2019-05-08,12,10,-2
7126,2019-05-08,4,4,0
7127,2019-05-08,22,29,7
7128,2019-05-08,11,14,3
7129,2019-05-08,5,5,0
7130,2019-05-08,12,15,3
7131,2019-05-08,6,5,-1
7132,2019-05-08,8,7,-1
7133,2019-05-08,7,8,1
7134,2019-05-08,5,7,2
7135,2019-05-08,5,5,0
7136,2019-05-08,10,6,-4
7137,2019-05-08,2,4,2
7138,2019-05-08,3,2,-1
7139,2019-05-08,50,68,18
7140,2019-05-08,19,17,-2
7141,2019-05-08,29,32,3
7142,2019-05-08,7,9,2
7143,2019-05-08,18,21,3
7144,2019-05-08,37,45,8
7145,2019-05-08,17,17,0
7146,2019-05-08,12,13,1
7147,2019-05-08,33,29,-4
7148,2019-05-08,6,3,-3
7149,2019-05-08,14,15,1
10002,2019-05-08,114,125,11
4000,2019-05-09,48,57,9
4002,2019-05-09,67,88,21
5002,2019-05-09,2,7,5
5003,2019-05-09,3,2,-1
5004,2019-05-09,2,2,0
5006,2019-05-09,6,5,-1
5007,2019-05-09,17,14,-3
6001,2019-05-09,41,67,26
6002,2019-05-09,45,52,7
6003,2019-05-09,56,58,2
6004,2019-05-09,41,46,5
6005,2019-05-09,53,80,27
6006,2019-05-09,24,24,0
6007,2019-05-09,29,42,13
6008,2019-05-09,49,89,40
6009,2019-05-09,41,50,9
6011,2019-05-09,51,65,14
6012,2019-05-09,107,207,100
6013,2019-05-09,59,89,30
6014,2019-05-09,36,40,4
6015,2019-05-09,125,227,102
6016,2019-05-09,15,16,1
6017,2019-05-09,38,46,8
6018,2019-05-09,46,45,-1
6019,2019-05-09,88,84,-4
6020,2019-05-09,68,82,14
6021,2019-05-09,106,78,-28
6022,2019-05-09,45,43,-2
6023,2019-05-09,65,107,42
6025,2019-05-09,27,31,4
6026,2019-05-09,88,102,14
6027,2019-05-09,76,132,56
6029,2019-05-09,24,19,-5
6031,2019-05-09,36,36,0
6032,2019-05-09,49,118,69
6033,2019-05-09,19,16,-3
6034,2019-05-09,39,68,29
6035,2019-05-09,19,43,24
6036,2019-05-09,91,108,17
6037,2019-05-09,39,39,0
6038,2019-05-09,83,92,9
6039,2019-05-09,54,69,15
6040,2019-05-09,55,58,3
6041,2019-05-09,51,52,1
6042,2019-05-09,97,88,-9
6043,2019-05-09,145,311,166
6044,2019-05-09,60,52,-8
6046,2019-05-09,94,79,-15
6047,2019-05-09,69,56,-13
6048,2019-05-09,46,52,6
6049,2019-05-09,95,88,-7
6050,2019-05-09,19,34,15
6051,2019-05-09,45,50,5
6052,2019-05-09,102,183,81
6053,2019-05-09,132,147,15
6057,2019-05-09,80,84,4
6058,2019-05-09,51,56,5
6059,2019-05-09,66,53,-13
6060,2019-05-09,21,13,-8
6062,2019-05-09,63,50,-13
6063,2019-05-09,75,78,3
6064,2019-05-09,162,154,-8
6065,2019-05-09,47,41,-6
6066,2019-05-09,40,14,-26
6067,2019-05-09,49,60,11
6068,2019-05-09,6,5,-1
6070,2019-05-09,157,163,6
6072,2019-05-09,78,64,-14
6073,2019-05-09,135,157,22
6075,2019-05-09,30,17,-13
6076,2019-05-09,15,27,12
6079,2019-05-09,66,60,-6
6080,2019-05-09,120,114,-6
6081,2019-05-09,22,29,7
6082,2019-05-09,16,8,-8
6083,2019-05-09,132,184,52
6084,2019-05-09,46,64,18
6085,2019-05-09,67,129,62
6087,2019-05-09,90,122,32
6088,2019-05-09,42,57,15
6089,2019-05-09,48,49,1
6090,2019-05-09,52,48,-4
6091,2019-05-09,45,36,-9
6092,2019-05-09,45,46,1
6093,2019-05-09,23,24,1
6094,2019-05-09,42,44,2
6095,2019-05-09,84,56,-28
6096,2019-05-09,24,48,24
6097,2019-05-09,58,36,-22
6098,2019-05-09,37,18,-19
6099,2019-05-09,71,103,32
6100,2019-05-09,214,215,1
6101,2019-05-09,48,22,-26
6102,2019-05-09,25,24,-1
6103,2019-05-09,11,13,2
6104,2019-05-09,71,109,38
6105,2019-05-09,57,75,18
6106,2019-05-09,20,24,4
6107,2019-05-09,79,73,-6
6108,2019-05-09,45,46,1
6109,2019-05-09,10,6,-4
6110,2019-05-09,17,17,0
6111,2019-05-09,44,46,2
6112,2019-05-09,72,79,7
6113,2019-05-09,67,73,6
6114,2019-05-09,109,144,35
6115,2019-05-09,16,19,3
6116,2019-05-09,48,54,6
6118,2019-05-09,56,74,18
6119,2019-05-09,67,76,9
6120,2019-05-09,41,69,28
6121,2019-05-09,26,31,5
6122,2019-05-09,20,14,-6
6123,2019-05-09,27,27,0
6124,2019-05-09,37,51,14
6125,2019-05-09,24,20,-4
6126,2019-05-09,33,29,-4
6127,2019-05-09,41,29,-12
6128,2019-05-09,21,22,1
6129,2019-05-09,22,17,-5
6130,2019-05-09,23,11,-12
6131,2019-05-09,65,35,-30
6132,2019-05-09,56,58,2
6133,2019-05-09,45,44,-1
6134,2019-05-09,37,29,-8
6136,2019-05-09,218,177,-41
6137,2019-05-09,87,63,-24
6138,2019-05-09,72,64,-8
6139,2019-05-09,39,35,-4
6140,2019-05-09,61,58,-3
6141,2019-05-09,40,27,-13
6142,2019-05-09,61,38,-23
6143,2019-05-09,89,62,-27
6145,2019-05-09,58,46,-12
6146,2019-05-09,46,33,-13
6147,2019-05-09,43,35,-8
6148,2019-05-09,101,59,-42
6149,2019-05-09,45,27,-18
6150,2019-05-09,49,42,-7
6151,2019-05-09,66,50,-16
6152,2019-05-09,73,74,1
6153,2019-05-09,42,41,-1
6154,2019-05-09,145,145,0
6155,2019-05-09,114,105,-9
6156,2019-05-09,71,59,-12
6157,2019-05-09,105,80,-25
6158,2019-05-09,55,46,-9
6160,2019-05-09,51,52,1
6161,2019-05-09,40,45,5
6162,2019-05-09,6,5,-1
6163,2019-05-09,82,73,-9
6164,2019-05-09,82,84,2
6165,2019-05-09,53,60,7
6166,2019-05-09,68,39,-29
6167,2019-05-09,29,44,15
6168,2019-05-09,48,48,0
6169,2019-05-09,104,99,-5
6170,2019-05-09,31,21,-10
6171,2019-05-09,39,33,-6
6173,2019-05-09,91,65,-26
6174,2019-05-09,95,70,-25
6175,2019-05-09,81,51,-30
6176,2019-05-09,74,81,7
6177,2019-05-09,55,54,-1
6178,2019-05-09,77,66,-11
6179,2019-05-09,63,60,-3
6180,2019-05-09,49,61,12
6181,2019-05-09,68,43,-25
6182,2019-05-09,52,45,-7
6183,2019-05-09,60,56,-4
6184,2019-05-09,156,188,32
6185,2019-05-09,22,19,-3
6186,2019-05-09,56,49,-7
6187,2019-05-09,78,107,29
6188,2019-05-09,38,41,3
6189,2019-05-09,26,18,-8
6190,2019-05-09,100,92,-8
6191,2019-05-09,42,48,6
6192,2019-05-09,42,32,-10
6193,2019-05-09,75,70,-5
6194,2019-05-09,118,118,0
6195,2019-05-09,79,52,-27
6196,2019-05-09,82,58,-24
6197,2019-05-09,42,47,5
6198,2019-05-09,23,11,-12
6199,2019-05-09,82,62,-20
6200,2019-05-09,82,60,-22
6201,2019-05-09,53,44,-9
6202,2019-05-09,98,79,-19
6203,2019-05-09,79,71,-8
6204,2019-05-09,72,75,3
6205,2019-05-09,88,47,-41
6206,2019-05-09,97,96,-1
6207,2019-05-09,37,44,7
6208,2019-05-09,43,65,22
6209,2019-05-09,94,78,-16
6210,2019-05-09,30,29,-1
6211,2019-05-09,121,104,-17
6212,2019-05-09,66,38,-28
6213,2019-05-09,93,93,0
6215,2019-05-09,42,40,-2
6216,2019-05-09,80,38,-42
6217,2019-05-09,89,77,-12
6218,2019-05-09,35,34,-1
6219,2019-05-09,54,49,-5
6220,2019-05-09,84,72,-12
6221,2019-05-09,149,132,-17
6222,2019-05-09,48,32,-16
6223,2019-05-09,77,35,-42
6224,2019-05-09,52,43,-9
6225,2019-05-09,62,35,-27
6226,2019-05-09,29,23,-6
6227,2019-05-09,121,131,10
6228,2019-05-09,44,34,-10
6229,2019-05-09,58,40,-18
6230,2019-05-09,75,60,-15
6231,2019-05-09,74,77,3
6233,2019-05-09,83,84,1
6234,2019-05-09,72,49,-23
6235,2019-05-09,79,60,-19
6236,2019-05-09,52,50,-2
6237,2019-05-09,56,51,-5
6240,2019-05-09,20,14,-6
6241,2019-05-09,37,30,-7
6243,2019-05-09,47,50,3
6245,2019-05-09,49,42,-7
6246,2019-05-09,50,53,3
6247,2019-05-09,100,79,-21
6248,2019-05-09,109,100,-9
6249,2019-05-09,44,41,-3
6250,2019-05-09,55,44,-11
6251,2019-05-09,17,22,5
6252,2019-05-09,33,27,-6
6253,2019-05-09,26,21,-5
6254,2019-05-09,55,49,-6
6255,2019-05-09,54,55,1
6257,2019-05-09,23,31,8
6258,2019-05-09,63,32,-31
6259,2019-05-09,23,29,6
6260,2019-05-09,45,33,-12
6261,2019-05-09,25,27,2
6262,2019-05-09,40,37,-3
6263,2019-05-09,22,22,0
6264,2019-05-09,34,31,-3
6265,2019-05-09,48,47,-1
6266,2019-05-09,23,17,-6
6267,2019-05-09,34,30,-4
6268,2019-05-09,36,34,-2
6269,2019-05-09,15,20,5
6270,2019-05-09,36,34,-2
6272,2019-05-09,29,23,-6
6273,2019-05-09,26,26,0
6274,2019-05-09,41,26,-15
6275,2019-05-09,33,33,0
6276,2019-05-09,41,26,-15
6277,2019-05-09,36,42,6
6278,2019-05-09,20,10,-10
6279,2019-05-09,16,12,-4
6280,2019-05-09,72,73,1
6281,2019-05-09,18,14,-4
6301,2019-05-09,18,14,-4
6302,2019-05-09,19,13,-6
6303,2019-05-09,12,8,-4
6304,2019-05-09,5,10,5
6305,2019-05-09,22,13,-9
6306,2019-05-09,61,31,-30
6307,2019-05-09,71,57,-14
6309,2019-05-09,21,17,-4
6310,2019-05-09,57,37,-20
6311,2019-05-09,30,28,-2
6312,2019-05-09,12,26,14
6313,2019-05-09,30,49,19
6314,2019-05-09,58,42,-16
6315,2019-05-09,51,33,-18
6316,2019-05-09,43,20,-23
6321,2019-05-09,55,45,-10
6322,2019-05-09,18,16,-2
6323,2019-05-09,20,10,-10
6324,2019-05-09,21,19,-2
6327,2019-05-09,27,19,-8
6328,2019-05-09,21,23,2
6329,2019-05-09,27,15,-12
6330,2019-05-09,21,19,-2
6331,2019-05-09,21,24,3
6332,2019-05-09,23,25,2
6333,2019-05-09,11,15,4
6334,2019-05-09,47,64,17
6335,2019-05-09,27,24,-3
6336,2019-05-09,15,17,2
6338,2019-05-09,31,32,1
6339,2019-05-09,28,32,4
6340,2019-05-09,28,23,-5
6341,2019-05-09,23,28,5
6343,2019-05-09,22,27,5
6344,2019-05-09,50,39,-11
6345,2019-05-09,16,17,1
6346,2019-05-09,23,17,-6
6347,2019-05-09,30,25,-5
6349,2019-05-09,19,26,7
6350,2019-05-09,44,39,-5
6354,2019-05-09,28,26,-2
6355,2019-05-09,30,41,11
6356,2019-05-09,39,27,-12
6357,2019-05-09,10,9,-1
6358,2019-05-09,23,21,-2
6359,2019-05-09,55,74,19
6360,2019-05-09,16,22,6
6361,2019-05-09,40,26,-14
6362,2019-05-09,23,21,-2
6363,2019-05-09,20,17,-3
6364,2019-05-09,42,38,-4
6366,2019-05-09,23,11,-12
6367,2019-05-09,29,19,-10
6368,2019-05-09,55,56,1
6369,2019-05-09,26,29,3
6370,2019-05-09,23,25,2
6371,2019-05-09,63,63,0
6372,2019-05-09,56,54,-2
6373,2019-05-09,36,24,-12
6374,2019-05-09,33,33,0
6375,2019-05-09,58,64,6
6376,2019-05-09,23,22,-1
6377,2019-05-09,27,35,8
6379,2019-05-09,17,23,6
6380,2019-05-09,20,11,-9
6381,2019-05-09,45,40,-5
6383,2019-05-09,18,16,-2
6384,2019-05-09,17,14,-3
6385,2019-05-09,44,45,1
6386,2019-05-09,53,65,12
6387,2019-05-09,52,55,3
6388,2019-05-09,16,13,-3
6389,2019-05-09,42,41,-1
6391,2019-05-09,54,73,19
6393,2019-05-09,42,67,25
6394,2019-05-09,57,73,16
6395,2019-05-09,44,35,-9
6396,2019-05-09,49,63,14
6397,2019-05-09,34,47,13
6398,2019-05-09,23,30,7
6401,2019-05-09,42,51,9
6402,2019-05-09,36,36,0
6403,2019-05-09,21,24,3
6404,2019-05-09,9,19,10
6405,2019-05-09,34,49,15
6406,2019-05-09,53,69,16
6407,2019-05-09,19,31,12
6408,2019-05-09,45,52,7
6409,2019-05-09,16,20,4
6410,2019-05-09,28,28,0
6411,2019-05-09,108,97,-11
6412,2019-05-09,24,26,2
6413,2019-05-09,27,17,-10
6414,2019-05-09,18,25,7
6415,2019-05-09,15,22,7
6416,2019-05-09,25,14,-11
6417,2019-05-09,24,18,-6
6418,2019-05-09,1,3,2
6419,2019-05-09,14,9,-5
6420,2019-05-09,26,22,-4
6421,2019-05-09,31,24,-7
6422,2019-05-09,7,8,1
6423,2019-05-09,15,6,-9
6424,2019-05-09,32,52,20
6425,2019-05-09,21,28,7
6426,2019-05-09,65,70,5
6427,2019-05-09,43,40,-3
6428,2019-05-09,12,10,-2
6429,2019-05-09,27,21,-6
6432,2019-05-09,73,73,0
6433,2019-05-09,28,23,-5
6434,2019-05-09,56,61,5
6435,2019-05-09,28,33,5
6436,2019-05-09,28,30,2
6501,2019-05-09,11,24,13
6502,2019-05-09,17,16,-1
6503,2019-05-09,36,38,2
6504,2019-05-09,10,11,1
6700,2019-05-09,18,27,9
6701,2019-05-09,50,50,0
6702,2019-05-09,17,19,2
6703,2019-05-09,18,16,-2
6704,2019-05-09,29,20,-9
6705,2019-05-09,27,29,2
6706,2019-05-09,27,18,-9
6707,2019-05-09,30,30,0
6708,2019-05-09,32,59,27
6709,2019-05-09,27,21,-6
6710,2019-05-09,13,10,-3
6711,2019-05-09,9,10,1
6712,2019-05-09,6,8,2
6713,2019-05-09,13,13,0
6715,2019-05-09,15,13,-2
6716,2019-05-09,5,7,2
6717,2019-05-09,12,17,5
6718,2019-05-09,27,23,-4
6719,2019-05-09,20,15,-5
6720,2019-05-09,15,21,6
6721,2019-05-09,9,11,2
6722,2019-05-09,6,11,5
6723,2019-05-09,16,17,1
6724,2019-05-09,36,49,13
6725,2019-05-09,25,26,1
6726,2019-05-09,11,13,2
6727,2019-05-09,81,95,14
6728,2019-05-09,13,15,2
6729,2019-05-09,77,110,33
6730,2019-05-09,12,11,-1
6731,2019-05-09,8,5,-3
6732,2019-05-09,18,24,6
6733,2019-05-09,21,19,-2
6734,2019-05-09,29,30,1
6735,2019-05-09,13,6,-7
6736,2019-05-09,6,8,2
6737,2019-05-09,12,16,4
6738,2019-05-09,85,79,-6
6739,2019-05-09,10,10,0
6741,2019-05-09,13,17,4
6742,2019-05-09,44,51,7
6743,2019-05-09,28,19,-9
6744,2019-05-09,26,24,-2
6745,2019-05-09,18,14,-4
6746,2019-05-09,12,11,-1
6747,2019-05-09,35,45,10
6748,2019-05-09,57,62,5
6749,2019-05-09,44,51,7
6750,2019-05-09,39,35,-4
6753,2019-05-09,13,13,0
6754,2019-05-09,21,19,-2
6901,2019-05-09,35,36,1
6902,2019-05-09,63,66,3
6903,2019-05-09,82,80,-2
6904,2019-05-09,35,24,-11
6905,2019-05-09,33,31,-2
6906,2019-05-09,113,82,-31
6907,2019-05-09,81,65,-16
6908,2019-05-09,36,29,-7
6910,2019-05-09,83,86,3
6912,2019-05-09,110,94,-16
6913,2019-05-09,52,37,-15
6915,2019-05-09,57,42,-15
6916,2019-05-09,25,22,-3
6917,2019-05-09,15,16,1
6918,2019-05-09,27,10,-17
6919,2019-05-09,24,18,-6
6921,2019-05-09,49,61,12
6923,2019-05-09,36,38,2
6924,2019-05-09,25,13,-12
6925,2019-05-09,31,38,7
6926,2019-05-09,31,32,1
6927,2019-05-09,53,31,-22
6928,2019-05-09,40,14,-26
6929,2019-05-09,30,27,-3
6930,2019-05-09,17,19,2
7001,2019-05-09,19,18,-1
7002,2019-05-09,10,11,1
7003,2019-05-09,85,65,-20
7004,2019-05-09,17,12,-5
7005,2019-05-09,4,8,4
7006,2019-05-09,9,11,2
7007,2019-05-09,11,13,2
7008,2019-05-09,19,15,-4
7009,2019-05-09,70,89,19
7010,2019-05-09,7,6,-1
7011,2019-05-09,45,52,7
7012,2019-05-09,32,29,-3
7013,2019-05-09,11,21,10
7014,2019-05-09,53,45,-8
7015,2019-05-09,6,9,3
7016,2019-05-09,10,11,1
7017,2019-05-09,20,18,-2
7018,2019-05-09,13,19,6
7019,2019-05-09,110,88,-22
7020,2019-05-09,16,15,-1
7021,2019-05-09,30,23,-7
7022,2019-05-09,29,17,-12
7023,2019-05-09,8,6,-2
7024,2019-05-09,27,16,-11
7025,2019-05-09,45,32,-13
7026,2019-05-09,58,51,-7
7027,2019-05-09,37,27,-10
7028,2019-05-09,78,63,-15
7029,2019-05-09,41,38,-3
7030,2019-05-09,38,39,1
7031,2019-05-09,59,58,-1
7032,2019-05-09,85,64,-21
7033,2019-05-09,60,41,-19
7034,2019-05-09,17,29,12
7035,2019-05-09,45,41,-4
7036,2019-05-09,46,39,-7
7037,2019-05-09,32,30,-2
7038,2019-05-09,57,50,-7
7039,2019-05-09,32,30,-2
7040,2019-05-09,50,74,24
7041,2019-05-09,104,99,-5
7042,2019-05-09,28,29,1
7043,2019-05-09,18,11,-7
7044,2019-05-09,4,3,-1
7045,2019-05-09,38,31,-7
7046,2019-05-09,130,159,29
7047,2019-05-09,97,138,41
7048,2019-05-09,16,24,8
7050,2019-05-09,18,25,7
7051,2019-05-09,7,15,8
7052,2019-05-09,41,49,8
7053,2019-05-09,43,40,-3
7054,2019-05-09,30,30,0
7055,2019-05-09,13,34,21
7056,2019-05-09,11,15,4
7057,2019-05-09,39,41,2
7058,2019-05-09,26,35,9
7059,2019-05-09,24,28,4
7060,2019-05-09,39,34,-5
7061,2019-05-09,18,20,2
7062,2019-05-09,38,41,3
7063,2019-05-09,11,12,1
7064,2019-05-09,24,27,3
7065,2019-05-09,18,23,5
7066,2019-05-09,35,67,32
7067,2019-05-09,60,74,14
7068,2019-05-09,49,47,-2
7069,2019-05-09,53,65,12
7070,2019-05-09,30,23,-7
7071,2019-05-09,41,27,-14
7072,2019-05-09,30,20,-10
7073,2019-05-09,32,33,1
7074,2019-05-09,22,27,5
7075,2019-05-09,5,8,3
7076,2019-05-09,56,37,-19
7077,2019-05-09,22,19,-3
7078,2019-05-09,12,14,2
7079,2019-05-09,46,57,11
7082,2019-05-09,54,48,-6
7083,2019-05-09,39,46,7
7084,2019-05-09,70,69,-1
7090,2019-05-09,11,10,-1
7091,2019-05-09,4,6,2
7092,2019-05-09,6,7,1
7093,2019-05-09,3,4,1
7095,2019-05-09,13,18,5
7096,2019-05-09,19,17,-2
7097,2019-05-09,6,5,-1
7098,2019-05-09,4,2,-2
7099,2019-05-09,6,7,1
7100,2019-05-09,1,2,1
7101,2019-05-09,9,8,-1
7102,2019-05-09,14,19,5
7103,2019-05-09,4,5,1
7104,2019-05-09,3,5,2
7105,2019-05-09,1,3,2
7106,2019-05-09,1,1,0
7107,2019-05-09,1,0,-1
7108,2019-05-09,7,3,-4
7109,2019-05-09,11,13,2
7110,2019-05-09,1,1,0
7111,2019-05-09,3,3,0
7112,2019-05-09,9,9,0
7113,2019-05-09,49,38,-11
7114,2019-05-09,41,56,15
7116,2019-05-09,7,1,-6
7117,2019-05-09,4,5,1
7118,2019-05-09,2,2,0
7119,2019-05-09,2,4,2
7120,2019-05-09,1,8,7
7121,2019-05-09,1,3,2
7122,2019-05-09,6,3,-3
7123,2019-05-09,2,2,0
7124,2019-05-09,18,12,-6
7125,2019-05-09,10,5,-5
7126,2019-05-09,3,1,-2
7127,2019-05-09,28,33,5
7128,2019-05-09,7,12,5
7129,2019-05-09,11,10,-1
7130,2019-05-09,13,13,0
7131,2019-05-09,4,4,0
7132,2019-05-09,5,6,1
7133,2019-05-09,4,2,-2
7134,2019-05-09,4,3,-1
7135,2019-05-09,1,3,2
7136,2019-05-09,8,5,-3
7137,2019-05-09,4,4,0
7138,2019-05-09,6,3,-3
7139,2019-05-09,48,67,19
7140,2019-05-09,16,17,1
7141,2019-05-09,26,31,5
7142,2019-05-09,4,11,7
7143,2019-05-09,14,14,0
7144,2019-05-09,28,36,8
7145,2019-05-09,9,9,0
7146,2019-05-09,12,18,6
7147,2019-05-09,14,15,1
7148,2019-05-09,3,3,0
7149,2019-05-09,8,8,0
10002,2019-05-09,92,87,-5
4000,2019-05-10,23,35,12
4002,2019-05-10,2,9,7
5002,2019-05-10,2,3,1
5003,2019-05-10,3,1,-2
5006,2019-05-10,1,2,1
5007,2019-05-10,8,5,-3
6001,2019-05-10,14,22,8
6002,2019-05-10,20,39,19
6003,2019-05-10,36,33,-3
6004,2019-05-10,13,24,11
6005,2019-05-10,41,16,-25
6006,2019-05-10,4,9,5
6007,2019-05-10,23,28,5
6008,2019-05-10,25,36,11
6009,2019-05-10,40,36,-4
6011,2019-05-10,22,24,2
6012,2019-05-10,70,77,7
6013,2019-05-10,32,38,6
6014,2019-05-10,21,20,-1
6015,2019-05-10,67,100,33
6016,2019-05-10,5,4,-1
6017,2019-05-10,16,46,30
6018,2019-05-10,26,48,22
6019,2019-05-10,65,40,-25
6020,2019-05-10,30,52,22
6021,2019-05-10,48,26,-22
6022,2019-05-10,12,14,2
6023,2019-05-10,27,30,3
6025,2019-05-10,17,14,-3
6026,2019-05-10,17,37,20
6027,2019-05-10,57,49,-8
6029,2019-05-10,7,13,6
6031,2019-05-10,19,17,-2
6032,2019-05-10,21,42,21
6033,2019-05-10,11,9,-2
6034,2019-05-10,26,32,6
6035,2019-05-10,9,12,3
6036,2019-05-10,28,51,23
6037,2019-05-10,19,19,0
6038,2019-05-10,40,37,-3
6039,2019-05-10,25,30,5
6040,2019-05-10,15,18,3
6041,2019-05-10,19,19,0
6042,2019-05-10,42,29,-13
6043,2019-05-10,61,57,-4
6044,2019-05-10,41,36,-5
6046,2019-05-10,50,39,-11
6047,2019-05-10,58,16,-42
6048,2019-05-10,22,18,-4
6049,2019-05-10,49,51,2
6050,2019-05-10,15,13,-2
6051,2019-05-10,16,13,-3
6052,2019-05-10,50,38,-12
6053,2019-05-10,75,77,2
6057,2019-05-10,30,30,0
6058,2019-05-10,34,23,-11
6059,2019-05-10,18,17,-1
6060,2019-05-10,17,9,-8
6062,2019-05-10,40,12,-28
6063,2019-05-10,53,37,-16
6064,2019-05-10,78,42,-36
6065,2019-05-10,31,25,-6
6066,2019-05-10,28,8,-20
6067,2019-05-10,32,24,-8
6068,2019-05-10,4,4,0
6070,2019-05-10,81,82,1
6072,2019-05-10,32,16,-16
6073,2019-05-10,93,69,-24
6075,2019-05-10,19,8,-11
6076,2019-05-10,4,11,7
6079,2019-05-10,41,36,-5
6080,2019-05-10,44,37,-7
6081,2019-05-10,26,18,-8
6082,2019-05-10,3,7,4
6083,2019-05-10,36,36,0
6084,2019-05-10,21,20,-1
6085,2019-05-10,31,47,16
6087,2019-05-10,46,62,16
6088,2019-05-10,24,38,14
6089,2019-05-10,34,24,-10
6090,2019-05-10,18,21,3
6091,2019-05-10,28,20,-8
6092,2019-05-10,40,30,-10
6093,2019-05-10,12,15,3
6094,2019-05-10,44,36,-8
6095,2019-05-10,34,39,5
6096,2019-05-10,20,16,-4
6097,2019-05-10,40,20,-20
6098,2019-05-10,11,10,-1
6099,2019-05-10,36,49,13
6100,2019-05-10,113,80,-33
6101,2019-05-10,39,9,-30
6102,2019-05-10,12,12,0
6103,2019-05-10,6,8,2
6104,2019-05-10,36,30,-6
6105,2019-05-10,25,36,11
6106,2019-05-10,6,5,-1
6107,2019-05-10,48,35,-13
6108,2019-05-10,23,25,2
6110,2019-05-10,12,14,2
6111,2019-05-10,13,18,5
6112,2019-05-10,37,56,19
6113,2019-05-10,24,28,4
6114,2019-05-10,72,82,10
6115,2019-05-10,6,12,6
6116,2019-05-10,17,44,27
6118,2019-05-10,27,43,16
6119,2019-05-10,38,52,14
6120,2019-05-10,26,45,19
6121,2019-05-10,5,16,11
6122,2019-05-10,7,13,6
6123,2019-05-10,15,20,5
6124,2019-05-10,14,23,9
6125,2019-05-10,6,6,0
6126,2019-05-10,24,20,-4
6127,2019-05-10,15,15,0
6128,2019-05-10,6,9,3
6129,2019-05-10,9,13,4
6130,2019-05-10,19,11,-8
6131,2019-05-10,32,33,1
6132,2019-05-10,15,24,9
6133,2019-05-10,21,23,2
6134,2019-05-10,24,30,6
6136,2019-05-10,144,117,-27
6137,2019-05-10,41,44,3
6138,2019-05-10,50,49,-1
6139,2019-05-10,22,27,5
6140,2019-05-10,58,47,-11
6141,2019-05-10,21,19,-2
6142,2019-05-10,21,22,1
6143,2019-05-10,33,37,4
6145,2019-05-10,21,21,0
6146,2019-05-10,29,17,-12
6147,2019-05-10,37,21,-16
6148,2019-05-10,47,32,-15
6149,2019-05-10,37,28,-9
6150,2019-05-10,27,31,4
6151,2019-05-10,52,58,6
6152,2019-05-10,61,67,6
6153,2019-05-10,25,33,8
6154,2019-05-10,84,82,-2
6155,2019-05-10,53,60,7
6156,2019-05-10,42,32,-10
6157,2019-05-10,69,70,1
6158,2019-05-10,27,29,2
6160,2019-05-10,32,35,3
6161,2019-05-10,23,28,5
6162,2019-05-10,5,0,-5
6163,2019-05-10,63,64,1
6164,2019-05-10,50,59,9
6165,2019-05-10,20,51,31
6166,2019-05-10,38,25,-13
6167,2019-05-10,20,37,17
6168,2019-05-10,37,16,-21
6169,2019-05-10,75,67,-8
6170,2019-05-10,19,16,-3
6171,2019-05-10,18,33,15
6173,2019-05-10,52,34,-18
6174,2019-05-10,31,51,20
6175,2019-05-10,56,30,-26
6176,2019-05-10,40,42,2
6177,2019-05-10,48,49,1
6178,2019-05-10,50,51,1
6179,2019-05-10,43,48,5
6180,2019-05-10,27,20,-7
6181,2019-05-10,50,35,-15
6182,2019-05-10,33,30,-3
6183,2019-05-10,26,34,8
6184,2019-05-10,126,111,-15
6185,2019-05-10,8,11,3
6186,2019-05-10,44,29,-15
6187,2019-05-10,63,73,10
6188,2019-05-10,24,31,7
6189,2019-05-10,10,8,-2
6190,2019-05-10,84,55,-29
6191,2019-05-10,21,10,-11
6192,2019-05-10,27,24,-3
6193,2019-05-10,45,44,-1
6194,2019-05-10,77,75,-2
6195,2019-05-10,33,23,-10
6196,2019-05-10,55,42,-13
6197,2019-05-10,25,22,-3
6198,2019-05-10,12,9,-3
6199,2019-05-10,51,29,-22
6200,2019-05-10,55,45,-10
6201,2019-05-10,38,39,1
6202,2019-05-10,57,44,-13
6203,2019-05-10,51,33,-18
6204,2019-05-10,69,64,-5
6205,2019-05-10,56,37,-19
6206,2019-05-10,69,73,4
6207,2019-05-10,23,14,-9
6208,2019-05-10,24,28,4
6209,2019-05-10,69,44,-25
6210,2019-05-10,20,6,-14
6211,2019-05-10,61,66,5
6212,2019-05-10,32,16,-16
6213,2019-05-10,53,60,7
6215,2019-05-10,36,25,-11
6216,2019-05-10,32,8,-24
6217,2019-05-10,49,40,-9
6218,2019-05-10,25,23,-2
6219,2019-05-10,41,39,-2
6220,2019-05-10,51,61,10
6221,2019-05-10,100,82,-18
6222,2019-05-10,31,25,-6
6223,2019-05-10,40,20,-20
6224,2019-05-10,17,15,-2
6225,2019-05-10,49,41,-8
6226,2019-05-10,13,6,-7
6227,2019-05-10,68,79,11
6228,2019-05-10,18,22,4
6229,2019-05-10,44,37,-7
6230,2019-05-10,51,44,-7
6231,2019-05-10,55,46,-9
6233,2019-05-10,66,44,-22
6234,2019-05-10,32,25,-7
6235,2019-05-10,60,49,-11
6236,2019-05-10,34,36,2
6237,2019-05-10,26,32,6
6240,2019-05-10,9,6,-3
6241,2019-05-10,19,28,9
6243,2019-05-10,27,23,-4
6245,2019-05-10,15,16,1
6246,2019-05-10,29,31,2
6247,2019-05-10,39,32,-7
6248,2019-05-10,87,79,-8
6249,2019-05-10,20,25,5
6250,2019-05-10,28,25,-3
6251,2019-05-10,7,6,-1
6252,2019-05-10,25,22,-3
6253,2019-05-10,27,16,-11
6254,2019-05-10,28,20,-8
6255,2019-05-10,36,44,8
6257,2019-05-10,18,11,-7
6258,2019-05-10,27,30,3
6259,2019-05-10,22,12,-10
6260,2019-05-10,18,23,5
6261,2019-05-10,10,16,6
6262,2019-05-10,19,25,6
6263,2019-05-10,9,15,6
6264,2019-05-10,12,16,4
6265,2019-05-10,37,29,-8
6266,2019-05-10,9,16,7
6267,2019-05-10,24,27,3
6268,2019-05-10,18,15,-3
6269,2019-05-10,9,10,1
6270,2019-05-10,12,16,4
6272,2019-05-10,16,16,0
6273,2019-05-10,15,13,-2
6274,2019-05-10,13,17,4
6275,2019-05-10,9,8,-1
6276,2019-05-10,15,16,1
6277,2019-05-10,20,22,2
6278,2019-05-10,11,10,-1
6279,2019-05-10,11,10,-1
6280,2019-05-10,43,38,-5
6281,2019-05-10,8,9,1
6301,2019-05-10,8,11,3
6302,2019-05-10,8,4,-4
6303,2019-05-10,7,6,-1
6304,2019-05-10,1,3,2
6305,2019-05-10,7,6,-1
6306,2019-05-10,22,9,-13
6307,2019-05-10,34,33,-1
6309,2019-05-10,7,11,4
6310,2019-05-10,37,22,-15
6311,2019-05-10,17,14,-3
6312,2019-05-10,6,15,9
6313,2019-05-10,8,23,15
6314,2019-05-10,24,28,4
6315,2019-05-10,36,18,-18
6316,2019-05-10,13,4,-9
6321,2019-05-10,17,22,5
6322,2019-05-10,10,9,-1
6323,2019-05-10,8,10,2
6324,2019-05-10,8,15,7
6327,2019-05-10,24,11,-13
6328,2019-05-10,18,20,2
6329,2019-05-10,5,9,4
6330,2019-05-10,8,11,3
6331,2019-05-10,11,5,-6
6332,2019-05-10,10,14,4
6333,2019-05-10,8,13,5
6334,2019-05-10,41,42,1
6335,2019-05-10,14,17,3
6336,2019-05-10,15,20,5
6338,2019-05-10,12,15,3
6339,2019-05-10,9,19,10
6340,2019-05-10,13,14,1
6341,2019-05-10,13,17,4
6343,2019-05-10,15,19,4
6344,2019-05-10,23,25,2
6345,2019-05-10,7,9,2
6346,2019-05-10,15,6,-9
6347,2019-05-10,13,10,-3
6349,2019-05-10,10,10,0
6350,2019-05-10,13,24,11
6354,2019-05-10,8,8,0
6355,2019-05-10,17,29,12
6356,2019-05-10,14,18,4
6357,2019-05-10,6,1,-5
6358,2019-05-10,7,8,1
6359,2019-05-10,28,21,-7
6360,2019-05-10,15,10,-5
6361,2019-05-10,18,14,-4
6362,2019-05-10,21,12,-9
6363,2019-05-10,10,7,-3
6364,2019-05-10,14,8,-6
6366,2019-05-10,12,10,-2
6367,2019-05-10,10,14,4
6368,2019-05-10,28,32,4
6369,2019-05-10,9,8,-1
6370,2019-05-10,15,16,1
6371,2019-05-10,25,33,8
6372,2019-05-10,30,49,19
6373,2019-05-10,10,20,10
6374,2019-05-10,22,24,2
6375,2019-05-10,25,29,4
6376,2019-05-10,9,9,0
6377,2019-05-10,21,30,9
6379,2019-05-10,6,15,9
6380,2019-05-10,9,8,-1
6381,2019-05-10,26,16,-10
6383,2019-05-10,11,11,0
6384,2019-05-10,7,12,5
6385,2019-05-10,26,33,7
6386,2019-05-10,34,32,-2
6387,2019-05-10,34,33,-1
6388,2019-05-10,8,8,0
6389,2019-05-10,29,19,-10
6391,2019-05-10,22,42,20
6393,2019-05-10,28,43,15
6394,2019-05-10,32,46,14
6395,2019-05-10,23,17,-6
6396,2019-05-10,25,25,0
6397,2019-05-10,15,28,13
6398,2019-05-10,11,11,0
6401,2019-05-10,21,43,22
6402,2019-05-10,14,23,9
6403,2019-05-10,10,13,3
6404,2019-05-10,4,5,1
6405,2019-05-10,23,26,3
6406,2019-05-10,18,22,4
6407,2019-05-10,6,8,2
6408,2019-05-10,28,30,2
6409,2019-05-10,5,12,7
6410,2019-05-10,16,21,5
6411,2019-05-10,53,61,8
6412,2019-05-10,10,13,3
6413,2019-05-10,7,6,-1
6414,2019-05-10,10,18,8
6415,2019-05-10,5,9,4
6416,2019-05-10,8,5,-3
6417,2019-05-10,9,9,0
6418,2019-05-10,4,2,-2
6419,2019-05-10,4,2,-2
6420,2019-05-10,17,10,-7
6421,2019-05-10,17,17,0
6422,2019-05-10,6,8,2
6423,2019-05-10,4,4,0
6424,2019-05-10,13,25,12
6425,2019-05-10,19,16,-3
6426,2019-05-10,34,22,-12
6427,2019-05-10,21,18,-3
6428,2019-05-10,2,5,3
6429,2019-05-10,8,12,4
6432,2019-05-10,25,24,-1
6433,2019-05-10,14,19,5
6434,2019-05-10,22,25,3
6435,2019-05-10,5,11,6
6436,2019-05-10,10,14,4
6501,2019-05-10,2,3,1
6502,2019-05-10,8,8,0
6503,2019-05-10,20,16,-4
6504,2019-05-10,2,2,0
6700,2019-05-10,13,13,0
6701,2019-05-10,19,13,-6
6702,2019-05-10,5,4,-1
6703,2019-05-10,12,9,-3
6704,2019-05-10,4,12,8
6705,2019-05-10,4,7,3
6706,2019-05-10,4,15,11
6707,2019-05-10,16,15,-1
6708,2019-05-10,19,34,15
6709,2019-05-10,12,16,4
6710,2019-05-10,3,8,5
6711,2019-05-10,11,11,0
6712,2019-05-10,2,2,0
6713,2019-05-10,3,8,5
6714,2019-05-10,1,0,-1
6715,2019-05-10,4,4,0
6717,2019-05-10,5,7,2
6718,2019-05-10,6,4,-2
6719,2019-05-10,4,9,5
6720,2019-05-10,13,13,0
6721,2019-05-10,6,2,-4
6722,2019-05-10,8,13,5
6723,2019-05-10,6,7,1
6724,2019-05-10,12,13,1
6725,2019-05-10,20,9,-11
6726,2019-05-10,6,8,2
6727,2019-05-10,32,39,7
6728,2019-05-10,4,7,3
6729,2019-05-10,49,57,8
6730,2019-05-10,6,8,2
6731,2019-05-10,3,1,-2
6732,2019-05-10,6,18,12
6733,2019-05-10,5,9,4
6734,2019-05-10,22,16,-6
6735,2019-05-10,4,4,0
6736,2019-05-10,4,4,0
6737,2019-05-10,5,8,3
6738,2019-05-10,47,26,-21
6739,2019-05-10,1,3,2
6741,2019-05-10,5,14,9
6742,2019-05-10,12,20,8
6743,2019-05-10,13,13,0
6744,2019-05-10,5,13,8
6745,2019-05-10,6,11,5
6746,2019-05-10,9,6,-3
6747,2019-05-10,21,20,-1
6748,2019-05-10,22,46,24
6749,2019-05-10,18,11,-7
6750,2019-05-10,17,17,0
6753,2019-05-10,4,7,3
6754,2019-05-10,2,7,5
6901,2019-05-10,23,33,10
6902,2019-05-10,31,52,21
6903,2019-05-10,41,43,2
6904,2019-05-10,16,16,0
6905,2019-05-10,22,21,-1
6906,2019-05-10,60,38,-22
6907,2019-05-10,33,22,-11
6908,2019-05-10,30,30,0
6910,2019-05-10,47,46,-1
6912,2019-05-10,62,47,-15
6913,2019-05-10,19,18,-1
6915,2019-05-10,28,28,0
6916,2019-05-10,18,23,5
6917,2019-05-10,5,7,2
6918,2019-05-10,14,7,-7
6919,2019-05-10,11,10,-1
6921,2019-05-10,31,25,-6
6923,2019-05-10,23,16,-7
6924,2019-05-10,5,14,9
6925,2019-05-10,12,10,-2
6926,2019-05-10,19,26,7
6927,2019-05-10,44,16,-28
6928,2019-05-10,10,1,-9
6929,2019-05-10,14,14,0
6930,2019-05-10,5,5,0
7001,2019-05-10,17,16,-1
7002,2019-05-10,3,5,2
7003,2019-05-10,36,34,-2
7004,2019-05-10,4,6,2
7005,2019-05-10,4,4,0
7006,2019-05-10,6,8,2
7007,2019-05-10,3,8,5
7008,2019-05-10,4,8,4
7009,2019-05-10,27,33,6
7010,2019-05-10,1,5,4
7011,2019-05-10,29,36,7
7012,2019-05-10,20,16,-4
7013,2019-05-10,6,8,2
7014,2019-05-10,31,12,-19
7016,2019-05-10,6,7,1
7017,2019-05-10,10,14,4
7018,2019-05-10,8,14,6
7019,2019-05-10,45,34,-11
7020,2019-05-10,13,13,0
7021,2019-05-10,15,18,3
7022,2019-05-10,33,26,-7
7023,2019-05-10,3,3,0
7024,2019-05-10,14,10,-4
7025,2019-05-10,29,25,-4
7026,2019-05-10,27,27,0
7027,2019-05-10,16,21,5
7028,2019-05-10,57,47,-10
7029,2019-05-10,19,23,4
7030,2019-05-10,22,23,1
7031,2019-05-10,39,41,2
7032,2019-05-10,52,34,-18
7033,2019-05-10,42,23,-19
7034,2019-05-10,7,17,10
7035,2019-05-10,23,20,-3
7036,2019-05-10,29,29,0
7037,2019-05-10,38,31,-7
7038,2019-05-10,32,41,9
7039,2019-05-10,9,7,-2
7040,2019-05-10,39,38,-1
7041,2019-05-10,39,39,0
7042,2019-05-10,19,17,-2
7043,2019-05-10,2,8,6
7045,2019-05-10,13,16,3
7046,2019-05-10,55,65,10
7047,2019-05-10,58,95,37
7048,2019-05-10,10,5,-5
7050,2019-05-10,9,12,3
7051,2019-05-10,4,3,-1
7052,2019-05-10,18,17,-1
7053,2019-05-10,13,15,2
7054,2019-05-10,11,16,5
7055,2019-05-10,11,16,5
7056,2019-05-10,4,3,-1
7057,2019-05-10,9,11,2
7058,2019-05-10,11,13,2
7059,2019-05-10,11,12,1
7060,2019-05-10,15,19,4
7061,2019-05-10,10,14,4
7062,2019-05-10,17,24,7
7063,2019-05-10,11,8,-3
7064,2019-05-10,5,6,1
7065,2019-05-10,13,12,-1
7066,2019-05-10,18,17,-1
7067,2019-05-10,1,3,2
7068,2019-05-10,19,34,15
7069,2019-05-10,18,19,1
7070,2019-05-10,10,14,4
7071,2019-05-10,28,19,-9
7072,2019-05-10,28,19,-9
7073,2019-05-10,20,28,8
7074,2019-05-10,15,18,3
7075,2019-05-10,2,3,1
7076,2019-05-10,28,17,-11
7077,2019-05-10,5,8,3
7078,2019-05-10,20,18,-2
7079,2019-05-10,21,21,0
7081,2019-05-10,21,13,-8
7082,2019-05-10,24,21,-3
7083,2019-05-10,42,34,-8
7084,2019-05-10,47,41,-6
7090,2019-05-10,5,5,0
7091,2019-05-10,1,2,1
7092,2019-05-10,1,1,0
7093,2019-05-10,2,0,-2
7095,2019-05-10,5,2,-3
7096,2019-05-10,17,12,-5
7097,2019-05-10,1,1,0
7098,2019-05-10,1,1,0
7099,2019-05-10,2,3,1
7100,2019-05-10,6,0,-6
7101,2019-05-10,3,2,-1
7102,2019-05-10,6,13,7
7103,2019-05-10,3,3,0
7108,2019-05-10,1,0,-1
7109,2019-05-10,7,3,-4
7113,2019-05-10,36,30,-6
7114,2019-05-10,22,37,15
7116,2019-05-10,2,1,-1
7117,2019-05-10,1,1,0
7118,2019-05-10,3,1,-2
7119,2019-05-10,1,2,1
7121,2019-05-10,1,1,0
7124,2019-05-10,7,8,1
7125,2019-05-10,5,4,-1
7126,2019-05-10,2,0,-2
7127,2019-05-10,17,15,-2
7128,2019-05-10,4,7,3
7129,2019-05-10,1,3,2
7130,2019-05-10,2,5,3
7132,2019-05-10,1,2,1
7133,2019-05-10,5,3,-2
7134,2019-05-10,2,2,0
7136,2019-05-10,2,2,0
7137,2019-05-10,1,1,0
7138,2019-05-10,1,1,0
7139,2019-05-10,28,28,0
7140,2019-05-10,4,13,9
7141,2019-05-10,13,15,2
7142,2019-05-10,2,4,2
7143,2019-05-10,3,4,1
7144,2019-05-10,17,26,9
7145,2019-05-10,5,11,6
7146,2019-05-10,3,12,9
7147,2019-05-10,22,18,-4
7148,2019-05-10,3,0,-3
7149,2019-05-10,4,2,-2
10002,2019-05-10,51,51,0
4000,2019-05-11,36,51,15
5002,2019-05-11,4,5,1
5003,2019-05-11,5,3,-2
5004,2019-05-11,1,5,4
5006,2019-05-11,2,3,1
5007,2019-05-11,14,17,3
6001,2019-05-11,25,34,9
6002,2019-05-11,31,39,8
6003,2019-05-11,46,65,19
6004,2019-05-11,29,27,-2
6005,2019-05-11,34,40,6
6006,2019-05-11,23,19,-4
6007,2019-05-11,28,26,-2
6008,2019-05-11,21,37,16
6009,2019-05-11,45,46,1
6011,2019-05-11,30,28,-2
6012,2019-05-11,81,168,87
6013,2019-05-11,49,88,39
6014,2019-05-11,24,28,4
6015,2019-05-11,116,217,101
6016,2019-05-11,5,3,-2
6017,2019-05-11,39,46,7
6018,2019-05-11,49,70,21
6019,2019-05-11,120,100,-20
6020,2019-05-11,53,60,7
6021,2019-05-11,55,57,2
6022,2019-05-11,22,34,12
6023,2019-05-11,90,120,30
6025,2019-05-11,21,23,2
6026,2019-05-11,156,222,66
6027,2019-05-11,44,66,22
6029,2019-05-11,13,15,2
6031,2019-05-11,18,32,14
6032,2019-05-11,56,89,33
6033,2019-05-11,9,4,-5
6034,2019-05-11,27,40,13
6035,2019-05-11,10,6,-4
6036,2019-05-11,141,222,81
6037,2019-05-11,27,48,21
6038,2019-05-11,46,65,19
6039,2019-05-11,46,50,4
6040,2019-05-11,31,43,12
6041,2019-05-11,9,14,5
6042,2019-05-11,9,8,-1
6043,2019-05-11,26,41,15
6044,2019-05-11,64,54,-10
6046,2019-05-11,26,22,-4
6047,2019-05-11,22,14,-8
6048,2019-05-11,9,9,0
6049,2019-05-11,39,29,-10
6050,2019-05-11,6,5,-1
6051,2019-05-11,20,21,1
6052,2019-05-11,153,150,-3
6053,2019-05-11,70,96,26
6057,2019-05-11,14,14,0
6058,2019-05-11,43,31,-12
6059,2019-05-11,17,10,-7
6060,2019-05-11,7,20,13
6062,2019-05-11,45,28,-17
6063,2019-05-11,72,57,-15
6064,2019-05-11,83,107,24
6065,2019-05-11,49,40,-9
6066,2019-05-11,37,13,-24
6067,2019-05-11,30,36,6
6068,2019-05-11,1,3,2
6070,2019-05-11,115,93,-22
6072,2019-05-11,30,19,-11
6073,2019-05-11,106,127,21
6075,2019-05-11,12,9,-3
6076,2019-05-11,16,19,3
6079,2019-05-11,57,55,-2
6080,2019-05-11,76,80,4
6081,2019-05-11,41,30,-11
6082,2019-05-11,15,8,-7
6083,2019-05-11,60,65,5
6084,2019-05-11,19,14,-5
6085,2019-05-11,26,59,33
6087,2019-05-11,77,92,15
6088,2019-05-11,48,40,-8
6089,2019-05-11,22,20,-2
6090,2019-05-11,23,22,-1
6091,2019-05-11,44,35,-9
6092,2019-05-11,50,42,-8
6093,2019-05-11,24,13,-11
6094,2019-05-11,29,21,-8
6095,2019-05-11,69,59,-10
6096,2019-05-11,22,24,2
6097,2019-05-11,57,54,-3
6098,2019-05-11,20,10,-10
6099,2019-05-11,57,95,38
6100,2019-05-11,111,116,5
6101,2019-05-11,27,12,-15
6102,2019-05-11,23,16,-7
6103,2019-05-11,16,15,-1
6104,2019-05-11,33,45,12
6105,2019-05-11,24,26,2
6106,2019-05-11,20,24,4
6107,2019-05-11,75,68,-7
6108,2019-05-11,34,32,-2
6109,2019-05-11,31,26,-5
6110,2019-05-11,33,33,0
6111,2019-05-11,28,34,6
6112,2019-05-11,84,102,18
6113,2019-05-11,39,40,1
6114,2019-05-11,136,160,24
6115,2019-05-11,12,15,3
6116,2019-05-11,62,69,7
6118,2019-05-11,65,71,6
6119,2019-05-11,54,61,7
6120,2019-05-11,40,51,11
6121,2019-05-11,30,32,2
6122,2019-05-11,22,15,-7
6123,2019-05-11,24,26,2
6124,2019-05-11,29,34,5
6125,2019-05-11,16,17,1
6126,2019-05-11,31,37,6
6127,2019-05-11,43,42,-1
6128,2019-05-11,22,28,6
6129,2019-05-11,37,37,0
6130,2019-05-11,29,22,-7
6131,2019-05-11,69,54,-15
6132,2019-05-11,27,35,8
6133,2019-05-11,39,31,-8
6134,2019-05-11,42,28,-14
6136,2019-05-11,201,191,-10
6137,2019-05-11,86,64,-22
6138,2019-05-11,51,39,-12
6139,2019-05-11,31,29,-2
6140,2019-05-11,91,82,-9
6141,2019-05-11,35,36,1
6142,2019-05-11,62,64,2
6143,2019-05-11,78,75,-3
6145,2019-05-11,47,38,-9
6146,2019-05-11,41,30,-11
6147,2019-05-11,61,28,-33
6148,2019-05-11,67,40,-27
6149,2019-05-11,32,23,-9
6150,2019-05-11,59,52,-7
6151,2019-05-11,62,61,-1
6152,2019-05-11,128,123,-5
6153,2019-05-11,18,34,16
6154,2019-05-11,168,180,12
6155,2019-05-11,122,117,-5
6156,2019-05-11,69,53,-16
6157,2019-05-11,112,119,7
6158,2019-05-11,49,48,-1
6160,2019-05-11,52,41,-11
6161,2019-05-11,31,32,1
6162,2019-05-11,5,9,4
6163,2019-05-11,134,128,-6
6164,2019-05-11,124,119,-5
6165,2019-05-11,75,90,15
6166,2019-05-11,86,76,-10
6167,2019-05-11,33,35,2
6168,2019-05-11,28,20,-8
6169,2019-05-11,137,121,-16
6170,2019-05-11,45,44,-1
6171,2019-05-11,27,32,5
6173,2019-05-11,83,56,-27
6174,2019-05-11,83,67,-16
6175,2019-05-11,71,52,-19
6176,2019-05-11,72,81,9
6177,2019-05-11,78,81,3
6178,2019-05-11,105,101,-4
6179,2019-05-11,79,70,-9
6180,2019-05-11,40,46,6
6181,2019-05-11,86,58,-28
6182,2019-05-11,62,54,-8
6183,2019-05-11,80,62,-18
6184,2019-05-11,185,174,-11
6185,2019-05-11,17,15,-2
6186,2019-05-11,63,54,-9
6187,2019-05-11,92,104,12
6188,2019-05-11,45,42,-3
6189,2019-05-11,19,13,-6
6190,2019-05-11,71,61,-10
6191,2019-05-11,44,38,-6
6192,2019-05-11,39,30,-9
6193,2019-05-11,89,84,-5
6194,2019-05-11,106,92,-14
6195,2019-05-11,69,66,-3
6196,2019-05-11,84,69,-15
6197,2019-05-11,41,47,6
6198,2019-05-11,11,10,-1
6199,2019-05-11,52,38,-14
6200,2019-05-11,75,67,-8
6201,2019-05-11,69,61,-8
6202,2019-05-11,61,61,0
6203,2019-05-11,45,47,2
6204,2019-05-11,77,65,-12
6205,2019-05-11,55,55,0
6206,2019-05-11,90,100,10
6207,2019-05-11,22,30,8
6208,2019-05-11,37,34,-3
6209,2019-05-11,59,58,-1
6210,2019-05-11,18,23,5
6211,2019-05-11,105,111,6
6212,2019-05-11,55,43,-12
6213,2019-05-11,102,88,-14
6215,2019-05-11,37,27,-10
6216,2019-05-11,118,87,-31
6217,2019-05-11,80,52,-28
6218,2019-05-11,40,33,-7
6219,2019-05-11,41,28,-13
6220,2019-05-11,76,76,0
6221,2019-05-11,170,150,-20
6222,2019-05-11,50,39,-11
6223,2019-05-11,92,73,-19
6224,2019-05-11,60,53,-7
6225,2019-05-11,53,38,-15
6226,2019-05-11,8,7,-1
6227,2019-05-11,124,124,0
6228,2019-05-11,26,25,-1
6229,2019-05-11,77,56,-21
6230,2019-05-11,78,74,-4
6231,2019-05-11,80,78,-2
6233,2019-05-11,97,73,-24
6234,2019-05-11,67,57,-10
6235,2019-05-11,32,31,-1
6236,2019-05-11,54,46,-8
6237,2019-05-11,52,41,-11
6240,2019-05-11,11,16,5
6241,2019-05-11,41,29,-12
6243,2019-05-11,56,55,-1
6245,2019-05-11,40,40,0
6246,2019-05-11,32,30,-2
6247,2019-05-11,92,88,-4
6248,2019-05-11,117,102,-15
6249,2019-05-11,67,51,-16
6250,2019-05-11,125,119,-6
6251,2019-05-11,18,20,2
6252,2019-05-11,42,38,-4
6253,2019-05-11,33,25,-8
6254,2019-05-11,50,54,4
6255,2019-05-11,77,73,-4
6257,2019-05-11,21,33,12
6258,2019-05-11,63,60,-3
6259,2019-05-11,44,32,-12
6260,2019-05-11,36,29,-7
6261,2019-05-11,43,30,-13
6262,2019-05-11,34,30,-4
6263,2019-05-11,18,23,5
6264,2019-05-11,43,39,-4
6265,2019-05-11,40,36,-4
6266,2019-05-11,14,9,-5
6267,2019-05-11,51,47,-4
6268,2019-05-11,44,40,-4
6269,2019-05-11,23,22,-1
6270,2019-05-11,42,32,-10
6272,2019-05-11,32,26,-6
6273,2019-05-11,21,18,-3
6274,2019-05-11,41,35,-6
6275,2019-05-11,19,14,-5
6276,2019-05-11,33,25,-8
6277,2019-05-11,51,46,-5
6278,2019-05-11,22,23,1
6279,2019-05-11,18,21,3
6280,2019-05-11,72,65,-7
6281,2019-05-11,22,23,1
6301,2019-05-11,12,18,6
6302,2019-05-11,12,11,-1
6303,2019-05-11,14,12,-2
6304,2019-05-11,14,7,-7
6305,2019-05-11,23,11,-12
6306,2019-05-11,34,16,-18
6307,2019-05-11,70,61,-9
6309,2019-05-11,24,19,-5
6310,2019-05-11,32,13,-19
6311,2019-05-11,48,31,-17
6312,2019-05-11,14,22,8
6313,2019-05-11,28,40,12
6314,2019-05-11,63,51,-12
6315,2019-05-11,48,29,-19
6316,2019-05-11,31,18,-13
6321,2019-05-11,63,57,-6
6322,2019-05-11,17,15,-2
6323,2019-05-11,15,9,-6
6324,2019-05-11,13,17,4
6327,2019-05-11,24,26,2
6328,2019-05-11,45,39,-6
6329,2019-05-11,23,19,-4
6330,2019-05-11,19,19,0
6331,2019-05-11,10,9,-1
6332,2019-05-11,15,14,-1
6333,2019-05-11,14,15,1
6334,2019-05-11,54,61,7
6335,2019-05-11,29,29,0
6336,2019-05-11,27,22,-5
6338,2019-05-11,27,27,0
6339,2019-05-11,13,12,-1
6340,2019-05-11,20,16,-4
6341,2019-05-11,28,32,4
6343,2019-05-11,28,31,3
6344,2019-05-11,32,38,6
6345,2019-05-11,13,13,0
6346,2019-05-11,13,16,3
6347,2019-05-11,13,14,1
6349,2019-05-11,24,23,-1
6350,2019-05-11,27,24,-3
6354,2019-05-11,25,22,-3
6355,2019-05-11,31,30,-1
6356,2019-05-11,23,18,-5
6357,2019-05-11,12,16,4
6358,2019-05-11,23,17,-6
6359,2019-05-11,63,58,-5
6360,2019-05-11,20,27,7
6361,2019-05-11,33,35,2
6362,2019-05-11,25,23,-2
6363,2019-05-11,17,12,-5
6364,2019-05-11,37,23,-14
6366,2019-05-11,20,14,-6
6367,2019-05-11,28,15,-13
6368,2019-05-11,63,64,1
6369,2019-05-11,14,21,7
6370,2019-05-11,32,26,-6
6371,2019-05-11,59,53,-6
6372,2019-05-11,92,93,1
6373,2019-05-11,33,33,0
6374,2019-05-11,40,32,-8
6375,2019-05-11,43,54,11
6376,2019-05-11,25,25,0
6377,2019-05-11,35,42,7
6379,2019-05-11,15,17,2
6380,2019-05-11,23,16,-7
6381,2019-05-11,40,46,6
6383,2019-05-11,33,17,-16
6384,2019-05-11,25,19,-6
6385,2019-05-11,36,33,-3
6386,2019-05-11,38,49,11
6387,2019-05-11,60,76,16
6388,2019-05-11,13,24,11
6389,2019-05-11,40,36,-4
6391,2019-05-11,56,75,19
6393,2019-05-11,51,62,11
6394,2019-05-11,65,82,17
6395,2019-05-11,39,43,4
6396,2019-05-11,39,46,7
6397,2019-05-11,37,47,10
6398,2019-05-11,28,38,10
6401,2019-05-11,59,67,8
6402,2019-05-11,38,37,-1
6403,2019-05-11,19,11,-8
6404,2019-05-11,7,12,5
6405,2019-05-11,44,52,8
6406,2019-05-11,117,161,44
6407,2019-05-11,7,24,17
6408,2019-05-11,14,18,4
6409,2019-05-11,18,14,-4
6410,2019-05-11,30,33,3
6411,2019-05-11,102,107,5
6412,2019-05-11,14,12,-2
6413,2019-05-11,7,10,3
6414,2019-05-11,26,21,-5
6415,2019-05-11,19,18,-1
6416,2019-05-11,18,7,-11
6417,2019-05-11,9,21,12
6418,2019-05-11,8,7,-1
6419,2019-05-11,6,9,3
6420,2019-05-11,20,12,-8
6421,2019-05-11,32,30,-2
6422,2019-05-11,15,13,-2
6423,2019-05-11,8,7,-1
6424,2019-05-11,9,13,4
6425,2019-05-11,21,29,8
6426,2019-05-11,33,50,17
6427,2019-05-11,41,51,10
6428,2019-05-11,8,11,3
6429,2019-05-11,25,27,2
6432,2019-05-11,55,49,-6
6433,2019-05-11,16,11,-5
6434,2019-05-11,43,46,3
6435,2019-05-11,41,35,-6
6436,2019-05-11,4,10,6
6501,2019-05-11,52,57,5
6502,2019-05-11,32,35,3
6503,2019-05-11,22,32,10
6504,2019-05-11,20,31,11
6700,2019-05-11,12,19,7
6701,2019-05-11,44,32,-12
6702,2019-05-11,12,15,3
6703,2019-05-11,42,42,0
6704,2019-05-11,17,19,2
6705,2019-05-11,21,19,-2
6706,2019-05-11,10,12,2
6707,2019-05-11,29,20,-9
6708,2019-05-11,30,30,0
6709,2019-05-11,16,14,-2
6710,2019-05-11,13,17,4
6711,2019-05-11,12,9,-3
6712,2019-05-11,11,12,1
6713,2019-05-11,13,12,-1
6714,2019-05-11,4,6,2
6715,2019-05-11,10,14,4
6716,2019-05-11,5,5,0
6717,2019-05-11,5,10,5
6718,2019-05-11,10,10,0
6719,2019-05-11,17,20,3
6720,2019-05-11,26,24,-2
6721,2019-05-11,11,15,4
6722,2019-05-11,10,15,5
6723,2019-05-11,9,5,-4
6724,2019-05-11,50,55,5
6725,2019-05-11,31,38,7
6726,2019-05-11,14,11,-3
6727,2019-05-11,46,60,14
6728,2019-05-11,10,13,3
6729,2019-05-11,105,112,7
6730,2019-05-11,12,4,-8
6731,2019-05-11,13,6,-7
6732,2019-05-11,23,19,-4
6733,2019-05-11,24,19,-5
6734,2019-05-11,54,43,-11
6735,2019-05-11,7,5,-2
6736,2019-05-11,11,13,2
6737,2019-05-11,30,24,-6
6738,2019-05-11,16,17,1
6739,2019-05-11,2,3,1
6741,2019-05-11,7,8,1
6742,2019-05-11,29,32,3
6743,2019-05-11,18,7,-11
6744,2019-05-11,23,21,-2
6745,2019-05-11,13,14,1
6746,2019-05-11,13,11,-2
6747,2019-05-11,36,26,-10
6748,2019-05-11,45,52,7
6749,2019-05-11,28,29,1
6750,2019-05-11,30,26,-4
6753,2019-05-11,11,8,-3
6754,2019-05-11,16,13,-3
6901,2019-05-11,49,48,-1
6902,2019-05-11,80,89,9
6903,2019-05-11,74,75,1
6904,2019-05-11,30,34,4
6905,2019-05-11,25,18,-7
6906,2019-05-11,80,53,-27
6907,2019-05-11,82,70,-12
6908,2019-05-11,54,54,0
6910,2019-05-11,108,108,0
6912,2019-05-11,85,78,-7
6913,2019-05-11,46,43,-3
6915,2019-05-11,73,68,-5
6916,2019-05-11,29,28,-1
6917,2019-05-11,14,19,5
6918,2019-05-11,16,16,0
6919,2019-05-11,25,20,-5
6921,2019-05-11,26,28,2
6923,2019-05-11,32,30,-2
6924,2019-05-11,21,17,-4
6925,2019-05-11,17,23,6
6926,2019-05-11,48,43,-5
6927,2019-05-11,41,29,-12
6928,2019-05-11,31,10,-21
6929,2019-05-11,24,19,-5
6930,2019-05-11,13,16,3
7001,2019-05-11,25,25,0
7002,2019-05-11,10,12,2
7003,2019-05-11,60,48,-12
7004,2019-05-11,8,8,0
7005,2019-05-11,6,11,5
7006,2019-05-11,10,12,2
7007,2019-05-11,11,10,-1
7008,2019-05-11,25,25,0
7009,2019-05-11,45,68,23
7010,2019-05-11,14,13,-1
7011,2019-05-11,56,70,14
7012,2019-05-11,9,22,13
7013,2019-05-11,16,22,6
7014,2019-05-11,28,23,-5
7015,2019-05-11,22,28,6
7016,2019-05-11,18,13,-5
7017,2019-05-11,21,27,6
7018,2019-05-11,29,26,-3
7019,2019-05-11,27,18,-9
7020,2019-05-11,17,19,2
7021,2019-05-11,24,21,-3
7022,2019-05-11,35,28,-7
7023,2019-05-11,4,6,2
7024,2019-05-11,25,18,-7
7025,2019-05-11,33,34,1
7026,2019-05-11,40,37,-3
7027,2019-05-11,29,29,0
7028,2019-05-11,37,22,-15
7029,2019-05-11,26,24,-2
7030,2019-05-11,42,35,-7
7031,2019-05-11,60,61,1
7032,2019-05-11,93,64,-29
7033,2019-05-11,46,42,-4
7034,2019-05-11,43,57,14
7035,2019-05-11,29,16,-13
7036,2019-05-11,50,48,-2
7037,2019-05-11,25,31,6
7038,2019-05-11,60,63,3
7039,2019-05-11,21,18,-3
7040,2019-05-11,47,42,-5
7041,2019-05-11,49,60,11
7042,2019-05-11,22,25,3
7043,2019-05-11,18,11,-7
7044,2019-05-11,4,8,4
7045,2019-05-11,53,59,6
7046,2019-05-11,67,75,8
7047,2019-05-11,95,149,54
7048,2019-05-11,20,15,-5
7050,2019-05-11,29,34,5
7051,2019-05-11,13,6,-7
7052,2019-05-11,16,17,1
7053,2019-05-11,35,32,-3
7054,2019-05-11,52,57,5
7055,2019-05-11,31,34,3
7056,2019-05-11,13,18,5
7057,2019-05-11,43,46,3
7058,2019-05-11,25,36,11
7059,2019-05-11,10,14,4
7060,2019-05-11,30,30,0
7061,2019-05-11,23,20,-3
7062,2019-05-11,11,21,10
7063,2019-05-11,21,20,-1
7064,2019-05-11,19,16,-3
7065,2019-05-11,29,23,-6
7066,2019-05-11,31,62,31
7068,2019-05-11,61,67,6
7069,2019-05-11,28,37,9
7070,2019-05-11,30,26,-4
7071,2019-05-11,36,31,-5
7072,2019-05-11,34,23,-11
7073,2019-05-11,31,30,-1
7074,2019-05-11,20,24,4
7075,2019-05-11,6,7,1
7076,2019-05-11,52,40,-12
7077,2019-05-11,18,18,0
7078,2019-05-11,14,21,7
7079,2019-05-11,14,24,10
7081,2019-05-11,35,39,4
7082,2019-05-11,35,48,13
7083,2019-05-11,53,53,0
7084,2019-05-11,54,57,3
7090,2019-05-11,9,9,0
7091,2019-05-11,9,4,-5
7092,2019-05-11,1,2,1
7093,2019-05-11,7,2,-5
7095,2019-05-11,6,10,4
7096,2019-05-11,12,9,-3
7097,2019-05-11,5,3,-2
7098,2019-05-11,1,2,1
7099,2019-05-11,3,5,2
7100,2019-05-11,6,7,1
7101,2019-05-11,6,3,-3
7102,2019-05-11,11,15,4
7103,2019-05-11,25,31,6
7104,2019-05-11,6,4,-2
7105,2019-05-11,19,16,-3
7106,2019-05-11,9,7,-2
7107,2019-05-11,5,5,0
7108,2019-05-11,16,13,-3
7109,2019-05-11,8,9,1
7110,2019-05-11,10,8,-2
7111,2019-05-11,4,4,0
7112,2019-05-11,19,13,-6
7113,2019-05-11,20,16,-4
7114,2019-05-11,75,82,7
7116,2019-05-11,6,7,1
7117,2019-05-11,1,1,0
7119,2019-05-11,8,14,6
7120,2019-05-11,7,2,-5
7121,2019-05-11,3,5,2
7122,2019-05-11,1,6,5
7124,2019-05-11,8,7,-1
7125,2019-05-11,26,30,4
7126,2019-05-11,3,3,0
7127,2019-05-11,20,22,2
7128,2019-05-11,14,10,-4
7129,2019-05-11,6,4,-2
7130,2019-05-11,4,4,0
7131,2019-05-11,1,5,4
7132,2019-05-11,1,3,2
7133,2019-05-11,6,10,4
7134,2019-05-11,2,6,4
7135,2019-05-11,1,1,0
7136,2019-05-11,4,4,0
7137,2019-05-11,4,8,4
7138,2019-05-11,4,2,-2
7139,2019-05-11,52,46,-6
7140,2019-05-11,19,25,6
7141,2019-05-11,29,34,5
7142,2019-05-11,11,12,1
7143,2019-05-11,14,15,1
7144,2019-05-11,31,42,11
7145,2019-05-11,16,8,-8
7146,2019-05-11,15,17,2
7147,2019-05-11,14,16,2
7148,2019-05-11,3,10,7
7149,2019-05-11,5,10,5
10002,2019-05-11,70,78,8
4000,2019-05-12,35,52,17
5002,2019-05-12,3,4,1
5003,2019-05-12,1,0,-1
5004,2019-05-12,9,7,-2
5006,2019-05-12,2,3,1
5007,2019-05-12,12,13,1
6001,2019-05-12,35,48,13
6002,2019-05-12,37,50,13
6003,2019-05-12,37,53,16
6004,2019-05-12,35,33,-2
6005,2019-05-12,39,47,8
6006,2019-05-12,24,27,3
6007,2019-05-12,26,29,3
6008,2019-05-12,32,45,13
6009,2019-05-12,66,62,-4
6011,2019-05-12,28,35,7
6012,2019-05-12,84,111,27
6013,2019-05-12,56,79,23
6014,2019-05-12,33,51,18
6015,2019-05-12,124,199,75
6016,2019-05-12,7,10,3
6017,2019-05-12,42,55,13
6018,2019-05-12,44,58,14
6019,2019-05-12,71,66,-5
6020,2019-05-12,48,68,20
6021,2019-05-12,57,35,-22
6022,2019-05-12,19,23,4
6023,2019-05-12,125,157,32
6025,2019-05-12,21,20,-1
6026,2019-05-12,162,250,88
6027,2019-05-12,53,56,3
6029,2019-05-12,11,20,9
6031,2019-05-12,16,14,-2
6032,2019-05-12,49,97,48
6033,2019-05-12,10,6,-4
6034,2019-05-12,35,55,20
6035,2019-05-12,23,22,-1
6036,2019-05-12,185,245,60
6037,2019-05-12,22,23,1
6038,2019-05-12,50,43,-7
6039,2019-05-12,33,38,5
6040,2019-05-12,29,26,-3
6041,2019-05-12,12,13,1
6042,2019-05-12,12,13,1
6043,2019-05-12,28,55,27
6044,2019-05-12,50,45,-5
6046,2019-05-12,30,27,-3
6047,2019-05-12,29,18,-11
6048,2019-05-12,10,11,1
6049,2019-05-12,25,27,2
6050,2019-05-12,6,2,-4
6051,2019-05-12,23,33,10
6052,2019-05-12,179,214,35
6053,2019-05-12,110,120,10
6057,2019-05-12,16,16,0
6058,2019-05-12,24,24,0
6059,2019-05-12,25,6,-19
6060,2019-05-12,24,14,-10
6062,2019-05-12,43,41,-2
6063,2019-05-12,68,69,1
6064,2019-05-12,100,79,-21
6065,2019-05-12,47,46,-1
6066,2019-05-12,18,17,-1
6067,2019-05-12,36,42,6
6068,2019-05-12,5,7,2
6070,2019-05-12,80,77,-3
6072,2019-05-12,24,31,7
6073,2019-05-12,92,101,9
6075,2019-05-12,15,6,-9
6076,2019-05-12,8,9,1
6079,2019-05-12,62,60,-2
6080,2019-05-12,70,63,-7
6081,2019-05-12,24,26,2
6082,2019-05-12,22,14,-8
6083,2019-05-12,43,38,-5
6084,2019-05-12,24,18,-6
6085,2019-05-12,35,64,29
6087,2019-05-12,63,83,20
6088,2019-05-12,34,49,15
6089,2019-05-12,21,22,1
6090,2019-05-12,31,28,-3
6091,2019-05-12,46,37,-9
6092,2019-05-12,49,36,-13
6093,2019-05-12,21,21,0
6094,2019-05-12,31,22,-9
6095,2019-05-12,103,105,2
6096,2019-05-12,21,27,6
6097,2019-05-12,57,48,-9
6098,2019-05-12,35,21,-14
6099,2019-05-12,73,78,5
6100,2019-05-12,131,144,13
6101,2019-05-12,36,19,-17
6102,2019-05-12,23,19,-4
6103,2019-05-12,12,24,12
6104,2019-05-12,45,48,3
6105,2019-05-12,29,37,8
6106,2019-05-12,19,19,0
6107,2019-05-12,65,67,2
6108,2019-05-12,36,34,-2
6109,2019-05-12,24,35,11
6110,2019-05-12,34,32,-2
6111,2019-05-12,25,30,5
6112,2019-05-12,63,84,21
6113,2019-05-12,39,45,6
6114,2019-05-12,136,162,26
6115,2019-05-12,15,22,7
6116,2019-05-12,51,69,18
6118,2019-05-12,60,78,18
6119,2019-05-12,61,64,3
6120,2019-05-12,34,39,5
6121,2019-05-12,21,30,9
6122,2019-05-12,8,15,7
6123,2019-05-12,18,26,8
6124,2019-05-12,38,47,9
6125,2019-05-12,17,21,4
6126,2019-05-12,21,32,11
6127,2019-05-12,49,59,10
6128,2019-05-12,19,23,4
6129,2019-05-12,40,42,2
6130,2019-05-12,27,28,1
6131,2019-05-12,61,46,-15
6132,2019-05-12,22,24,2
6133,2019-05-12,42,33,-9
6134,2019-05-12,35,36,1
6136,2019-05-12,196,144,-52
6137,2019-05-12,73,75,2
6138,2019-05-12,56,52,-4
6139,2019-05-12,25,20,-5
6140,2019-05-12,91,91,0
6141,2019-05-12,36,27,-9
6142,2019-05-12,86,81,-5
6143,2019-05-12,108,104,-4
6145,2019-05-12,77,70,-7
6146,2019-05-12,88,58,-30
6147,2019-05-12,55,35,-20
6148,2019-05-12,91,51,-40
6149,2019-05-12,28,30,2
6150,2019-05-12,64,70,6
6151,2019-05-12,58,77,19
6152,2019-05-12,125,125,0
6153,2019-05-12,32,35,3
6154,2019-05-12,152,140,-12
6155,2019-05-12,130,107,-23
6156,2019-05-12,55,63,8
6157,2019-05-12,116,98,-18
6158,2019-05-12,32,38,6
6160,2019-05-12,34,26,-8
6161,2019-05-12,38,39,1
6162,2019-05-12,5,7,2
6163,2019-05-12,106,100,-6
6164,2019-05-12,116,124,8
6165,2019-05-12,97,98,1
6166,2019-05-12,51,45,-6
6167,2019-05-12,41,41,0
6168,2019-05-12,22,21,-1
6169,2019-05-12,105,84,-21
6170,2019-05-12,56,46,-10
6171,2019-05-12,30,40,10
6173,2019-05-12,91,60,-31
6174,2019-05-12,70,67,-3
6175,2019-05-12,87,56,-31
6176,2019-05-12,95,86,-9
6177,2019-05-12,67,63,-4
6178,2019-05-12,96,99,3
6179,2019-05-12,58,65,7
6180,2019-05-12,30,35,5
6181,2019-05-12,64,72,8
6182,2019-05-12,69,58,-11
6183,2019-05-12,74,69,-5
6184,2019-05-12,194,178,-16
6185,2019-05-12,21,18,-3
6186,2019-05-12,62,57,-5
6187,2019-05-12,99,91,-8
6188,2019-05-12,44,35,-9
6189,2019-05-12,20,23,3
6190,2019-05-12,93,67,-26
6191,2019-05-12,37,37,0
6192,2019-05-12,38,36,-2
6193,2019-05-12,101,106,5
6194,2019-05-12,125,113,-12
6195,2019-05-12,92,58,-34
6196,2019-05-12,85,74,-11
6197,2019-05-12,43,26,-17
6198,2019-05-12,27,20,-7
6199,2019-05-12,65,58,-7
6200,2019-05-12,66,68,2
6201,2019-05-12,61,58,-3
6202,2019-05-12,58,50,-8
6203,2019-05-12,58,61,3
6204,2019-05-12,70,67,-3
6205,2019-05-12,77,73,-4
6206,2019-05-12,79,89,10
6207,2019-05-12,26,31,5
6208,2019-05-12,49,53,4
6209,2019-05-12,72,51,-21
6210,2019-05-12,19,20,1
6211,2019-05-12,100,93,-7
6212,2019-05-12,90,75,-15
6213,2019-05-12,52,60,8
6215,2019-05-12,43,35,-8
6216,2019-05-12,247,186,-61
6217,2019-05-12,99,71,-28
6218,2019-05-12,28,42,14
6219,2019-05-12,37,43,6
6220,2019-05-12,79,87,8
6221,2019-05-12,169,140,-29
6222,2019-05-12,52,53,1
6223,2019-05-12,128,107,-21
6224,2019-05-12,71,54,-17
6225,2019-05-12,65,45,-20
6226,2019-05-12,11,8,-3
6227,2019-05-12,96,90,-6
6228,2019-05-12,31,27,-4
6229,2019-05-12,53,60,7
6230,2019-05-12,77,70,-7
6231,2019-05-12,93,82,-11
6233,2019-05-12,115,93,-22
6234,2019-05-12,51,55,4
6235,2019-05-12,25,15,-10
6236,2019-05-12,61,53,-8
6237,2019-05-12,45,37,-8
6240,2019-05-12,14,12,-2
6241,2019-05-12,47,53,6
6243,2019-05-12,69,74,5
6245,2019-05-12,34,29,-5
6246,2019-05-12,23,26,3
6247,2019-05-12,86,69,-17
6248,2019-05-12,106,104,-2
6249,2019-05-12,54,51,-3
6250,2019-05-12,120,109,-11
6251,2019-05-12,26,27,1
6252,2019-05-12,33,43,10
6253,2019-05-12,30,31,1
6254,2019-05-12,70,70,0
6255,2019-05-12,97,87,-10
6257,2019-05-12,33,30,-3
6258,2019-05-12,80,59,-21
6259,2019-05-12,32,28,-4
6260,2019-05-12,38,40,2
6261,2019-05-12,19,26,7
6262,2019-05-12,38,32,-6
6263,2019-05-12,8,8,0
6264,2019-05-12,25,24,-1
6265,2019-05-12,35,41,6
6266,2019-05-12,10,10,0
6267,2019-05-12,41,38,-3
6268,2019-05-12,49,44,-5
6269,2019-05-12,11,21,10
6270,2019-05-12,34,29,-5
6272,2019-05-12,25,24,-1
6273,2019-05-12,30,34,4
6274,2019-05-12,38,32,-6
6275,2019-05-12,25,25,0
6276,2019-05-12,31,29,-2
6277,2019-05-12,33,38,5
6278,2019-05-12,13,12,-1
6279,2019-05-12,22,16,-6
6280,2019-05-12,67,60,-7
6281,2019-05-12,26,22,-4
6301,2019-05-12,24,16,-8
6302,2019-05-12,19,12,-7
6303,2019-05-12,16,13,-3
6304,2019-05-12,7,6,-1
6305,2019-05-12,10,8,-2
6306,2019-05-12,33,19,-14
6307,2019-05-12,72,77,5
6309,2019-05-12,24,28,4
6310,2019-05-12,41,25,-16
6311,2019-05-12,36,31,-5
6312,2019-05-12,29,35,6
6313,2019-05-12,34,33,-1
6314,2019-05-12,39,32,-7
6315,2019-05-12,59,32,-27
6316,2019-05-12,39,24,-15
6321,2019-05-12,89,77,-12
6322,2019-05-12,20,18,-2
6323,2019-05-12,14,12,-2
6324,2019-05-12,14,22,8
6327,2019-05-12,27,20,-7
6328,2019-05-12,38,38,0
6329,2019-05-12,29,22,-7
6330,2019-05-12,28,20,-8
6331,2019-05-12,18,17,-1
6332,2019-05-12,13,21,8
6333,2019-05-12,21,27,6
6334,2019-05-12,48,37,-11
6335,2019-05-12,31,26,-5
6336,2019-05-12,27,20,-7
6338,2019-05-12,15,32,17
6339,2019-05-12,29,33,4
6340,2019-05-12,24,15,-9
6341,2019-05-12,37,39,2
6343,2019-05-12,26,30,4
6344,2019-05-12,56,51,-5
6345,2019-05-12,8,13,5
6346,2019-05-12,13,9,-4
6347,2019-05-12,23,16,-7
6349,2019-05-12,20,16,-4
6350,2019-05-12,29,34,5
6354,2019-05-12,24,24,0
6355,2019-05-12,16,12,-4
6356,2019-05-12,32,24,-8
6357,2019-05-12,22,14,-8
6358,2019-05-12,15,14,-1
6359,2019-05-12,59,41,-18
6360,2019-05-12,36,31,-5
6361,2019-05-12,31,38,7
6362,2019-05-12,25,22,-3
6363,2019-05-12,9,18,9
6364,2019-05-12,36,33,-3
6366,2019-05-12,16,19,3
6367,2019-05-12,9,18,9
6368,2019-05-12,68,61,-7
6369,2019-05-12,27,25,-2
6370,2019-05-12,18,27,9
6371,2019-05-12,43,46,3
6372,2019-05-12,80,78,-2
6373,2019-05-12,29,30,1
6374,2019-05-12,35,46,11
6375,2019-05-12,35,38,3
6376,2019-05-12,19,20,1
6377,2019-05-12,30,23,-7
6379,2019-05-12,20,24,4
6380,2019-05-12,12,11,-1
6381,2019-05-12,49,57,8
6383,2019-05-12,17,22,5
6384,2019-05-12,17,17,0
6385,2019-05-12,32,37,5
6386,2019-05-12,39,39,0
6387,2019-05-12,48,50,2
6388,2019-05-12,21,19,-2
6389,2019-05-12,33,37,4
6391,2019-05-12,42,74,32
6393,2019-05-12,41,55,14
6394,2019-05-12,56,78,22
6395,2019-05-12,37,37,0
6396,2019-05-12,51,44,-7
6397,2019-05-12,50,51,1
6398,2019-05-12,19,25,6
6401,2019-05-12,42,45,3
6402,2019-05-12,51,56,5
6403,2019-05-12,12,18,6
6404,2019-05-12,6,12,6
6405,2019-05-12,55,60,5
6406,2019-05-12,164,232,68
6407,2019-05-12,11,17,6
6408,2019-05-12,17,28,11
6409,2019-05-12,14,14,0
6410,2019-05-12,15,20,5
6411,2019-05-12,84,67,-17
6412,2019-05-12,7,12,5
6413,2019-05-12,8,5,-3
6414,2019-05-12,17,24,7
6415,2019-05-12,11,11,0
6416,2019-05-12,22,14,-8
6417,2019-05-12,12,11,-1
6418,2019-05-12,3,2,-1
6419,2019-05-12,17,12,-5
6420,2019-05-12,29,23,-6
6421,2019-05-12,24,22,-2
6422,2019-05-12,12,19,7
6423,2019-05-12,14,17,3
6424,2019-05-12,8,19,11
6425,2019-05-12,58,53,-5
6426,2019-05-12,32,32,0
6427,2019-05-12,44,47,3
6428,2019-05-12,11,18,7
6429,2019-05-12,28,23,-5
6432,2019-05-12,45,38,-7
6433,2019-05-12,22,26,4
6434,2019-05-12,54,56,2
6435,2019-05-12,19,26,7
6436,2019-05-12,18,7,-11
6501,2019-05-12,48,52,4
6502,2019-05-12,45,39,-6
6503,2019-05-12,33,31,-2
6504,2019-05-12,35,27,-8
6700,2019-05-12,33,36,3
6701,2019-05-12,32,22,-10
6702,2019-05-12,13,9,-4
6703,2019-05-12,87,83,-4
6704,2019-05-12,24,10,-14
6705,2019-05-12,10,10,0
6706,2019-05-12,15,12,-3
6707,2019-05-12,11,9,-2
6708,2019-05-12,18,37,19
6709,2019-05-12,13,20,7
6710,2019-05-12,17,20,3
6711,2019-05-12,11,8,-3
6712,2019-05-12,25,24,-1
6713,2019-05-12,10,10,0
6714,2019-05-12,11,11,0
6715,2019-05-12,16,21,5
6716,2019-05-12,6,11,5
6717,2019-05-12,6,12,6
6718,2019-05-12,28,25,-3
6719,2019-05-12,16,23,7
6720,2019-05-12,14,14,0
6721,2019-05-12,16,8,-8
6722,2019-05-12,20,27,7
6723,2019-05-12,14,6,-8
6724,2019-05-12,58,84,26
6725,2019-05-12,28,25,-3
6726,2019-05-12,7,8,1
6727,2019-05-12,52,58,6
6728,2019-05-12,12,9,-3
6729,2019-05-12,119,114,-5
6730,2019-05-12,6,14,8
6731,2019-05-12,27,19,-8
6732,2019-05-12,20,28,8
6733,2019-05-12,22,24,2
6734,2019-05-12,36,29,-7
6735,2019-05-12,9,12,3
6736,2019-05-12,14,21,7
6737,2019-05-12,11,13,2
6738,2019-05-12,12,11,-1
6739,2019-05-12,5,4,-1
6741,2019-05-12,13,12,-1
6742,2019-05-12,55,48,-7
6743,2019-05-12,18,11,-7
6744,2019-05-12,17,22,5
6745,2019-05-12,18,12,-6
6746,2019-05-12,11,13,2
6747,2019-05-12,24,29,5
6748,2019-05-12,50,49,-1
6749,2019-05-12,28,21,-7
6750,2019-05-12,41,18,-23
6753,2019-05-12,5,7,2
6754,2019-05-12,11,7,-4
6901,2019-05-12,38,41,3
6902,2019-05-12,61,75,14
6903,2019-05-12,55,57,2
6904,2019-05-12,38,26,-12
6905,2019-05-12,16,18,2
6906,2019-05-12,89,61,-28
6907,2019-05-12,113,88,-25
6908,2019-05-12,55,57,2
6910,2019-05-12,101,99,-2
6912,2019-05-12,75,68,-7
6913,2019-05-12,48,30,-18
6915,2019-05-12,70,64,-6
6916,2019-05-12,25,22,-3
6917,2019-05-12,15,13,-2
6918,2019-05-12,35,23,-12
6919,2019-05-12,29,29,0
6921,2019-05-12,20,29,9
6923,2019-05-12,31,29,-2
6924,2019-05-12,13,9,-4
6925,2019-05-12,16,17,1
6926,2019-05-12,33,41,8
6927,2019-05-12,38,23,-15
6928,2019-05-12,20,5,-15
6929,2019-05-12,17,11,-6
6930,2019-05-12,8,4,-4
7001,2019-05-12,26,32,6
7002,2019-05-12,12,13,1
7003,2019-05-12,60,36,-24
7004,2019-05-12,14,13,-1
7005,2019-05-12,12,10,-2
7006,2019-05-12,9,9,0
7007,2019-05-12,18,23,5
7008,2019-05-12,12,16,4
7009,2019-05-12,36,62,26
7010,2019-05-12,14,16,2
7011,2019-05-12,57,77,20
7012,2019-05-12,27,19,-8
7013,2019-05-12,24,19,-5
7014,2019-05-12,32,17,-15
7015,2019-05-12,39,40,1
7016,2019-05-12,10,17,7
7017,2019-05-12,25,33,8
7018,2019-05-12,21,26,5
7019,2019-05-12,10,10,0
7020,2019-05-12,16,17,1
7021,2019-05-12,36,29,-7
7022,2019-05-12,37,33,-4
7023,2019-05-12,4,5,1
7024,2019-05-12,21,22,1
7025,2019-05-12,39,27,-12
7026,2019-05-12,34,27,-7
7027,2019-05-12,31,41,10
7028,2019-05-12,32,28,-4
7029,2019-05-12,19,27,8
7030,2019-05-12,31,37,6
7031,2019-05-12,58,48,-10
7032,2019-05-12,73,64,-9
7033,2019-05-12,52,50,-2
7034,2019-05-12,32,70,38
7035,2019-05-12,24,27,3
7036,2019-05-12,40,38,-2
7037,2019-05-12,24,23,-1
7038,2019-05-12,44,43,-1
7039,2019-05-12,17,24,7
7040,2019-05-12,49,55,6
7041,2019-05-12,66,77,11
7042,2019-05-12,26,16,-10
7043,2019-05-12,21,16,-5
7044,2019-05-12,7,5,-2
7045,2019-05-12,84,79,-5
7046,2019-05-12,60,59,-1
7047,2019-05-12,102,129,27
7048,2019-05-12,20,28,8
7050,2019-05-12,26,33,7
7051,2019-05-12,19,14,-5
7052,2019-05-12,18,23,5
7053,2019-05-12,32,28,-4
7054,2019-05-12,65,81,16
7055,2019-05-12,19,35,16
7056,2019-05-12,9,9,0
7057,2019-05-12,25,35,10
7058,2019-05-12,18,20,2
7059,2019-05-12,15,19,4
7060,2019-05-12,22,29,7
7061,2019-05-12,31,32,1
7062,2019-05-12,28,19,-9
7063,2019-05-12,19,11,-8
7064,2019-05-12,11,17,6
7065,2019-05-12,28,35,7
7066,2019-05-12,47,79,32
7068,2019-05-12,71,82,11
7069,2019-05-12,33,43,10
7070,2019-05-12,29,42,13
7071,2019-05-12,43,27,-16
7072,2019-05-12,28,21,-7
7073,2019-05-12,23,33,10
7074,2019-05-12,25,25,0
7075,2019-05-12,4,4,0
7076,2019-05-12,55,37,-18
7077,2019-05-12,10,10,0
7078,2019-05-12,18,26,8
7079,2019-05-12,19,17,-2
7081,2019-05-12,25,28,3
7082,2019-05-12,49,55,6
7083,2019-05-12,50,44,-6
7084,2019-05-12,58,60,2
7090,2019-05-12,15,17,2
7091,2019-05-12,12,9,-3
7092,2019-05-12,11,12,1
7093,2019-05-12,3,3,0
7094,2019-05-12,2,0,-2
7095,2019-05-12,1,2,1
7096,2019-05-12,8,10,2
7097,2019-05-12,4,6,2
7098,2019-05-12,3,3,0
7099,2019-05-12,9,3,-6
7100,2019-05-12,5,3,-2
7101,2019-05-12,4,4,0
7102,2019-05-12,17,21,4
7103,2019-05-12,57,59,2
7104,2019-05-12,4,9,5
7105,2019-05-12,40,43,3
7106,2019-05-12,20,14,-6
7107,2019-05-12,11,7,-4
7108,2019-05-12,12,12,0
7109,2019-05-12,5,4,-1
7110,2019-05-12,10,11,1
7111,2019-05-12,5,4,-1
7112,2019-05-12,11,16,5
7113,2019-05-12,24,18,-6
7114,2019-05-12,63,84,21
7116,2019-05-12,8,4,-4
7117,2019-05-12,6,5,-1
7119,2019-05-12,12,14,2
7120,2019-05-12,4,4,0
7121,2019-05-12,2,3,1
7122,2019-05-12,9,10,1
7123,2019-05-12,4,5,1
7124,2019-05-12,13,14,1
7125,2019-05-12,44,46,2
7126,2019-05-12,3,3,0
7127,2019-05-12,18,21,3
7128,2019-05-12,13,10,-3
7129,2019-05-12,7,13,6
7130,2019-05-12,8,4,-4
7131,2019-05-12,7,6,-1
7132,2019-05-12,3,2,-1
7133,2019-05-12,7,5,-2
7134,2019-05-12,6,4,-2
7135,2019-05-12,6,12,6
7136,2019-05-12,1,6,5
7137,2019-05-12,3,6,3
7138,2019-05-12,2,3,1
7139,2019-05-12,55,61,6
7140,2019-05-12,22,18,-4
7141,2019-05-12,40,43,3
7142,2019-05-12,14,13,-1
7143,2019-05-12,23,20,-3
7144,2019-05-12,39,44,5
7145,2019-05-12,11,9,-2
7146,2019-05-12,9,12,3
7147,2019-05-12,16,15,-1
7148,2019-05-12,9,9,0
7149,2019-05-12,11,11,0
10002,2019-05-12,77,72,-5
4000,2019-05-13,47,44,-3
5002,2019-05-13,2,4,2
5003,2019-05-13,4,2,-2
5004,2019-05-13,3,1,-2
5006,2019-05-13,6,8,2
5007,2019-05-13,12,10,-2
6001,2019-05-13,39,75,36
6002,2019-05-13,41,52,11
6003,2019-05-13,49,68,19
6004,2019-05-13,34,49,15
6005,2019-05-13,76,88,12
6006,2019-05-13,26,25,-1
6007,2019-05-13,38,40,2
6008,2019-05-13,51,86,35
6009,2019-05-13,33,42,9
6011,2019-05-13,66,66,0
6012,2019-05-13,95,160,65
6013,2019-05-13,48,59,11
6014,2019-05-13,53,55,2
6015,2019-05-13,118,196,78
6016,2019-05-13,10,10,0
6017,2019-05-13,35,53,18
6018,2019-05-13,58,71,13
6019,2019-05-13,131,85,-46
6020,2019-05-13,53,68,15
6021,2019-05-13,91,67,-24
6022,2019-05-13,31,38,7
6023,2019-05-13,72,80,8
6025,2019-05-13,26,26,0
6026,2019-05-13,76,91,15
6027,2019-05-13,123,123,0
6029,2019-05-13,20,25,5
6031,2019-05-13,24,33,9
6032,2019-05-13,45,103,58
6033,2019-05-13,21,23,2
6034,2019-05-13,28,67,39
6035,2019-05-13,23,48,25
6036,2019-05-13,57,108,51
6037,2019-05-13,54,52,-2
6038,2019-05-13,79,96,17
6039,2019-05-13,51,55,4
6040,2019-05-13,48,63,15
6041,2019-05-13,43,40,-3
6042,2019-05-13,84,83,-1
6043,2019-05-13,137,299,162
6044,2019-05-13,54,63,9
6046,2019-05-13,82,84,2
6047,2019-05-13,66,42,-24
6048,2019-05-13,50,46,-4
6049,2019-05-13,81,96,15
6050,2019-05-13,20,26,6
6051,2019-05-13,32,37,5
6052,2019-05-13,70,143,73
6053,2019-05-13,133,134,1
6057,2019-05-13,76,59,-17
6058,2019-05-13,64,59,-5
6059,2019-05-13,56,54,-2
6060,2019-05-13,35,34,-1
6062,2019-05-13,70,43,-27
6063,2019-05-13,76,78,2
6064,2019-05-13,155,164,9
6065,2019-05-13,55,36,-19
6066,2019-05-13,49,11,-38
6067,2019-05-13,42,71,29
6068,2019-05-13,6,8,2
6070,2019-05-13,177,143,-34
6072,2019-05-13,63,61,-2
6073,2019-05-13,150,162,12
6075,2019-05-13,32,16,-16
6076,2019-05-13,20,21,1
6079,2019-05-13,55,50,-5
6080,2019-05-13,110,109,-1
6081,2019-05-13,33,34,1
6082,2019-05-13,15,6,-9
6083,2019-05-13,113,190,77
6084,2019-05-13,42,53,11
6085,2019-05-13,80,117,37
6087,2019-05-13,70,108,38
6088,2019-05-13,42,48,6
6089,2019-05-13,42,38,-4
6090,2019-05-13,34,35,1
6091,2019-05-13,43,32,-11
6092,2019-05-13,38,60,22
6093,2019-05-13,23,31,8
6094,2019-05-13,48,46,-2
6095,2019-05-13,75,60,-15
6096,2019-05-13,35,45,10
6097,2019-05-13,59,36,-23
6098,2019-05-13,40,26,-14
6099,2019-05-13,73,92,19
6100,2019-05-13,213,207,-6
6101,2019-05-13,45,14,-31
6102,2019-05-13,25,25,0
6103,2019-05-13,16,14,-2
6104,2019-05-13,46,82,36
6105,2019-05-13,37,59,22
6106,2019-05-13,14,19,5
6107,2019-05-13,70,50,-20
6108,2019-05-13,43,55,12
6109,2019-05-13,7,12,5
6110,2019-05-13,26,26,0
6111,2019-05-13,36,39,3
6112,2019-05-13,73,78,5
6113,2019-05-13,53,45,-8
6114,2019-05-13,104,153,49
6115,2019-05-13,18,19,1
6116,2019-05-13,54,51,-3
6118,2019-05-13,72,86,14
6119,2019-05-13,35,61,26
6120,2019-05-13,53,72,19
6121,2019-05-13,17,17,0
6122,2019-05-13,16,20,4
6123,2019-05-13,19,18,-1
6124,2019-05-13,38,47,9
6125,2019-05-13,21,19,-2
6126,2019-05-13,27,40,13
6127,2019-05-13,36,29,-7
6128,2019-05-13,10,12,2
6129,2019-05-13,37,34,-3
6130,2019-05-13,30,15,-15
6131,2019-05-13,69,36,-33
6132,2019-05-13,48,61,13
6133,2019-05-13,45,41,-4
6134,2019-05-13,25,24,-1
6136,2019-05-13,224,180,-44
6137,2019-05-13,74,63,-11
6138,2019-05-13,72,64,-8
6139,2019-05-13,46,34,-12
6140,2019-05-13,73,72,-1
6141,2019-05-13,32,35,3
6142,2019-05-13,47,34,-13
6143,2019-05-13,73,50,-23
6145,2019-05-13,43,29,-14
6146,2019-05-13,51,31,-20
6147,2019-05-13,82,64,-18
6148,2019-05-13,102,60,-42
6149,2019-05-13,47,37,-10
6150,2019-05-13,58,55,-3
6151,2019-05-13,66,57,-9
6152,2019-05-13,93,108,15
6153,2019-05-13,55,49,-6
6154,2019-05-13,126,113,-13
6155,2019-05-13,110,102,-8
6156,2019-05-13,58,51,-7
6157,2019-05-13,90,90,0
6158,2019-05-13,43,48,5
6159,2019-05-13,4,7,3
6160,2019-05-13,40,38,-2
6161,2019-05-13,36,32,-4
6162,2019-05-13,5,5,0
6163,2019-05-13,80,93,13
6164,2019-05-13,79,83,4
6165,2019-05-13,50,57,7
6166,2019-05-13,47,42,-5
6167,2019-05-13,31,33,2
6168,2019-05-13,51,44,-7
6169,2019-05-13,92,71,-21
6170,2019-05-13,30,21,-9
6171,2019-05-13,38,44,6
6173,2019-05-13,65,45,-20
6174,2019-05-13,91,66,-25
6175,2019-05-13,88,56,-32
6176,2019-05-13,72,74,2
6177,2019-05-13,58,51,-7
6178,2019-05-13,74,59,-15
6179,2019-05-13,63,54,-9
6180,2019-05-13,57,63,6
6181,2019-05-13,79,45,-34
6182,2019-05-13,34,30,-4
6183,2019-05-13,49,42,-7
6184,2019-05-13,174,177,3
6185,2019-05-13,19,20,1
6186,2019-05-13,59,43,-16
6187,2019-05-13,90,109,19
6188,2019-05-13,44,40,-4
6189,2019-05-13,13,17,4
6190,2019-05-13,99,87,-12
6191,2019-05-13,58,52,-6
6192,2019-05-13,39,29,-10
6193,2019-05-13,81,85,4
6194,2019-05-13,121,115,-6
6195,2019-05-13,78,41,-37
6196,2019-05-13,103,75,-28
6197,2019-05-13,46,34,-12
6198,2019-05-13,25,11,-14
6199,2019-05-13,93,62,-31
6200,2019-05-13,64,48,-16
6201,2019-05-13,74,44,-30
6202,2019-05-13,108,87,-21
6203,2019-05-13,94,94,0
6204,2019-05-13,82,92,10
6205,2019-05-13,64,59,-5
6206,2019-05-13,96,105,9
6207,2019-05-13,28,31,3
6208,2019-05-13,42,60,18
6209,2019-05-13,93,63,-30
6210,2019-05-13,43,29,-14
6211,2019-05-13,93,103,10
6212,2019-05-13,57,33,-24
6213,2019-05-13,90,84,-6
6215,2019-05-13,57,51,-6
6216,2019-05-13,68,29,-39
6217,2019-05-13,81,52,-29
6218,2019-05-13,51,38,-13
6219,2019-05-13,61,52,-9
6220,2019-05-13,79,65,-14
6221,2019-05-13,155,148,-7
6222,2019-05-13,46,36,-10
6223,2019-05-13,69,37,-32
6224,2019-05-13,46,36,-10
6225,2019-05-13,61,41,-20
6226,2019-05-13,18,20,2
6227,2019-05-13,117,114,-3
6228,2019-05-13,36,22,-14
6229,2019-05-13,60,44,-16
6230,2019-05-13,54,68,14
6231,2019-05-13,79,69,-10
6233,2019-05-13,94,73,-21
6234,2019-05-13,50,34,-16
6235,2019-05-13,62,61,-1
6236,2019-05-13,66,68,2
6237,2019-05-13,39,44,5
6240,2019-05-13,11,12,1
6241,2019-05-13,49,41,-8
6243,2019-05-13,48,53,5
6245,2019-05-13,38,47,9
6246,2019-05-13,39,45,6
6247,2019-05-13,80,66,-14
6248,2019-05-13,123,82,-41
6249,2019-05-13,42,37,-5
6250,2019-05-13,53,48,-5
6251,2019-05-13,14,12,-2
6252,2019-05-13,34,36,2
6253,2019-05-13,32,30,-2
6254,2019-05-13,49,41,-8
6255,2019-05-13,39,41,2
6257,2019-05-13,23,25,2
6258,2019-05-13,58,42,-16
6259,2019-05-13,39,35,-4
6260,2019-05-13,32,28,-4
6261,2019-05-13,47,40,-7
6262,2019-05-13,27,31,4
6263,2019-05-13,17,21,4
6264,2019-05-13,25,30,5
6265,2019-05-13,45,41,-4
6266,2019-05-13,24,17,-7
6267,2019-05-13,28,30,2
6268,2019-05-13,35,32,-3
6269,2019-05-13,11,18,7
6270,2019-05-13,36,32,-4
6272,2019-05-13,27,24,-3
6273,2019-05-13,21,23,2
6274,2019-05-13,34,35,1
6275,2019-05-13,42,35,-7
6276,2019-05-13,26,25,-1
6277,2019-05-13,39,39,0
6278,2019-05-13,22,13,-9
6279,2019-05-13,16,19,3
6280,2019-05-13,50,45,-5
6281,2019-05-13,22,14,-8
6301,2019-05-13,10,13,3
6302,2019-05-13,18,13,-5
6303,2019-05-13,13,8,-5
6304,2019-05-13,11,6,-5
6305,2019-05-13,23,16,-7
6306,2019-05-13,58,25,-33
6307,2019-05-13,50,51,1
6309,2019-05-13,31,27,-4
6310,2019-05-13,64,29,-35
6311,2019-05-13,29,22,-7
6312,2019-05-13,17,23,6
6313,2019-05-13,23,41,18
6314,2019-05-13,50,44,-6
6315,2019-05-13,74,45,-29
6316,2019-05-13,26,12,-14
6321,2019-05-13,46,41,-5
6322,2019-05-13,21,20,-1
6323,2019-05-13,17,12,-5
6324,2019-05-13,14,17,3
6327,2019-05-13,21,19,-2
6328,2019-05-13,29,24,-5
6329,2019-05-13,12,23,11
6330,2019-05-13,16,15,-1
6331,2019-05-13,19,11,-8
6332,2019-05-13,24,19,-5
6333,2019-05-13,15,17,2
6334,2019-05-13,43,43,0
6335,2019-05-13,27,24,-3
6336,2019-05-13,18,19,1
6338,2019-05-13,32,28,-4
6339,2019-05-13,27,22,-5
6340,2019-05-13,26,28,2
6341,2019-05-13,30,47,17
6343,2019-05-13,24,24,0
6344,2019-05-13,41,30,-11
6345,2019-05-13,7,13,6
6346,2019-05-13,22,24,2
6347,2019-05-13,15,15,0
6349,2019-05-13,24,23,-1
6350,2019-05-13,26,29,3
6354,2019-05-13,22,25,3
6355,2019-05-13,22,22,0
6356,2019-05-13,26,18,-8
6357,2019-05-13,11,6,-5
6358,2019-05-13,15,13,-2
6359,2019-05-13,68,82,14
6360,2019-05-13,19,17,-2
6361,2019-05-13,43,35,-8
6362,2019-05-13,24,22,-2
6363,2019-05-13,17,10,-7
6364,2019-05-13,35,33,-2
6366,2019-05-13,12,13,1
6367,2019-05-13,19,18,-1
6368,2019-05-13,31,40,9
6369,2019-05-13,23,26,3
6370,2019-05-13,28,30,2
6371,2019-05-13,50,50,0
6372,2019-05-13,52,63,11
6373,2019-05-13,24,25,1
6374,2019-05-13,37,28,-9
6375,2019-05-13,52,55,3
6376,2019-05-13,22,24,2
6377,2019-05-13,25,27,2
6379,2019-05-13,17,20,3
6380,2019-05-13,21,20,-1
6381,2019-05-13,50,39,-11
6383,2019-05-13,18,22,4
6384,2019-05-13,25,15,-10
6385,2019-05-13,41,39,-2
6386,2019-05-13,51,46,-5
6387,2019-05-13,59,64,5
6388,2019-05-13,22,20,-2
6389,2019-05-13,39,30,-9
6391,2019-05-13,49,64,15
6393,2019-05-13,40,56,16
6394,2019-05-13,50,78,28
6395,2019-05-13,33,34,1
6396,2019-05-13,62,60,-2
6397,2019-05-13,23,34,11
6398,2019-05-13,30,37,7
6401,2019-05-13,50,53,3
6402,2019-05-13,23,21,-2
6403,2019-05-13,15,24,9
6404,2019-05-13,13,19,6
6405,2019-05-13,19,36,17
6406,2019-05-13,23,40,17
6407,2019-05-13,19,22,3
6408,2019-05-13,37,54,17
6409,2019-05-13,20,23,3
6410,2019-05-13,37,37,0
6411,2019-05-13,99,102,3
6412,2019-05-13,21,27,6
6413,2019-05-13,14,12,-2
6414,2019-05-13,15,22,7
6415,2019-05-13,14,22,8
6416,2019-05-13,28,11,-17
6417,2019-05-13,19,19,0
6418,2019-05-13,4,3,-1
6419,2019-05-13,9,15,6
6420,2019-05-13,23,17,-6
6421,2019-05-13,30,26,-4
6422,2019-05-13,16,11,-5
6423,2019-05-13,17,19,2
6424,2019-05-13,28,50,22
6425,2019-05-13,27,17,-10
6426,2019-05-13,56,58,2
6427,2019-05-13,46,44,-2
6428,2019-05-13,13,11,-2
6429,2019-05-13,31,34,3
6432,2019-05-13,60,58,-2
6433,2019-05-13,33,26,-7
6434,2019-05-13,50,42,-8
6435,2019-05-13,32,25,-7
6436,2019-05-13,27,27,0
6501,2019-05-13,31,26,-5
6502,2019-05-13,9,9,0
6503,2019-05-13,51,46,-5
6504,2019-05-13,5,5,0
6700,2019-05-13,11,28,17
6701,2019-05-13,46,47,1
6702,2019-05-13,10,10,0
6703,2019-05-13,23,27,4
6704,2019-05-13,22,19,-3
6705,2019-05-13,16,25,9
6706,2019-05-13,13,15,2
6707,2019-05-13,23,25,2
6708,2019-05-13,39,76,37
6709,2019-05-13,29,18,-11
6710,2019-05-13,3,9,6
6711,2019-05-13,17,8,-9
6712,2019-05-13,4,7,3
6713,2019-05-13,13,15,2
6714,2019-05-13,1,1,0
6715,2019-05-13,12,14,2
6716,2019-05-13,7,8,1
6717,2019-05-13,14,14,0
6718,2019-05-13,17,16,-1
6719,2019-05-13,22,14,-8
6720,2019-05-13,15,25,10
6721,2019-05-13,13,18,5
6722,2019-05-13,10,13,3
6723,2019-05-13,15,13,-2
6724,2019-05-13,34,45,11
6725,2019-05-13,29,25,-4
6726,2019-05-13,10,13,3
6727,2019-05-13,68,80,12
6728,2019-05-13,7,3,-4
6729,2019-05-13,119,129,10
6730,2019-05-13,11,8,-3
6731,2019-05-13,5,6,1
6732,2019-05-13,27,34,7
6733,2019-05-13,14,19,5
6734,2019-05-13,34,26,-8
6735,2019-05-13,15,17,2
6736,2019-05-13,14,8,-6
6737,2019-05-13,13,10,-3
6738,2019-05-13,79,60,-19
6739,2019-05-13,4,4,0
6741,2019-05-13,17,16,-1
6742,2019-05-13,42,42,0
6743,2019-05-13,27,13,-14
6744,2019-05-13,12,17,5
6745,2019-05-13,12,17,5
6746,2019-05-13,13,10,-3
6747,2019-05-13,40,46,6
6748,2019-05-13,52,73,21
6749,2019-05-13,33,39,6
6750,2019-05-13,24,19,-5
6753,2019-05-13,17,11,-6
6754,2019-05-13,13,11,-2
6901,2019-05-13,44,49,5
6902,2019-05-13,54,70,16
6903,2019-05-13,87,83,-4
6904,2019-05-13,40,36,-4
6905,2019-05-13,39,32,-7
6906,2019-05-13,119,81,-38
6907,2019-05-13,61,54,-7
6908,2019-05-13,37,34,-3
6910,2019-05-13,74,70,-4
6912,2019-05-13,104,80,-24
6913,2019-05-13,46,30,-16
6915,2019-05-13,71,60,-11
6916,2019-05-13,26,22,-4
6917,2019-05-13,10,19,9
6918,2019-05-13,21,12,-9
6919,2019-05-13,11,14,3
6921,2019-05-13,78,78,0
6923,2019-05-13,30,33,3
6924,2019-05-13,11,15,4
6925,2019-05-13,24,20,-4
6926,2019-05-13,43,31,-12
6927,2019-05-13,61,37,-24
6928,2019-05-13,34,15,-19
6929,2019-05-13,22,11,-11
6930,2019-05-13,12,14,2
7001,2019-05-13,19,19,0
7002,2019-05-13,10,6,-4
7003,2019-05-13,70,70,0
7004,2019-05-13,16,17,1
7005,2019-05-13,4,7,3
7006,2019-05-13,10,21,11
7007,2019-05-13,17,16,-1
7008,2019-05-13,12,17,5
7009,2019-05-13,62,91,29
7010,2019-05-13,7,12,5
7011,2019-05-13,37,45,8
7012,2019-05-13,28,28,0
7013,2019-05-13,13,17,4
7014,2019-05-13,55,38,-17
7015,2019-05-13,4,5,1
7016,2019-05-13,8,9,1
7017,2019-05-13,19,24,5
7018,2019-05-13,7,0,-7
7019,2019-05-13,115,113,-2
7020,2019-05-13,16,19,3
7021,2019-05-13,31,30,-1
7022,2019-05-13,31,33,2
7023,2019-05-13,7,2,-5
7024,2019-05-13,25,17,-8
7025,2019-05-13,28,27,-1
7026,2019-05-13,50,44,-6
7027,2019-05-13,29,31,2
7028,2019-05-13,77,77,0
7029,2019-05-13,33,34,1
7030,2019-05-13,34,38,4
7031,2019-05-13,48,52,4
7032,2019-05-13,103,58,-45
7033,2019-05-13,54,50,-4
7034,2019-05-13,26,25,-1
7035,2019-05-13,30,30,0
7036,2019-05-13,38,34,-4
7037,2019-05-13,37,31,-6
7038,2019-05-13,37,44,7
7039,2019-05-13,22,20,-2
7040,2019-05-13,52,62,10
7041,2019-05-13,97,100,3
7042,2019-05-13,29,29,0
7043,2019-05-13,17,14,-3
7044,2019-05-13,11,6,-5
7045,2019-05-13,19,32,13
7046,2019-05-13,107,117,10
7047,2019-05-13,85,133,48
7048,2019-05-13,18,19,1
7050,2019-05-13,19,20,1
7051,2019-05-13,11,13,2
7052,2019-05-13,31,38,7
7053,2019-05-13,28,37,9
7054,2019-05-13,25,31,6
7055,2019-05-13,15,29,14
7056,2019-05-13,15,16,1
7057,2019-05-13,23,28,5
7058,2019-05-13,29,27,-2
7059,2019-05-13,19,16,-3
7060,2019-05-13,24,27,3
7061,2019-05-13,24,18,-6
7062,2019-05-13,23,41,18
7063,2019-05-13,15,15,0
7064,2019-05-13,21,22,1
7065,2019-05-13,27,20,-7
7066,2019-05-13,48,75,27
7068,2019-05-13,27,44,17
7069,2019-05-13,46,59,13
7070,2019-05-13,27,29,2
7071,2019-05-13,48,34,-14
7072,2019-05-13,29,36,7
7073,2019-05-13,29,34,5
7074,2019-05-13,25,39,14
7075,2019-05-13,4,4,0
7076,2019-05-13,49,30,-19
7077,2019-05-13,29,28,-1
7078,2019-05-13,22,36,14
7079,2019-05-13,48,54,6
7081,2019-05-13,70,66,-4
7082,2019-05-13,52,58,6
7083,2019-05-13,57,48,-9
7084,2019-05-13,67,67,0
7090,2019-05-13,10,11,1
7091,2019-05-13,5,5,0
7092,2019-05-13,8,5,-3
7095,2019-05-13,9,13,4
7096,2019-05-13,21,19,-2
7097,2019-05-13,8,4,-4
7098,2019-05-13,3,3,0
7099,2019-05-13,2,9,7
7100,2019-05-13,3,3,0
7101,2019-05-13,3,6,3
7102,2019-05-13,14,19,5
7103,2019-05-13,4,3,-1
7104,2019-05-13,2,3,1
7105,2019-05-13,3,1,-2
7106,2019-05-13,3,1,-2
7107,2019-05-13,2,2,0
7108,2019-05-13,3,3,0
7109,2019-05-13,12,11,-1
7110,2019-05-13,4,4,0
7111,2019-05-13,3,0,-3
7112,2019-05-13,8,9,1
7113,2019-05-13,35,33,-2
7114,2019-05-13,45,53,8
7116,2019-05-13,7,3,-4
7117,2019-05-13,7,5,-2
7118,2019-05-13,3,2,-1
7119,2019-05-13,5,11,6
7120,2019-05-13,8,7,-1
7121,2019-05-13,2,5,3
7122,2019-05-13,4,7,3
7123,2019-05-13,2,2,0
7124,2019-05-13,20,19,-1
7125,2019-05-13,8,11,3
7126,2019-05-13,6,7,1
7127,2019-05-13,30,32,2
7128,2019-05-13,10,10,0
7129,2019-05-13,10,12,2
7130,2019-05-13,8,10,2
7131,2019-05-13,3,2,-1
7132,2019-05-13,2,2,0
7133,2019-05-13,2,4,2
7134,2019-05-13,4,4,0
7135,2019-05-13,3,5,2
7136,2019-05-13,7,6,-1
7137,2019-05-13,3,2,-1
7138,2019-05-13,8,7,-1
7139,2019-05-13,27,55,28
7140,2019-05-13,29,24,-5
7141,2019-05-13,19,26,7
7142,2019-05-13,7,10,3
7143,2019-05-13,13,16,3
7144,2019-05-13,29,30,1
7145,2019-05-13,10,12,2
7146,2019-05-13,11,18,7
7147,2019-05-13,27,24,-3
7148,2019-05-13,7,4,-3
7149,2019-05-13,17,15,-2
10002,2019-05-13,97,113,16
4000,2019-05-14,31,48,17
4002,2019-05-14,1,2,1
5002,2019-05-14,1,2,1
5005,2019-05-14,1,1,0
5006,2019-05-14,2,2,0
5007,2019-05-14,5,3,-2
6001,2019-05-14,25,29,4
6002,2019-05-14,22,38,16
6003,2019-05-14,26,28,2
6004,2019-05-14,22,32,10
6005,2019-05-14,47,33,-14
6006,2019-05-14,16,10,-6
6007,2019-05-14,25,32,7
6008,2019-05-14,28,55,27
6009,2019-05-14,39,37,-2
6011,2019-05-14,30,32,2
6012,2019-05-14,44,100,56
6013,2019-05-14,32,38,6
6014,2019-05-14,23,22,-1
6015,2019-05-14,88,128,40
6016,2019-05-14,3,7,4
6017,2019-05-14,15,30,15
6018,2019-05-14,33,38,5
6019,2019-05-14,84,47,-37
6020,2019-05-14,32,57,25
6021,2019-05-14,61,54,-7
6022,2019-05-14,28,31,3
6023,2019-05-14,36,43,7
6025,2019-05-14,14,13,-1
6026,2019-05-14,17,20,3
6027,2019-05-14,68,66,-2
6029,2019-05-14,12,18,6
6031,2019-05-14,11,21,10
6032,2019-05-14,22,68,46
6033,2019-05-14,10,7,-3
6034,2019-05-14,24,51,27
6035,2019-05-14,14,21,7
6036,2019-05-14,30,38,8
6037,2019-05-14,16,21,5
6038,2019-05-14,44,49,5
6039,2019-05-14,40,57,17
6040,2019-05-14,30,40,10
6041,2019-05-14,28,29,1
6042,2019-05-14,59,43,-16
6043,2019-05-14,66,114,48
6044,2019-05-14,40,38,-2
6046,2019-05-14,65,50,-15
6047,2019-05-14,49,32,-17
6048,2019-05-14,19,24,5
6049,2019-05-14,50,60,10
6050,2019-05-14,23,16,-7
6051,2019-05-14,32,22,-10
6052,2019-05-14,47,61,14
6053,2019-05-14,68,91,23
6057,2019-05-14,45,48,3
6058,2019-05-14,42,26,-16
6059,2019-05-14,35,18,-17
6060,2019-05-14,16,10,-6
6062,2019-05-14,33,21,-12
6063,2019-05-14,37,40,3
6064,2019-05-14,102,91,-11
6065,2019-05-14,34,18,-16
6066,2019-05-14,18,13,-5
6067,2019-05-14,31,31,0
6068,2019-05-14,4,7,3
6070,2019-05-14,119,108,-11
6072,2019-05-14,41,41,0
6073,2019-05-14,103,96,-7
6075,2019-05-14,26,11,-15
6076,2019-05-14,6,10,4
6079,2019-05-14,42,40,-2
6080,2019-05-14,48,66,18
6081,2019-05-14,20,27,7
6082,2019-05-14,6,6,0
6083,2019-05-14,40,52,12
6084,2019-05-14,25,28,3
6085,2019-05-14,53,68,15
6087,2019-05-14,54,76,22
6088,2019-05-14,27,39,12
6089,2019-05-14,28,27,-1
6090,2019-05-14,23,23,0
6091,2019-05-14,32,30,-2
6092,2019-05-14,24,37,13
6093,2019-05-14,9,9,0
6094,2019-05-14,29,29,0
6095,2019-05-14,54,38,-16
6096,2019-05-14,16,35,19
6097,2019-05-14,36,19,-17
6098,2019-05-14,25,18,-7
6099,2019-05-14,42,72,30
6100,2019-05-14,113,101,-12
6101,2019-05-14,47,7,-40
6102,2019-05-14,20,10,-10
6103,2019-05-14,10,11,1
6104,2019-05-14,36,59,23
6105,2019-05-14,25,44,19
6106,2019-05-14,11,12,1
6107,2019-05-14,49,39,-10
6108,2019-05-14,19,31,12
6109,2019-05-14,1,1,0
6110,2019-05-14,13,10,-3
6111,2019-05-14,21,28,7
6112,2019-05-14,46,49,3
6113,2019-05-14,28,32,4
6114,2019-05-14,83,106,23
6115,2019-05-14,11,17,6
6116,2019-05-14,46,52,6
6118,2019-05-14,31,43,12
6119,2019-05-14,48,54,6
6120,2019-05-14,32,46,14
6121,2019-05-14,9,21,12
6122,2019-05-14,8,11,3
6123,2019-05-14,15,19,4
6124,2019-05-14,22,33,11
6125,2019-05-14,15,20,5
6126,2019-05-14,20,31,11
6127,2019-05-14,22,21,-1
6128,2019-05-14,8,11,3
6129,2019-05-14,27,29,2
6130,2019-05-14,18,14,-4
6131,2019-05-14,38,32,-6
6132,2019-05-14,31,38,7
6133,2019-05-14,32,27,-5
6134,2019-05-14,21,19,-2
6136,2019-05-14,184,134,-50
6137,2019-05-14,54,58,4
6138,2019-05-14,42,42,0
6139,2019-05-14,37,35,-2
6140,2019-05-14,41,39,-2
6141,2019-05-14,22,19,-3
6142,2019-05-14,43,18,-25
6143,2019-05-14,49,31,-18
6145,2019-05-14,19,26,7
6146,2019-05-14,16,17,1
6147,2019-05-14,64,32,-32
6148,2019-05-14,47,36,-11
6149,2019-05-14,28,21,-7
6150,2019-05-14,39,41,2
6151,2019-05-14,32,45,13
6152,2019-05-14,59,67,8
6153,2019-05-14,34,41,7
6154,2019-05-14,73,74,1
6155,2019-05-14,68,55,-13
6156,2019-05-14,41,37,-4
6157,2019-05-14,60,42,-18
6158,2019-05-14,36,40,4
6159,2019-05-14,7,12,5
6160,2019-05-14,36,31,-5
6161,2019-05-14,29,31,2
6162,2019-05-14,3,2,-1
6163,2019-05-14,55,66,11
6164,2019-05-14,55,59,4
6165,2019-05-14,20,41,21
6166,2019-05-14,41,38,-3
6167,2019-05-14,29,33,4
6168,2019-05-14,29,13,-16
6169,2019-05-14,68,65,-3
6170,2019-05-14,16,11,-5
6171,2019-05-14,29,24,-5
6173,2019-05-14,54,38,-16
6174,2019-05-14,60,43,-17
6175,2019-05-14,55,24,-31
6176,2019-05-14,49,53,4
6177,2019-05-14,41,35,-6
6178,2019-05-14,43,49,6
6179,2019-05-14,48,44,-4
6180,2019-05-14,23,28,5
6181,2019-05-14,75,40,-35
6182,2019-05-14,26,24,-2
6183,2019-05-14,44,22,-22
6184,2019-05-14,109,124,15
6185,2019-05-14,12,14,2
6186,2019-05-14,49,24,-25
6187,2019-05-14,57,64,7
6188,2019-05-14,13,26,13
6189,2019-05-14,12,12,0
6190,2019-05-14,88,61,-27
6191,2019-05-14,31,26,-5
6192,2019-05-14,24,23,-1
6193,2019-05-14,48,50,2
6194,2019-05-14,63,60,-3
6195,2019-05-14,30,21,-9
6196,2019-05-14,55,33,-22
6197,2019-05-14,27,27,0
6198,2019-05-14,22,10,-12
6199,2019-05-14,59,51,-8
6200,2019-05-14,51,44,-7
6201,2019-05-14,37,29,-8
6202,2019-05-14,66,42,-24
6203,2019-05-14,58,46,-12
6204,2019-05-14,53,64,11
6205,2019-05-14,59,44,-15
6206,2019-05-14,61,67,6
6207,2019-05-14,18,25,7
6208,2019-05-14,33,43,10
6209,2019-05-14,66,50,-16
6210,2019-05-14,21,9,-12
6211,2019-05-14,81,69,-12
6212,2019-05-14,48,29,-19
6213,2019-05-14,64,60,-4
6215,2019-05-14,38,27,-11
6216,2019-05-14,48,19,-29
6217,2019-05-14,56,42,-14
6218,2019-05-14,27,23,-4
6219,2019-05-14,46,35,-11
6220,2019-05-14,54,58,4
6221,2019-05-14,112,100,-12
6222,2019-05-14,26,20,-6
6223,2019-05-14,30,16,-14
6224,2019-05-14,39,28,-11
6225,2019-05-14,40,25,-15
6226,2019-05-14,16,5,-11
6227,2019-05-14,66,55,-11
6228,2019-05-14,19,20,1
6229,2019-05-14,42,38,-4
6230,2019-05-14,47,38,-9
6231,2019-05-14,64,59,-5
6233,2019-05-14,66,43,-23
6234,2019-05-14,31,21,-10
6235,2019-05-14,41,48,7
6236,2019-05-14,29,39,10
6237,2019-05-14,22,27,5
6240,2019-05-14,10,10,0
6241,2019-05-14,5,3,-2
6243,2019-05-14,33,38,5
6245,2019-05-14,28,23,-5
6246,2019-05-14,26,20,-6
6247,2019-05-14,54,33,-21
6248,2019-05-14,82,64,-18
6249,2019-05-14,20,18,-2
6250,2019-05-14,34,26,-8
6251,2019-05-14,9,9,0
6252,2019-05-14,23,17,-6
6253,2019-05-14,18,12,-6
6254,2019-05-14,23,20,-3
6255,2019-05-14,38,33,-5
6257,2019-05-14,13,19,6
6258,2019-05-14,28,36,8
6259,2019-05-14,20,20,0
6260,2019-05-14,13,20,7
6261,2019-05-14,30,24,-6
6262,2019-05-14,14,32,18
6263,2019-05-14,11,17,6
6264,2019-05-14,24,23,-1
6265,2019-05-14,39,47,8
6266,2019-05-14,12,10,-2
6267,2019-05-14,19,20,1
6268,2019-05-14,21,19,-2
6269,2019-05-14,10,11,1
6270,2019-05-14,22,26,4
6272,2019-05-14,23,17,-6
6273,2019-05-14,8,13,5
6274,2019-05-14,16,22,6
6275,2019-05-14,9,8,-1
6276,2019-05-14,20,18,-2
6277,2019-05-14,24,23,-1
6278,2019-05-14,6,9,3
6279,2019-05-14,8,9,1
6280,2019-05-14,36,35,-1
6281,2019-05-14,20,11,-9
6301,2019-05-14,14,11,-3
6302,2019-05-14,6,3,-3
6303,2019-05-14,8,4,-4
6304,2019-05-14,7,7,0
6305,2019-05-14,15,7,-8
6306,2019-05-14,33,13,-20
6307,2019-05-14,48,42,-6
6309,2019-05-14,9,14,5
6310,2019-05-14,32,9,-23
6311,2019-05-14,17,20,3
6312,2019-05-14,9,10,1
6313,2019-05-14,13,21,8
6314,2019-05-14,28,34,6
6315,2019-05-14,27,19,-8
6316,2019-05-14,14,5,-9
6321,2019-05-14,25,28,3
6322,2019-05-14,20,17,-3
6323,2019-05-14,11,3,-8
6324,2019-05-14,8,13,5
6327,2019-05-14,9,10,1
6328,2019-05-14,20,20,0
6329,2019-05-14,7,14,7
6330,2019-05-14,1,6,5
6331,2019-05-14,15,15,0
6332,2019-05-14,10,9,-1
6333,2019-05-14,10,11,1
6334,2019-05-14,36,33,-3
6335,2019-05-14,10,11,1
6336,2019-05-14,16,13,-3
6338,2019-05-14,15,18,3
6339,2019-05-14,8,15,7
6340,2019-05-14,16,17,1
6341,2019-05-14,24,26,2
6343,2019-05-14,14,21,7
6344,2019-05-14,27,18,-9
6345,2019-05-14,5,5,0
6346,2019-05-14,8,14,6
6347,2019-05-14,15,14,-1
6349,2019-05-14,14,13,-1
6350,2019-05-14,17,19,2
6354,2019-05-14,7,7,0
6355,2019-05-14,18,21,3
6356,2019-05-14,15,16,1
6357,2019-05-14,6,9,3
6358,2019-05-14,3,7,4
6359,2019-05-14,41,36,-5
6360,2019-05-14,11,12,1
6361,2019-05-14,20,16,-4
6362,2019-05-14,19,14,-5
6363,2019-05-14,11,11,0
6364,2019-05-14,19,14,-5
6366,2019-05-14,12,9,-3
6367,2019-05-14,13,13,0
6368,2019-05-14,34,30,-4
6369,2019-05-14,11,19,8
6370,2019-05-14,17,15,-2
6371,2019-05-14,32,30,-2
6372,2019-05-14,22,33,11
6373,2019-05-14,15,15,0
6374,2019-05-14,14,21,7
6375,2019-05-14,24,36,12
6376,2019-05-14,4,6,2
6377,2019-05-14,15,18,3
6379,2019-05-14,14,17,3
6380,2019-05-14,6,6,0
6381,2019-05-14,21,22,1
6383,2019-05-14,9,11,2
6384,2019-05-14,15,11,-4
6385,2019-05-14,28,30,2
6386,2019-05-14,27,38,11
6387,2019-05-14,31,40,9
6388,2019-05-14,7,9,2
6389,2019-05-14,28,21,-7
6391,2019-05-14,26,35,9
6393,2019-05-14,30,37,7
6394,2019-05-14,38,45,7
6395,2019-05-14,26,23,-3
6396,2019-05-14,44,39,-5
6397,2019-05-14,27,31,4
6398,2019-05-14,11,18,7
6401,2019-05-14,28,41,13
6402,2019-05-14,13,14,1
6403,2019-05-14,4,13,9
6404,2019-05-14,9,12,3
6405,2019-05-14,13,21,8
6406,2019-05-14,8,8,0
6407,2019-05-14,14,21,7
6408,2019-05-14,35,29,-6
6409,2019-05-14,8,10,2
6410,2019-05-14,27,27,0
6411,2019-05-14,61,59,-2
6412,2019-05-14,8,12,4
6413,2019-05-14,14,15,1
6414,2019-05-14,7,11,4
6415,2019-05-14,13,12,-1
6416,2019-05-14,8,10,2
6417,2019-05-14,6,9,3
6419,2019-05-14,4,8,4
6420,2019-05-14,14,13,-1
6421,2019-05-14,29,30,1
6422,2019-05-14,2,3,1
6423,2019-05-14,11,6,-5
6424,2019-05-14,14,19,5
6425,2019-05-14,12,11,-1
6426,2019-05-14,38,36,-2
6427,2019-05-14,28,23,-5
6428,2019-05-14,4,3,-1
6429,2019-05-14,12,14,2
6432,2019-05-14,35,31,-4
6433,2019-05-14,17,17,0
6434,2019-05-14,34,24,-10
6435,2019-05-14,15,14,-1
6436,2019-05-14,13,15,2
6501,2019-05-14,3,4,1
6502,2019-05-14,2,1,-1
6503,2019-05-14,28,26,-2
6504,2019-05-14,3,2,-1
6700,2019-05-14,7,15,8
6701,2019-05-14,35,34,-1
6702,2019-05-14,4,4,0
6703,2019-05-14,11,6,-5
6704,2019-05-14,11,11,0
6705,2019-05-14,7,8,1
6706,2019-05-14,10,10,0
6707,2019-05-14,20,24,4
6708,2019-05-14,27,47,20
6709,2019-05-14,10,12,2
6710,2019-05-14,4,4,0
6711,2019-05-14,6,2,-4
6712,2019-05-14,1,5,4
6713,2019-05-14,9,5,-4
6714,2019-05-14,1,0,-1
6715,2019-05-14,6,8,2
6716,2019-05-14,4,6,2
6717,2019-05-14,5,7,2
6718,2019-05-14,13,14,1
6719,2019-05-14,8,8,0
6720,2019-05-14,11,15,4
6721,2019-05-14,7,12,5
6722,2019-05-14,10,10,0
6723,2019-05-14,4,7,3
6724,2019-05-14,15,24,9
6725,2019-05-14,14,20,6
6726,2019-05-14,5,4,-1
6727,2019-05-14,41,56,15
6728,2019-05-14,3,6,3
6729,2019-05-14,71,78,7
6730,2019-05-14,1,5,4
6731,2019-05-14,2,1,-1
6732,2019-05-14,9,16,7
6733,2019-05-14,15,10,-5
6734,2019-05-14,22,19,-3
6735,2019-05-14,8,10,2
6736,2019-05-14,2,2,0
6737,2019-05-14,8,7,-1
6738,2019-05-14,35,35,0
6739,2019-05-14,2,3,1
6741,2019-05-14,10,13,3
6742,2019-05-14,23,27,4
6743,2019-05-14,12,8,-4
6744,2019-05-14,12,15,3
6745,2019-05-14,13,9,-4
6746,2019-05-14,8,6,-2
6747,2019-05-14,26,25,-1
6748,2019-05-14,33,43,10
6749,2019-05-14,16,18,2
6750,2019-05-14,15,15,0
6753,2019-05-14,6,6,0
6754,2019-05-14,9,8,-1
6901,2019-05-14,23,22,-1
6902,2019-05-14,64,68,4
6903,2019-05-14,43,39,-4
6904,2019-05-14,27,20,-7
6905,2019-05-14,23,20,-3
6906,2019-05-14,93,45,-48
6907,2019-05-14,36,31,-5
6908,2019-05-14,28,26,-2
6910,2019-05-14,45,43,-2
6912,2019-05-14,85,58,-27
6913,2019-05-14,19,19,0
6915,2019-05-14,47,33,-14
6916,2019-05-14,14,17,3
6917,2019-05-14,10,14,4
6918,2019-05-14,17,17,0
6919,2019-05-14,16,16,0
6921,2019-05-14,28,26,-2
6923,2019-05-14,25,23,-2
6924,2019-05-14,15,10,-5
6925,2019-05-14,12,11,-1
6926,2019-05-14,30,30,0
6927,2019-05-14,29,17,-12
6928,2019-05-14,17,11,-6
6929,2019-05-14,10,12,2
6930,2019-05-14,6,7,1
7001,2019-05-14,10,18,8
7002,2019-05-14,2,4,2
7003,2019-05-14,57,47,-10
7004,2019-05-14,5,11,6
7005,2019-05-14,4,5,1
7006,2019-05-14,5,11,6
7007,2019-05-14,10,19,9
7008,2019-05-14,4,8,4
7009,2019-05-14,42,50,8
7010,2019-05-14,4,4,0
7011,2019-05-14,22,25,3
7012,2019-05-14,13,18,5
7013,2019-05-14,4,5,1
7014,2019-05-14,25,13,-12
7015,2019-05-14,2,3,1
7016,2019-05-14,5,5,0
7017,2019-05-14,7,18,11
7018,2019-05-14,2,6,4
7019,2019-05-14,30,62,32
7020,2019-05-14,11,8,-3
7021,2019-05-14,17,23,6
7022,2019-05-14,17,13,-4
7023,2019-05-14,2,2,0
7024,2019-05-14,13,6,-7
7025,2019-05-14,36,21,-15
7026,2019-05-14,32,37,5
7027,2019-05-14,17,24,7
7028,2019-05-14,53,49,-4
7029,2019-05-14,22,31,9
7030,2019-05-14,26,31,5
7031,2019-05-14,25,28,3
7032,2019-05-14,87,45,-42
7033,2019-05-14,36,40,4
7034,2019-05-14,4,8,4
7035,2019-05-14,25,18,-7
7036,2019-05-14,34,24,-10
7037,2019-05-14,24,17,-7
7038,2019-05-14,35,28,-7
7039,2019-05-14,11,14,3
7040,2019-05-14,25,34,9
7041,2019-05-14,70,46,-24
7042,2019-05-14,21,21,0
7043,2019-05-14,7,3,-4
7044,2019-05-14,2,3,1
7045,2019-05-14,10,14,4
7046,2019-05-14,82,96,14
7047,2019-05-14,59,93,34
7048,2019-05-14,11,16,5
7050,2019-05-14,11,17,6
7051,2019-05-14,3,1,-2
7052,2019-05-14,32,31,-1
7053,2019-05-14,18,18,0
7054,2019-05-14,16,16,0
7055,2019-05-14,11,9,-2
7056,2019-05-14,9,12,3
7057,2019-05-14,29,32,3
7058,2019-05-14,16,17,1
7059,2019-05-14,18,20,2
7060,2019-05-14,13,20,7
7061,2019-05-14,12,10,-2
7062,2019-05-14,19,23,4
7063,2019-05-14,10,13,3
7064,2019-05-14,12,9,-3
7065,2019-05-14,15,9,-6
7066,2019-05-14,26,29,3
7068,2019-05-14,28,41,13
7069,2019-05-14,40,29,-11
7070,2019-05-14,22,23,1
7071,2019-05-14,43,24,-19
7072,2019-05-14,27,14,-13
7073,2019-05-14,16,15,-1
7074,2019-05-14,17,15,-2
7075,2019-05-14,2,2,0
7076,2019-05-14,36,26,-10
7077,2019-05-14,10,13,3
7078,2019-05-14,12,13,1
7079,2019-05-14,2,2,0
7081,2019-05-14,60,62,2
7082,2019-05-14,25,26,1
7083,2019-05-14,35,35,0
7084,2019-05-14,42,51,9
7090,2019-05-14,3,3,0
7091,2019-05-14,1,4,3
7092,2019-05-14,2,3,1
7095,2019-05-14,6,4,-2
7096,2019-05-14,9,9,0
7097,2019-05-14,2,0,-2
7098,2019-05-14,1,2,1
7099,2019-05-14,4,6,2
7100,2019-05-14,3,1,-2
7101,2019-05-14,4,4,0
7102,2019-05-14,10,13,3
7103,2019-05-14,2,2,0
7107,2019-05-14,2,0,-2
7108,2019-05-14,3,2,-1
7109,2019-05-14,8,8,0
7112,2019-05-14,3,2,-1
7113,2019-05-14,30,40,10
7114,2019-05-14,21,29,8
7116,2019-05-14,8,1,-7
7118,2019-05-14,1,2,1
7119,2019-05-14,1,3,2
7121,2019-05-14,1,4,3
7122,2019-05-14,2,2,0
7124,2019-05-14,4,6,2
7125,2019-05-14,1,4,3
7126,2019-05-14,4,3,-1
7127,2019-05-14,17,22,5
7128,2019-05-14,6,3,-3
7129,2019-05-14,1,2,1
7130,2019-05-14,4,4,0
7131,2019-05-14,1,2,1
7132,2019-05-14,3,2,-1
7134,2019-05-14,1,2,1
7136,2019-05-14,1,2,1
7137,2019-05-14,2,4,2
7138,2019-05-14,3,2,-1
7139,2019-05-14,31,41,10
7140,2019-05-14,9,14,5
7141,2019-05-14,14,15,1
7142,2019-05-14,1,6,5
7143,2019-05-14,5,10,5
7144,2019-05-14,24,20,-4
7145,2019-05-14,6,8,2
7146,2019-05-14,6,8,2
7147,2019-05-14,15,13,-2
7149,2019-05-14,8,2,-6
10002,2019-05-14,65,61,-4
4000,2019-05-15,49,66,17
4001,2019-05-15,1,3,2
4002,2019-05-15,3,6,3
5002,2019-05-15,4,6,2
5003,2019-05-15,2,2,0
5004,2019-05-15,2,4,2
5005,2019-05-15,4,4,0
5006,2019-05-15,7,8,1
5007,2019-05-15,18,17,-1
6001,2019-05-15,55,92,37
6002,2019-05-15,45,65,20
6003,2019-05-15,62,75,13
6004,2019-05-15,56,60,4
6005,2019-05-15,66,94,28
6006,2019-05-15,33,25,-8
6007,2019-05-15,52,42,-10
6008,2019-05-15,44,86,42
6009,2019-05-15,64,64,0
6011,2019-05-15,57,78,21
6012,2019-05-15,135,189,54
6013,2019-05-15,81,114,33
6014,2019-05-15,59,57,-2
6015,2019-05-15,175,245,70
6016,2019-05-15,14,17,3
6017,2019-05-15,36,55,19
6018,2019-05-15,42,53,11
6019,2019-05-15,133,90,-43
6020,2019-05-15,87,101,14
6021,2019-05-15,90,75,-15
6022,2019-05-15,57,58,1
6023,2019-05-15,98,120,22
6025,2019-05-15,32,38,6
6026,2019-05-15,95,124,29
6027,2019-05-15,142,132,-10
6029,2019-05-15,27,37,10
6031,2019-05-15,34,40,6
6032,2019-05-15,48,112,64
6033,2019-05-15,15,17,2
6034,2019-05-15,48,80,32
6035,2019-05-15,35,61,26
6036,2019-05-15,109,140,31
6037,2019-05-15,44,54,10
6038,2019-05-15,93,103,10
6039,2019-05-15,74,106,32
6040,2019-05-15,41,67,26
6041,2019-05-15,63,75,12
6042,2019-05-15,93,86,-7
6043,2019-05-15,173,301,128
6044,2019-05-15,65,66,1
6046,2019-05-15,106,101,-5
6047,2019-05-15,80,61,-19
6048,2019-05-15,46,53,7
6049,2019-05-15,81,98,17
6050,2019-05-15,59,53,-6
6051,2019-05-15,35,28,-7
6052,2019-05-15,147,211,64
6053,2019-05-15,143,121,-22
6057,2019-05-15,91,81,-10
6058,2019-05-15,81,57,-24
6059,2019-05-15,92,67,-25
6060,2019-05-15,31,23,-8
6062,2019-05-15,66,61,-5
6063,2019-05-15,85,77,-8
6064,2019-05-15,198,172,-26
6065,2019-05-15,63,50,-13
6066,2019-05-15,37,17,-20
6067,2019-05-15,67,91,24
6068,2019-05-15,11,8,-3
6070,2019-05-15,205,192,-13
6072,2019-05-15,63,61,-2
6073,2019-05-15,189,188,-1
6075,2019-05-15,37,14,-23
6076,2019-05-15,10,24,14
6079,2019-05-15,77,85,8
6080,2019-05-15,140,143,3
6081,2019-05-15,44,41,-3
6082,2019-05-15,15,16,1
6083,2019-05-15,170,209,39
6084,2019-05-15,48,52,4
6085,2019-05-15,86,132,46
6087,2019-05-15,77,111,34
6088,2019-05-15,47,77,30
6089,2019-05-15,45,45,0
6090,2019-05-15,43,42,-1
6091,2019-05-15,47,35,-12
6092,2019-05-15,54,51,-3
6093,2019-05-15,24,22,-2
6094,2019-05-15,55,51,-4
6095,2019-05-15,113,94,-19
6096,2019-05-15,34,62,28
6097,2019-05-15,68,50,-18
6098,2019-05-15,43,32,-11
6099,2019-05-15,83,124,41
6100,2019-05-15,203,203,0
6101,2019-05-15,72,26,-46
6102,2019-05-15,37,28,-9
6103,2019-05-15,17,14,-3
6104,2019-05-15,79,98,19
6105,2019-05-15,56,71,15
6106,2019-05-15,33,35,2
6107,2019-05-15,80,79,-1
6108,2019-05-15,49,56,7
6109,2019-05-15,22,24,2
6110,2019-05-15,24,34,10
6111,2019-05-15,29,41,12
6112,2019-05-15,91,103,12
6113,2019-05-15,66,69,3
6114,2019-05-15,127,173,46
6115,2019-05-15,21,27,6
6116,2019-05-15,50,59,9
6118,2019-05-15,68,85,17
6119,2019-05-15,53,79,26
6120,2019-05-15,51,81,30
6121,2019-05-15,23,36,13
6122,2019-05-15,19,24,5
6123,2019-05-15,25,29,4
6124,2019-05-15,44,50,6
6125,2019-05-15,20,18,-2
6126,2019-05-15,39,43,4
6127,2019-05-15,37,31,-6
6128,2019-05-15,17,19,2
6129,2019-05-15,43,44,1
6130,2019-05-15,25,23,-2
6131,2019-05-15,71,37,-34
6132,2019-05-15,59,68,9
6133,2019-05-15,67,48,-19
6134,2019-05-15,38,32,-6
6136,2019-05-15,228,174,-54
6137,2019-05-15,87,84,-3
6138,2019-05-15,83,80,-3
6139,2019-05-15,36,35,-1
6140,2019-05-15,90,87,-3
6141,2019-05-15,36,35,-1
6142,2019-05-15,83,67,-16
6143,2019-05-15,76,69,-7
6145,2019-05-15,65,56,-9
6146,2019-05-15,43,38,-5
6147,2019-05-15,107,75,-32
6148,2019-05-15,84,79,-5
6149,2019-05-15,62,51,-11
6150,2019-05-15,64,61,-3
6151,2019-05-15,83,70,-13
6152,2019-05-15,102,109,7
6153,2019-05-15,52,47,-5
6154,2019-05-15,150,142,-8
6155,2019-05-15,129,126,-3
6156,2019-05-15,62,64,2
6157,2019-05-15,90,80,-10
6158,2019-05-15,42,54,12
6159,2019-05-15,20,14,-6
6160,2019-05-15,65,50,-15
6161,2019-05-15,48,49,1
6162,2019-05-15,7,9,2
6163,2019-05-15,90,97,7
6164,2019-05-15,89,87,-2
6165,2019-05-15,71,71,0
6166,2019-05-15,62,62,0
6167,2019-05-15,31,29,-2
6168,2019-05-15,44,38,-6
6169,2019-05-15,121,96,-25
6170,2019-05-15,35,28,-7
6171,2019-05-15,33,47,14
6173,2019-05-15,117,83,-34
6174,2019-05-15,93,78,-15
6175,2019-05-15,110,57,-53
6176,2019-05-15,62,58,-4
6177,2019-05-15,65,56,-9
6178,2019-05-15,91,80,-11
6179,2019-05-15,82,72,-10
6180,2019-05-15,39,47,8
6181,2019-05-15,101,68,-33
6182,2019-05-15,58,46,-12
6183,2019-05-15,77,51,-26
6184,2019-05-15,206,206,0
6185,2019-05-15,22,20,-2
6186,2019-05-15,87,63,-24
6187,2019-05-15,88,115,27
6188,2019-05-15,51,53,2
6189,2019-05-15,18,19,1
6190,2019-05-15,118,83,-35
6191,2019-05-15,52,53,1
6192,2019-05-15,41,27,-14
6193,2019-05-15,92,93,1
6194,2019-05-15,139,136,-3
6195,2019-05-15,89,43,-46
6196,2019-05-15,101,64,-37
6197,2019-05-15,61,55,-6
6198,2019-05-15,24,13,-11
6199,2019-05-15,102,89,-13
6200,2019-05-15,87,74,-13
6201,2019-05-15,59,54,-5
6202,2019-05-15,113,98,-15
6203,2019-05-15,95,92,-3
6204,2019-05-15,89,99,10
6205,2019-05-15,102,76,-26
6206,2019-05-15,107,112,5
6207,2019-05-15,45,37,-8
6208,2019-05-15,68,65,-3
6209,2019-05-15,120,90,-30
6210,2019-05-15,40,36,-4
6211,2019-05-15,141,149,8
6212,2019-05-15,64,52,-12
6213,2019-05-15,94,92,-2
6215,2019-05-15,62,57,-5
6216,2019-05-15,118,72,-46
6217,2019-05-15,95,71,-24
6218,2019-05-15,61,43,-18
6219,2019-05-15,70,61,-9
6220,2019-05-15,90,76,-14
6221,2019-05-15,157,140,-17
6222,2019-05-15,71,41,-30
6223,2019-05-15,95,58,-37
6224,2019-05-15,53,46,-7
6225,2019-05-15,70,50,-20
6226,2019-05-15,24,24,0
6227,2019-05-15,118,120,2
6228,2019-05-15,42,31,-11
6229,2019-05-15,61,54,-7
6230,2019-05-15,78,52,-26
6231,2019-05-15,89,90,1
6232,2019-05-15,3,4,1
6233,2019-05-15,83,75,-8
6234,2019-05-15,54,47,-7
6235,2019-05-15,62,63,1
6236,2019-05-15,46,51,5
6237,2019-05-15,38,51,13
6240,2019-05-15,20,22,2
6241,2019-05-15,10,13,3
6243,2019-05-15,57,54,-3
6245,2019-05-15,45,41,-4
6246,2019-05-15,69,54,-15
6247,2019-05-15,99,73,-26
6248,2019-05-15,142,109,-33
6249,2019-05-15,52,49,-3
6250,2019-05-15,54,49,-5
6251,2019-05-15,25,24,-1
6252,2019-05-15,47,40,-7
6253,2019-05-15,43,34,-9
6254,2019-05-15,62,57,-5
6255,2019-05-15,57,51,-6
6257,2019-05-15,37,34,-3
6258,2019-05-15,78,57,-21
6259,2019-05-15,38,40,2
6260,2019-05-15,47,41,-6
6261,2019-05-15,39,41,2
6262,2019-05-15,39,39,0
6263,2019-05-15,23,25,2
6264,2019-05-15,39,30,-9
6265,2019-05-15,52,58,6
6266,2019-05-15,21,22,1
6267,2019-05-15,45,38,-7
6268,2019-05-15,48,42,-6
6269,2019-05-15,18,19,1
6270,2019-05-15,34,28,-6
6272,2019-05-15,26,33,7
6273,2019-05-15,25,21,-4
6274,2019-05-15,40,49,9
6275,2019-05-15,35,41,6
6276,2019-05-15,38,37,-1
6277,2019-05-15,37,41,4
6278,2019-05-15,25,26,1
6279,2019-05-15,17,17,0
6280,2019-05-15,91,88,-3
6281,2019-05-15,34,22,-12
6301,2019-05-15,20,15,-5
6302,2019-05-15,27,18,-9
6303,2019-05-15,12,13,1
6304,2019-05-15,11,9,-2
6305,2019-05-15,20,20,0
6306,2019-05-15,66,24,-42
6307,2019-05-15,67,71,4
6309,2019-05-15,23,23,0
6310,2019-05-15,80,35,-45
6311,2019-05-15,37,34,-3
6312,2019-05-15,17,21,4
6313,2019-05-15,42,56,14
6314,2019-05-15,50,43,-7
6315,2019-05-15,78,38,-40
6316,2019-05-15,45,17,-28
6321,2019-05-15,61,58,-3
6322,2019-05-15,25,21,-4
6323,2019-05-15,15,12,-3
6324,2019-05-15,25,26,1
6327,2019-05-15,27,23,-4
6328,2019-05-15,27,23,-4
6329,2019-05-15,13,16,3
6330,2019-05-15,19,17,-2
6331,2019-05-15,23,16,-7
6332,2019-05-15,25,25,0
6333,2019-05-15,20,24,4
6334,2019-05-15,54,54,0
6335,2019-05-15,31,22,-9
6336,2019-05-15,17,22,5
6338,2019-05-15,39,36,-3
6339,2019-05-15,25,26,1
6340,2019-05-15,37,34,-3
6341,2019-05-15,30,41,11
6343,2019-05-15,30,28,-2
6344,2019-05-15,48,36,-12
6345,2019-05-15,13,5,-8
6346,2019-05-15,10,9,-1
6347,2019-05-15,23,22,-1
6349,2019-05-15,25,17,-8
6350,2019-05-15,45,36,-9
6354,2019-05-15,20,22,2
6355,2019-05-15,25,52,27
6356,2019-05-15,31,24,-7
6357,2019-05-15,15,10,-5
6358,2019-05-15,22,19,-3
6359,2019-05-15,70,85,15
6360,2019-05-15,31,27,-4
6361,2019-05-15,44,50,6
6362,2019-05-15,30,30,0
6363,2019-05-15,26,22,-4
6364,2019-05-15,50,39,-11
6366,2019-05-15,24,19,-5
6367,2019-05-15,30,25,-5
6368,2019-05-15,69,67,-2
6369,2019-05-15,28,42,14
6370,2019-05-15,27,37,10
6371,2019-05-15,67,59,-8
6372,2019-05-15,63,88,25
6373,2019-05-15,41,36,-5
6374,2019-05-15,35,39,4
6375,2019-05-15,70,80,10
6376,2019-05-15,34,30,-4
6377,2019-05-15,42,49,7
6379,2019-05-15,28,35,7
6380,2019-05-15,26,25,-1
6381,2019-05-15,48,48,0
6383,2019-05-15,31,23,-8
6384,2019-05-15,23,16,-7
6385,2019-05-15,54,52,-2
6386,2019-05-15,61,67,6
6387,2019-05-15,56,74,18
6388,2019-05-15,20,16,-4
6389,2019-05-15,44,41,-3
6391,2019-05-15,51,81,30
6393,2019-05-15,53,60,7
6394,2019-05-15,49,76,27
6395,2019-05-15,64,45,-19
6396,2019-05-15,64,71,7
6397,2019-05-15,39,49,10
6398,2019-05-15,35,37,2
6401,2019-05-15,66,85,19
6402,2019-05-15,38,55,17
6403,2019-05-15,19,23,4
6404,2019-05-15,17,21,4
6405,2019-05-15,39,45,6
6406,2019-05-15,52,61,9
6407,2019-05-15,16,30,14
6408,2019-05-15,46,53,7
6409,2019-05-15,12,16,4
6410,2019-05-15,50,43,-7
6411,2019-05-15,125,119,-6
6412,2019-05-15,27,37,10
6413,2019-05-15,25,25,0
6414,2019-05-15,18,28,10
6415,2019-05-15,19,19,0
6416,2019-05-15,31,22,-9
6417,2019-05-15,16,23,7
6418,2019-05-15,5,6,1
6419,2019-05-15,4,14,10
6420,2019-05-15,20,15,-5
6421,2019-05-15,36,30,-6
6422,2019-05-15,8,8,0
6423,2019-05-15,17,11,-6
6424,2019-05-15,30,57,27
6425,2019-05-15,32,29,-3
6426,2019-05-15,70,81,11
6427,2019-05-15,52,55,3
6428,2019-05-15,11,15,4
6429,2019-05-15,29,35,6
6432,2019-05-15,87,83,-4
6433,2019-05-15,31,22,-9
6434,2019-05-15,61,63,2
6435,2019-05-15,47,34,-13
6436,2019-05-15,23,23,0
6501,2019-05-15,39,49,10
6502,2019-05-15,20,26,6
6503,2019-05-15,44,36,-8
6504,2019-05-15,28,26,-2
6700,2019-05-15,26,48,22
6701,2019-05-15,79,66,-13
6702,2019-05-15,11,14,3
6703,2019-05-15,52,48,-4
6704,2019-05-15,34,29,-5
6705,2019-05-15,23,29,6
6706,2019-05-15,27,30,3
6707,2019-05-15,23,30,7
6708,2019-05-15,34,88,54
6709,2019-05-15,25,23,-2
6710,2019-05-15,11,9,-2
6711,2019-05-15,18,18,0
6712,2019-05-15,14,17,3
6713,2019-05-15,20,23,3
6715,2019-05-15,19,23,4
6716,2019-05-15,9,12,3
6717,2019-05-15,13,10,-3
6718,2019-05-15,21,19,-2
6719,2019-05-15,19,18,-1
6720,2019-05-15,16,27,11
6721,2019-05-15,19,21,2
6722,2019-05-15,11,15,4
6723,2019-05-15,23,19,-4
6724,2019-05-15,59,79,20
6725,2019-05-15,28,33,5
6726,2019-05-15,9,12,3
6727,2019-05-15,81,98,17
6728,2019-05-15,14,7,-7
6729,2019-05-15,101,123,22
6730,2019-05-15,10,5,-5
6731,2019-05-15,21,12,-9
6732,2019-05-15,26,35,9
6733,2019-05-15,14,23,9
6734,2019-05-15,34,35,1
6735,2019-05-15,14,17,3
6736,2019-05-15,16,15,-1
6737,2019-05-15,12,22,10
6738,2019-05-15,108,80,-28
6739,2019-05-15,8,11,3
6741,2019-05-15,13,17,4
6742,2019-05-15,56,70,14
6743,2019-05-15,37,15,-22
6744,2019-05-15,25,21,-4
6745,2019-05-15,14,14,0
6746,2019-05-15,12,14,2
6747,2019-05-15,38,48,10
6748,2019-05-15,53,78,25
6749,2019-05-15,45,44,-1
6750,2019-05-15,43,28,-15
6753,2019-05-15,16,11,-5
6754,2019-05-15,17,21,4
6901,2019-05-15,47,60,13
6902,2019-05-15,74,100,26
6903,2019-05-15,76,76,0
6904,2019-05-15,41,33,-8
6905,2019-05-15,37,34,-3
6906,2019-05-15,126,90,-36
6907,2019-05-15,87,62,-25
6908,2019-05-15,69,60,-9
6910,2019-05-15,111,99,-12
6912,2019-05-15,139,96,-43
6913,2019-05-15,53,37,-16
6915,2019-05-15,81,70,-11
6916,2019-05-15,26,31,5
6917,2019-05-15,18,19,1
6918,2019-05-15,24,16,-8
6919,2019-05-15,24,22,-2
6921,2019-05-15,83,92,9
6923,2019-05-15,40,37,-3
6924,2019-05-15,20,20,0
6925,2019-05-15,32,28,-4
6926,2019-05-15,51,43,-8
6927,2019-05-15,59,48,-11
6928,2019-05-15,42,18,-24
6929,2019-05-15,29,18,-11
6930,2019-05-15,18,14,-4
7001,2019-05-15,24,20,-4
7002,2019-05-15,16,15,-1
7003,2019-05-15,92,80,-12
7004,2019-05-15,13,11,-2
7005,2019-05-15,9,12,3
7006,2019-05-15,14,17,3
7007,2019-05-15,15,25,10
7008,2019-05-15,18,17,-1
7009,2019-05-15,60,92,32
7010,2019-05-15,15,7,-8
7011,2019-05-15,47,62,15
7012,2019-05-15,39,47,8
7013,2019-05-15,16,21,5
7014,2019-05-15,69,39,-30
7015,2019-05-15,6,9,3
7016,2019-05-15,7,6,-1
7017,2019-05-15,25,39,14
7018,2019-05-15,17,23,6
7019,2019-05-15,102,102,0
7020,2019-05-15,22,23,1
7021,2019-05-15,53,48,-5
7022,2019-05-15,39,35,-4
7023,2019-05-15,7,10,3
7024,2019-05-15,28,19,-9
7025,2019-05-15,61,38,-23
7026,2019-05-15,51,48,-3
7027,2019-05-15,50,42,-8
7028,2019-05-15,84,74,-10
7029,2019-05-15,52,47,-5
7030,2019-05-15,36,43,7
7031,2019-05-15,54,60,6
7032,2019-05-15,116,59,-57
7033,2019-05-15,72,63,-9
7034,2019-05-15,24,34,10
7035,2019-05-15,27,36,9
7036,2019-05-15,49,53,4
7037,2019-05-15,44,41,-3
7038,2019-05-15,55,55,0
7039,2019-05-15,27,24,-3
7040,2019-05-15,57,71,14
7041,2019-05-15,125,114,-11
7042,2019-05-15,25,32,7
7043,2019-05-15,21,15,-6
7044,2019-05-15,7,8,1
7045,2019-05-15,41,34,-7
7046,2019-05-15,160,148,-12
7047,2019-05-15,105,156,51
7048,2019-05-15,13,18,5
7050,2019-05-15,16,16,0
7051,2019-05-15,10,15,5
7052,2019-05-15,42,40,-2
7053,2019-05-15,29,38,9
7054,2019-05-15,40,41,1
7055,2019-05-15,17,28,11
7056,2019-05-15,11,9,-2
7057,2019-05-15,38,43,5
7058,2019-05-15,28,38,10
7059,2019-05-15,24,29,5
7060,2019-05-15,37,35,-2
7061,2019-05-15,28,23,-5
7062,2019-05-15,56,53,-3
7063,2019-05-15,25,18,-7
7064,2019-05-15,21,21,0
7065,2019-05-15,29,30,1
7066,2019-05-15,56,91,35
7068,2019-05-15,50,59,9
7069,2019-05-15,42,53,11
7070,2019-05-15,35,48,13
7071,2019-05-15,66,38,-28
7072,2019-05-15,35,18,-17
7073,2019-05-15,37,44,7
7074,2019-05-15,27,45,18
7075,2019-05-15,9,12,3
7076,2019-05-15,57,43,-14
7077,2019-05-15,30,29,-1
7078,2019-05-15,16,31,15
7081,2019-05-15,98,66,-32
7082,2019-05-15,54,73,19
7083,2019-05-15,63,47,-16
7084,2019-05-15,72,75,3
7090,2019-05-15,11,11,0
7091,2019-05-15,5,6,1
7092,2019-05-15,5,9,4
7093,2019-05-15,3,3,0
7094,2019-05-15,1,0,-1
7095,2019-05-15,12,12,0
7096,2019-05-15,23,24,1
7097,2019-05-15,5,6,1
7098,2019-05-15,1,3,2
7099,2019-05-15,4,10,6
7100,2019-05-15,3,4,1
7101,2019-05-15,8,7,-1
7102,2019-05-15,12,22,10
7103,2019-05-15,10,11,1
7104,2019-05-15,2,2,0
7105,2019-05-15,6,6,0
7106,2019-05-15,4,5,1
7107,2019-05-15,3,2,-1
7108,2019-05-15,6,9,3
7109,2019-05-15,9,8,-1
7110,2019-05-15,8,3,-5
7111,2019-05-15,1,0,-1
7112,2019-05-15,12,11,-1
7113,2019-05-15,45,41,-4
7114,2019-05-15,71,76,5
7116,2019-05-15,4,4,0
7117,2019-05-15,3,3,0
7118,2019-05-15,5,3,-2
7119,2019-05-15,4,6,2
7120,2019-05-15,1,2,1
7121,2019-05-15,5,6,1
7122,2019-05-15,5,4,-1
7123,2019-05-15,1,1,0
7124,2019-05-15,14,14,0
7125,2019-05-15,15,20,5
7126,2019-05-15,8,5,-3
7127,2019-05-15,32,38,6
7128,2019-05-15,13,7,-6
7129,2019-05-15,8,10,2
7130,2019-05-15,10,11,1
7131,2019-05-15,2,3,1
7132,2019-05-15,5,10,5
7133,2019-05-15,3,6,3
7134,2019-05-15,4,5,1
7135,2019-05-15,1,2,1
7136,2019-05-15,5,6,1
7137,2019-05-15,7,5,-2
7138,2019-05-15,4,5,1
7139,2019-05-15,47,75,28
7140,2019-05-15,23,25,2
7141,2019-05-15,31,28,-3
7142,2019-05-15,4,11,7
7143,2019-05-15,12,20,8
7144,2019-05-15,43,41,-2
7145,2019-05-15,17,18,1
7146,2019-05-15,13,19,6
7147,2019-05-15,29,28,-1
7148,2019-05-15,7,7,0
7149,2019-05-15,9,11,2
10002,2019-05-15,98,117,19
4000,2019-05-16,46,70,24
4001,2019-05-16,2,3,1
4002,2019-05-16,8,12,4
5002,2019-05-16,3,5,2
5003,2019-05-16,4,3,-1
5004,2019-05-16,2,1,-1
5005,2019-05-16,3,7,4
5006,2019-05-16,6,9,3
5007,2019-05-16,20,16,-4
6001,2019-05-16,54,80,26
6002,2019-05-16,42,53,11
6003,2019-05-16,64,74,10
6004,2019-05-16,51,61,10
6005,2019-05-16,73,85,12
6006,2019-05-16,39,27,-12
6007,2019-05-16,32,44,12
6008,2019-05-16,67,87,20
6009,2019-05-16,66,66,0
6011,2019-05-16,57,76,19
6012,2019-05-16,120,213,93
6013,2019-05-16,79,122,43
6014,2019-05-16,49,56,7
6015,2019-05-16,173,281,108
6016,2019-05-16,9,10,1
6017,2019-05-16,42,46,4
6018,2019-05-16,57,75,18
6019,2019-05-16,142,94,-48
6020,2019-05-16,92,124,32
6021,2019-05-16,121,84,-37
6022,2019-05-16,48,47,-1
6023,2019-05-16,128,151,23
6025,2019-05-16,37,40,3
6026,2019-05-16,136,162,26
6027,2019-05-16,102,127,25
6029,2019-05-16,23,36,13
6031,2019-05-16,24,38,14
6032,2019-05-16,50,130,80
6033,2019-05-16,22,23,1
6034,2019-05-16,65,86,21
6035,2019-05-16,31,62,31
6036,2019-05-16,180,229,49
6037,2019-05-16,38,48,10
6038,2019-05-16,94,104,10
6039,2019-05-16,82,91,9
6040,2019-05-16,46,68,22
6041,2019-05-16,79,81,2
6042,2019-05-16,101,83,-18
6043,2019-05-16,187,315,128
6044,2019-05-16,74,63,-11
6046,2019-05-16,115,110,-5
6047,2019-05-16,78,63,-15
6048,2019-05-16,49,49,0
6049,2019-05-16,80,102,22
6050,2019-05-16,52,45,-7
6051,2019-05-16,51,52,1
6052,2019-05-16,186,232,46
6053,2019-05-16,178,192,14
6057,2019-05-16,89,69,-20
6058,2019-05-16,70,69,-1
6059,2019-05-16,65,51,-14
6060,2019-05-16,34,31,-3
6062,2019-05-16,65,48,-17
6063,2019-05-16,102,78,-24
6064,2019-05-16,192,169,-23
6065,2019-05-16,85,55,-30
6066,2019-05-16,40,31,-9
6067,2019-05-16,54,77,23
6068,2019-05-16,10,9,-1
6070,2019-05-16,160,169,9
6072,2019-05-16,88,83,-5
6073,2019-05-16,155,199,44
6075,2019-05-16,49,15,-34
6076,2019-05-16,16,24,8
6079,2019-05-16,96,68,-28
6080,2019-05-16,114,120,6
6081,2019-05-16,47,43,-4
6082,2019-05-16,22,9,-13
6083,2019-05-16,174,204,30
6084,2019-05-16,68,81,13
6085,2019-05-16,98,136,38
6087,2019-05-16,83,125,42
6088,2019-05-16,59,87,28
6089,2019-05-16,94,81,-13
6090,2019-05-16,55,56,1
6091,2019-05-16,53,44,-9
6092,2019-05-16,75,65,-10
6093,2019-05-16,26,17,-9
6094,2019-05-16,81,80,-1
6095,2019-05-16,82,68,-14
6096,2019-05-16,30,54,24
6097,2019-05-16,65,45,-20
6098,2019-05-16,42,28,-14
6099,2019-05-16,94,127,33
6100,2019-05-16,213,181,-32
6101,2019-05-16,45,30,-15
6102,2019-05-16,32,35,3
6103,2019-05-16,15,18,3
6104,2019-05-16,80,109,29
6105,2019-05-16,61,89,28
6106,2019-05-16,24,29,5
6107,2019-05-16,92,76,-16
6108,2019-05-16,51,53,2
6109,2019-05-16,22,23,1
6110,2019-05-16,33,44,11
6111,2019-05-16,54,63,9
6112,2019-05-16,80,84,4
6113,2019-05-16,71,68,-3
6114,2019-05-16,148,195,47
6115,2019-05-16,20,34,14
6116,2019-05-16,61,77,16
6118,2019-05-16,73,84,11
6119,2019-05-16,55,101,46
6120,2019-05-16,51,84,33
6121,2019-05-16,18,29,11
6122,2019-05-16,22,28,6
6123,2019-05-16,18,30,12
6124,2019-05-16,39,45,6
6125,2019-05-16,24,19,-5
6126,2019-05-16,32,45,13
6127,2019-05-16,39,37,-2
6128,2019-05-16,14,12,-2
6129,2019-05-16,40,37,-3
6130,2019-05-16,25,17,-8
6131,2019-05-16,78,54,-24
6132,2019-05-16,64,65,1
6133,2019-05-16,63,44,-19
6134,2019-05-16,45,43,-2
6136,2019-05-16,249,197,-52
6137,2019-05-16,95,83,-12
6138,2019-05-16,88,78,-10
6139,2019-05-16,40,37,-3
6140,2019-05-16,113,113,0
6141,2019-05-16,42,39,-3
6142,2019-05-16,75,56,-19
6143,2019-05-16,112,89,-23
6145,2019-05-16,56,52,-4
6146,2019-05-16,80,64,-16
6147,2019-05-16,103,62,-41
6148,2019-05-16,106,74,-32
6149,2019-05-16,43,33,-10
6150,2019-05-16,79,77,-2
6151,2019-05-16,70,75,5
6152,2019-05-16,133,126,-7
6153,2019-05-16,62,63,1
6154,2019-05-16,153,156,3
6155,2019-05-16,105,92,-13
6156,2019-05-16,64,64,0
6157,2019-05-16,108,92,-16
6158,2019-05-16,63,61,-2
6159,2019-05-16,16,19,3
6160,2019-05-16,66,67,1
6161,2019-05-16,44,47,3
6162,2019-05-16,9,4,-5
6163,2019-05-16,119,115,-4
6164,2019-05-16,105,102,-3
6165,2019-05-16,81,78,-3
6166,2019-05-16,83,78,-5
6167,2019-05-16,37,40,3
6168,2019-05-16,82,75,-7
6169,2019-05-16,144,110,-34
6170,2019-05-16,64,63,-1
6171,2019-05-16,50,58,8
6173,2019-05-16,127,69,-58
6174,2019-05-16,120,99,-21
6175,2019-05-16,111,56,-55
6176,2019-05-16,106,108,2
6177,2019-05-16,86,82,-4
6178,2019-05-16,106,95,-11
6179,2019-05-16,23,22,-1
6180,2019-05-16,64,67,3
6181,2019-05-16,93,66,-27
6182,2019-05-16,70,54,-16
6183,2019-05-16,74,69,-5
6184,2019-05-16,215,212,-3
6185,2019-05-16,29,26,-3
6186,2019-05-16,107,75,-32
6187,2019-05-16,105,128,23
6188,2019-05-16,64,50,-14
6189,2019-05-16,24,21,-3
6190,2019-05-16,100,87,-13
6191,2019-05-16,62,58,-4
6192,2019-05-16,43,41,-2
6193,2019-05-16,117,96,-21
6194,2019-05-16,139,124,-15
6195,2019-05-16,96,64,-32
6196,2019-05-16,129,96,-33
6197,2019-05-16,44,47,3
6198,2019-05-16,26,20,-6
6199,2019-05-16,110,107,-3
6200,2019-05-16,95,93,-2
6201,2019-05-16,73,49,-24
6202,2019-05-16,112,87,-25
6203,2019-05-16,101,90,-11
6204,2019-05-16,111,108,-3
6205,2019-05-16,94,69,-25
6206,2019-05-16,138,97,-41
6207,2019-05-16,35,47,12
6208,2019-05-16,57,63,6
6209,2019-05-16,101,78,-23
6210,2019-05-16,39,41,2
6211,2019-05-16,148,122,-26
6212,2019-05-16,86,61,-25
6213,2019-05-16,124,115,-9
6215,2019-05-16,63,60,-3
6216,2019-05-16,132,77,-55
6217,2019-05-16,95,68,-27
6218,2019-05-16,64,58,-6
6219,2019-05-16,71,60,-11
6220,2019-05-16,140,116,-24
6221,2019-05-16,177,159,-18
6222,2019-05-16,72,54,-18
6223,2019-05-16,105,62,-43
6224,2019-05-16,61,56,-5
6225,2019-05-16,70,61,-9
6226,2019-05-16,24,20,-4
6227,2019-05-16,183,156,-27
6228,2019-05-16,50,44,-6
6229,2019-05-16,64,57,-7
6230,2019-05-16,99,70,-29
6231,2019-05-16,133,113,-20
6232,2019-05-16,9,11,2
6233,2019-05-16,136,92,-44
6234,2019-05-16,86,63,-23
6235,2019-05-16,112,122,10
6236,2019-05-16,73,72,-1
6237,2019-05-16,48,53,5
6240,2019-05-16,21,16,-5
6241,2019-05-16,33,28,-5
6243,2019-05-16,68,64,-4
6245,2019-05-16,51,44,-7
6246,2019-05-16,64,56,-8
6247,2019-05-16,119,98,-21
6248,2019-05-16,135,112,-23
6249,2019-05-16,36,36,0
6250,2019-05-16,69,70,1
6251,2019-05-16,27,16,-11
6252,2019-05-16,57,53,-4
6253,2019-05-16,48,25,-23
6254,2019-05-16,52,55,3
6255,2019-05-16,86,74,-12
6257,2019-05-16,39,38,-1
6258,2019-05-16,74,53,-21
6259,2019-05-16,41,40,-1
6260,2019-05-16,53,50,-3
6261,2019-05-16,53,44,-9
6262,2019-05-16,37,37,0
6263,2019-05-16,18,22,4
6264,2019-05-16,37,39,2
6265,2019-05-16,52,48,-4
6266,2019-05-16,22,22,0
6267,2019-05-16,40,40,0
6268,2019-05-16,65,47,-18
6269,2019-05-16,11,18,7
6270,2019-05-16,39,35,-4
6272,2019-05-16,35,31,-4
6273,2019-05-16,34,26,-8
6274,2019-05-16,40,39,-1
6275,2019-05-16,35,38,3
6276,2019-05-16,33,32,-1
6277,2019-05-16,46,50,4
6278,2019-05-16,22,22,0
6279,2019-05-16,20,21,1
6280,2019-05-16,93,96,3
6281,2019-05-16,27,20,-7
6301,2019-05-16,30,23,-7
6302,2019-05-16,25,20,-5
6303,2019-05-16,20,16,-4
6304,2019-05-16,14,11,-3
6305,2019-05-16,25,12,-13
6306,2019-05-16,48,24,-24
6307,2019-05-16,73,68,-5
6309,2019-05-16,28,32,4
6310,2019-05-16,76,40,-36
6311,2019-05-16,42,26,-16
6312,2019-05-16,21,33,12
6313,2019-05-16,43,51,8
6314,2019-05-16,63,71,8
6315,2019-05-16,99,50,-49
6316,2019-05-16,60,23,-37
6321,2019-05-16,72,66,-6
6322,2019-05-16,16,27,11
6323,2019-05-16,12,13,1
6324,2019-05-16,25,26,1
6327,2019-05-16,28,22,-6
6328,2019-05-16,30,28,-2
6329,2019-05-16,33,18,-15
6330,2019-05-16,20,15,-5
6331,2019-05-16,20,21,1
6332,2019-05-16,33,27,-6
6333,2019-05-16,21,21,0
6334,2019-05-16,53,53,0
6335,2019-05-16,29,23,-6
6336,2019-05-16,35,25,-10
6338,2019-05-16,34,42,8
6339,2019-05-16,32,21,-11
6340,2019-05-16,31,31,0
6341,2019-05-16,34,43,9
6343,2019-05-16,23,32,9
6344,2019-05-16,77,55,-22
6345,2019-05-16,13,20,7
6346,2019-05-16,26,22,-4
6347,2019-05-16,31,28,-3
6349,2019-05-16,28,32,4
6350,2019-05-16,27,37,10
6354,2019-05-16,34,29,-5
6355,2019-05-16,42,47,5
6356,2019-05-16,37,25,-12
6357,2019-05-16,18,15,-3
6358,2019-05-16,21,17,-4
6359,2019-05-16,82,82,0
6360,2019-05-16,32,35,3
6361,2019-05-16,49,51,2
6362,2019-05-16,34,30,-4
6363,2019-05-16,16,14,-2
6364,2019-05-16,47,39,-8
6366,2019-05-16,22,15,-7
6367,2019-05-16,23,26,3
6368,2019-05-16,53,58,5
6369,2019-05-16,26,32,6
6370,2019-05-16,43,38,-5
6371,2019-05-16,58,57,-1
6372,2019-05-16,77,83,6
6373,2019-05-16,35,39,4
6374,2019-05-16,41,45,4
6375,2019-05-16,82,95,13
6376,2019-05-16,27,33,6
6377,2019-05-16,37,43,6
6379,2019-05-16,29,37,8
6380,2019-05-16,30,21,-9
6381,2019-05-16,65,57,-8
6383,2019-05-16,24,15,-9
6384,2019-05-16,22,21,-1
6385,2019-05-16,57,60,3
6386,2019-05-16,48,63,15
6387,2019-05-16,66,80,14
6388,2019-05-16,26,35,9
6389,2019-05-16,53,47,-6
6391,2019-05-16,58,84,26
6393,2019-05-16,56,66,10
6394,2019-05-16,69,97,28
6395,2019-05-16,55,55,0
6396,2019-05-16,62,80,18
6397,2019-05-16,34,48,14
6398,2019-05-16,26,36,10
6401,2019-05-16,72,73,1
6402,2019-05-16,46,49,3
6403,2019-05-16,27,30,3
6404,2019-05-16,19,24,5
6405,2019-05-16,39,57,18
6406,2019-05-16,57,76,19
6407,2019-05-16,32,45,13
6408,2019-05-16,49,56,7
6409,2019-05-16,21,27,6
6410,2019-05-16,34,35,1
6411,2019-05-16,136,139,3
6412,2019-05-16,25,23,-2
6413,2019-05-16,35,21,-14
6414,2019-05-16,15,18,3
6415,2019-05-16,23,17,-6
6416,2019-05-16,23,18,-5
6417,2019-05-16,30,20,-10
6418,2019-05-16,9,6,-3
6419,2019-05-16,12,19,7
6420,2019-05-16,21,18,-3
6421,2019-05-16,43,37,-6
6422,2019-05-16,8,10,2
6423,2019-05-16,14,9,-5
6424,2019-05-16,31,72,41
6425,2019-05-16,32,40,8
6426,2019-05-16,67,85,18
6427,2019-05-16,52,73,21
6428,2019-05-16,13,14,1
6429,2019-05-16,29,39,10
6432,2019-05-16,74,79,5
6433,2019-05-16,36,28,-8
6434,2019-05-16,74,69,-5
6435,2019-05-16,38,39,1
6436,2019-05-16,33,25,-8
6501,2019-05-16,58,59,1
6502,2019-05-16,22,26,4
6503,2019-05-16,56,44,-12
6504,2019-05-16,9,17,8
6700,2019-05-16,32,48,16
6701,2019-05-16,63,55,-8
6702,2019-05-16,13,20,7
6703,2019-05-16,40,34,-6
6704,2019-05-16,32,33,1
6705,2019-05-16,22,29,7
6706,2019-05-16,29,32,3
6707,2019-05-16,29,40,11
6708,2019-05-16,57,110,53
6709,2019-05-16,19,17,-2
6710,2019-05-16,13,13,0
6711,2019-05-16,26,18,-8
6712,2019-05-16,14,15,1
6713,2019-05-16,8,3,-5
6715,2019-05-16,25,16,-9
6716,2019-05-16,5,10,5
6717,2019-05-16,12,20,8
6718,2019-05-16,23,21,-2
6719,2019-05-16,26,23,-3
6720,2019-05-16,26,27,1
6721,2019-05-16,11,13,2
6722,2019-05-16,15,21,6
6723,2019-05-16,21,29,8
6724,2019-05-16,66,84,18
6725,2019-05-16,30,32,2
6726,2019-05-16,16,20,4
6727,2019-05-16,81,100,19
6728,2019-05-16,4,5,1
6729,2019-05-16,126,134,8
6730,2019-05-16,12,11,-1
6731,2019-05-16,16,13,-3
6732,2019-05-16,25,40,15
6733,2019-05-16,23,24,1
6734,2019-05-16,37,40,3
6735,2019-05-16,15,8,-7
6736,2019-05-16,12,11,-1
6737,2019-05-16,20,17,-3
6738,2019-05-16,104,89,-15
6739,2019-05-16,6,8,2
6741,2019-05-16,14,19,5
6742,2019-05-16,67,74,7
6743,2019-05-16,40,18,-22
6744,2019-05-16,22,16,-6
6745,2019-05-16,24,18,-6
6746,2019-05-16,23,20,-3
6747,2019-05-16,55,62,7
6748,2019-05-16,78,85,7
6749,2019-05-16,47,47,0
6750,2019-05-16,54,39,-15
6753,2019-05-16,13,14,1
6754,2019-05-16,19,17,-2
6901,2019-05-16,32,54,22
6902,2019-05-16,85,98,13
6903,2019-05-16,77,69,-8
6904,2019-05-16,39,37,-2
6905,2019-05-16,49,44,-5
6906,2019-05-16,130,101,-29
6907,2019-05-16,77,76,-1
6908,2019-05-16,55,50,-5
6910,2019-05-16,114,89,-25
6912,2019-05-16,135,111,-24
6913,2019-05-16,53,32,-21
6915,2019-05-16,62,66,4
6916,2019-05-16,31,32,1
6917,2019-05-16,20,23,3
6918,2019-05-16,22,16,-6
6919,2019-05-16,19,16,-3
6921,2019-05-16,80,86,6
6923,2019-05-16,40,38,-2
6924,2019-05-16,34,30,-4
6925,2019-05-16,36,44,8
6926,2019-05-16,55,48,-7
6927,2019-05-16,53,40,-13
6928,2019-05-16,41,16,-25
6929,2019-05-16,34,29,-5
6930,2019-05-16,16,17,1
7001,2019-05-16,21,23,2
7002,2019-05-16,16,14,-2
7003,2019-05-16,89,84,-5
7004,2019-05-16,13,9,-4
7005,2019-05-16,5,8,3
7006,2019-05-16,14,14,0
7007,2019-05-16,22,18,-4
7008,2019-05-16,19,17,-2
7009,2019-05-16,72,91,19
7010,2019-05-16,12,11,-1
7011,2019-05-16,57,64,7
7012,2019-05-16,34,40,6
7013,2019-05-16,24,26,2
7014,2019-05-16,84,38,-46
7015,2019-05-16,23,20,-3
7016,2019-05-16,11,13,2
7017,2019-05-16,31,38,7
7018,2019-05-16,18,24,6
7019,2019-05-16,106,179,73
7020,2019-05-16,14,20,6
7021,2019-05-16,41,34,-7
7022,2019-05-16,40,38,-2
7023,2019-05-16,5,5,0
7024,2019-05-16,27,23,-4
7025,2019-05-16,83,83,0
7026,2019-05-16,98,92,-6
7027,2019-05-16,34,40,6
7028,2019-05-16,123,115,-8
7029,2019-05-16,43,47,4
7030,2019-05-16,40,43,3
7031,2019-05-16,77,76,-1
7032,2019-05-16,122,74,-48
7033,2019-05-16,72,57,-15
7034,2019-05-16,31,36,5
7035,2019-05-16,45,38,-7
7036,2019-05-16,52,44,-8
7037,2019-05-16,42,43,1
7038,2019-05-16,53,71,18
7039,2019-05-16,30,27,-3
7040,2019-05-16,81,83,2
7041,2019-05-16,128,129,1
7042,2019-05-16,36,41,5
7043,2019-05-16,21,23,2
7044,2019-05-16,12,10,-2
7045,2019-05-16,39,44,5
7046,2019-05-16,115,134,19
7047,2019-05-16,97,142,45
7048,2019-05-16,34,35,1
7050,2019-05-16,15,19,4
7051,2019-05-16,13,20,7
7052,2019-05-16,55,70,15
7053,2019-05-16,32,32,0
7054,2019-05-16,34,47,13
7055,2019-05-16,16,18,2
7056,2019-05-16,17,22,5
7057,2019-05-16,52,53,1
7058,2019-05-16,29,37,8
7059,2019-05-16,26,35,9
7060,2019-05-16,33,36,3
7061,2019-05-16,26,20,-6
7062,2019-05-16,55,51,-4
7063,2019-05-16,16,19,3
7064,2019-05-16,14,20,6
7065,2019-05-16,28,32,4
7066,2019-05-16,54,106,52
7068,2019-05-16,59,70,11
7069,2019-05-16,60,66,6
7070,2019-05-16,55,55,0
7071,2019-05-16,60,44,-16
7072,2019-05-16,43,26,-17
7073,2019-05-16,38,37,-1
7074,2019-05-16,29,38,9
7075,2019-05-16,10,8,-2
7076,2019-05-16,73,51,-22
7077,2019-05-16,28,32,4
7078,2019-05-16,33,39,6
7081,2019-05-16,77,88,11
7082,2019-05-16,60,86,26
7083,2019-05-16,72,70,-2
7084,2019-05-16,92,102,10
7090,2019-05-16,10,14,4
7091,2019-05-16,6,10,4
7092,2019-05-16,4,4,0
7093,2019-05-16,4,3,-1
7094,2019-05-16,2,3,1
7095,2019-05-16,13,13,0
7096,2019-05-16,20,16,-4
7097,2019-05-16,5,3,-2
7098,2019-05-16,2,7,5
7099,2019-05-16,7,11,4
7100,2019-05-16,2,0,-2
7101,2019-05-16,12,10,-2
7102,2019-05-16,18,23,5
7103,2019-05-16,11,20,9
7104,2019-05-16,3,4,1
7105,2019-05-16,7,7,0
7106,2019-05-16,6,4,-2
7107,2019-05-16,5,3,-2
7108,2019-05-16,16,12,-4
7109,2019-05-16,23,14,-9
7110,2019-05-16,5,7,2
7111,2019-05-16,2,1,-1
7112,2019-05-16,6,12,6
7113,2019-05-16,73,74,1
7114,2019-05-16,63,76,13
7116,2019-05-16,2,3,1
7117,2019-05-16,2,3,1
7118,2019-05-16,3,5,2
7119,2019-05-16,3,9,6
7120,2019-05-16,8,8,0
7121,2019-05-16,5,7,2
7122,2019-05-16,4,5,1
7123,2019-05-16,1,2,1
7124,2019-05-16,24,10,-14
7125,2019-05-16,15,10,-5
7126,2019-05-16,10,2,-8
7127,2019-05-16,41,44,3
7128,2019-05-16,11,10,-1
7129,2019-05-16,8,12,4
7130,2019-05-16,12,8,-4
7131,2019-05-16,5,4,-1
7132,2019-05-16,5,7,2
7133,2019-05-16,2,3,1
7134,2019-05-16,3,4,1
7135,2019-05-16,1,7,6
7136,2019-05-16,2,2,0
7137,2019-05-16,5,3,-2
7138,2019-05-16,2,4,2
7139,2019-05-16,83,97,14
7140,2019-05-16,20,29,9
7141,2019-05-16,35,40,5
7142,2019-05-16,7,11,4
7143,2019-05-16,13,18,5
7144,2019-05-16,45,46,1
7145,2019-05-16,18,20,2
7146,2019-05-16,13,18,5
7147,2019-05-16,27,26,-1
7148,2019-05-16,3,2,-1
7149,2019-05-16,13,14,1
10002,2019-05-16,106,105,-1
4000,2019-05-17,41,57,16
4001,2019-05-17,3,5,2
4002,2019-05-17,12,14,2
5002,2019-05-17,2,3,1
5004,2019-05-17,2,2,0
5005,2019-05-17,4,8,4
5006,2019-05-17,2,2,0
5007,2019-05-17,19,12,-7
6001,2019-05-17,41,51,10
6002,2019-05-17,40,51,11
6003,2019-05-17,54,67,13
6004,2019-05-17,37,51,14
6005,2019-05-17,64,59,-5
6006,2019-05-17,25,24,-1
6007,2019-05-17,32,41,9
6008,2019-05-17,33,70,37
6009,2019-05-17,59,61,2
6011,2019-05-17,47,62,15
6012,2019-05-17,95,199,104
6013,2019-05-17,52,80,28
6014,2019-05-17,47,44,-3
6015,2019-05-17,115,206,91
6016,2019-05-17,4,8,4
6017,2019-05-17,27,43,16
6018,2019-05-17,62,70,8
6019,2019-05-17,122,111,-11
6020,2019-05-17,66,94,28
6021,2019-05-17,76,50,-26
6022,2019-05-17,44,47,3
6023,2019-05-17,61,88,27
6025,2019-05-17,28,32,4
6026,2019-05-17,72,131,59
6027,2019-05-17,125,117,-8
6029,2019-05-17,22,22,0
6031,2019-05-17,37,38,1
6032,2019-05-17,44,80,36
6033,2019-05-17,15,11,-4
6034,2019-05-17,47,66,19
6035,2019-05-17,12,31,19
6036,2019-05-17,84,117,33
6037,2019-05-17,36,53,17
6038,2019-05-17,75,71,-4
6039,2019-05-17,59,68,9
6040,2019-05-17,41,61,20
6041,2019-05-17,47,52,5
6042,2019-05-17,72,55,-17
6043,2019-05-17,135,173,38
6044,2019-05-17,54,55,1
6046,2019-05-17,82,76,-6
6047,2019-05-17,73,29,-44
6048,2019-05-17,31,33,2
6049,2019-05-17,85,100,15
6050,2019-05-17,32,37,5
6051,2019-05-17,32,32,0
6052,2019-05-17,103,103,0
6053,2019-05-17,113,124,11
6057,2019-05-17,77,53,-24
6058,2019-05-17,70,69,-1
6059,2019-05-17,53,45,-8
6060,2019-05-17,24,24,0
6062,2019-05-17,50,39,-11
6063,2019-05-17,77,72,-5
6064,2019-05-17,112,114,2
6065,2019-05-17,48,39,-9
6066,2019-05-17,51,33,-18
6067,2019-05-17,47,57,10
6068,2019-05-17,9,10,1
6070,2019-05-17,158,151,-7
6072,2019-05-17,64,60,-4
6073,2019-05-17,184,160,-24
6075,2019-05-17,29,17,-12
6076,2019-05-17,10,14,4
6079,2019-05-17,55,50,-5
6080,2019-05-17,71,73,2
6081,2019-05-17,26,25,-1
6082,2019-05-17,19,13,-6
6083,2019-05-17,83,82,-1
6084,2019-05-17,51,61,10
6085,2019-05-17,59,86,27
6087,2019-05-17,82,113,31
6088,2019-05-17,45,62,17
6089,2019-05-17,54,48,-6
6090,2019-05-17,42,52,10
6091,2019-05-17,28,28,0
6092,2019-05-17,45,54,9
6093,2019-05-17,22,19,-3
6094,2019-05-17,40,36,-4
6095,2019-05-17,65,59,-6
6096,2019-05-17,31,55,24
6097,2019-05-17,64,47,-17
6098,2019-05-17,33,25,-8
6099,2019-05-17,54,88,34
6100,2019-05-17,148,154,6
6101,2019-05-17,44,15,-29
6102,2019-05-17,38,26,-12
6103,2019-05-17,8,12,4
6104,2019-05-17,51,76,25
6105,2019-05-17,41,66,25
6106,2019-05-17,19,21,2
6107,2019-05-17,102,77,-25
6108,2019-05-17,29,46,17
6109,2019-05-17,5,5,0
6110,2019-05-17,30,19,-11
6111,2019-05-17,36,40,4
6112,2019-05-17,85,109,24
6113,2019-05-17,55,46,-9
6114,2019-05-17,114,152,38
6115,2019-05-17,9,17,8
6116,2019-05-17,38,65,27
6118,2019-05-17,64,86,22
6119,2019-05-17,51,71,20
6120,2019-05-17,36,86,50
6121,2019-05-17,20,28,8
6122,2019-05-17,10,9,-1
6123,2019-05-17,23,24,1
6124,2019-05-17,32,55,23
6125,2019-05-17,17,22,5
6126,2019-05-17,29,38,9
6127,2019-05-17,33,26,-7
6128,2019-05-17,12,12,0
6129,2019-05-17,49,46,-3
6130,2019-05-17,24,19,-5
6131,2019-05-17,48,38,-10
6132,2019-05-17,52,39,-13
6133,2019-05-17,50,45,-5
6134,2019-05-17,37,34,-3
6136,2019-05-17,222,183,-39
6137,2019-05-17,62,61,-1
6138,2019-05-17,58,58,0
6139,2019-05-17,39,34,-5
6140,2019-05-17,76,81,5
6141,2019-05-17,43,32,-11
6142,2019-05-17,58,42,-16
6143,2019-05-17,68,74,6
6145,2019-05-17,51,42,-9
6146,2019-05-17,55,42,-13
6147,2019-05-17,65,40,-25
6148,2019-05-17,80,62,-18
6149,2019-05-17,53,37,-16
6150,2019-05-17,56,53,-3
6151,2019-05-17,68,51,-17
6152,2019-05-17,85,97,12
6153,2019-05-17,51,49,-2
6154,2019-05-17,123,139,16
6155,2019-05-17,100,88,-12
6156,2019-05-17,63,59,-4
6157,2019-05-17,88,84,-4
6158,2019-05-17,54,53,-1
6159,2019-05-17,14,18,4
6160,2019-05-17,47,39,-8
6161,2019-05-17,46,44,-2
6162,2019-05-17,3,4,1
6163,2019-05-17,103,115,12
6164,2019-05-17,66,86,20
6165,2019-05-17,48,52,4
6166,2019-05-17,61,44,-17
6167,2019-05-17,35,43,8
6168,2019-05-17,36,31,-5
6169,2019-05-17,96,75,-21
6170,2019-05-17,43,32,-11
6171,2019-05-17,45,39,-6
6173,2019-05-17,90,47,-43
6174,2019-05-17,111,92,-19
6175,2019-05-17,84,54,-30
6176,2019-05-17,81,93,12
6177,2019-05-17,84,68,-16
6178,2019-05-17,100,94,-6
6180,2019-05-17,37,39,2
6181,2019-05-17,92,54,-38
6182,2019-05-17,55,50,-5
6183,2019-05-17,71,74,3
6184,2019-05-17,182,178,-4
6185,2019-05-17,17,17,0
6186,2019-05-17,39,32,-7
6187,2019-05-17,97,103,6
6188,2019-05-17,29,35,6
6189,2019-05-17,15,15,0
6190,2019-05-17,96,78,-18
6191,2019-05-17,49,38,-11
6192,2019-05-17,49,28,-21
6193,2019-05-17,99,96,-3
6194,2019-05-17,91,87,-4
6195,2019-05-17,63,44,-19
6196,2019-05-17,116,70,-46
6197,2019-05-17,30,32,2
6198,2019-05-17,14,8,-6
6199,2019-05-17,96,65,-31
6200,2019-05-17,85,79,-6
6201,2019-05-17,67,55,-12
6202,2019-05-17,100,71,-29
6203,2019-05-17,106,71,-35
6204,2019-05-17,79,70,-9
6205,2019-05-17,79,57,-22
6206,2019-05-17,110,106,-4
6207,2019-05-17,39,28,-11
6208,2019-05-17,53,61,8
6209,2019-05-17,92,84,-8
6210,2019-05-17,36,31,-5
6211,2019-05-17,124,105,-19
6212,2019-05-17,56,38,-18
6213,2019-05-17,98,104,6
6215,2019-05-17,44,35,-9
6216,2019-05-17,68,38,-30
6217,2019-05-17,100,69,-31
6218,2019-05-17,47,41,-6
6219,2019-05-17,64,50,-14
6220,2019-05-17,124,105,-19
6221,2019-05-17,140,129,-11
6222,2019-05-17,48,34,-14
6223,2019-05-17,74,52,-22
6224,2019-05-17,64,54,-10
6225,2019-05-17,63,45,-18
6226,2019-05-17,17,15,-2
6227,2019-05-17,127,121,-6
6228,2019-05-17,24,23,-1
6229,2019-05-17,62,54,-8
6230,2019-05-17,62,62,0
6231,2019-05-17,79,71,-8
6232,2019-05-17,21,9,-12
6233,2019-05-17,102,73,-29
6234,2019-05-17,63,46,-17
6235,2019-05-17,53,53,0
6236,2019-05-17,61,47,-14
6237,2019-05-17,53,48,-5
6240,2019-05-17,14,11,-3
6241,2019-05-17,23,24,1
6243,2019-05-17,64,58,-6
6245,2019-05-17,30,26,-4
6246,2019-05-17,47,49,2
6247,2019-05-17,80,83,3
6248,2019-05-17,115,100,-15
6249,2019-05-17,42,40,-2
6250,2019-05-17,65,58,-7
6251,2019-05-17,15,16,1
6252,2019-05-17,31,33,2
6253,2019-05-17,29,26,-3
6254,2019-05-17,58,54,-4
6255,2019-05-17,60,66,6
6257,2019-05-17,36,30,-6
6258,2019-05-17,61,50,-11
6259,2019-05-17,20,20,0
6260,2019-05-17,40,37,-3
6261,2019-05-17,26,32,6
6262,2019-05-17,38,36,-2
6263,2019-05-17,21,25,4
6264,2019-05-17,31,21,-10
6265,2019-05-17,41,30,-11
6266,2019-05-17,12,17,5
6267,2019-05-17,38,32,-6
6268,2019-05-17,41,38,-3
6269,2019-05-17,22,25,3
6270,2019-05-17,33,29,-4
6272,2019-05-17,26,17,-9
6273,2019-05-17,20,21,1
6274,2019-05-17,39,35,-4
6275,2019-05-17,29,27,-2
6276,2019-05-17,27,22,-5
6277,2019-05-17,40,45,5
6278,2019-05-17,19,15,-4
6279,2019-05-17,10,16,6
6280,2019-05-17,64,65,1
6281,2019-05-17,30,20,-10
6301,2019-05-17,17,12,-5
6302,2019-05-17,10,12,2
6303,2019-05-17,13,7,-6
6304,2019-05-17,12,4,-8
6305,2019-05-17,10,11,1
6306,2019-05-17,31,15,-16
6307,2019-05-17,54,54,0
6309,2019-05-17,14,17,3
6310,2019-05-17,36,21,-15
6311,2019-05-17,31,24,-7
6312,2019-05-17,18,22,4
6313,2019-05-17,25,39,14
6314,2019-05-17,53,41,-12
6315,2019-05-17,77,36,-41
6316,2019-05-17,34,10,-24
6321,2019-05-17,39,37,-2
6322,2019-05-17,20,20,0
6323,2019-05-17,13,13,0
6324,2019-05-17,21,15,-6
6327,2019-05-17,24,19,-5
6328,2019-05-17,30,26,-4
6329,2019-05-17,23,20,-3
6330,2019-05-17,14,15,1
6331,2019-05-17,20,22,2
6332,2019-05-17,19,19,0
6333,2019-05-17,19,24,5
6334,2019-05-17,50,56,6
6335,2019-05-17,27,25,-2
6336,2019-05-17,17,18,1
6338,2019-05-17,28,27,-1
6339,2019-05-17,26,25,-1
6340,2019-05-17,20,19,-1
6341,2019-05-17,23,33,10
6343,2019-05-17,40,37,-3
6344,2019-05-17,46,34,-12
6345,2019-05-17,4,12,8
6346,2019-05-17,21,14,-7
6347,2019-05-17,22,22,0
6349,2019-05-17,27,27,0
6350,2019-05-17,31,28,-3
6354,2019-05-17,14,30,16
6355,2019-05-17,24,30,6
6356,2019-05-17,24,26,2
6357,2019-05-17,15,11,-4
6358,2019-05-17,18,19,1
6359,2019-05-17,83,92,9
6360,2019-05-17,26,22,-4
6361,2019-05-17,25,20,-5
6362,2019-05-17,30,23,-7
6363,2019-05-17,19,11,-8
6364,2019-05-17,30,32,2
6366,2019-05-17,10,10,0
6367,2019-05-17,25,21,-4
6368,2019-05-17,63,53,-10
6369,2019-05-17,21,32,11
6370,2019-05-17,32,28,-4
6371,2019-05-17,40,44,4
6372,2019-05-17,66,68,2
6373,2019-05-17,22,24,2
6374,2019-05-17,25,21,-4
6375,2019-05-17,38,59,21
6376,2019-05-17,22,19,-3
6377,2019-05-17,28,39,11
6379,2019-05-17,29,29,0
6380,2019-05-17,16,9,-7
6381,2019-05-17,35,36,1
6383,2019-05-17,20,12,-8
6384,2019-05-17,14,9,-5
6385,2019-05-17,49,37,-12
6386,2019-05-17,48,54,6
6387,2019-05-17,50,76,26
6388,2019-05-17,15,21,6
6389,2019-05-17,50,38,-12
6391,2019-05-17,45,62,17
6393,2019-05-17,34,53,19
6394,2019-05-17,52,73,21
6395,2019-05-17,45,34,-11
6396,2019-05-17,55,56,1
6397,2019-05-17,40,69,29
6398,2019-05-17,15,25,10
6401,2019-05-17,41,62,21
6402,2019-05-17,22,29,7
6403,2019-05-17,21,31,10
6404,2019-05-17,14,24,10
6405,2019-05-17,32,47,15
6406,2019-05-17,57,62,5
6407,2019-05-17,22,27,5
6408,2019-05-17,32,40,8
6409,2019-05-17,22,22,0
6410,2019-05-17,28,30,2
6411,2019-05-17,117,107,-10
6412,2019-05-17,13,19,6
6413,2019-05-17,16,13,-3
6414,2019-05-17,19,21,2
6415,2019-05-17,12,19,7
6416,2019-05-17,13,11,-2
6417,2019-05-17,9,11,2
6418,2019-05-17,4,6,2
6419,2019-05-17,4,11,7
6420,2019-05-17,14,17,3
6421,2019-05-17,31,24,-7
6422,2019-05-17,12,10,-2
6423,2019-05-17,14,9,-5
6424,2019-05-17,22,41,19
6425,2019-05-17,31,29,-2
6426,2019-05-17,51,54,3
6427,2019-05-17,33,33,0
6428,2019-05-17,7,8,1
6429,2019-05-17,19,22,3
6432,2019-05-17,53,41,-12
6433,2019-05-17,25,14,-11
6434,2019-05-17,43,45,2
6435,2019-05-17,23,25,2
6436,2019-05-17,9,10,1
6501,2019-05-17,21,23,2
6502,2019-05-17,12,12,0
6503,2019-05-17,39,40,1
6504,2019-05-17,6,2,-4
6700,2019-05-17,20,34,14
6701,2019-05-17,62,42,-20
6702,2019-05-17,10,17,7
6703,2019-05-17,16,21,5
6704,2019-05-17,17,13,-4
6705,2019-05-17,11,16,5
6706,2019-05-17,17,17,0
6707,2019-05-17,20,25,5
6708,2019-05-17,41,64,23
6709,2019-05-17,20,9,-11
6710,2019-05-17,10,12,2
6711,2019-05-17,18,17,-1
6712,2019-05-17,2,3,1
6714,2019-05-17,2,2,0
6715,2019-05-17,9,14,5
6716,2019-05-17,6,8,2
6717,2019-05-17,7,10,3
6718,2019-05-17,18,17,-1
6719,2019-05-17,8,11,3
6720,2019-05-17,13,18,5
6721,2019-05-17,13,12,-1
6722,2019-05-17,9,20,11
6723,2019-05-17,13,22,9
6724,2019-05-17,33,42,9
6725,2019-05-17,21,18,-3
6726,2019-05-17,9,12,3
6727,2019-05-17,62,73,11
6728,2019-05-17,4,4,0
6729,2019-05-17,95,100,5
6730,2019-05-17,3,4,1
6731,2019-05-17,7,7,0
6732,2019-05-17,28,28,0
6733,2019-05-17,17,15,-2
6734,2019-05-17,40,34,-6
6735,2019-05-17,10,11,1
6736,2019-05-17,4,10,6
6737,2019-05-17,12,12,0
6738,2019-05-17,74,57,-17
6739,2019-05-17,5,6,1
6741,2019-05-17,13,16,3
6742,2019-05-17,30,35,5
6743,2019-05-17,15,15,0
6744,2019-05-17,14,22,8
6745,2019-05-17,15,16,1
6746,2019-05-17,11,7,-4
6747,2019-05-17,33,42,9
6748,2019-05-17,73,69,-4
6749,2019-05-17,47,46,-1
6750,2019-05-17,37,32,-5
6753,2019-05-17,18,15,-3
6754,2019-05-17,11,15,4
6901,2019-05-17,46,58,12
6902,2019-05-17,57,91,34
6903,2019-05-17,74,78,4
6904,2019-05-17,36,34,-2
6905,2019-05-17,38,35,-3
6906,2019-05-17,106,63,-43
6907,2019-05-17,77,56,-21
6908,2019-05-17,37,37,0
6910,2019-05-17,89,96,7
6912,2019-05-17,111,95,-16
6913,2019-05-17,36,28,-8
6915,2019-05-17,73,68,-5
6916,2019-05-17,26,23,-3
6917,2019-05-17,8,12,4
6918,2019-05-17,23,15,-8
6919,2019-05-17,29,14,-15
6921,2019-05-17,60,54,-6
6923,2019-05-17,38,38,0
6924,2019-05-17,14,19,5
6925,2019-05-17,28,29,1
6926,2019-05-17,41,41,0
6927,2019-05-17,49,29,-20
6928,2019-05-17,30,7,-23
6929,2019-05-17,22,16,-6
6930,2019-05-17,8,7,-1
7001,2019-05-17,23,23,0
7002,2019-05-17,8,18,10
7003,2019-05-17,64,52,-12
7004,2019-05-17,14,15,1
7005,2019-05-17,2,6,4
7006,2019-05-17,6,11,5
7007,2019-05-17,5,3,-2
7008,2019-05-17,14,17,3
7009,2019-05-17,56,77,21
7010,2019-05-17,2,3,1
7011,2019-05-17,36,56,20
7012,2019-05-17,26,34,8
7013,2019-05-17,13,15,2
7014,2019-05-17,52,24,-28
7015,2019-05-17,6,9,3
7016,2019-05-17,13,13,0
7017,2019-05-17,21,27,6
7018,2019-05-17,13,21,8
7019,2019-05-17,85,66,-19
7020,2019-05-17,11,8,-3
7021,2019-05-17,31,42,11
7022,2019-05-17,37,29,-8
7023,2019-05-17,4,3,-1
7024,2019-05-17,25,16,-9
7025,2019-05-17,34,28,-6
7026,2019-05-17,41,50,9
7027,2019-05-17,30,30,0
7028,2019-05-17,76,78,2
7029,2019-05-17,38,36,-2
7030,2019-05-17,43,45,2
7031,2019-05-17,54,66,12
7032,2019-05-17,100,69,-31
7033,2019-05-17,69,46,-23
7034,2019-05-17,16,18,2
7035,2019-05-17,33,35,2
7036,2019-05-17,49,42,-7
7037,2019-05-17,37,25,-12
7038,2019-05-17,56,56,0
7039,2019-05-17,18,19,1
7040,2019-05-17,54,61,7
7041,2019-05-17,84,83,-1
7042,2019-05-17,23,21,-2
7043,2019-05-17,14,14,0
7044,2019-05-17,2,4,2
7045,2019-05-17,32,39,7
7046,2019-05-17,114,126,12
7047,2019-05-17,92,127,35
7048,2019-05-17,15,22,7
7050,2019-05-17,6,7,1
7051,2019-05-17,9,12,3
7052,2019-05-17,47,50,3
7053,2019-05-17,30,27,-3
7054,2019-05-17,20,20,0
7055,2019-05-17,10,26,16
7056,2019-05-17,12,15,3
7057,2019-05-17,30,31,1
7058,2019-05-17,28,30,2
7059,2019-05-17,18,21,3
7060,2019-05-17,25,23,-2
7061,2019-05-17,19,20,1
7062,2019-05-17,31,38,7
7063,2019-05-17,14,15,1
7064,2019-05-17,15,16,1
7065,2019-05-17,30,31,1
7066,2019-05-17,38,57,19
7068,2019-05-17,52,62,10
7069,2019-05-17,50,50,0
7070,2019-05-17,37,36,-1
7071,2019-05-17,43,34,-9
7072,2019-05-17,20,17,-3
7073,2019-05-17,36,43,7
7074,2019-05-17,36,40,4
7075,2019-05-17,5,8,3
7076,2019-05-17,43,35,-8
7077,2019-05-17,16,21,5
7078,2019-05-17,24,27,3
7080,2019-05-17,44,27,-17
7081,2019-05-17,75,84,9
7082,2019-05-17,52,66,14
7083,2019-05-17,67,48,-19
7084,2019-05-17,62,70,8
7090,2019-05-17,8,8,0
7091,2019-05-17,2,3,1
7092,2019-05-17,2,3,1
7093,2019-05-17,3,1,-2
7094,2019-05-17,1,1,0
7095,2019-05-17,10,5,-5
7096,2019-05-17,8,16,8
7097,2019-05-17,6,3,-3
7099,2019-05-17,5,5,0
7100,2019-05-17,3,2,-1
7101,2019-05-17,4,4,0
7102,2019-05-17,14,17,3
7103,2019-05-17,3,4,1
7104,2019-05-17,1,2,1
7105,2019-05-17,2,1,-1
7106,2019-05-17,4,2,-2
7107,2019-05-17,1,3,2
7108,2019-05-17,4,7,3
7109,2019-05-17,20,16,-4
7111,2019-05-17,2,1,-1
7112,2019-05-17,8,8,0
7113,2019-05-17,38,40,2
7114,2019-05-17,39,49,10
7115,2019-05-17,2,3,1
7116,2019-05-17,5,4,-1
7117,2019-05-17,3,5,2
7118,2019-05-17,3,3,0
7119,2019-05-17,3,7,4
7120,2019-05-17,2,3,1
7121,2019-05-17,5,7,2
7122,2019-05-17,2,3,1
7123,2019-05-17,3,2,-1
7124,2019-05-17,14,19,5
7125,2019-05-17,4,5,1
7126,2019-05-17,4,6,2
7127,2019-05-17,24,22,-2
7128,2019-05-17,9,8,-1
7129,2019-05-17,8,3,-5
7130,2019-05-17,10,8,-2
7132,2019-05-17,4,3,-1
7133,2019-05-17,4,4,0
7134,2019-05-17,2,5,3
7136,2019-05-17,5,3,-2
7137,2019-05-17,2,5,3
7138,2019-05-17,7,5,-2
7139,2019-05-17,55,61,6
7140,2019-05-17,18,12,-6
7141,2019-05-17,26,28,2
7142,2019-05-17,4,8,4
7143,2019-05-17,5,8,3
7144,2019-05-17,30,35,5
7145,2019-05-17,14,16,2
7146,2019-05-17,10,16,6
7147,2019-05-17,22,22,0
7148,2019-05-17,2,2,0
7149,2019-05-17,7,11,4
10002,2019-05-17,88,92,4
4000,2019-05-18,42,53,11
4001,2019-05-18,5,9,4
4002,2019-05-18,9,6,-3
5002,2019-05-18,4,9,5
5003,2019-05-18,1,0,-1
5005,2019-05-18,5,2,-3
5006,2019-05-18,5,10,5
5007,2019-05-18,11,14,3
6001,2019-05-18,46,49,3
6002,2019-05-18,34,31,-3
6003,2019-05-18,51,49,-2
6004,2019-05-18,32,39,7
6005,2019-05-18,29,47,18
6006,2019-05-18,26,23,-3
6007,2019-05-18,29,34,5
6008,2019-05-18,36,60,24
6009,2019-05-18,41,49,8
6011,2019-05-18,29,26,-3
6012,2019-05-18,116,235,119
6013,2019-05-18,44,85,41
6014,2019-05-18,36,35,-1
6015,2019-05-18,125,215,90
6016,2019-05-18,6,7,1
6017,2019-05-18,27,54,27
6018,2019-05-18,55,53,-2
6019,2019-05-18,118,80,-38
6020,2019-05-18,67,81,14
6021,2019-05-18,65,47,-18
6022,2019-05-18,41,46,5
6023,2019-05-18,174,183,9
6025,2019-05-18,26,25,-1
6026,2019-05-18,240,314,74
6027,2019-05-18,78,77,-1
6029,2019-05-18,14,15,1
6031,2019-05-18,31,45,14
6032,2019-05-18,57,95,38
6033,2019-05-18,11,13,2
6034,2019-05-18,45,72,27
6035,2019-05-18,13,19,6
6036,2019-05-18,197,234,37
6037,2019-05-18,45,43,-2
6038,2019-05-18,54,61,7
6039,2019-05-18,42,52,10
6040,2019-05-18,45,55,10
6041,2019-05-18,25,29,4
6042,2019-05-18,15,32,17
6043,2019-05-18,21,37,16
6044,2019-05-18,57,48,-9
6046,2019-05-18,32,29,-3
6047,2019-05-18,40,19,-21
6048,2019-05-18,18,21,3
6049,2019-05-18,23,33,10
6050,2019-05-18,15,18,3
6051,2019-05-18,39,39,0
6052,2019-05-18,178,237,59
6053,2019-05-18,110,126,16
6057,2019-05-18,37,30,-7
6058,2019-05-18,31,28,-3
6059,2019-05-18,48,31,-17
6060,2019-05-18,17,26,9
6062,2019-05-18,66,44,-22
6063,2019-05-18,47,45,-2
6064,2019-05-18,70,78,8
6065,2019-05-18,47,30,-17
6066,2019-05-18,34,11,-23
6067,2019-05-18,43,40,-3
6068,2019-05-18,7,6,-1
6070,2019-05-18,92,80,-12
6072,2019-05-18,30,22,-8
6073,2019-05-18,106,110,4
6075,2019-05-18,30,19,-11
6076,2019-05-18,22,18,-4
6079,2019-05-18,69,59,-10
6080,2019-05-18,57,60,3
6081,2019-05-18,42,31,-11
6082,2019-05-18,26,11,-15
6083,2019-05-18,59,75,16
6084,2019-05-18,22,16,-6
6085,2019-05-18,33,54,21
6087,2019-05-18,81,95,14
6088,2019-05-18,29,32,3
6089,2019-05-18,15,19,4
6090,2019-05-18,27,20,-7
6091,2019-05-18,51,36,-15
6092,2019-05-18,35,29,-6
6093,2019-05-18,27,12,-15
6094,2019-05-18,30,28,-2
6095,2019-05-18,82,71,-11
6096,2019-05-18,13,38,25
6097,2019-05-18,63,53,-10
6098,2019-05-18,27,14,-13
6099,2019-05-18,81,120,39
6100,2019-05-18,144,162,18
6101,2019-05-18,33,15,-18
6102,2019-05-18,38,29,-9
6103,2019-05-18,12,18,6
6104,2019-05-18,37,41,4
6105,2019-05-18,31,40,9
6106,2019-05-18,12,21,9
6107,2019-05-18,65,66,1
6108,2019-05-18,35,37,2
6109,2019-05-18,13,25,12
6110,2019-05-18,34,32,-2
6111,2019-05-18,18,23,5
6112,2019-05-18,80,94,14
6113,2019-05-18,28,41,13
6114,2019-05-18,138,166,28
6115,2019-05-18,15,18,3
6116,2019-05-18,44,54,10
6118,2019-05-18,49,72,23
6119,2019-05-18,62,77,15
6120,2019-05-18,57,62,5
6121,2019-05-18,18,30,12
6122,2019-05-18,9,16,7
6123,2019-05-18,27,27,0
6124,2019-05-18,43,43,0
6125,2019-05-18,14,18,4
6126,2019-05-18,35,36,1
6127,2019-05-18,45,37,-8
6128,2019-05-18,15,25,10
6129,2019-05-18,39,28,-11
6130,2019-05-18,32,20,-12
6131,2019-05-18,69,42,-27
6132,2019-05-18,29,34,5
6133,2019-05-18,53,41,-12
6134,2019-05-18,36,24,-12
6136,2019-05-18,158,135,-23
6137,2019-05-18,78,61,-17
6138,2019-05-18,59,48,-11
6139,2019-05-18,44,41,-3
6140,2019-05-18,79,58,-21
6141,2019-05-18,42,33,-9
6142,2019-05-18,85,85,0
6143,2019-05-18,107,96,-11
6145,2019-05-18,46,46,0
6146,2019-05-18,51,37,-14
6147,2019-05-18,83,54,-29
6148,2019-05-18,83,73,-10
6149,2019-05-18,34,25,-9
6150,2019-05-18,59,50,-9
6151,2019-05-18,56,65,9
6152,2019-05-18,104,105,1
6153,2019-05-18,27,43,16
6154,2019-05-18,154,146,-8
6155,2019-05-18,91,110,19
6156,2019-05-18,49,46,-3
6157,2019-05-18,113,97,-16
6158,2019-05-18,51,47,-4
6159,2019-05-18,6,5,-1
6160,2019-05-18,46,36,-10
6161,2019-05-18,48,42,-6
6162,2019-05-18,4,7,3
6163,2019-05-18,125,112,-13
6164,2019-05-18,103,106,3
6165,2019-05-18,66,63,-3
6166,2019-05-18,64,40,-24
6167,2019-05-18,47,44,-3
6168,2019-05-18,23,22,-1
6169,2019-05-18,134,111,-23
6170,2019-05-18,53,49,-4
6171,2019-05-18,39,33,-6
6173,2019-05-18,106,78,-28
6174,2019-05-18,86,69,-17
6175,2019-05-18,76,39,-37
6176,2019-05-18,101,112,11
6177,2019-05-18,77,71,-6
6178,2019-05-18,102,101,-1
6180,2019-05-18,34,51,17
6181,2019-05-18,74,64,-10
6182,2019-05-18,44,49,5
6183,2019-05-18,79,59,-20
6184,2019-05-18,175,166,-9
6185,2019-05-18,16,11,-5
6186,2019-05-18,51,47,-4
6187,2019-05-18,93,95,2
6188,2019-05-18,39,35,-4
6189,2019-05-18,17,19,2
6190,2019-05-18,94,84,-10
6191,2019-05-18,46,32,-14
6192,2019-05-18,42,27,-15
6193,2019-05-18,137,125,-12
6194,2019-05-18,132,111,-21
6195,2019-05-18,56,46,-10
6196,2019-05-18,100,93,-7
6197,2019-05-18,37,43,6
6198,2019-05-18,18,11,-7
6199,2019-05-18,76,50,-26
6200,2019-05-18,82,74,-8
6201,2019-05-18,54,39,-15
6202,2019-05-18,60,48,-12
6203,2019-05-18,62,63,1
6204,2019-05-18,69,76,7
6205,2019-05-18,65,57,-8
6206,2019-05-18,103,80,-23
6207,2019-05-18,32,28,-4
6208,2019-05-18,41,41,0
6209,2019-05-18,76,61,-15
6210,2019-05-18,23,20,-3
6211,2019-05-18,136,122,-14
6212,2019-05-18,50,38,-12
6213,2019-05-18,87,81,-6
6215,2019-05-18,48,38,-10
6216,2019-05-18,144,115,-29
6217,2019-05-18,72,73,1
6218,2019-05-18,34,27,-7
6219,2019-05-18,53,51,-2
6220,2019-05-18,118,105,-13
6221,2019-05-18,144,119,-25
6222,2019-05-18,78,61,-17
6223,2019-05-18,91,71,-20
6224,2019-05-18,60,52,-8
6225,2019-05-18,64,42,-22
6226,2019-05-18,2,2,0
6227,2019-05-18,146,147,1
6228,2019-05-18,31,35,4
6229,2019-05-18,55,48,-7
6230,2019-05-18,71,63,-8
6231,2019-05-18,101,99,-2
6232,2019-05-18,17,11,-6
6233,2019-05-18,98,76,-22
6234,2019-05-18,58,48,-10
6235,2019-05-18,33,22,-11
6236,2019-05-18,66,53,-13
6237,2019-05-18,57,54,-3
6240,2019-05-18,11,11,0
6241,2019-05-18,25,16,-9
6243,2019-05-18,49,48,-1
6245,2019-05-18,27,34,7
6246,2019-05-18,35,30,-5
6247,2019-05-18,88,98,10
6248,2019-05-18,111,111,0
6249,2019-05-18,49,35,-14
6250,2019-05-18,104,103,-1
6251,2019-05-18,30,20,-10
6252,2019-05-18,49,43,-6
6253,2019-05-18,51,42,-9
6254,2019-05-18,50,39,-11
6255,2019-05-18,72,72,0
6257,2019-05-18,53,43,-10
6258,2019-05-18,67,57,-10
6259,2019-05-18,30,31,1
6260,2019-05-18,36,27,-9
6261,2019-05-18,44,43,-1
6262,2019-05-18,37,37,0
6263,2019-05-18,26,18,-8
6264,2019-05-18,21,19,-2
6265,2019-05-18,34,26,-8
6266,2019-05-18,25,17,-8
6267,2019-05-18,58,44,-14
6268,2019-05-18,46,36,-10
6269,2019-05-18,16,21,5
6270,2019-05-18,31,19,-12
6272,2019-05-18,23,24,1
6273,2019-05-18,30,27,-3
6274,2019-05-18,41,35,-6
6275,2019-05-18,27,27,0
6276,2019-05-18,39,28,-11
6277,2019-05-18,53,50,-3
6278,2019-05-18,18,16,-2
6279,2019-05-18,16,14,-2
6280,2019-05-18,52,50,-2
6281,2019-05-18,14,17,3
6301,2019-05-18,8,7,-1
6302,2019-05-18,10,9,-1
6303,2019-05-18,11,9,-2
6304,2019-05-18,7,6,-1
6305,2019-05-18,14,5,-9
6306,2019-05-18,32,17,-15
6307,2019-05-18,76,79,3
6309,2019-05-18,23,24,1
6310,2019-05-18,38,18,-20
6311,2019-05-18,32,32,0
6312,2019-05-18,18,22,4
6313,2019-05-18,37,32,-5
6314,2019-05-18,53,42,-11
6315,2019-05-18,49,31,-18
6316,2019-05-18,39,14,-25
6321,2019-05-18,63,45,-18
6322,2019-05-18,7,16,9
6323,2019-05-18,12,11,-1
6324,2019-05-18,12,18,6
6327,2019-05-18,32,23,-9
6328,2019-05-18,35,28,-7
6329,2019-05-18,17,11,-6
6330,2019-05-18,12,9,-3
6331,2019-05-18,13,16,3
6332,2019-05-18,13,19,6
6333,2019-05-18,16,13,-3
6334,2019-05-18,45,47,2
6335,2019-05-18,30,29,-1
6336,2019-05-18,22,19,-3
6338,2019-05-18,21,26,5
6339,2019-05-18,22,17,-5
6340,2019-05-18,26,23,-3
6341,2019-05-18,28,31,3
6343,2019-05-18,20,22,2
6344,2019-05-18,46,54,8
6345,2019-05-18,11,9,-2
6346,2019-05-18,19,8,-11
6347,2019-05-18,14,16,2
6349,2019-05-18,40,36,-4
6350,2019-05-18,32,29,-3
6354,2019-05-18,28,26,-2
6355,2019-05-18,27,21,-6
6356,2019-05-18,34,26,-8
6357,2019-05-18,14,10,-4
6358,2019-05-18,21,17,-4
6359,2019-05-18,95,108,13
6360,2019-05-18,33,38,5
6361,2019-05-18,41,37,-4
6362,2019-05-18,27,27,0
6363,2019-05-18,17,21,4
6364,2019-05-18,54,28,-26
6366,2019-05-18,24,18,-6
6367,2019-05-18,21,25,4
6368,2019-05-18,65,78,13
6369,2019-05-18,26,28,2
6370,2019-05-18,33,29,-4
6371,2019-05-18,74,63,-11
6372,2019-05-18,68,66,-2
6373,2019-05-18,36,28,-8
6374,2019-05-18,35,31,-4
6375,2019-05-18,41,50,9
6376,2019-05-18,25,24,-1
6377,2019-05-18,24,19,-5
6379,2019-05-18,22,22,0
6380,2019-05-18,21,13,-8
6381,2019-05-18,59,59,0
6383,2019-05-18,34,16,-18
6384,2019-05-18,20,14,-6
6385,2019-05-18,38,42,4
6386,2019-05-18,38,38,0
6387,2019-05-18,44,65,21
6388,2019-05-18,25,28,3
6389,2019-05-18,43,33,-10
6391,2019-05-18,51,71,20
6393,2019-05-18,38,41,3
6394,2019-05-18,62,78,16
6395,2019-05-18,82,62,-20
6396,2019-05-18,81,96,15
6397,2019-05-18,41,47,6
6398,2019-05-18,19,13,-6
6401,2019-05-18,30,41,11
6402,2019-05-18,33,39,6
6403,2019-05-18,26,24,-2
6404,2019-05-18,17,22,5
6405,2019-05-18,44,53,9
6406,2019-05-18,158,198,40
6407,2019-05-18,14,30,16
6408,2019-05-18,29,25,-4
6409,2019-05-18,17,20,3
6410,2019-05-18,7,12,5
6411,2019-05-18,86,89,3
6412,2019-05-18,10,10,0
6413,2019-05-18,4,4,0
6414,2019-05-18,16,18,2
6415,2019-05-18,24,33,9
6416,2019-05-18,17,12,-5
6417,2019-05-18,23,22,-1
6418,2019-05-18,7,9,2
6419,2019-05-18,12,17,5
6420,2019-05-18,26,22,-4
6421,2019-05-18,17,14,-3
6422,2019-05-18,8,13,5
6423,2019-05-18,17,6,-11
6424,2019-05-18,5,26,21
6425,2019-05-18,6,13,7
6426,2019-05-18,45,40,-5
6427,2019-05-18,27,37,10
6428,2019-05-18,14,12,-2
6429,2019-05-18,19,24,5
6432,2019-05-18,50,46,-4
6433,2019-05-18,24,18,-6
6434,2019-05-18,49,51,2
6435,2019-05-18,26,32,6
6436,2019-05-18,21,11,-10
6501,2019-05-18,74,84,10
6502,2019-05-18,27,45,18
6503,2019-05-18,27,27,0
6504,2019-05-18,55,62,7
6700,2019-05-18,24,34,10
6701,2019-05-18,48,51,3
6702,2019-05-18,20,15,-5
6703,2019-05-18,67,80,13
6704,2019-05-18,11,11,0
6705,2019-05-18,8,10,2
6706,2019-05-18,18,20,2
6707,2019-05-18,14,23,9
6708,2019-05-18,25,47,22
6709,2019-05-18,15,16,1
6710,2019-05-18,17,19,2
6711,2019-05-18,17,22,5
6712,2019-05-18,17,20,3
6714,2019-05-18,13,16,3
6715,2019-05-18,12,16,4
6716,2019-05-18,11,3,-8
6717,2019-05-18,8,14,6
6718,2019-05-18,18,19,1
6719,2019-05-18,15,14,-1
6720,2019-05-18,23,30,7
6721,2019-05-18,7,8,1
6722,2019-05-18,9,13,4
6723,2019-05-18,23,15,-8
6724,2019-05-18,62,57,-5
6725,2019-05-18,23,25,2
6726,2019-05-18,10,10,0
6727,2019-05-18,50,52,2
6728,2019-05-18,7,9,2
6729,2019-05-18,103,129,26
6730,2019-05-18,12,9,-3
6731,2019-05-18,14,11,-3
6732,2019-05-18,24,21,-3
6733,2019-05-18,22,19,-3
6734,2019-05-18,40,36,-4
6735,2019-05-18,6,11,5
6736,2019-05-18,13,14,1
6737,2019-05-18,10,16,6
6738,2019-05-18,14,15,1
6739,2019-05-18,6,6,0
6741,2019-05-18,10,8,-2
6742,2019-05-18,38,35,-3
6743,2019-05-18,21,11,-10
6744,2019-05-18,25,23,-2
6745,2019-05-18,15,17,2
6746,2019-05-18,14,12,-2
6747,2019-05-18,16,25,9
6748,2019-05-18,59,59,0
6749,2019-05-18,45,45,0
6750,2019-05-18,35,23,-12
6753,2019-05-18,13,22,9
6754,2019-05-18,7,9,2
6901,2019-05-18,44,61,17
6902,2019-05-18,61,65,4
6903,2019-05-18,76,69,-7
6904,2019-05-18,36,26,-10
6905,2019-05-18,28,26,-2
6906,2019-05-18,86,62,-24
6907,2019-05-18,58,60,2
6908,2019-05-18,44,40,-4
6910,2019-05-18,126,120,-6
6912,2019-05-18,84,73,-11
6913,2019-05-18,35,29,-6
6915,2019-05-18,68,57,-11
6916,2019-05-18,23,15,-8
6917,2019-05-18,15,20,5
6918,2019-05-18,32,22,-10
6919,2019-05-18,21,12,-9
6921,2019-05-18,30,40,10
6923,2019-05-18,21,21,0
6924,2019-05-18,16,19,3
6925,2019-05-18,18,22,4
6926,2019-05-18,46,53,7
6927,2019-05-18,30,23,-7
6928,2019-05-18,12,4,-8
6929,2019-05-18,21,11,-10
6930,2019-05-18,12,14,2
7001,2019-05-18,23,15,-8
7002,2019-05-18,4,8,4
7003,2019-05-18,52,47,-5
7004,2019-05-18,6,6,0
7005,2019-05-18,13,13,0
7006,2019-05-18,16,20,4
7008,2019-05-18,25,24,-1
7009,2019-05-18,44,78,34
7010,2019-05-18,13,9,-4
7011,2019-05-18,40,52,12
7012,2019-05-18,23,27,4
7013,2019-05-18,20,16,-4
7014,2019-05-18,31,19,-12
7015,2019-05-18,29,26,-3
7016,2019-05-18,5,7,2
7017,2019-05-18,26,29,3
7018,2019-05-18,14,28,14
7019,2019-05-18,21,30,9
7020,2019-05-18,27,26,-1
7021,2019-05-18,25,17,-8
7022,2019-05-18,30,29,-1
7023,2019-05-18,3,3,0
7024,2019-05-18,17,11,-6
7025,2019-05-18,18,17,-1
7026,2019-05-18,25,24,-1
7027,2019-05-18,34,31,-3
7028,2019-05-18,43,32,-11
7029,2019-05-18,29,34,5
7030,2019-05-18,39,43,4
7031,2019-05-18,51,49,-2
7032,2019-05-18,93,71,-22
7033,2019-05-18,62,47,-15
7034,2019-05-18,33,67,34
7035,2019-05-18,26,22,-4
7036,2019-05-18,43,38,-5
7037,2019-05-18,34,29,-5
7038,2019-05-18,51,45,-6
7039,2019-05-18,29,29,0
7040,2019-05-18,42,52,10
7041,2019-05-18,67,77,10
7042,2019-05-18,19,20,1
7043,2019-05-18,17,18,1
7044,2019-05-18,1,4,3
7045,2019-05-18,66,63,-3
7046,2019-05-18,82,88,6
7047,2019-05-18,101,127,26
7048,2019-05-18,29,26,-3
7051,2019-05-18,6,9,3
7052,2019-05-18,23,21,-2
7053,2019-05-18,18,21,3
7054,2019-05-18,55,67,12
7055,2019-05-18,6,19,13
7056,2019-05-18,17,19,2
7057,2019-05-18,38,35,-3
7058,2019-05-18,39,47,8
7059,2019-05-18,15,17,2
7060,2019-05-18,22,18,-4
7061,2019-05-18,21,18,-3
7062,2019-05-18,17,18,1
7063,2019-05-18,22,13,-9
7064,2019-05-18,14,20,6
7065,2019-05-18,26,20,-6
7066,2019-05-18,42,66,24
7068,2019-05-18,47,72,25
7069,2019-05-18,30,51,21
7070,2019-05-18,35,29,-6
7071,2019-05-18,47,35,-12
7072,2019-05-18,36,26,-10
7073,2019-05-18,27,26,-1
7074,2019-05-18,36,24,-12
7075,2019-05-18,3,3,0
7076,2019-05-18,39,31,-8
7077,2019-05-18,15,18,3
7078,2019-05-18,27,40,13
7080,2019-05-18,33,38,5
7081,2019-05-18,53,47,-6
7082,2019-05-18,41,67,26
7083,2019-05-18,46,50,4
7084,2019-05-18,64,64,0
7090,2019-05-18,10,10,0
7091,2019-05-18,4,2,-2
7092,2019-05-18,1,1,0
7093,2019-05-18,6,6,0
7094,2019-05-18,7,6,-1
7095,2019-05-18,4,3,-1
7096,2019-05-18,6,11,5
7097,2019-05-18,2,5,3
7098,2019-05-18,3,2,-1
7099,2019-05-18,2,8,6
7100,2019-05-18,2,4,2
7101,2019-05-18,1,3,2
7102,2019-05-18,3,9,6
7103,2019-05-18,22,36,14
7104,2019-05-18,5,3,-2
7105,2019-05-18,13,9,-4
7106,2019-05-18,4,6,2
7107,2019-05-18,3,2,-1
7108,2019-05-18,17,19,2
7109,2019-05-18,13,11,-2
7110,2019-05-18,35,32,-3
7111,2019-05-18,25,22,-3
7112,2019-05-18,12,15,3
7113,2019-05-18,23,20,-3
7114,2019-05-18,52,69,17
7115,2019-05-18,6,6,0
7116,2019-05-18,5,6,1
7117,2019-05-18,2,1,-1
7118,2019-05-18,3,5,2
7119,2019-05-18,7,9,2
7120,2019-05-18,3,3,0
7121,2019-05-18,2,4,2
7122,2019-05-18,7,6,-1
7124,2019-05-18,13,10,-3
7125,2019-05-18,29,26,-3
7126,2019-05-18,4,5,1
7127,2019-05-18,32,43,11
7128,2019-05-18,12,10,-2
7129,2019-05-18,4,3,-1
7130,2019-05-18,6,6,0
7131,2019-05-18,1,4,3
7132,2019-05-18,2,3,1
7133,2019-05-18,6,7,1
7134,2019-05-18,3,4,1
7135,2019-05-18,2,2,0
7136,2019-05-18,2,1,-1
7137,2019-05-18,2,4,2
7138,2019-05-18,6,10,4
7139,2019-05-18,61,63,2
7140,2019-05-18,15,21,6
7141,2019-05-18,14,15,1
7142,2019-05-18,5,6,1
7143,2019-05-18,24,24,0
7144,2019-05-18,57,57,0
7145,2019-05-18,9,10,1
7146,2019-05-18,7,12,5
7147,2019-05-18,15,21,6
7148,2019-05-18,4,6,2
7149,2019-05-18,9,10,1
10002,2019-05-18,48,61,13
4000,2019-05-19,30,38,8
4001,2019-05-19,5,10,5
4002,2019-05-19,12,15,3
5002,2019-05-19,3,3,0
5003,2019-05-19,2,1,-1
5004,2019-05-19,2,5,3
5005,2019-05-19,1,1,0
5006,2019-05-19,1,4,3
5007,2019-05-19,8,6,-2
6001,2019-05-19,23,30,7
6002,2019-05-19,35,42,7
6003,2019-05-19,44,65,21
6004,2019-05-19,28,22,-6
6005,2019-05-19,39,33,-6
6006,2019-05-19,29,17,-12
6007,2019-05-19,33,29,-4
6008,2019-05-19,34,45,11
6009,2019-05-19,62,54,-8
6011,2019-05-19,29,28,-1
6012,2019-05-19,82,136,54
6013,2019-05-19,62,99,37
6014,2019-05-19,24,29,5
6015,2019-05-19,105,184,79
6016,2019-05-19,3,2,-1
6017,2019-05-19,22,29,7
6018,2019-05-19,32,42,10
6019,2019-05-19,103,56,-47
6020,2019-05-19,42,52,10
6021,2019-05-19,57,54,-3
6022,2019-05-19,22,25,3
6023,2019-05-19,76,159,83
6025,2019-05-19,23,25,2
6026,2019-05-19,168,219,51
6027,2019-05-19,38,52,14
6029,2019-05-19,16,16,0
6031,2019-05-19,25,29,4
6032,2019-05-19,48,90,42
6033,2019-05-19,10,6,-4
6034,2019-05-19,23,37,14
6035,2019-05-19,6,9,3
6036,2019-05-19,142,194,52
6037,2019-05-19,36,42,6
6038,2019-05-19,33,31,-2
6039,2019-05-19,29,28,-1
6040,2019-05-19,22,26,4
6041,2019-05-19,15,23,8
6042,2019-05-19,19,13,-6
6043,2019-05-19,38,34,-4
6044,2019-05-19,59,62,3
6046,2019-05-19,19,18,-1
6047,2019-05-19,29,8,-21
6048,2019-05-19,9,7,-2
6049,2019-05-19,20,21,1
6050,2019-05-19,5,7,2
6051,2019-05-19,29,29,0
6052,2019-05-19,115,130,15
6053,2019-05-19,88,87,-1
6057,2019-05-19,30,25,-5
6058,2019-05-19,24,23,-1
6059,2019-05-19,20,17,-3
6060,2019-05-19,18,10,-8
6062,2019-05-19,32,41,9
6063,2019-05-19,43,61,18
6064,2019-05-19,52,79,27
6065,2019-05-19,49,61,12
6066,2019-05-19,24,21,-3
6067,2019-05-19,29,34,5
6068,2019-05-19,7,8,1
6070,2019-05-19,82,69,-13
6072,2019-05-19,20,20,0
6073,2019-05-19,68,102,34
6075,2019-05-19,16,6,-10
6076,2019-05-19,7,15,8
6079,2019-05-19,43,43,0
6080,2019-05-19,65,67,2
6081,2019-05-19,22,24,2
6082,2019-05-19,13,13,0
6083,2019-05-19,40,41,1
6084,2019-05-19,24,28,4
6085,2019-05-19,28,39,11
6087,2019-05-19,76,89,13
6088,2019-05-19,25,33,8
6089,2019-05-19,13,8,-5
6090,2019-05-19,21,13,-8
6091,2019-05-19,38,34,-4
6092,2019-05-19,39,27,-12
6093,2019-05-19,15,16,1
6094,2019-05-19,19,23,4
6095,2019-05-19,65,72,7
6096,2019-05-19,13,15,2
6097,2019-05-19,56,45,-11
6098,2019-05-19,31,14,-17
6099,2019-05-19,71,92,21
6100,2019-05-19,114,139,25
6101,2019-05-19,31,10,-21
6102,2019-05-19,27,26,-1
6103,2019-05-19,18,9,-9
6104,2019-05-19,27,38,11
6105,2019-05-19,24,27,3
6106,2019-05-19,11,23,12
6107,2019-05-19,56,56,0
6108,2019-05-19,28,31,3
6109,2019-05-19,7,8,1
6110,2019-05-19,27,29,2
6111,2019-05-19,26,33,7
6112,2019-05-19,60,78,18
6113,2019-05-19,34,51,17
6114,2019-05-19,92,125,33
6115,2019-05-19,10,8,-2
6116,2019-05-19,31,36,5
6118,2019-05-19,40,53,13
6119,2019-05-19,56,76,20
6120,2019-05-19,69,67,-2
6121,2019-05-19,30,28,-2
6122,2019-05-19,11,7,-4
6123,2019-05-19,12,12,0
6124,2019-05-19,36,36,0
6125,2019-05-19,16,15,-1
6126,2019-05-19,24,24,0
6127,2019-05-19,36,27,-9
6128,2019-05-19,20,12,-8
6129,2019-05-19,40,20,-20
6130,2019-05-19,21,23,2
6131,2019-05-19,53,37,-16
6132,2019-05-19,21,27,6
6133,2019-05-19,26,36,10
6134,2019-05-19,21,20,-1
6136,2019-05-19,146,102,-44
6137,2019-05-19,53,50,-3
6138,2019-05-19,36,45,9
6139,2019-05-19,27,27,0
6140,2019-05-19,46,52,6
6141,2019-05-19,34,29,-5
6142,2019-05-19,68,55,-13
6143,2019-05-19,81,76,-5
6145,2019-05-19,42,34,-8
6146,2019-05-19,44,28,-16
6147,2019-05-19,32,28,-4
6148,2019-05-19,68,59,-9
6149,2019-05-19,25,16,-9
6150,2019-05-19,36,41,5
6151,2019-05-19,61,63,2
6152,2019-05-19,83,94,11
6153,2019-05-19,33,25,-8
6154,2019-05-19,133,145,12
6155,2019-05-19,98,88,-10
6156,2019-05-19,44,50,6
6157,2019-05-19,95,96,1
6158,2019-05-19,34,33,-1
6159,2019-05-19,13,10,-3
6160,2019-05-19,22,34,12
6161,2019-05-19,35,41,6
6162,2019-05-19,7,8,1
6163,2019-05-19,78,89,11
6164,2019-05-19,94,106,12
6165,2019-05-19,54,66,12
6166,2019-05-19,41,46,5
6167,2019-05-19,26,31,5
6168,2019-05-19,18,16,-2
6169,2019-05-19,123,91,-32
6170,2019-05-19,30,25,-5
6171,2019-05-19,26,33,7
6173,2019-05-19,81,51,-30
6174,2019-05-19,87,68,-19
6175,2019-05-19,57,31,-26
6176,2019-05-19,81,82,1
6177,2019-05-19,67,66,-1
6178,2019-05-19,87,77,-10
6180,2019-05-19,31,43,12
6181,2019-05-19,75,55,-20
6182,2019-05-19,52,49,-3
6183,2019-05-19,51,57,6
6184,2019-05-19,200,146,-54
6185,2019-05-19,21,18,-3
6186,2019-05-19,46,41,-5
6187,2019-05-19,107,104,-3
6188,2019-05-19,39,39,0
6189,2019-05-19,19,13,-6
6190,2019-05-19,89,51,-38
6191,2019-05-19,31,43,12
6192,2019-05-19,41,40,-1
6193,2019-05-19,95,85,-10
6194,2019-05-19,101,89,-12
6195,2019-05-19,53,27,-26
6196,2019-05-19,89,63,-26
6197,2019-05-19,31,26,-5
6198,2019-05-19,13,8,-5
6199,2019-05-19,53,34,-19
6200,2019-05-19,51,60,9
6201,2019-05-19,48,40,-8
6202,2019-05-19,60,52,-8
6203,2019-05-19,58,60,2
6204,2019-05-19,54,67,13
6205,2019-05-19,51,57,6
6206,2019-05-19,97,81,-16
6207,2019-05-19,28,24,-4
6208,2019-05-19,36,40,4
6209,2019-05-19,83,66,-17
6210,2019-05-19,23,18,-5
6211,2019-05-19,116,111,-5
6212,2019-05-19,46,34,-12
6213,2019-05-19,74,66,-8
6215,2019-05-19,33,34,1
6216,2019-05-19,159,110,-49
6217,2019-05-19,77,37,-40
6218,2019-05-19,42,42,0
6219,2019-05-19,31,33,2
6220,2019-05-19,101,101,0
6221,2019-05-19,131,111,-20
6222,2019-05-19,48,31,-17
6223,2019-05-19,83,50,-33
6224,2019-05-19,60,58,-2
6225,2019-05-19,44,31,-13
6226,2019-05-19,2,1,-1
6227,2019-05-19,100,98,-2
6228,2019-05-19,25,25,0
6229,2019-05-19,47,39,-8
6230,2019-05-19,62,68,6
6231,2019-05-19,80,77,-3
6232,2019-05-19,19,13,-6
6233,2019-05-19,85,81,-4
6234,2019-05-19,59,61,2
6235,2019-05-19,28,16,-12
6236,2019-05-19,42,42,0
6237,2019-05-19,45,44,-1
6240,2019-05-19,12,11,-1
6241,2019-05-19,28,20,-8
6243,2019-05-19,37,34,-3
6245,2019-05-19,21,16,-5
6246,2019-05-19,20,27,7
6247,2019-05-19,69,52,-17
6248,2019-05-19,109,92,-17
6249,2019-05-19,63,51,-12
6250,2019-05-19,92,76,-16
6251,2019-05-19,19,19,0
6252,2019-05-19,38,32,-6
6253,2019-05-19,29,22,-7
6254,2019-05-19,31,38,7
6255,2019-05-19,59,60,1
6257,2019-05-19,28,27,-1
6258,2019-05-19,45,39,-6
6259,2019-05-19,30,22,-8
6260,2019-05-19,31,30,-1
6261,2019-05-19,17,18,1
6262,2019-05-19,33,39,6
6263,2019-05-19,10,12,2
6264,2019-05-19,21,24,3
6265,2019-05-19,17,19,2
6266,2019-05-19,11,9,-2
6267,2019-05-19,39,50,11
6268,2019-05-19,38,38,0
6269,2019-05-19,9,13,4
6270,2019-05-19,15,15,0
6272,2019-05-19,19,9,-10
6273,2019-05-19,16,15,-1
6274,2019-05-19,27,29,2
6275,2019-05-19,13,14,1
6276,2019-05-19,28,22,-6
6277,2019-05-19,39,50,11
6278,2019-05-19,19,16,-3
6279,2019-05-19,15,9,-6
6280,2019-05-19,42,54,12
6281,2019-05-19,18,12,-6
6301,2019-05-19,11,8,-3
6302,2019-05-19,12,15,3
6303,2019-05-19,9,14,5
6304,2019-05-19,3,4,1
6305,2019-05-19,12,6,-6
6306,2019-05-19,18,6,-12
6307,2019-05-19,49,44,-5
6309,2019-05-19,18,18,0
6310,2019-05-19,25,23,-2
6311,2019-05-19,30,19,-11
6312,2019-05-19,14,20,6
6313,2019-05-19,29,55,26
6314,2019-05-19,42,43,1
6315,2019-05-19,53,26,-27
6316,2019-05-19,25,12,-13
6321,2019-05-19,44,51,7
6322,2019-05-19,19,13,-6
6323,2019-05-19,10,7,-3
6324,2019-05-19,11,14,3
6327,2019-05-19,28,19,-9
6328,2019-05-19,43,38,-5
6329,2019-05-19,16,14,-2
6330,2019-05-19,11,15,4
6331,2019-05-19,22,15,-7
6332,2019-05-19,23,19,-4
6333,2019-05-19,14,17,3
6334,2019-05-19,30,37,7
6335,2019-05-19,14,9,-5
6336,2019-05-19,24,22,-2
6338,2019-05-19,33,19,-14
6339,2019-05-19,15,20,5
6340,2019-05-19,15,16,1
6341,2019-05-19,30,33,3
6343,2019-05-19,18,23,5
6344,2019-05-19,47,42,-5
6345,2019-05-19,8,10,2
6346,2019-05-19,6,8,2
6347,2019-05-19,8,5,-3
6349,2019-05-19,18,18,0
6350,2019-05-19,20,17,-3
6354,2019-05-19,18,16,-2
6355,2019-05-19,7,13,6
6356,2019-05-19,18,19,1
6357,2019-05-19,11,8,-3
6358,2019-05-19,17,19,2
6359,2019-05-19,52,55,3
6360,2019-05-19,24,26,2
6361,2019-05-19,25,34,9
6362,2019-05-19,20,15,-5
6363,2019-05-19,10,5,-5
6364,2019-05-19,40,39,-1
6366,2019-05-19,18,18,0
6367,2019-05-19,14,13,-1
6368,2019-05-19,64,52,-12
6369,2019-05-19,25,26,1
6370,2019-05-19,18,22,4
6371,2019-05-19,43,46,3
6372,2019-05-19,67,61,-6
6373,2019-05-19,23,23,0
6374,2019-05-19,23,19,-4
6375,2019-05-19,37,36,-1
6376,2019-05-19,15,21,6
6377,2019-05-19,22,27,5
6379,2019-05-19,28,27,-1
6380,2019-05-19,21,17,-4
6381,2019-05-19,47,57,10
6383,2019-05-19,24,17,-7
6384,2019-05-19,18,13,-5
6385,2019-05-19,35,26,-9
6386,2019-05-19,60,50,-10
6387,2019-05-19,58,53,-5
6388,2019-05-19,21,20,-1
6389,2019-05-19,35,28,-7
6391,2019-05-19,53,64,11
6393,2019-05-19,43,44,1
6394,2019-05-19,67,74,7
6395,2019-05-19,43,27,-16
6396,2019-05-19,63,53,-10
6397,2019-05-19,26,37,11
6398,2019-05-19,17,26,9
6401,2019-05-19,39,43,4
6402,2019-05-19,30,32,2
6403,2019-05-19,18,17,-1
6404,2019-05-19,12,14,2
6405,2019-05-19,38,44,6
6406,2019-05-19,119,141,22
6407,2019-05-19,11,11,0
6408,2019-05-19,13,21,8
6409,2019-05-19,12,14,2
6410,2019-05-19,15,19,4
6411,2019-05-19,78,66,-12
6412,2019-05-19,7,13,6
6413,2019-05-19,7,8,1
6414,2019-05-19,11,16,5
6415,2019-05-19,9,5,-4
6416,2019-05-19,5,4,-1
6417,2019-05-19,21,19,-2
6418,2019-05-19,4,5,1
6419,2019-05-19,10,17,7
6420,2019-05-19,17,23,6
6421,2019-05-19,23,21,-2
6422,2019-05-19,16,16,0
6423,2019-05-19,6,7,1
6424,2019-05-19,17,17,0
6425,2019-05-19,19,20,1
6426,2019-05-19,33,27,-6
6427,2019-05-19,37,27,-10
6428,2019-05-19,16,16,0
6429,2019-05-19,12,12,0
6432,2019-05-19,45,43,-2
6433,2019-05-19,16,12,-4
6434,2019-05-19,40,31,-9
6435,2019-05-19,27,18,-9
6436,2019-05-19,6,9,3
6501,2019-05-19,89,139,50
6502,2019-05-19,45,54,9
6503,2019-05-19,40,36,-4
6504,2019-05-19,23,23,0
6700,2019-05-19,29,36,7
6701,2019-05-19,41,23,-18
6702,2019-05-19,12,10,-2
6703,2019-05-19,63,66,3
6704,2019-05-19,12,11,-1
6705,2019-05-19,6,13,7
6706,2019-05-19,16,15,-1
6707,2019-05-19,21,16,-5
6708,2019-05-19,35,43,8
6709,2019-05-19,10,19,9
6710,2019-05-19,10,10,0
6711,2019-05-19,11,17,6
6712,2019-05-19,8,9,1
6714,2019-05-19,18,19,1
6715,2019-05-19,25,33,8
6716,2019-05-19,7,10,3
6717,2019-05-19,10,11,1
6718,2019-05-19,11,9,-2
6719,2019-05-19,9,9,0
6720,2019-05-19,15,21,6
6721,2019-05-19,9,14,5
6722,2019-05-19,11,18,7
6723,2019-05-19,6,16,10
6724,2019-05-19,31,37,6
6725,2019-05-19,10,17,7
6726,2019-05-19,12,9,-3
6727,2019-05-19,29,45,16
6728,2019-05-19,10,11,1
6729,2019-05-19,107,98,-9
6730,2019-05-19,12,9,-3
6731,2019-05-19,16,9,-7
6732,2019-05-19,18,27,9
6733,2019-05-19,19,16,-3
6734,2019-05-19,29,40,11
6735,2019-05-19,14,15,1
6736,2019-05-19,12,13,1
6737,2019-05-19,13,9,-4
6738,2019-05-19,15,12,-3
6739,2019-05-19,5,6,1
6741,2019-05-19,6,14,8
6742,2019-05-19,30,26,-4
6743,2019-05-19,18,4,-14
6744,2019-05-19,20,24,4
6745,2019-05-19,13,15,2
6746,2019-05-19,5,11,6
6747,2019-05-19,24,16,-8
6748,2019-05-19,28,40,12
6749,2019-05-19,23,30,7
6750,2019-05-19,19,13,-6
6753,2019-05-19,2,5,3
6754,2019-05-19,13,14,1
6901,2019-05-19,26,33,7
6902,2019-05-19,48,69,21
6903,2019-05-19,80,64,-16
6904,2019-05-19,28,24,-4
6905,2019-05-19,13,15,2
6906,2019-05-19,75,56,-19
6907,2019-05-19,64,47,-17
6908,2019-05-19,32,30,-2
6910,2019-05-19,82,70,-12
6912,2019-05-19,83,65,-18
6913,2019-05-19,29,33,4
6915,2019-05-19,56,61,5
6916,2019-05-19,16,18,2
6917,2019-05-19,3,6,3
6918,2019-05-19,15,15,0
6919,2019-05-19,19,13,-6
6921,2019-05-19,16,23,7
6923,2019-05-19,23,19,-4
6924,2019-05-19,14,8,-6
6925,2019-05-19,22,12,-10
6926,2019-05-19,39,39,0
6927,2019-05-19,26,23,-3
6928,2019-05-19,5,3,-2
6929,2019-05-19,22,13,-9
6930,2019-05-19,3,4,1
7001,2019-05-19,28,32,4
7002,2019-05-19,9,9,0
7003,2019-05-19,55,52,-3
7004,2019-05-19,8,11,3
7005,2019-05-19,6,5,-1
7006,2019-05-19,17,17,0
7008,2019-05-19,10,6,-4
7009,2019-05-19,33,47,14
7010,2019-05-19,11,12,1
7011,2019-05-19,28,50,22
7012,2019-05-19,26,22,-4
7013,2019-05-19,12,12,0
7014,2019-05-19,16,5,-11
7015,2019-05-19,16,19,3
7016,2019-05-19,6,10,4
7017,2019-05-19,25,29,4
7018,2019-05-19,22,27,5
7019,2019-05-19,20,17,-3
7020,2019-05-19,19,20,1
7021,2019-05-19,16,8,-8
7022,2019-05-19,18,16,-2
7023,2019-05-19,3,9,6
7024,2019-05-19,21,11,-10
7025,2019-05-19,25,18,-7
7026,2019-05-19,19,18,-1
7027,2019-05-19,16,15,-1
7028,2019-05-19,17,16,-1
7029,2019-05-19,30,29,-1
7030,2019-05-19,32,32,0
7031,2019-05-19,47,56,9
7032,2019-05-19,89,53,-36
7033,2019-05-19,44,39,-5
7034,2019-05-19,35,51,16
7035,2019-05-19,32,34,2
7036,2019-05-19,29,24,-5
7037,2019-05-19,31,22,-9
7038,2019-05-19,45,50,5
7039,2019-05-19,24,24,0
7040,2019-05-19,36,38,2
7041,2019-05-19,72,78,6
7042,2019-05-19,11,6,-5
7043,2019-05-19,10,12,2
7044,2019-05-19,5,6,1
7045,2019-05-19,61,53,-8
7046,2019-05-19,67,69,2
7047,2019-05-19,80,105,25
7048,2019-05-19,20,18,-2
7051,2019-05-19,7,7,0
7052,2019-05-19,15,21,6
7053,2019-05-19,20,17,-3
7054,2019-05-19,32,29,-3
7055,2019-05-19,8,20,12
7056,2019-05-19,14,13,-1
7057,2019-05-19,29,38,9
7058,2019-05-19,25,32,7
7059,2019-05-19,6,20,14
7060,2019-05-19,23,34,11
7061,2019-05-19,19,17,-2
7062,2019-05-19,23,31,8
7063,2019-05-19,13,17,4
7064,2019-05-19,11,12,1
7065,2019-05-19,21,25,4
7066,2019-05-19,22,52,30
7068,2019-05-19,37,46,9
7069,2019-05-19,47,47,0
7070,2019-05-19,21,30,9
7071,2019-05-19,35,25,-10
7072,2019-05-19,23,18,-5
7073,2019-05-19,23,23,0
7074,2019-05-19,25,27,2
7075,2019-05-19,2,3,1
7076,2019-05-19,47,32,-15
7077,2019-05-19,8,6,-2
7078,2019-05-19,31,23,-8
7080,2019-05-19,30,32,2
7081,2019-05-19,21,27,6
7082,2019-05-19,34,46,12
7083,2019-05-19,53,55,2
7084,2019-05-19,41,41,0
7090,2019-05-19,7,10,3
7091,2019-05-19,4,4,0
7092,2019-05-19,3,3,0
7093,2019-05-19,1,1,0
7094,2019-05-19,2,1,-1
7095,2019-05-19,4,9,5
7096,2019-05-19,16,15,-1
7097,2019-05-19,10,5,-5
7098,2019-05-19,1,1,0
7099,2019-05-19,4,13,9
7101,2019-05-19,8,9,1
7102,2019-05-19,4,6,2
7103,2019-05-19,16,20,4
7104,2019-05-19,15,14,-1
7105,2019-05-19,6,5,-1
7106,2019-05-19,2,5,3
7107,2019-05-19,6,10,4
7108,2019-05-19,22,21,-1
7109,2019-05-19,9,11,2
7110,2019-05-19,16,19,3
7111,2019-05-19,4,3,-1
7112,2019-05-19,10,5,-5
7113,2019-05-19,13,17,4
7114,2019-05-19,47,64,17
7115,2019-05-19,9,7,-2
7116,2019-05-19,6,7,1
7119,2019-05-19,4,6,2
7120,2019-05-19,2,1,-1
7121,2019-05-19,5,4,-1
7122,2019-05-19,3,3,0
7123,2019-05-19,2,0,-2
7124,2019-05-19,7,6,-1
7125,2019-05-19,20,23,3
7126,2019-05-19,3,2,-1
7127,2019-05-19,31,22,-9
7128,2019-05-19,9,4,-5
7129,2019-05-19,2,3,1
7130,2019-05-19,3,7,4
7131,2019-05-19,10,12,2
7132,2019-05-19,1,2,1
7133,2019-05-19,9,7,-2
7134,2019-05-19,2,2,0
7135,2019-05-19,4,2,-2
7137,2019-05-19,7,9,2
7138,2019-05-19,6,6,0
7139,2019-05-19,50,67,17
7140,2019-05-19,21,24,3
7141,2019-05-19,18,12,-6
7142,2019-05-19,6,8,2
7143,2019-05-19,9,10,1
7144,2019-05-19,21,34,13
7145,2019-05-19,13,5,-8
7146,2019-05-19,11,12,1
7147,2019-05-19,16,15,-1
7148,2019-05-19,9,6,-3
7149,2019-05-19,14,8,-6
10002,2019-05-19,62,58,-4
4000,2019-05-20,42,60,18
4001,2019-05-20,6,9,3
4002,2019-05-20,11,16,5
5002,2019-05-20,2,1,-1
5005,2019-05-20,4,3,-1
5006,2019-05-20,6,9,3
5007,2019-05-20,13,15,2
6001,2019-05-20,36,51,15
6002,2019-05-20,35,45,10
6003,2019-05-20,33,47,14
6004,2019-05-20,29,35,6
6005,2019-05-20,35,32,-3
6006,2019-05-20,28,17,-11
6007,2019-05-20,26,25,-1
6008,2019-05-20,31,38,7
6009,2019-05-20,58,47,-11
6011,2019-05-20,31,30,-1
6012,2019-05-20,86,128,42
6013,2019-05-20,41,55,14
6014,2019-05-20,26,38,12
6015,2019-05-20,98,123,25
6016,2019-05-20,10,8,-2
6017,2019-05-20,23,33,10
6018,2019-05-20,45,55,10
6019,2019-05-20,85,65,-20
6020,2019-05-20,42,65,23
6021,2019-05-20,54,48,-6
6022,2019-05-20,29,38,9
6023,2019-05-20,138,170,32
6025,2019-05-20,21,19,-2
6026,2019-05-20,210,307,97
6027,2019-05-20,60,68,8
6029,2019-05-20,16,22,6
6031,2019-05-20,33,29,-4
6032,2019-05-20,40,86,46
6033,2019-05-20,14,10,-4
6034,2019-05-20,25,49,24
6035,2019-05-20,19,26,7
6036,2019-05-20,180,222,42
6037,2019-05-20,54,63,9
6038,2019-05-20,54,49,-5
6039,2019-05-20,52,49,-3
6040,2019-05-20,23,24,1
6041,2019-05-20,12,15,3
6042,2019-05-20,24,26,2
6043,2019-05-20,58,58,0
6044,2019-05-20,47,60,13
6046,2019-05-20,28,17,-11
6047,2019-05-20,34,31,-3
6048,2019-05-20,12,6,-6
6049,2019-05-20,33,26,-7
6050,2019-05-20,20,22,2
6051,2019-05-20,19,25,6
6052,2019-05-20,217,256,39
6053,2019-05-20,89,112,23
6057,2019-05-20,43,34,-9
6058,2019-05-20,39,20,-19
6059,2019-05-20,21,24,3
6060,2019-05-20,28,18,-10
6062,2019-05-20,52,44,-8
6063,2019-05-20,53,51,-2
6064,2019-05-20,84,56,-28
6065,2019-05-20,38,26,-12
6066,2019-05-20,45,6,-39
6067,2019-05-20,32,34,2
6068,2019-05-20,9,9,0
6070,2019-05-20,81,72,-9
6072,2019-05-20,34,19,-15
6073,2019-05-20,117,114,-3
6075,2019-05-20,18,9,-9
6076,2019-05-20,19,16,-3
6079,2019-05-20,64,50,-14
6080,2019-05-20,78,72,-6
6081,2019-05-20,21,17,-4
6082,2019-05-20,15,12,-3
6083,2019-05-20,45,43,-2
6084,2019-05-20,20,15,-5
6085,2019-05-20,60,78,18
6087,2019-05-20,66,95,29
6088,2019-05-20,36,35,-1
6089,2019-05-20,13,14,1
6090,2019-05-20,33,35,2
6091,2019-05-20,42,32,-10
6092,2019-05-20,43,38,-5
6093,2019-05-20,20,18,-2
6094,2019-05-20,32,20,-12
6095,2019-05-20,74,69,-5
6096,2019-05-20,17,32,15
6097,2019-05-20,55,46,-9
6098,2019-05-20,26,15,-11
6099,2019-05-20,44,78,34
6100,2019-05-20,116,114,-2
6101,2019-05-20,23,4,-19
6102,2019-05-20,30,24,-6
6103,2019-05-20,16,18,2
6104,2019-05-20,31,48,17
6105,2019-05-20,28,31,3
6106,2019-05-20,18,22,4
6107,2019-05-20,45,42,-3
6108,2019-05-20,24,33,9
6109,2019-05-20,24,35,11
6110,2019-05-20,36,32,-4
6111,2019-05-20,49,42,-7
6112,2019-05-20,73,92,19
6113,2019-05-20,39,39,0
6114,2019-05-20,123,149,26
6115,2019-05-20,12,15,3
6116,2019-05-20,38,49,11
6118,2019-05-20,43,55,12
6119,2019-05-20,62,71,9
6120,2019-05-20,38,74,36
6121,2019-05-20,24,22,-2
6122,2019-05-20,13,20,7
6123,2019-05-20,20,18,-2
6124,2019-05-20,19,27,8
6125,2019-05-20,6,11,5
6126,2019-05-20,24,27,3
6127,2019-05-20,42,45,3
6128,2019-05-20,15,18,3
6129,2019-05-20,41,33,-8
6130,2019-05-20,24,16,-8
6131,2019-05-20,61,49,-12
6132,2019-05-20,39,35,-4
6133,2019-05-20,39,37,-2
6134,2019-05-20,22,20,-2
6136,2019-05-20,151,123,-28
6137,2019-05-20,61,68,7
6138,2019-05-20,48,43,-5
6139,2019-05-20,40,32,-8
6140,2019-05-20,60,58,-2
6141,2019-05-20,49,52,3
6142,2019-05-20,100,93,-7
6143,2019-05-20,102,105,3
6145,2019-05-20,57,48,-9
6146,2019-05-20,67,62,-5
6147,2019-05-20,62,25,-37
6148,2019-05-20,61,46,-15
6149,2019-05-20,21,26,5
6150,2019-05-20,58,45,-13
6151,2019-05-20,47,55,8
6152,2019-05-20,88,86,-2
6153,2019-05-20,23,26,3
6154,2019-05-20,142,140,-2
6155,2019-05-20,108,99,-9
6156,2019-05-20,46,40,-6
6157,2019-05-20,113,104,-9
6158,2019-05-20,44,42,-2
6159,2019-05-20,9,11,2
6160,2019-05-20,42,33,-9
6161,2019-05-20,42,38,-4
6162,2019-05-20,1,1,0
6163,2019-05-20,91,105,14
6164,2019-05-20,8,11,3
6165,2019-05-20,145,160,15
6166,2019-05-20,76,64,-12
6167,2019-05-20,40,43,3
6168,2019-05-20,24,17,-7
6169,2019-05-20,119,88,-31
6170,2019-05-20,56,59,3
6171,2019-05-20,27,24,-3
6173,2019-05-20,63,40,-23
6174,2019-05-20,78,71,-7
6175,2019-05-20,50,33,-17
6176,2019-05-20,84,76,-8
6177,2019-05-20,73,70,-3
6178,2019-05-20,85,97,12
6180,2019-05-20,20,39,19
6181,2019-05-20,72,65,-7
6182,2019-05-20,67,61,-6
6183,2019-05-20,76,62,-14
6184,2019-05-20,153,138,-15
6185,2019-05-20,17,17,0
6186,2019-05-20,54,41,-13
6187,2019-05-20,73,84,11
6188,2019-05-20,38,27,-11
6189,2019-05-20,21,21,0
6190,2019-05-20,85,51,-34
6191,2019-05-20,50,34,-16
6192,2019-05-20,36,32,-4
6193,2019-05-20,93,100,7
6194,2019-05-20,104,92,-12
6195,2019-05-20,62,39,-23
6196,2019-05-20,67,67,0
6197,2019-05-20,28,35,7
6198,2019-05-20,12,11,-1
6199,2019-05-20,51,36,-15
6200,2019-05-20,53,46,-7
6201,2019-05-20,67,50,-17
6202,2019-05-20,64,60,-4
6203,2019-05-20,56,51,-5
6204,2019-05-20,83,74,-9
6205,2019-05-20,61,64,3
6206,2019-05-20,96,108,12
6207,2019-05-20,27,25,-2
6208,2019-05-20,32,40,8
6209,2019-05-20,79,65,-14
6210,2019-05-20,19,9,-10
6211,2019-05-20,105,96,-9
6212,2019-05-20,78,66,-12
6213,2019-05-20,80,78,-2
6215,2019-05-20,46,35,-11
6216,2019-05-20,135,98,-37
6217,2019-05-20,72,39,-33
6218,2019-05-20,25,34,9
6219,2019-05-20,39,42,3
6220,2019-05-20,89,82,-7
6221,2019-05-20,105,99,-6
6222,2019-05-20,44,44,0
6223,2019-05-20,83,79,-4
6224,2019-05-20,49,54,5
6225,2019-05-20,64,54,-10
6226,2019-05-20,11,12,1
6227,2019-05-20,102,117,15
6228,2019-05-20,25,16,-9
6229,2019-05-20,45,37,-8
6230,2019-05-20,86,74,-12
6231,2019-05-20,86,80,-6
6232,2019-05-20,23,10,-13
6233,2019-05-20,75,79,4
6234,2019-05-20,41,37,-4
6235,2019-05-20,27,30,3
6236,2019-05-20,45,41,-4
6237,2019-05-20,37,35,-2
6240,2019-05-20,16,14,-2
6241,2019-05-20,24,24,0
6243,2019-05-20,55,59,4
6245,2019-05-20,31,32,1
6246,2019-05-20,49,38,-11
6247,2019-05-20,87,83,-4
6248,2019-05-20,108,86,-22
6249,2019-05-20,62,52,-10
6250,2019-05-20,114,102,-12
6251,2019-05-20,23,22,-1
6252,2019-05-20,40,32,-8
6253,2019-05-20,22,26,4
6254,2019-05-20,47,44,-3
6255,2019-05-20,59,69,10
6257,2019-05-20,21,20,-1
6258,2019-05-20,61,51,-10
6259,2019-05-20,35,25,-10
6260,2019-05-20,38,34,-4
6261,2019-05-20,32,29,-3
6262,2019-05-20,29,20,-9
6263,2019-05-20,17,20,3
6264,2019-05-20,21,23,2
6265,2019-05-20,34,34,0
6266,2019-05-20,16,15,-1
6267,2019-05-20,46,37,-9
6268,2019-05-20,38,33,-5
6269,2019-05-20,19,33,14
6270,2019-05-20,28,22,-6
6272,2019-05-20,30,29,-1
6273,2019-05-20,25,25,0
6274,2019-05-20,35,27,-8
6275,2019-05-20,27,26,-1
6276,2019-05-20,19,23,4
6277,2019-05-20,30,23,-7
6278,2019-05-20,22,19,-3
6279,2019-05-20,19,14,-5
6280,2019-05-20,44,47,3
6281,2019-05-20,22,30,8
6301,2019-05-20,14,11,-3
6302,2019-05-20,17,12,-5
6303,2019-05-20,14,5,-9
6304,2019-05-20,6,4,-2
6305,2019-05-20,15,8,-7
6306,2019-05-20,36,16,-20
6307,2019-05-20,65,62,-3
6309,2019-05-20,8,6,-2
6310,2019-05-20,23,14,-9
6311,2019-05-20,27,20,-7
6312,2019-05-20,11,21,10
6313,2019-05-20,43,54,11
6314,2019-05-20,41,34,-7
6315,2019-05-20,57,37,-20
6316,2019-05-20,30,16,-14
6321,2019-05-20,81,74,-7
6322,2019-05-20,14,25,11
6323,2019-05-20,6,6,0
6324,2019-05-20,16,24,8
6327,2019-05-20,23,22,-1
6328,2019-05-20,36,36,0
6329,2019-05-20,23,24,1
6330,2019-05-20,23,26,3
6331,2019-05-20,18,12,-6
6332,2019-05-20,14,16,2
6333,2019-05-20,9,18,9
6334,2019-05-20,50,43,-7
6335,2019-05-20,21,14,-7
6336,2019-05-20,21,25,4
6338,2019-05-20,1,1,0
6339,2019-05-20,18,18,0
6340,2019-05-20,24,17,-7
6341,2019-05-20,28,33,5
6343,2019-05-20,22,23,1
6344,2019-05-20,37,43,6
6345,2019-05-20,11,12,1
6346,2019-05-20,12,14,2
6347,2019-05-20,9,10,1
6349,2019-05-20,28,23,-5
6350,2019-05-20,27,22,-5
6354,2019-05-20,27,17,-10
6355,2019-05-20,18,19,1
6356,2019-05-20,29,20,-9
6357,2019-05-20,12,12,0
6358,2019-05-20,12,15,3
6359,2019-05-20,65,58,-7
6360,2019-05-20,23,25,2
6361,2019-05-20,27,31,4
6362,2019-05-20,28,21,-7
6363,2019-05-20,14,14,0
6364,2019-05-20,35,29,-6
6366,2019-05-20,13,20,7
6367,2019-05-20,18,20,2
6368,2019-05-20,49,53,4
6369,2019-05-20,17,25,8
6370,2019-05-20,27,21,-6
6371,2019-05-20,58,56,-2
6372,2019-05-20,69,58,-11
6373,2019-05-20,16,15,-1
6374,2019-05-20,22,20,-2
6375,2019-05-20,36,49,13
6376,2019-05-20,28,19,-9
6377,2019-05-20,20,29,9
6379,2019-05-20,22,18,-4
6380,2019-05-20,13,8,-5
6381,2019-05-20,41,46,5
6383,2019-05-20,14,15,1
6384,2019-05-20,18,16,-2
6385,2019-05-20,32,36,4
6386,2019-05-20,31,38,7
6387,2019-05-20,45,48,3
6388,2019-05-20,21,18,-3
6389,2019-05-20,39,39,0
6391,2019-05-20,47,74,27
6393,2019-05-20,40,55,15
6394,2019-05-20,58,90,32
6395,2019-05-20,36,39,3
6396,2019-05-20,41,50,9
6397,2019-05-20,45,38,-7
6398,2019-05-20,23,30,7
6401,2019-05-20,32,39,7
6402,2019-05-20,47,55,8
6403,2019-05-20,21,32,11
6404,2019-05-20,5,11,6
6405,2019-05-20,56,78,22
6406,2019-05-20,178,237,59
6407,2019-05-20,8,9,1
6408,2019-05-20,23,20,-3
6409,2019-05-20,2,3,1
6410,2019-05-20,15,12,-3
6411,2019-05-20,82,70,-12
6412,2019-05-20,5,7,2
6413,2019-05-20,5,6,1
6414,2019-05-20,10,16,6
6415,2019-05-20,18,12,-6
6416,2019-05-20,10,9,-1
6417,2019-05-20,11,15,4
6418,2019-05-20,9,6,-3
6419,2019-05-20,13,9,-4
6420,2019-05-20,22,19,-3
6421,2019-05-20,22,14,-8
6422,2019-05-20,8,10,2
6423,2019-05-20,14,7,-7
6424,2019-05-20,14,27,13
6425,2019-05-20,30,31,1
6426,2019-05-20,29,37,8
6427,2019-05-20,51,52,1
6428,2019-05-20,20,21,1
6429,2019-05-20,29,28,-1
6432,2019-05-20,43,40,-3
6433,2019-05-20,20,18,-2
6434,2019-05-20,44,49,5
6435,2019-05-20,27,34,7
6436,2019-05-20,12,12,0
6501,2019-05-20,58,77,19
6502,2019-05-20,39,34,-5
6503,2019-05-20,33,26,-7
6504,2019-05-20,22,43,21
6700,2019-05-20,12,18,6
6701,2019-05-20,28,18,-10
6702,2019-05-20,11,13,2
6703,2019-05-20,67,68,1
6704,2019-05-20,18,9,-9
6705,2019-05-20,13,12,-1
6706,2019-05-20,13,13,0
6707,2019-05-20,18,11,-7
6708,2019-05-20,53,65,12
6709,2019-05-20,22,22,0
6710,2019-05-20,5,11,6
6711,2019-05-20,7,10,3
6712,2019-05-20,25,25,0
6714,2019-05-20,19,21,2
6715,2019-05-20,24,16,-8
6716,2019-05-20,4,3,-1
6717,2019-05-20,12,14,2
6718,2019-05-20,11,17,6
6719,2019-05-20,19,17,-2
6720,2019-05-20,27,25,-2
6721,2019-05-20,10,12,2
6722,2019-05-20,11,14,3
6723,2019-05-20,7,16,9
6724,2019-05-20,61,72,11
6725,2019-05-20,30,31,1
6726,2019-05-20,7,8,1
6727,2019-05-20,35,51,16
6728,2019-05-20,11,11,0
6729,2019-05-20,94,117,23
6730,2019-05-20,10,9,-1
6731,2019-05-20,21,13,-8
6732,2019-05-20,21,27,6
6733,2019-05-20,32,27,-5
6734,2019-05-20,42,42,0
6735,2019-05-20,8,7,-1
6736,2019-05-20,14,11,-3
6737,2019-05-20,8,9,1
6738,2019-05-20,19,13,-6
6739,2019-05-20,5,3,-2
6741,2019-05-20,13,7,-6
6742,2019-05-20,40,43,3
6743,2019-05-20,23,13,-10
6744,2019-05-20,9,14,5
6745,2019-05-20,7,14,7
6746,2019-05-20,10,6,-4
6747,2019-05-20,22,29,7
6748,2019-05-20,33,48,15
6749,2019-05-20,35,35,0
6750,2019-05-20,31,25,-6
6753,2019-05-20,9,4,-5
6754,2019-05-20,9,10,1
6901,2019-05-20,37,38,1
6902,2019-05-20,57,65,8
6903,2019-05-20,53,48,-5
6904,2019-05-20,24,31,7
6905,2019-05-20,20,17,-3
6906,2019-05-20,65,48,-17
6907,2019-05-20,78,66,-12
6908,2019-05-20,45,30,-15
6910,2019-05-20,83,82,-1
6912,2019-05-20,71,59,-12
6913,2019-05-20,45,31,-14
6915,2019-05-20,63,48,-15
6916,2019-05-20,13,12,-1
6917,2019-05-20,13,16,3
6918,2019-05-20,19,14,-5
6919,2019-05-20,7,4,-3
6921,2019-05-20,32,38,6
6923,2019-05-20,34,25,-9
6924,2019-05-20,9,14,5
6925,2019-05-20,12,19,7
6926,2019-05-20,48,48,0
6927,2019-05-20,36,19,-17
6928,2019-05-20,18,3,-15
6929,2019-05-20,18,19,1
6930,2019-05-20,7,7,0
7001,2019-05-20,29,20,-9
7002,2019-05-20,4,11,7
7003,2019-05-20,55,43,-12
7004,2019-05-20,12,10,-2
7005,2019-05-20,7,8,1
7006,2019-05-20,9,14,5
7008,2019-05-20,12,20,8
7009,2019-05-20,51,82,31
7010,2019-05-20,9,10,1
7011,2019-05-20,46,42,-4
7012,2019-05-20,24,22,-2
7013,2019-05-20,19,16,-3
7014,2019-05-20,33,18,-15
7015,2019-05-20,54,48,-6
7016,2019-05-20,6,7,1
7017,2019-05-20,28,28,0
7018,2019-05-20,14,20,6
7019,2019-05-20,16,14,-2
7020,2019-05-20,23,19,-4
7021,2019-05-20,17,20,3
7022,2019-05-20,31,39,8
7023,2019-05-20,2,3,1
7024,2019-05-20,16,10,-6
7025,2019-05-20,24,9,-15
7026,2019-05-20,20,20,0
7027,2019-05-20,27,22,-5
7028,2019-05-20,46,39,-7
7029,2019-05-20,35,37,2
7030,2019-05-20,37,39,2
7031,2019-05-20,45,41,-4
7032,2019-05-20,70,44,-26
7033,2019-05-20,50,44,-6
7034,2019-05-20,22,60,38
7035,2019-05-20,24,23,-1
7036,2019-05-20,31,33,2
7037,2019-05-20,38,26,-12
7038,2019-05-20,27,41,14
7039,2019-05-20,26,30,4
7040,2019-05-20,42,42,0
7041,2019-05-20,61,79,18
7042,2019-05-20,14,12,-2
7043,2019-05-20,13,15,2
7044,2019-05-20,5,8,3
7045,2019-05-20,60,65,5
7046,2019-05-20,67,80,13
7047,2019-05-20,110,117,7
7048,2019-05-20,32,32,0
7051,2019-05-20,6,13,7
7052,2019-05-20,19,13,-6
7053,2019-05-20,41,45,4
7054,2019-05-20,68,74,6
7055,2019-05-20,21,35,14
7056,2019-05-20,10,17,7
7057,2019-05-20,49,52,3
7058,2019-05-20,26,35,9
7059,2019-05-20,19,13,-6
7060,2019-05-20,18,17,-1
7061,2019-05-20,24,22,-2
7062,2019-05-20,28,33,5
7063,2019-05-20,22,22,0
7064,2019-05-20,7,4,-3
7065,2019-05-20,29,27,-2
7066,2019-05-20,47,52,5
7068,2019-05-20,84,85,1
7069,2019-05-20,44,46,2
7070,2019-05-20,27,34,7
7071,2019-05-20,37,27,-10
7072,2019-05-20,27,12,-15
7073,2019-05-20,30,30,0
7074,2019-05-20,24,30,6
7075,2019-05-20,3,4,1
7076,2019-05-20,53,37,-16
7077,2019-05-20,25,24,-1
7078,2019-05-20,22,29,7
7079,2019-05-20,2,5,3
7080,2019-05-20,31,43,12
7081,2019-05-20,24,35,11
7082,2019-05-20,47,62,15
7083,2019-05-20,33,34,1
7084,2019-05-20,43,43,0
7090,2019-05-20,15,14,-1
7091,2019-05-20,10,11,1
7092,2019-05-20,1,3,2
7093,2019-05-20,3,2,-1
7095,2019-05-20,1,6,5
7096,2019-05-20,11,12,1
7097,2019-05-20,4,6,2
7098,2019-05-20,3,0,-3
7099,2019-05-20,5,5,0
7100,2019-05-20,6,6,0
7101,2019-05-20,8,7,-1
7102,2019-05-20,11,16,5
7103,2019-05-20,30,38,8
7104,2019-05-20,2,1,-1
7105,2019-05-20,27,31,4
7106,2019-05-20,7,8,1
7107,2019-05-20,8,4,-4
7108,2019-05-20,16,16,0
7109,2019-05-20,18,20,2
7110,2019-05-20,24,22,-2
7111,2019-05-20,7,5,-2
7112,2019-05-20,20,12,-8
7113,2019-05-20,18,22,4
7114,2019-05-20,88,94,6
7115,2019-05-20,7,8,1
7116,2019-05-20,5,4,-1
7117,2019-05-20,3,4,1
7119,2019-05-20,21,18,-3
7120,2019-05-20,6,9,3
7121,2019-05-20,2,4,2
7122,2019-05-20,4,4,0
7123,2019-05-20,1,1,0
7124,2019-05-20,4,12,8
7125,2019-05-20,34,36,2
7126,2019-05-20,4,2,-2
7127,2019-05-20,15,16,1
7128,2019-05-20,9,9,0
7129,2019-05-20,1,7,6
7130,2019-05-20,11,3,-8
7131,2019-05-20,6,4,-2
7132,2019-05-20,3,3,0
7133,2019-05-20,4,9,5
7134,2019-05-20,8,5,-3
7135,2019-05-20,5,6,1
7136,2019-05-20,5,6,1
7137,2019-05-20,1,3,2
7138,2019-05-20,5,5,0
7139,2019-05-20,61,69,8
7140,2019-05-20,11,15,4
7141,2019-05-20,29,34,5
7142,2019-05-20,12,13,1
7143,2019-05-20,22,24,2
7144,2019-05-20,26,29,3
7145,2019-05-20,7,5,-2
7146,2019-05-20,9,8,-1
7147,2019-05-20,17,21,4
7148,2019-05-20,8,4,-4
7149,2019-05-20,6,8,2
10002,2019-05-20,69,68,-1
4000,2019-05-21,47,56,9
4001,2019-05-21,9,4,-5
4002,2019-05-21,11,20,9
5005,2019-05-21,1,2,1
5006,2019-05-21,5,8,3
5007,2019-05-21,14,13,-1
6001,2019-05-21,42,77,35
6002,2019-05-21,41,54,13
6003,2019-05-21,56,86,30
6004,2019-05-21,48,49,1
6005,2019-05-21,78,109,31
6006,2019-05-21,39,30,-9
6007,2019-05-21,44,46,2
6008,2019-05-21,48,82,34
6009,2019-05-21,46,45,-1
6011,2019-05-21,58,78,20
6012,2019-05-21,128,205,77
6013,2019-05-21,72,91,19
6014,2019-05-21,46,50,4
6015,2019-05-21,139,234,95
6016,2019-05-21,11,17,6
6017,2019-05-21,47,61,14
6018,2019-05-21,39,63,24
6019,2019-05-21,147,110,-37
6020,2019-05-21,49,85,36
6021,2019-05-21,95,68,-27
6022,2019-05-21,48,49,1
6023,2019-05-21,111,129,18
6025,2019-05-21,36,37,1
6026,2019-05-21,81,115,34
6027,2019-05-21,142,119,-23
6029,2019-05-21,15,25,10
6031,2019-05-21,34,35,1
6032,2019-05-21,41,126,85
6033,2019-05-21,22,19,-3
6034,2019-05-21,44,71,27
6035,2019-05-21,25,47,22
6036,2019-05-21,98,120,22
6037,2019-05-21,41,39,-2
6038,2019-05-21,91,109,18
6039,2019-05-21,69,83,14
6040,2019-05-21,44,43,-1
6041,2019-05-21,65,66,1
6042,2019-05-21,71,71,0
6043,2019-05-21,167,302,135
6044,2019-05-21,77,80,3
6046,2019-05-21,113,101,-12
6047,2019-05-21,78,64,-14
6048,2019-05-21,35,44,9
6049,2019-05-21,93,97,4
6050,2019-05-21,32,43,11
6051,2019-05-21,36,29,-7
6052,2019-05-21,136,201,65
6053,2019-05-21,140,145,5
6057,2019-05-21,73,64,-9
6058,2019-05-21,68,62,-6
6059,2019-05-21,65,60,-5
6060,2019-05-21,27,21,-6
6062,2019-05-21,54,45,-9
6063,2019-05-21,71,66,-5
6064,2019-05-21,187,175,-12
6065,2019-05-21,52,45,-7
6066,2019-05-21,32,6,-26
6067,2019-05-21,49,51,2
6068,2019-05-21,12,11,-1
6070,2019-05-21,195,138,-57
6072,2019-05-21,82,80,-2
6073,2019-05-21,187,197,10
6075,2019-05-21,28,10,-18
6076,2019-05-21,20,28,8
6079,2019-05-21,64,55,-9
6080,2019-05-21,122,118,-4
6081,2019-05-21,43,34,-9
6082,2019-05-21,12,8,-4
6083,2019-05-21,146,167,21
6084,2019-05-21,53,58,5
6085,2019-05-21,88,134,46
6087,2019-05-21,112,128,16
6088,2019-05-21,43,67,24
6089,2019-05-21,52,49,-3
6090,2019-05-21,44,44,0
6091,2019-05-21,49,32,-17
6092,2019-05-21,58,56,-2
6093,2019-05-21,31,23,-8
6094,2019-05-21,46,50,4
6095,2019-05-21,78,72,-6
6096,2019-05-21,44,52,8
6097,2019-05-21,66,46,-20
6098,2019-05-21,29,24,-5
6099,2019-05-21,88,95,7
6100,2019-05-21,218,204,-14
6101,2019-05-21,52,17,-35
6102,2019-05-21,33,24,-9
6103,2019-05-21,14,19,5
6104,2019-05-21,82,101,19
6105,2019-05-21,47,71,24
6106,2019-05-21,28,35,7
6107,2019-05-21,44,51,7
6108,2019-05-21,44,59,15
6109,2019-05-21,2,2,0
6110,2019-05-21,26,34,8
6111,2019-05-21,27,40,13
6112,2019-05-21,87,89,2
6113,2019-05-21,60,58,-2
6114,2019-05-21,138,171,33
6115,2019-05-21,26,25,-1
6116,2019-05-21,56,61,5
6118,2019-05-21,56,86,30
6119,2019-05-21,71,83,12
6120,2019-05-21,48,66,18
6121,2019-05-21,18,39,21
6122,2019-05-21,18,17,-1
6123,2019-05-21,21,28,7
6124,2019-05-21,37,51,14
6125,2019-05-21,18,18,0
6126,2019-05-21,31,42,11
6127,2019-05-21,47,28,-19
6128,2019-05-21,14,12,-2
6129,2019-05-21,59,41,-18
6130,2019-05-21,36,21,-15
6131,2019-05-21,63,47,-16
6132,2019-05-21,55,71,16
6133,2019-05-21,52,36,-16
6134,2019-05-21,42,35,-7
6136,2019-05-21,272,185,-87
6137,2019-05-21,81,72,-9
6138,2019-05-21,79,77,-2
6139,2019-05-21,49,43,-6
6140,2019-05-21,63,71,8
6141,2019-05-21,42,41,-1
6142,2019-05-21,66,47,-19
6143,2019-05-21,94,88,-6
6145,2019-05-21,40,43,3
6146,2019-05-21,53,32,-21
6147,2019-05-21,88,61,-27
6148,2019-05-21,97,70,-27
6149,2019-05-21,43,36,-7
6150,2019-05-21,59,58,-1
6151,2019-05-21,71,69,-2
6152,2019-05-21,90,80,-10
6153,2019-05-21,46,49,3
6154,2019-05-21,143,138,-5
6155,2019-05-21,105,100,-5
6156,2019-05-21,58,57,-1
6157,2019-05-21,79,74,-5
6158,2019-05-21,64,59,-5
6159,2019-05-21,12,13,1
6160,2019-05-21,52,48,-4
6161,2019-05-21,37,40,3
6162,2019-05-21,5,7,2
6163,2019-05-21,94,101,7
6165,2019-05-21,97,134,37
6166,2019-05-21,63,67,4
6167,2019-05-21,35,37,2
6168,2019-05-21,50,40,-10
6169,2019-05-21,107,104,-3
6170,2019-05-21,37,34,-3
6171,2019-05-21,32,33,1
6173,2019-05-21,78,53,-25
6174,2019-05-21,78,74,-4
6175,2019-05-21,81,38,-43
6176,2019-05-21,65,58,-7
6177,2019-05-21,81,61,-20
6178,2019-05-21,92,71,-21
6180,2019-05-21,50,53,3
6181,2019-05-21,107,57,-50
6182,2019-05-21,55,51,-4
6183,2019-05-21,69,58,-11
6184,2019-05-21,169,180,11
6185,2019-05-21,22,18,-4
6186,2019-05-21,80,59,-21
6187,2019-05-21,85,91,6
6188,2019-05-21,47,39,-8
6189,2019-05-21,17,28,11
6190,2019-05-21,123,73,-50
6191,2019-05-21,46,47,1
6192,2019-05-21,48,37,-11
6193,2019-05-21,115,105,-10
6194,2019-05-21,135,129,-6
6195,2019-05-21,78,56,-22
6196,2019-05-21,95,73,-22
6197,2019-05-21,42,38,-4
6198,2019-05-21,27,14,-13
6199,2019-05-21,106,63,-43
6200,2019-05-21,79,76,-3
6201,2019-05-21,71,64,-7
6202,2019-05-21,98,82,-16
6203,2019-05-21,109,110,1
6204,2019-05-21,71,92,21
6205,2019-05-21,94,88,-6
6206,2019-05-21,101,99,-2
6207,2019-05-21,36,38,2
6208,2019-05-21,50,55,5
6209,2019-05-21,106,72,-34
6210,2019-05-21,46,31,-15
6211,2019-05-21,118,117,-1
6212,2019-05-21,70,41,-29
6213,2019-05-21,94,91,-3
6215,2019-05-21,58,61,3
6216,2019-05-21,91,52,-39
6217,2019-05-21,85,57,-28
6218,2019-05-21,61,44,-17
6219,2019-05-21,57,54,-3
6220,2019-05-21,116,102,-14
6221,2019-05-21,161,130,-31
6222,2019-05-21,48,39,-9
6223,2019-05-21,66,35,-31
6224,2019-05-21,65,44,-21
6225,2019-05-21,65,43,-22
6226,2019-05-21,27,16,-11
6227,2019-05-21,120,118,-2
6228,2019-05-21,36,33,-3
6229,2019-05-21,57,42,-15
6230,2019-05-21,74,58,-16
6231,2019-05-21,78,80,2
6232,2019-05-21,26,14,-12
6233,2019-05-21,99,75,-24
6234,2019-05-21,46,42,-4
6235,2019-05-21,59,50,-9
6236,2019-05-21,59,56,-3
6237,2019-05-21,57,56,-1
6240,2019-05-21,13,17,4
6241,2019-05-21,30,22,-8
6243,2019-05-21,63,60,-3
6245,2019-05-21,37,24,-13
6246,2019-05-21,52,50,-2
6247,2019-05-21,100,76,-24
6248,2019-05-21,140,114,-26
6249,2019-05-21,35,38,3
6250,2019-05-21,49,61,12
6251,2019-05-21,18,20,2
6252,2019-05-21,36,27,-9
6253,2019-05-21,45,31,-14
6254,2019-05-21,54,51,-3
6255,2019-05-21,69,72,3
6257,2019-05-21,30,33,3
6258,2019-05-21,68,51,-17
6259,2019-05-21,38,32,-6
6260,2019-05-21,44,41,-3
6261,2019-05-21,42,41,-1
6262,2019-05-21,27,31,4
6263,2019-05-21,18,15,-3
6264,2019-05-21,34,27,-7
6265,2019-05-21,49,53,4
6266,2019-05-21,27,18,-9
6267,2019-05-21,40,40,0
6268,2019-05-21,40,40,0
6269,2019-05-21,18,22,4
6270,2019-05-21,36,33,-3
6272,2019-05-21,30,22,-8
6273,2019-05-21,33,24,-9
6274,2019-05-21,28,41,13
6275,2019-05-21,41,43,2
6276,2019-05-21,22,25,3
6277,2019-05-21,54,51,-3
6278,2019-05-21,21,18,-3
6279,2019-05-21,18,20,2
6280,2019-05-21,64,63,-1
6281,2019-05-21,30,20,-10
6301,2019-05-21,22,16,-6
6302,2019-05-21,13,9,-4
6303,2019-05-21,20,13,-7
6304,2019-05-21,8,8,0
6305,2019-05-21,15,14,-1
6306,2019-05-21,56,26,-30
6307,2019-05-21,60,66,6
6309,2019-05-21,24,25,1
6310,2019-05-21,60,23,-37
6311,2019-05-21,38,36,-2
6312,2019-05-21,17,21,4
6313,2019-05-21,32,49,17
6314,2019-05-21,64,50,-14
6315,2019-05-21,60,39,-21
6316,2019-05-21,38,16,-22
6321,2019-05-21,67,54,-13
6322,2019-05-21,19,22,3
6323,2019-05-21,15,15,0
6324,2019-05-21,20,28,8
6327,2019-05-21,29,18,-11
6328,2019-05-21,21,19,-2
6329,2019-05-21,22,19,-3
6330,2019-05-21,20,25,5
6331,2019-05-21,18,12,-6
6332,2019-05-21,30,39,9
6333,2019-05-21,20,28,8
6334,2019-05-21,63,73,10
6335,2019-05-21,18,2,-16
6336,2019-05-21,39,33,-6
6339,2019-05-21,25,30,5
6340,2019-05-21,27,28,1
6341,2019-05-21,35,42,7
6343,2019-05-21,27,31,4
6344,2019-05-21,47,39,-8
6345,2019-05-21,16,13,-3
6346,2019-05-21,22,13,-9
6347,2019-05-21,24,22,-2
6349,2019-05-21,23,22,-1
6350,2019-05-21,39,42,3
6354,2019-05-21,30,26,-4
6355,2019-05-21,23,34,11
6356,2019-05-21,30,18,-12
6357,2019-05-21,10,10,0
6358,2019-05-21,24,25,1
6359,2019-05-21,72,84,12
6360,2019-05-21,23,26,3
6361,2019-05-21,34,32,-2
6362,2019-05-21,28,31,3
6363,2019-05-21,21,17,-4
6364,2019-05-21,34,45,11
6366,2019-05-21,20,10,-10
6367,2019-05-21,20,22,2
6368,2019-05-21,55,58,3
6369,2019-05-21,26,33,7
6370,2019-05-21,29,36,7
6371,2019-05-21,45,48,3
6372,2019-05-21,57,67,10
6373,2019-05-21,39,33,-6
6374,2019-05-21,41,39,-2
6375,2019-05-21,71,69,-2
6376,2019-05-21,9,2,-7
6377,2019-05-21,29,33,4
6379,2019-05-21,28,31,3
6380,2019-05-21,16,22,6
6381,2019-05-21,51,52,1
6383,2019-05-21,28,24,-4
6384,2019-05-21,17,16,-1
6385,2019-05-21,55,68,13
6386,2019-05-21,44,52,8
6387,2019-05-21,52,71,19
6388,2019-05-21,25,24,-1
6389,2019-05-21,45,36,-9
6391,2019-05-21,44,67,23
6393,2019-05-21,45,53,8
6394,2019-05-21,61,79,18
6395,2019-05-21,42,52,10
6396,2019-05-21,77,60,-17
6397,2019-05-21,39,57,18
6398,2019-05-21,20,27,7
6401,2019-05-21,57,64,7
6402,2019-05-21,31,37,6
6403,2019-05-21,25,40,15
6404,2019-05-21,16,32,16
6405,2019-05-21,32,69,37
6406,2019-05-21,78,76,-2
6408,2019-05-21,50,55,5
6410,2019-05-21,39,35,-4
6411,2019-05-21,113,104,-9
6412,2019-05-21,16,21,5
6413,2019-05-21,29,19,-10
6414,2019-05-21,11,23,12
6415,2019-05-21,14,25,11
6416,2019-05-21,19,12,-7
6417,2019-05-21,15,23,8
6418,2019-05-21,2,4,2
6419,2019-05-21,6,8,2
6420,2019-05-21,21,19,-2
6421,2019-05-21,36,33,-3
6422,2019-05-21,15,10,-5
6423,2019-05-21,24,12,-12
6424,2019-05-21,49,62,13
6425,2019-05-21,25,31,6
6426,2019-05-21,59,64,5
6427,2019-05-21,44,59,15
6428,2019-05-21,14,12,-2
6429,2019-05-21,24,35,11
6432,2019-05-21,65,64,-1
6433,2019-05-21,23,24,1
6434,2019-05-21,61,63,2
6435,2019-05-21,37,29,-8
6436,2019-05-21,24,26,2
6501,2019-05-21,14,21,7
6502,2019-05-21,10,8,-2
6503,2019-05-21,61,47,-14
6504,2019-05-21,2,2,0
6700,2019-05-21,7,23,16
6701,2019-05-21,58,42,-16
6702,2019-05-21,9,19,10
6703,2019-05-21,33,33,0
6704,2019-05-21,29,26,-3
6705,2019-05-21,17,21,4
6706,2019-05-21,22,23,1
6707,2019-05-21,20,31,11
6708,2019-05-21,53,88,35
6709,2019-05-21,21,19,-2
6710,2019-05-21,14,16,2
6711,2019-05-21,19,17,-2
6712,2019-05-21,8,11,3
6714,2019-05-21,3,1,-2
6715,2019-05-21,13,16,3
6716,2019-05-21,5,9,4
6717,2019-05-21,11,10,-1
6718,2019-05-21,19,21,2
6719,2019-05-21,18,23,5
6720,2019-05-21,26,35,9
6721,2019-05-21,14,13,-1
6722,2019-05-21,12,16,4
6723,2019-05-21,24,24,0
6724,2019-05-21,40,50,10
6725,2019-05-21,22,19,-3
6726,2019-05-21,13,9,-4
6727,2019-05-21,74,92,18
6728,2019-05-21,7,9,2
6729,2019-05-21,88,92,4
6730,2019-05-21,9,11,2
6731,2019-05-21,15,6,-9
6732,2019-05-21,25,36,11
6733,2019-05-21,21,19,-2
6734,2019-05-21,43,42,-1
6735,2019-05-21,8,10,2
6736,2019-05-21,8,11,3
6737,2019-05-21,8,17,9
6738,2019-05-21,85,73,-12
6739,2019-05-21,5,8,3
6741,2019-05-21,15,19,4
6742,2019-05-21,54,54,0
6743,2019-05-21,23,28,5
6744,2019-05-21,21,19,-2
6745,2019-05-21,19,16,-3
6746,2019-05-21,14,9,-5
6747,2019-05-21,30,36,6
6748,2019-05-21,66,90,24
6749,2019-05-21,38,39,1
6750,2019-05-21,49,39,-10
6753,2019-05-21,18,20,2
6754,2019-05-21,13,11,-2
6901,2019-05-21,38,52,14
6902,2019-05-21,76,78,2
6903,2019-05-21,90,76,-14
6904,2019-05-21,34,34,0
6905,2019-05-21,32,30,-2
6906,2019-05-21,148,84,-64
6907,2019-05-21,82,56,-26
6908,2019-05-21,47,46,-1
6910,2019-05-21,81,65,-16
6912,2019-05-21,141,111,-30
6913,2019-05-21,31,37,6
6915,2019-05-21,70,57,-13
6916,2019-05-21,31,28,-3
6917,2019-05-21,11,14,3
6918,2019-05-21,22,15,-7
6919,2019-05-21,29,30,1
6921,2019-05-21,64,77,13
6923,2019-05-21,46,43,-3
6924,2019-05-21,25,25,0
6925,2019-05-21,31,35,4
6926,2019-05-21,51,58,7
6927,2019-05-21,59,33,-26
6928,2019-05-21,47,13,-34
6929,2019-05-21,29,18,-11
6930,2019-05-21,18,16,-2
7001,2019-05-21,38,34,-4
7002,2019-05-21,11,16,5
7003,2019-05-21,104,76,-28
7004,2019-05-21,13,16,3
7005,2019-05-21,6,11,5
7006,2019-05-21,18,20,2
7008,2019-05-21,20,24,4
7009,2019-05-21,54,75,21
7010,2019-05-21,15,11,-4
7011,2019-05-21,41,52,11
7012,2019-05-21,19,28,9
7013,2019-05-21,19,25,6
7014,2019-05-21,62,31,-31
7015,2019-05-21,6,8,2
7016,2019-05-21,10,13,3
7017,2019-05-21,31,37,6
7018,2019-05-21,18,27,9
7019,2019-05-21,122,118,-4
7020,2019-05-21,15,19,4
7021,2019-05-21,30,33,3
7022,2019-05-21,45,28,-17
7023,2019-05-21,7,4,-3
7024,2019-05-21,34,16,-18
7025,2019-05-21,42,33,-9
7026,2019-05-21,48,49,1
7027,2019-05-21,39,35,-4
7028,2019-05-21,66,65,-1
7029,2019-05-21,33,31,-2
7030,2019-05-21,37,42,5
7031,2019-05-21,48,52,4
7032,2019-05-21,102,79,-23
7033,2019-05-21,65,62,-3
7034,2019-05-21,17,29,12
7035,2019-05-21,35,35,0
7036,2019-05-21,47,41,-6
7037,2019-05-21,36,38,2
7038,2019-05-21,50,52,2
7039,2019-05-21,21,26,5
7040,2019-05-21,58,79,21
7041,2019-05-21,105,96,-9
7042,2019-05-21,30,28,-2
7043,2019-05-21,19,12,-7
7044,2019-05-21,10,11,1
7045,2019-05-21,32,29,-3
7046,2019-05-21,136,129,-7
7047,2019-05-21,104,156,52
7048,2019-05-21,12,18,6
7051,2019-05-21,4,9,5
7052,2019-05-21,50,55,5
7053,2019-05-21,23,24,1
7054,2019-05-21,21,39,18
7055,2019-05-21,14,22,8
7056,2019-05-21,12,22,10
7057,2019-05-21,39,37,-2
7058,2019-05-21,29,19,-10
7059,2019-05-21,23,24,1
7060,2019-05-21,36,34,-2
7061,2019-05-21,24,22,-2
7062,2019-05-21,41,45,4
7063,2019-05-21,19,20,1
7064,2019-05-21,18,22,4
7065,2019-05-21,39,29,-10
7066,2019-05-21,51,89,38
7068,2019-05-21,53,55,2
7069,2019-05-21,58,60,2
7070,2019-05-21,62,61,-1
7071,2019-05-21,72,45,-27
7072,2019-05-21,30,29,-1
7073,2019-05-21,28,39,11
7074,2019-05-21,41,43,2
7075,2019-05-21,8,8,0
7076,2019-05-21,53,40,-13
7077,2019-05-21,21,35,14
7078,2019-05-21,16,26,10
7079,2019-05-21,30,39,9
7080,2019-05-21,80,71,-9
7081,2019-05-21,82,89,7
7082,2019-05-21,54,74,20
7083,2019-05-21,53,51,-2
7084,2019-05-21,75,74,-1
7090,2019-05-21,11,15,4
7091,2019-05-21,9,6,-3
7092,2019-05-21,6,7,1
7093,2019-05-21,3,4,1
7094,2019-05-21,4,3,-1
7095,2019-05-21,9,10,1
7096,2019-05-21,18,18,0
7097,2019-05-21,2,3,1
7098,2019-05-21,2,3,1
7099,2019-05-21,8,7,-1
7100,2019-05-21,4,1,-3
7101,2019-05-21,9,10,1
7102,2019-05-21,8,21,13
7103,2019-05-21,2,2,0
7105,2019-05-21,3,3,0
7106,2019-05-21,2,1,-1
7107,2019-05-21,2,0,-2
7108,2019-05-21,6,7,1
7109,2019-05-21,14,13,-1
7110,2019-05-21,3,2,-1
7111,2019-05-21,2,1,-1
7112,2019-05-21,7,6,-1
7113,2019-05-21,36,33,-3
7114,2019-05-21,65,77,12
7115,2019-05-21,8,4,-4
7116,2019-05-21,5,3,-2
7117,2019-05-21,3,2,-1
7119,2019-05-21,7,8,1
7121,2019-05-21,2,6,4
7122,2019-05-21,8,4,-4
7123,2019-05-21,2,2,0
7124,2019-05-21,17,13,-4
7125,2019-05-21,14,14,0
7126,2019-05-21,2,0,-2
7127,2019-05-21,26,30,4
7128,2019-05-21,8,8,0
7129,2019-05-21,9,7,-2
7130,2019-05-21,11,14,3
7131,2019-05-21,4,5,1
7132,2019-05-21,3,3,0
7133,2019-05-21,4,6,2
7134,2019-05-21,5,6,1
7135,2019-05-21,3,2,-1
7136,2019-05-21,6,7,1
7137,2019-05-21,7,3,-4
7138,2019-05-21,5,7,2
7139,2019-05-21,55,81,26
7140,2019-05-21,20,22,2
7141,2019-05-21,27,23,-4
7142,2019-05-21,9,11,2
7143,2019-05-21,10,16,6
7144,2019-05-21,20,28,8
7145,2019-05-21,14,16,2
7146,2019-05-21,17,23,6
7147,2019-05-21,22,21,-1
7148,2019-05-21,10,6,-4
7149,2019-05-21,6,8,2
10002,2019-05-21,111,121,10
4000,2019-05-22,57,70,13
4001,2019-05-22,5,12,7
4002,2019-05-22,18,20,2
5002,2019-05-22,5,5,0
5003,2019-05-22,6,4,-2
5004,2019-05-22,5,0,-5
5005,2019-05-22,8,7,-1
5006,2019-05-22,6,9,3
5007,2019-05-22,14,22,8
6001,2019-05-22,67,100,33
6002,2019-05-22,55,62,7
6003,2019-05-22,69,91,22
6004,2019-05-22,48,46,-2
6005,2019-05-22,70,94,24
6006,2019-05-22,49,24,-25
6007,2019-05-22,47,48,1
6008,2019-05-22,64,111,47
6009,2019-05-22,75,80,5
6011,2019-05-22,76,86,10
6012,2019-05-22,176,245,69
6013,2019-05-22,118,161,43
6014,2019-05-22,70,66,-4
6015,2019-05-22,218,331,113
6016,2019-05-22,16,20,4
6017,2019-05-22,34,53,19
6018,2019-05-22,61,74,13
6019,2019-05-22,170,111,-59
6020,2019-05-22,14,21,7
6021,2019-05-22,115,87,-28
6022,2019-05-22,63,72,9
6023,2019-05-22,130,154,24
6025,2019-05-22,39,40,1
6026,2019-05-22,118,207,89
6027,2019-05-22,191,168,-23
6029,2019-05-22,31,49,18
6031,2019-05-22,36,46,10
6032,2019-05-22,52,140,88
6033,2019-05-22,20,16,-4
6034,2019-05-22,53,72,19
6035,2019-05-22,23,67,44
6036,2019-05-22,178,244,66
6037,2019-05-22,62,63,1
6038,2019-05-22,94,104,10
6039,2019-05-22,97,119,22
6040,2019-05-22,57,82,25
6041,2019-05-22,81,87,6
6042,2019-05-22,101,100,-1
6043,2019-05-22,205,387,182
6044,2019-05-22,76,73,-3
6046,2019-05-22,126,128,2
6047,2019-05-22,96,62,-34
6048,2019-05-22,52,51,-1
6049,2019-05-22,92,90,-2
6050,2019-05-22,53,60,7
6051,2019-05-22,33,36,3
6052,2019-05-22,209,309,100
6053,2019-05-22,175,173,-2
6057,2019-05-22,125,116,-9
6058,2019-05-22,94,76,-18
6059,2019-05-22,77,77,0
6060,2019-05-22,33,33,0
6062,2019-05-22,87,73,-14
6063,2019-05-22,86,84,-2
6064,2019-05-22,204,215,11
6065,2019-05-22,80,58,-22
6066,2019-05-22,42,25,-17
6067,2019-05-22,49,66,17
6068,2019-05-22,10,11,1
6070,2019-05-22,217,163,-54
6072,2019-05-22,74,79,5
6073,2019-05-22,256,242,-14
6075,2019-05-22,30,16,-14
6076,2019-05-22,20,27,7
6079,2019-05-22,88,74,-14
6080,2019-05-22,157,171,14
6081,2019-05-22,57,60,3
6082,2019-05-22,16,15,-1
6083,2019-05-22,158,235,77
6084,2019-05-22,65,77,12
6085,2019-05-22,63,142,79
6087,2019-05-22,109,135,26
6088,2019-05-22,74,74,0
6089,2019-05-22,54,66,12
6090,2019-05-22,53,56,3
6091,2019-05-22,73,45,-28
6092,2019-05-22,55,67,12
6093,2019-05-22,29,20,-9
6094,2019-05-22,73,76,3
6095,2019-05-22,112,96,-16
6096,2019-05-22,38,61,23
6097,2019-05-22,114,75,-39
6098,2019-05-22,49,33,-16
6099,2019-05-22,112,152,40
6100,2019-05-22,272,263,-9
6101,2019-05-22,60,17,-43
6102,2019-05-22,44,34,-10
6103,2019-05-22,27,23,-4
6104,2019-05-22,81,110,29
6105,2019-05-22,66,88,22
6106,2019-05-22,44,50,6
6107,2019-05-22,56,54,-2
6108,2019-05-22,47,51,4
6109,2019-05-22,20,26,6
6110,2019-05-22,33,33,0
6111,2019-05-22,65,68,3
6112,2019-05-22,103,117,14
6113,2019-05-22,72,69,-3
6114,2019-05-22,166,184,18
6115,2019-05-22,19,30,11
6116,2019-05-22,55,72,17
6118,2019-05-22,75,96,21
6119,2019-05-22,80,98,18
6120,2019-05-22,102,104,2
6121,2019-05-22,32,37,5
6122,2019-05-22,24,27,3
6123,2019-05-22,32,33,1
6124,2019-05-22,58,60,2
6125,2019-05-22,25,25,0
6126,2019-05-22,43,51,8
6127,2019-05-22,56,46,-10
6128,2019-05-22,18,25,7
6129,2019-05-22,59,50,-9
6130,2019-05-22,36,26,-10
6131,2019-05-22,83,49,-34
6132,2019-05-22,65,81,16
6133,2019-05-22,77,60,-17
6134,2019-05-22,48,46,-2
6136,2019-05-22,255,188,-67
6137,2019-05-22,97,102,5
6138,2019-05-22,77,79,2
6139,2019-05-22,38,36,-2
6140,2019-05-22,92,93,1
6141,2019-05-22,38,43,5
6142,2019-05-22,89,59,-30
6143,2019-05-22,130,113,-17
6145,2019-05-22,69,53,-16
6146,2019-05-22,91,64,-27
6147,2019-05-22,117,70,-47
6148,2019-05-22,143,111,-32
6149,2019-05-22,54,39,-15
6150,2019-05-22,66,64,-2
6151,2019-05-22,63,57,-6
6152,2019-05-22,126,106,-20
6153,2019-05-22,44,32,-12
6154,2019-05-22,130,135,5
6155,2019-05-22,139,133,-6
6156,2019-05-22,77,76,-1
6157,2019-05-22,98,96,-2
6158,2019-05-22,56,57,1
6159,2019-05-22,28,23,-5
6160,2019-05-22,64,50,-14
6161,2019-05-22,42,44,2
6162,2019-05-22,7,3,-4
6163,2019-05-22,99,116,17
6165,2019-05-22,149,149,0
6166,2019-05-22,86,67,-19
6167,2019-05-22,31,43,12
6168,2019-05-22,41,35,-6
6169,2019-05-22,126,121,-5
6170,2019-05-22,70,64,-6
6171,2019-05-22,49,60,11
6173,2019-05-22,130,84,-46
6174,2019-05-22,100,102,2
6175,2019-05-22,69,44,-25
6176,2019-05-22,90,91,1
6177,2019-05-22,72,61,-11
6178,2019-05-22,122,115,-7
6180,2019-05-22,64,75,11
6181,2019-05-22,108,71,-37
6182,2019-05-22,66,46,-20
6183,2019-05-22,95,79,-16
6184,2019-05-22,216,206,-10
6185,2019-05-22,20,18,-2
6186,2019-05-22,104,59,-45
6187,2019-05-22,108,114,6
6188,2019-05-22,47,54,7
6189,2019-05-22,27,21,-6
6190,2019-05-22,135,82,-53
6191,2019-05-22,71,63,-8
6192,2019-05-22,53,44,-9
6193,2019-05-22,110,110,0
6194,2019-05-22,182,142,-40
6195,2019-05-22,89,55,-34
6196,2019-05-22,111,96,-15
6197,2019-05-22,54,49,-5
6198,2019-05-22,25,11,-14
6199,2019-05-22,86,67,-19
6200,2019-05-22,100,84,-16
6201,2019-05-22,71,63,-8
6202,2019-05-22,129,95,-34
6203,2019-05-22,113,109,-4
6204,2019-05-22,78,76,-2
6205,2019-05-22,96,83,-13
6206,2019-05-22,129,146,17
6207,2019-05-22,50,41,-9
6208,2019-05-22,81,85,4
6209,2019-05-22,123,78,-45
6210,2019-05-22,62,42,-20
6211,2019-05-22,156,137,-19
6212,2019-05-22,95,70,-25
6213,2019-05-22,115,114,-1
6215,2019-05-22,68,60,-8
6216,2019-05-22,133,93,-40
6217,2019-05-22,96,68,-28
6218,2019-05-22,66,57,-9
6219,2019-05-22,70,53,-17
6220,2019-05-22,144,131,-13
6221,2019-05-22,198,165,-33
6222,2019-05-22,85,65,-20
6223,2019-05-22,112,60,-52
6224,2019-05-22,52,53,1
6225,2019-05-22,62,45,-17
6226,2019-05-22,38,33,-5
6227,2019-05-22,144,136,-8
6228,2019-05-22,38,35,-3
6229,2019-05-22,71,57,-14
6230,2019-05-22,89,76,-13
6231,2019-05-22,133,113,-20
6232,2019-05-22,29,23,-6
6233,2019-05-22,107,77,-30
6234,2019-05-22,74,69,-5
6235,2019-05-22,86,64,-22
6236,2019-05-22,71,76,5
6237,2019-05-22,45,62,17
6240,2019-05-22,25,22,-3
6241,2019-05-22,54,49,-5
6243,2019-05-22,77,75,-2
6245,2019-05-22,41,37,-4
6246,2019-05-22,65,56,-9
6247,2019-05-22,111,97,-14
6248,2019-05-22,159,127,-32
6249,2019-05-22,59,48,-11
6250,2019-05-22,63,58,-5
6251,2019-05-22,25,20,-5
6252,2019-05-22,44,37,-7
6253,2019-05-22,37,34,-3
6254,2019-05-22,69,63,-6
6255,2019-05-22,72,73,1
6257,2019-05-22,39,38,-1
6258,2019-05-22,84,49,-35
6259,2019-05-22,55,45,-10
6260,2019-05-22,48,43,-5
6261,2019-05-22,47,52,5
6262,2019-05-22,39,43,4
6263,2019-05-22,27,23,-4
6264,2019-05-22,37,37,0
6265,2019-05-22,62,61,-1
6266,2019-05-22,24,22,-2
6267,2019-05-22,32,40,8
6268,2019-05-22,47,50,3
6269,2019-05-22,24,35,11
6270,2019-05-22,39,45,6
6272,2019-05-22,35,34,-1
6273,2019-05-22,32,29,-3
6274,2019-05-22,46,42,-4
6275,2019-05-22,37,32,-5
6276,2019-05-22,37,28,-9
6277,2019-05-22,50,53,3
6278,2019-05-22,19,19,0
6279,2019-05-22,18,16,-2
6280,2019-05-22,71,70,-1
6281,2019-05-22,43,19,-24
6301,2019-05-22,22,29,7
6302,2019-05-22,19,9,-10
6303,2019-05-22,20,18,-2
6304,2019-05-22,18,10,-8
6305,2019-05-22,28,21,-7
6306,2019-05-22,74,21,-53
6307,2019-05-22,84,82,-2
6309,2019-05-22,23,23,0
6310,2019-05-22,68,38,-30
6311,2019-05-22,46,39,-7
6312,2019-05-22,26,35,9
6313,2019-05-22,52,57,5
6314,2019-05-22,61,60,-1
6315,2019-05-22,97,50,-47
6316,2019-05-22,55,26,-29
6321,2019-05-22,84,76,-8
6322,2019-05-22,27,23,-4
6323,2019-05-22,15,15,0
6324,2019-05-22,29,36,7
6327,2019-05-22,41,34,-7
6328,2019-05-22,28,30,2
6329,2019-05-22,19,25,6
6330,2019-05-22,27,32,5
6331,2019-05-22,19,17,-2
6332,2019-05-22,36,30,-6
6333,2019-05-22,20,27,7
6334,2019-05-22,57,62,5
6336,2019-05-22,36,34,-2
6339,2019-05-22,40,38,-2
6340,2019-05-22,26,30,4
6341,2019-05-22,39,55,16
6343,2019-05-22,34,33,-1
6344,2019-05-22,56,46,-10
6345,2019-05-22,15,19,4
6346,2019-05-22,25,19,-6
6347,2019-05-22,23,28,5
6349,2019-05-22,27,37,10
6350,2019-05-22,47,47,0
6354,2019-05-22,36,28,-8
6355,2019-05-22,31,54,23
6356,2019-05-22,40,21,-19
6357,2019-05-22,11,2,-9
6358,2019-05-22,29,31,2
6359,2019-05-22,100,100,0
6360,2019-05-22,43,34,-9
6361,2019-05-22,39,38,-1
6362,2019-05-22,34,33,-1
6363,2019-05-22,28,29,1
6364,2019-05-22,55,51,-4
6366,2019-05-22,35,24,-11
6367,2019-05-22,33,29,-4
6368,2019-05-22,53,61,8
6369,2019-05-22,33,37,4
6370,2019-05-22,45,34,-11
6371,2019-05-22,90,79,-11
6372,2019-05-22,82,92,10
6373,2019-05-22,37,38,1
6374,2019-05-22,49,53,4
6375,2019-05-22,65,77,12
6377,2019-05-22,35,47,12
6379,2019-05-22,21,29,8
6380,2019-05-22,38,43,5
6381,2019-05-22,80,79,-1
6383,2019-05-22,36,33,-3
6384,2019-05-22,30,23,-7
6385,2019-05-22,49,54,5
6386,2019-05-22,94,87,-7
6387,2019-05-22,90,70,-20
6388,2019-05-22,21,32,11
6389,2019-05-22,65,53,-12
6391,2019-05-22,66,96,30
6393,2019-05-22,63,72,9
6394,2019-05-22,51,85,34
6395,2019-05-22,79,69,-10
6396,2019-05-22,73,80,7
6397,2019-05-22,47,72,25
6398,2019-05-22,35,42,7
6401,2019-05-22,60,67,7
6402,2019-05-22,52,58,6
6403,2019-05-22,31,46,15
6404,2019-05-22,22,36,14
6405,2019-05-22,45,77,32
6406,2019-05-22,108,134,26
6408,2019-05-22,44,46,2
6410,2019-05-22,36,38,2
6411,2019-05-22,145,141,-4
6412,2019-05-22,28,33,5
6413,2019-05-22,26,26,0
6414,2019-05-22,23,36,13
6415,2019-05-22,25,27,2
6416,2019-05-22,28,14,-14
6417,2019-05-22,38,40,2
6418,2019-05-22,9,13,4
6419,2019-05-22,12,19,7
6420,2019-05-22,29,33,4
6421,2019-05-22,39,30,-9
6422,2019-05-22,8,17,9
6423,2019-05-22,24,13,-11
6424,2019-05-22,55,68,13
6425,2019-05-22,33,44,11
6426,2019-05-22,72,70,-2
6427,2019-05-22,77,68,-9
6428,2019-05-22,15,19,4
6429,2019-05-22,42,42,0
6432,2019-05-22,119,113,-6
6433,2019-05-22,37,34,-3
6434,2019-05-22,87,93,6
6435,2019-05-22,49,49,0
6436,2019-05-22,29,25,-4
6501,2019-05-22,61,63,2
6502,2019-05-22,22,32,10
6503,2019-05-22,60,62,2
6504,2019-05-22,20,14,-6
6700,2019-05-22,14,29,15
6701,2019-05-22,66,70,4
6702,2019-05-22,32,26,-6
6703,2019-05-22,50,48,-2
6704,2019-05-22,33,25,-8
6705,2019-05-22,20,22,2
6706,2019-05-22,29,24,-5
6707,2019-05-22,41,46,5
6708,2019-05-22,60,90,30
6709,2019-05-22,29,23,-6
6710,2019-05-22,12,14,2
6711,2019-05-22,22,23,1
6712,2019-05-22,14,16,2
6714,2019-05-22,14,11,-3
6715,2019-05-22,22,33,11
6716,2019-05-22,11,21,10
6717,2019-05-22,16,16,0
6718,2019-05-22,25,18,-7
6719,2019-05-22,24,23,-1
6720,2019-05-22,25,33,8
6721,2019-05-22,24,24,0
6722,2019-05-22,21,22,1
6723,2019-05-22,27,26,-1
6724,2019-05-22,66,95,29
6725,2019-05-22,37,45,8
6726,2019-05-22,15,17,2
6727,2019-05-22,93,115,22
6728,2019-05-22,15,8,-7
6729,2019-05-22,101,116,15
6730,2019-05-22,18,10,-8
6731,2019-05-22,12,10,-2
6732,2019-05-22,46,38,-8
6733,2019-05-22,23,32,9
6734,2019-05-22,51,49,-2
6735,2019-05-22,12,16,4
6736,2019-05-22,15,21,6
6737,2019-05-22,21,22,1
6738,2019-05-22,85,87,2
6739,2019-05-22,7,12,5
6741,2019-05-22,27,32,5
6742,2019-05-22,61,78,17
6743,2019-05-22,29,28,-1
6744,2019-05-22,19,27,8
6745,2019-05-22,22,23,1
6746,2019-05-22,15,18,3
6747,2019-05-22,40,47,7
6748,2019-05-22,71,91,20
6749,2019-05-22,58,59,1
6750,2019-05-22,34,28,-6
6753,2019-05-22,18,14,-4
6754,2019-05-22,17,23,6
6901,2019-05-22,51,74,23
6902,2019-05-22,80,97,17
6903,2019-05-22,93,99,6
6904,2019-05-22,35,33,-2
6905,2019-05-22,56,48,-8
6906,2019-05-22,175,107,-68
6907,2019-05-22,86,69,-17
6908,2019-05-22,56,52,-4
6910,2019-05-22,95,87,-8
6912,2019-05-22,130,83,-47
6913,2019-05-22,59,27,-32
6915,2019-05-22,69,69,0
6916,2019-05-22,30,32,2
6917,2019-05-22,13,19,6
6918,2019-05-22,42,23,-19
6919,2019-05-22,34,26,-8
6921,2019-05-22,86,94,8
6923,2019-05-22,51,41,-10
6924,2019-05-22,29,25,-4
6925,2019-05-22,44,38,-6
6926,2019-05-22,56,55,-1
6927,2019-05-22,70,48,-22
6928,2019-05-22,60,17,-43
6929,2019-05-22,30,26,-4
6930,2019-05-22,18,17,-1
7001,2019-05-22,28,32,4
7002,2019-05-22,11,21,10
7003,2019-05-22,115,87,-28
7004,2019-05-22,17,17,0
7005,2019-05-22,10,9,-1
7006,2019-05-22,15,15,0
7008,2019-05-22,28,30,2
7009,2019-05-22,71,102,31
7010,2019-05-22,14,19,5
7011,2019-05-22,58,67,9
7012,2019-05-22,42,52,10
7013,2019-05-22,28,24,-4
7014,2019-05-22,89,41,-48
7015,2019-05-22,29,38,9
7016,2019-05-22,10,8,-2
7017,2019-05-22,28,37,9
7018,2019-05-22,29,38,9
7019,2019-05-22,142,142,0
7020,2019-05-22,27,24,-3
7021,2019-05-22,45,39,-6
7022,2019-05-22,48,38,-10
7023,2019-05-22,7,6,-1
7024,2019-05-22,35,24,-11
7025,2019-05-22,48,49,1
7026,2019-05-22,16,32,16
7027,2019-05-22,52,38,-14
7028,2019-05-22,87,86,-1
7029,2019-05-22,38,40,2
7030,2019-05-22,56,55,-1
7031,2019-05-22,73,62,-11
7032,2019-05-22,125,64,-61
7033,2019-05-22,84,85,1
7034,2019-05-22,30,71,41
7035,2019-05-22,41,46,5
7036,2019-05-22,53,47,-6
7037,2019-05-22,60,51,-9
7038,2019-05-22,42,34,-8
7039,2019-05-22,41,49,8
7040,2019-05-22,52,67,15
7041,2019-05-22,151,138,-13
7042,2019-05-22,36,35,-1
7043,2019-05-22,19,23,4
7044,2019-05-22,13,14,1
7045,2019-05-22,32,38,6
7046,2019-05-22,182,217,35
7047,2019-05-22,145,187,42
7048,2019-05-22,18,25,7
7051,2019-05-22,11,16,5
7052,2019-05-22,67,60,-7
7053,2019-05-22,40,40,0
7054,2019-05-22,47,71,24
7055,2019-05-22,33,38,5
7056,2019-05-22,17,19,2
7057,2019-05-22,41,44,3
7058,2019-05-22,35,46,11
7059,2019-05-22,29,37,8
7060,2019-05-22,29,41,12
7061,2019-05-22,28,23,-5
7062,2019-05-22,55,59,4
7063,2019-05-22,28,29,1
7064,2019-05-22,21,17,-4
7065,2019-05-22,29,23,-6
7066,2019-05-22,57,86,29
7068,2019-05-22,83,105,22
7069,2019-05-22,72,84,12
7070,2019-05-22,91,129,38
7071,2019-05-22,66,36,-30
7072,2019-05-22,45,24,-21
7073,2019-05-22,43,43,0
7074,2019-05-22,42,44,2
7075,2019-05-22,10,9,-1
7076,2019-05-22,72,54,-18
7077,2019-05-22,23,35,12
7078,2019-05-22,32,37,5
7079,2019-05-22,24,25,1
7080,2019-05-22,92,89,-3
7081,2019-05-22,83,98,15
7082,2019-05-22,94,118,24
7083,2019-05-22,88,87,-1
7084,2019-05-22,90,96,6
7090,2019-05-22,17,18,1
7091,2019-05-22,7,12,5
7092,2019-05-22,8,9,1
7093,2019-05-22,3,4,1
7094,2019-05-22,3,2,-1
7095,2019-05-22,12,10,-2
7096,2019-05-22,18,21,3
7097,2019-05-22,6,4,-2
7098,2019-05-22,1,5,4
7099,2019-05-22,7,13,6
7100,2019-05-22,6,1,-5
7101,2019-05-22,15,12,-3
7102,2019-05-22,20,24,4
7103,2019-05-22,17,23,6
7104,2019-05-22,3,3,0
7105,2019-05-22,17,10,-7
7106,2019-05-22,2,2,0
7107,2019-05-22,2,4,2
7108,2019-05-22,8,12,4
7109,2019-05-22,21,16,-5
7110,2019-05-22,4,2,-2
7111,2019-05-22,6,6,0
7112,2019-05-22,10,10,0
7113,2019-05-22,52,55,3
7114,2019-05-22,94,106,12
7115,2019-05-22,4,5,1
7116,2019-05-22,7,4,-3
7117,2019-05-22,4,3,-1
7118,2019-05-22,2,3,1
7119,2019-05-22,8,12,4
7120,2019-05-22,5,3,-2
7121,2019-05-22,8,10,2
7122,2019-05-22,9,7,-2
7123,2019-05-22,1,3,2
7124,2019-05-22,22,19,-3
7125,2019-05-22,19,13,-6
7126,2019-05-22,6,4,-2
7127,2019-05-22,33,37,4
7128,2019-05-22,21,14,-7
7129,2019-05-22,18,19,1
7130,2019-05-22,12,12,0
7131,2019-05-22,6,5,-1
7132,2019-05-22,6,9,3
7133,2019-05-22,8,9,1
7134,2019-05-22,10,10,0
7135,2019-05-22,1,8,7
7136,2019-05-22,8,8,0
7137,2019-05-22,4,7,3
7138,2019-05-22,6,7,1
7139,2019-05-22,63,84,21
7140,2019-05-22,21,20,-1
7141,2019-05-22,43,53,10
7142,2019-05-22,14,16,2
7143,2019-05-22,25,32,7
7144,2019-05-22,40,51,11
7145,2019-05-22,16,19,3
7146,2019-05-22,15,19,4
7147,2019-05-22,31,32,1
7148,2019-05-22,10,15,5
7149,2019-05-22,13,17,4
10002,2019-05-22,141,139,-2
4000,2019-05-23,39,39,0
4001,2019-05-23,5,6,1
4002,2019-05-23,8,7,-1
5002,2019-05-23,2,2,0
5003,2019-05-23,1,3,2
5004,2019-05-23,3,2,-1
5005,2019-05-23,7,2,-5
5006,2019-05-23,7,5,-2
5007,2019-05-23,13,21,8
6001,2019-05-23,36,89,53
6002,2019-05-23,42,48,6
6003,2019-05-23,47,52,5
6004,2019-05-23,45,49,4
6005,2019-05-23,39,56,17
6006,2019-05-23,34,17,-17
6007,2019-05-23,32,32,0
6008,2019-05-23,36,96,60
6009,2019-05-23,51,59,8
6011,2019-05-23,46,56,10
6012,2019-05-23,67,153,86
6013,2019-05-23,60,96,36
6014,2019-05-23,33,36,3
6015,2019-05-23,101,189,88
6016,2019-05-23,5,10,5
6017,2019-05-23,21,22,1
6018,2019-05-23,41,45,4
6019,2019-05-23,107,86,-21
6021,2019-05-23,92,70,-22
6022,2019-05-23,37,38,1
6023,2019-05-23,58,67,9
6025,2019-05-23,30,33,3
6026,2019-05-23,58,105,47
6027,2019-05-23,66,119,53
6029,2019-05-23,17,21,4
6031,2019-05-23,26,36,10
6032,2019-05-23,28,95,67
6033,2019-05-23,17,16,-1
6034,2019-05-23,26,58,32
6035,2019-05-23,13,61,48
6036,2019-05-23,67,114,47
6037,2019-05-23,34,49,15
6038,2019-05-23,56,74,18
6039,2019-05-23,57,77,20
6040,2019-05-23,48,71,23
6041,2019-05-23,46,76,30
6042,2019-05-23,62,78,16
6043,2019-05-23,81,333,252
6044,2019-05-23,52,46,-6
6046,2019-05-23,59,74,15
6047,2019-05-23,49,60,11
6048,2019-05-23,36,44,8
6049,2019-05-23,70,94,24
6050,2019-05-23,27,49,22
6051,2019-05-23,26,25,-1
6052,2019-05-23,47,153,106
6053,2019-05-23,79,121,42
6057,2019-05-23,65,71,6
6058,2019-05-23,43,65,22
6059,2019-05-23,36,67,31
6060,2019-05-23,15,27,12
6062,2019-05-23,34,34,0
6063,2019-05-23,37,62,25
6064,2019-05-23,82,162,80
6065,2019-05-23,50,40,-10
6066,2019-05-23,25,8,-17
6067,2019-05-23,25,49,24
6068,2019-05-23,3,11,8
6070,2019-05-23,130,144,14
6072,2019-05-23,38,70,32
6073,2019-05-23,125,205,80
6075,2019-05-23,27,16,-11
6076,2019-05-23,12,10,-2
6079,2019-05-23,50,36,-14
6080,2019-05-23,79,81,2
6081,2019-05-23,12,12,0
6082,2019-05-23,15,6,-9
6083,2019-05-23,67,170,103
6084,2019-05-23,45,64,19
6085,2019-05-23,53,106,53
6087,2019-05-23,68,73,5
6088,2019-05-23,47,56,9
6089,2019-05-23,48,63,15
6090,2019-05-23,41,32,-9
6091,2019-05-23,24,23,-1
6092,2019-05-23,37,47,10
6093,2019-05-23,21,15,-6
6094,2019-05-23,51,58,7
6095,2019-05-23,79,45,-34
6096,2019-05-23,28,42,14
6097,2019-05-23,67,38,-29
6098,2019-05-23,37,19,-18
6099,2019-05-23,68,86,18
6100,2019-05-23,148,149,1
6101,2019-05-23,36,12,-24
6102,2019-05-23,29,26,-3
6103,2019-05-23,14,15,1
6104,2019-05-23,50,76,26
6105,2019-05-23,48,65,17
6106,2019-05-23,19,30,11
6107,2019-05-23,39,33,-6
6108,2019-05-23,32,47,15
6109,2019-05-23,8,9,1
6110,2019-05-23,23,16,-7
6111,2019-05-23,33,32,-1
6112,2019-05-23,58,52,-6
6113,2019-05-23,57,55,-2
6114,2019-05-23,79,108,29
6115,2019-05-23,15,17,2
6116,2019-05-23,39,39,0
6118,2019-05-23,58,64,6
6119,2019-05-23,54,56,2
6120,2019-05-23,35,49,14
6121,2019-05-23,17,21,4
6122,2019-05-23,12,17,5
6123,2019-05-23,15,15,0
6124,2019-05-23,18,32,14
6125,2019-05-23,14,14,0
6126,2019-05-23,32,30,-2
6127,2019-05-23,37,26,-11
6128,2019-05-23,16,11,-5
6129,2019-05-23,51,30,-21
6130,2019-05-23,27,27,0
6131,2019-05-23,58,28,-30
6132,2019-05-23,40,41,1
6133,2019-05-23,40,27,-13
6134,2019-05-23,39,32,-7
6136,2019-05-23,194,160,-34
6137,2019-05-23,74,48,-26
6138,2019-05-23,90,67,-23
6139,2019-05-23,33,27,-6
6140,2019-05-23,57,51,-6
6141,2019-05-23,33,21,-12
6142,2019-05-23,61,37,-24
6143,2019-05-23,67,56,-11
6145,2019-05-23,23,22,-1
6146,2019-05-23,39,27,-12
6147,2019-05-23,72,57,-15
6148,2019-05-23,89,56,-33
6149,2019-05-23,41,25,-16
6150,2019-05-23,35,30,-5
6151,2019-05-23,62,58,-4
6152,2019-05-23,90,69,-21
6153,2019-05-23,50,33,-17
6154,2019-05-23,114,98,-16
6155,2019-05-23,87,57,-30
6156,2019-05-23,44,35,-9
6157,2019-05-23,69,48,-21
6158,2019-05-23,55,38,-17
6159,2019-05-23,16,18,2
6160,2019-05-23,55,39,-16
6161,2019-05-23,28,27,-1
6162,2019-05-23,4,3,-1
6163,2019-05-23,71,71,0
6165,2019-05-23,88,66,-22
6166,2019-05-23,56,29,-27
6167,2019-05-23,30,21,-9
6168,2019-05-23,37,38,1
6169,2019-05-23,85,57,-28
6170,2019-05-23,31,16,-15
6171,2019-05-23,27,26,-1
6173,2019-05-23,88,56,-32
6174,2019-05-23,74,45,-29
6175,2019-05-23,55,21,-34
6176,2019-05-23,68,54,-14
6177,2019-05-23,55,46,-9
6178,2019-05-23,57,56,-1
6179,2019-05-23,14,14,0
6180,2019-05-23,35,55,20
6181,2019-05-23,79,63,-16
6182,2019-05-23,38,31,-7
6183,2019-05-23,42,38,-4
6184,2019-05-23,172,173,1
6185,2019-05-23,12,15,3
6186,2019-05-23,55,31,-24
6187,2019-05-23,69,79,10
6188,2019-05-23,33,16,-17
6189,2019-05-23,15,10,-5
6190,2019-05-23,89,68,-21
6191,2019-05-23,51,45,-6
6192,2019-05-23,40,23,-17
6193,2019-05-23,71,57,-14
6194,2019-05-23,102,79,-23
6195,2019-05-23,60,34,-26
6196,2019-05-23,78,54,-24
6197,2019-05-23,45,48,3
6198,2019-05-23,11,7,-4
6199,2019-05-23,61,60,-1
6200,2019-05-23,67,73,6
6201,2019-05-23,59,42,-17
6202,2019-05-23,83,71,-12
6203,2019-05-23,74,83,9
6204,2019-05-23,56,80,24
6205,2019-05-23,53,59,6
6206,2019-05-23,68,62,-6
6207,2019-05-23,30,41,11
6208,2019-05-23,53,60,7
6209,2019-05-23,67,58,-9
6210,2019-05-23,26,31,5
6211,2019-05-23,87,85,-2
6212,2019-05-23,42,27,-15
6213,2019-05-23,62,57,-5
6215,2019-05-23,52,51,-1
6216,2019-05-23,69,39,-30
6217,2019-05-23,64,38,-26
6218,2019-05-23,40,34,-6
6219,2019-05-23,51,39,-12
6220,2019-05-23,81,62,-19
6221,2019-05-23,128,91,-37
6222,2019-05-23,37,26,-11
6223,2019-05-23,63,30,-33
6224,2019-05-23,34,27,-7
6225,2019-05-23,49,37,-12
6226,2019-05-23,22,22,0
6227,2019-05-23,106,68,-38
6228,2019-05-23,22,22,0
6229,2019-05-23,46,25,-21
6230,2019-05-23,70,41,-29
6231,2019-05-23,64,54,-10
6232,2019-05-23,38,17,-21
6233,2019-05-23,58,45,-13
6234,2019-05-23,41,28,-13
6235,2019-05-23,67,60,-7
6236,2019-05-23,41,28,-13
6237,2019-05-23,35,33,-2
6240,2019-05-23,13,13,0
6241,2019-05-23,19,11,-8
6243,2019-05-23,36,32,-4
6245,2019-05-23,31,21,-10
6246,2019-05-23,45,31,-14
6247,2019-05-23,80,85,5
6248,2019-05-23,126,81,-45
6249,2019-05-23,34,28,-6
6250,2019-05-23,52,41,-11
6251,2019-05-23,19,12,-7
6252,2019-05-23,25,23,-2
6253,2019-05-23,31,33,2
6254,2019-05-23,50,27,-23
6255,2019-05-23,38,36,-2
6257,2019-05-23,27,30,3
6258,2019-05-23,41,27,-14
6259,2019-05-23,24,17,-7
6260,2019-05-23,42,29,-13
6261,2019-05-23,43,26,-17
6262,2019-05-23,33,28,-5
6263,2019-05-23,16,22,6
6264,2019-05-23,29,23,-6
6265,2019-05-23,43,37,-6
6266,2019-05-23,23,15,-8
6267,2019-05-23,32,29,-3
6268,2019-05-23,37,23,-14
6269,2019-05-23,16,17,1
6270,2019-05-23,22,19,-3
6272,2019-05-23,33,18,-15
6273,2019-05-23,22,15,-7
6274,2019-05-23,25,32,7
6275,2019-05-23,28,22,-6
6276,2019-05-23,24,16,-8
6277,2019-05-23,34,33,-1
6278,2019-05-23,20,14,-6
6279,2019-05-23,16,12,-4
6280,2019-05-23,42,46,4
6281,2019-05-23,22,12,-10
6301,2019-05-23,20,13,-7
6302,2019-05-23,10,5,-5
6303,2019-05-23,13,4,-9
6304,2019-05-23,10,7,-3
6305,2019-05-23,15,9,-6
6306,2019-05-23,36,21,-15
6307,2019-05-23,60,43,-17
6309,2019-05-23,16,15,-1
6310,2019-05-23,33,20,-13
6311,2019-05-23,26,15,-11
6312,2019-05-23,13,22,9
6313,2019-05-23,23,32,9
6314,2019-05-23,47,29,-18
6315,2019-05-23,52,41,-11
6316,2019-05-23,28,10,-18
6321,2019-05-23,43,38,-5
6322,2019-05-23,14,8,-6
6323,2019-05-23,16,15,-1
6324,2019-05-23,19,17,-2
6327,2019-05-23,30,12,-18
6328,2019-05-23,23,18,-5
6329,2019-05-23,17,10,-7
6330,2019-05-23,15,15,0
6331,2019-05-23,22,22,0
6332,2019-05-23,19,15,-4
6333,2019-05-23,14,15,1
6334,2019-05-23,56,47,-9
6336,2019-05-23,22,19,-3
6339,2019-05-23,31,18,-13
6340,2019-05-23,27,17,-10
6341,2019-05-23,26,22,-4
6343,2019-05-23,25,26,1
6344,2019-05-23,37,33,-4
6345,2019-05-23,5,4,-1
6346,2019-05-23,19,17,-2
6347,2019-05-23,21,23,2
6349,2019-05-23,35,29,-6
6350,2019-05-23,31,28,-3
6354,2019-05-23,32,19,-13
6355,2019-05-23,24,25,1
6356,2019-05-23,30,19,-11
6358,2019-05-23,21,10,-11
6359,2019-05-23,46,67,21
6360,2019-05-23,25,19,-6
6361,2019-05-23,31,23,-8
6362,2019-05-23,26,17,-9
6363,2019-05-23,20,12,-8
6364,2019-05-23,38,32,-6
6366,2019-05-23,10,12,2
6367,2019-05-23,26,18,-8
6368,2019-05-23,39,30,-9
6369,2019-05-23,20,26,6
6370,2019-05-23,28,13,-15
6371,2019-05-23,45,37,-8
6372,2019-05-23,49,54,5
6373,2019-05-23,32,19,-13
6374,2019-05-23,32,17,-15
6375,2019-05-23,37,38,1
6377,2019-05-23,34,34,0
6379,2019-05-23,17,15,-2
6380,2019-05-23,27,19,-8
6381,2019-05-23,54,44,-10
6383,2019-05-23,30,20,-10
6384,2019-05-23,18,9,-9
6385,2019-05-23,39,43,4
6386,2019-05-23,53,56,3
6387,2019-05-23,36,54,18
6388,2019-05-23,15,12,-3
6389,2019-05-23,41,28,-13
6391,2019-05-23,28,37,9
6393,2019-05-23,33,38,5
6394,2019-05-23,45,50,5
6395,2019-05-23,34,33,-1
6396,2019-05-23,48,66,18
6397,2019-05-23,37,30,-7
6398,2019-05-23,22,21,-1
6401,2019-05-23,38,45,7
6402,2019-05-23,30,33,3
6403,2019-05-23,16,23,7
6404,2019-05-23,18,13,-5
6405,2019-05-23,24,31,7
6406,2019-05-23,50,54,4
6408,2019-05-23,43,43,0
6410,2019-05-23,35,33,-2
6411,2019-05-23,100,89,-11
6412,2019-05-23,15,17,2
6413,2019-05-23,22,33,11
6414,2019-05-23,19,13,-6
6415,2019-05-23,12,10,-2
6416,2019-05-23,18,10,-8
6417,2019-05-23,16,13,-3
6418,2019-05-23,2,6,4
6419,2019-05-23,7,13,6
6420,2019-05-23,17,17,0
6421,2019-05-23,36,25,-11
6422,2019-05-23,10,8,-2
6423,2019-05-23,17,8,-9
6424,2019-05-23,22,45,23
6425,2019-05-23,20,23,3
6426,2019-05-23,41,47,6
6427,2019-05-23,35,30,-5
6428,2019-05-23,10,11,1
6429,2019-05-23,22,17,-5
6432,2019-05-23,49,50,1
6433,2019-05-23,28,23,-5
6434,2019-05-23,51,40,-11
6435,2019-05-23,25,15,-10
6436,2019-05-23,24,13,-11
6501,2019-05-23,9,21,12
6502,2019-05-23,5,5,0
6503,2019-05-23,48,40,-8
6504,2019-05-23,6,3,-3
6700,2019-05-23,14,25,11
6701,2019-05-23,52,61,9
6702,2019-05-23,6,13,7
6703,2019-05-23,25,26,1
6704,2019-05-23,26,18,-8
6705,2019-05-23,16,9,-7
6706,2019-05-23,19,16,-3
6707,2019-05-23,21,17,-4
6708,2019-05-23,29,85,56
6709,2019-05-23,16,15,-1
6710,2019-05-23,11,6,-5
6711,2019-05-23,11,12,1
6712,2019-05-23,6,5,-1
6714,2019-05-23,1,3,2
6715,2019-05-23,11,14,3
6716,2019-05-23,7,4,-3
6717,2019-05-23,12,10,-2
6718,2019-05-23,15,11,-4
6719,2019-05-23,22,15,-7
6720,2019-05-23,16,20,4
6721,2019-05-23,10,13,3
6722,2019-05-23,14,8,-6
6723,2019-05-23,21,17,-4
6724,2019-05-23,25,37,12
6725,2019-05-23,21,18,-3
6726,2019-05-23,9,9,0
6727,2019-05-23,44,68,24
6728,2019-05-23,6,4,-2
6729,2019-05-23,92,94,2
6730,2019-05-23,4,5,1
6731,2019-05-23,12,3,-9
6732,2019-05-23,25,55,30
6733,2019-05-23,18,22,4
6734,2019-05-23,30,25,-5
6735,2019-05-23,4,2,-2
6736,2019-05-23,9,14,5
6737,2019-05-23,9,18,9
6738,2019-05-23,67,96,29
6739,2019-05-23,8,7,-1
6741,2019-05-23,14,9,-5
6742,2019-05-23,34,42,8
6743,2019-05-23,24,13,-11
6744,2019-05-23,17,10,-7
6745,2019-05-23,6,7,1
6746,2019-05-23,9,7,-2
6747,2019-05-23,33,30,-3
6748,2019-05-23,51,51,0
6749,2019-05-23,35,44,9
6750,2019-05-23,42,26,-16
6753,2019-05-23,11,9,-2
6754,2019-05-23,11,11,0
6901,2019-05-23,32,40,8
6902,2019-05-23,43,41,-2
6903,2019-05-23,65,58,-7
6904,2019-05-23,25,14,-11
6905,2019-05-23,33,26,-7
6906,2019-05-23,85,58,-27
6907,2019-05-23,63,36,-27
6908,2019-05-23,35,30,-5
6910,2019-05-23,61,56,-5
6912,2019-05-23,82,70,-12
6913,2019-05-23,32,16,-16
6915,2019-05-23,50,34,-16
6916,2019-05-23,26,21,-5
6917,2019-05-23,18,17,-1
6918,2019-05-23,26,10,-16
6919,2019-05-23,22,13,-9
6921,2019-05-23,59,75,16
6923,2019-05-23,24,30,6
6924,2019-05-23,14,15,1
6925,2019-05-23,27,29,2
6926,2019-05-23,53,40,-13
6927,2019-05-23,44,27,-17
6928,2019-05-23,31,14,-17
6929,2019-05-23,18,15,-3
6930,2019-05-23,10,18,8
7001,2019-05-23,29,23,-6
7002,2019-05-23,8,5,-3
7003,2019-05-23,61,59,-2
7004,2019-05-23,11,9,-2
7005,2019-05-23,5,3,-2
7006,2019-05-23,13,12,-1
7008,2019-05-23,20,21,1
7009,2019-05-23,56,91,35
7010,2019-05-23,8,7,-1
7011,2019-05-23,40,47,7
7012,2019-05-23,29,32,3
7013,2019-05-23,16,11,-5
7014,2019-05-23,43,26,-17
7015,2019-05-23,9,10,1
7016,2019-05-23,12,13,1
7017,2019-05-23,21,18,-3
7018,2019-05-23,17,10,-7
7019,2019-05-23,39,129,90
7020,2019-05-23,17,16,-1
7021,2019-05-23,30,25,-5
7022,2019-05-23,28,26,-2
7023,2019-05-23,6,3,-3
7024,2019-05-23,22,11,-11
7025,2019-05-23,33,36,3
7027,2019-05-23,33,17,-16
7028,2019-05-23,97,70,-27
7029,2019-05-23,28,23,-5
7030,2019-05-23,34,35,1
7031,2019-05-23,32,39,7
7032,2019-05-23,71,39,-32
7033,2019-05-23,57,52,-5
7034,2019-05-23,19,23,4
7035,2019-05-23,37,29,-8
7036,2019-05-23,34,28,-6
7037,2019-05-23,32,25,-7
7038,2019-05-23,40,42,2
7039,2019-05-23,29,20,-9
7040,2019-05-23,40,52,12
7041,2019-05-23,60,84,24
7042,2019-05-23,25,35,10
7043,2019-05-23,18,13,-5
7044,2019-05-23,17,8,-9
7045,2019-05-23,22,23,1
7046,2019-05-23,78,121,43
7047,2019-05-23,73,71,-2
7048,2019-05-23,11,8,-3
7051,2019-05-23,7,5,-2
7052,2019-05-23,31,40,9
7053,2019-05-23,23,22,-1
7054,2019-05-23,23,16,-7
7055,2019-05-23,10,12,2
7056,2019-05-23,9,7,-2
7057,2019-05-23,28,25,-3
7058,2019-05-23,26,24,-2
7059,2019-05-23,26,17,-9
7060,2019-05-23,25,13,-12
7061,2019-05-23,22,17,-5
7062,2019-05-23,35,39,4
7063,2019-05-23,15,6,-9
7064,2019-05-23,9,15,6
7065,2019-05-23,30,18,-12
7066,2019-05-23,23,96,73
7068,2019-05-23,46,42,-4
7069,2019-05-23,48,70,22
7070,2019-05-23,73,95,22
7071,2019-05-23,37,22,-15
7072,2019-05-23,30,12,-18
7073,2019-05-23,25,22,-3
7074,2019-05-23,25,21,-4
7075,2019-05-23,5,6,1
7076,2019-05-23,32,27,-5
7077,2019-05-23,12,21,9
7078,2019-05-23,23,28,5
7079,2019-05-23,6,10,4
7080,2019-05-23,57,50,-7
7081,2019-05-23,48,61,13
7082,2019-05-23,43,56,13
7083,2019-05-23,39,47,8
7084,2019-05-23,73,83,10
7090,2019-05-23,11,7,-4
7091,2019-05-23,8,6,-2
7092,2019-05-23,3,3,0
7093,2019-05-23,1,1,0
7094,2019-05-23,1,2,1
7095,2019-05-23,3,12,9
7096,2019-05-23,8,18,10
7097,2019-05-23,6,4,-2
7098,2019-05-23,2,2,0
7099,2019-05-23,7,8,1
7100,2019-05-23,1,2,1
7101,2019-05-23,1,6,5
7102,2019-05-23,13,14,1
7103,2019-05-23,5,5,0
7104,2019-05-23,1,1,0
7105,2019-05-23,1,1,0
7106,2019-05-23,2,1,-1
7107,2019-05-23,2,2,0
7108,2019-05-23,5,7,2
7109,2019-05-23,12,13,1
7110,2019-05-23,4,6,2
7111,2019-05-23,4,3,-1
7112,2019-05-23,4,3,-1
7113,2019-05-23,42,39,-3
7114,2019-05-23,53,60,7
7115,2019-05-23,5,4,-1
7116,2019-05-23,3,2,-1
7117,2019-05-23,5,4,-1
7118,2019-05-23,3,6,3
7119,2019-05-23,3,3,0
7120,2019-05-23,2,3,1
7121,2019-05-23,4,3,-1
7122,2019-05-23,6,3,-3
7123,2019-05-23,4,1,-3
7124,2019-05-23,12,14,2
7125,2019-05-23,9,8,-1
7126,2019-05-23,5,3,-2
7127,2019-05-23,24,26,2
7128,2019-05-23,9,10,1
7129,2019-05-23,7,5,-2
7130,2019-05-23,8,6,-2
7131,2019-05-23,2,5,3
7132,2019-05-23,1,0,-1
7133,2019-05-23,2,3,1
7134,2019-05-23,2,4,2
7135,2019-05-23,5,5,0
7136,2019-05-23,5,2,-3
7137,2019-05-23,2,7,5
7138,2019-05-23,8,5,-3
7139,2019-05-23,49,47,-2
7140,2019-05-23,14,12,-2
7141,2019-05-23,12,15,3
7142,2019-05-23,9,4,-5
7143,2019-05-23,13,9,-4
7144,2019-05-23,19,18,-1
7145,2019-05-23,12,8,-4
7146,2019-05-23,12,13,1
7147,2019-05-23,18,18,0
7148,2019-05-23,6,8,2
7149,2019-05-23,9,7,-2
10002,2019-05-23,91,98,7
4000,2019-05-24,61,70,9
4001,2019-05-24,8,9,1
4002,2019-05-24,17,18,1
5002,2019-05-24,2,5,3
5003,2019-05-24,5,4,-1
5004,2019-05-24,4,2,-2
5005,2019-05-24,2,7,5
5006,2019-05-24,7,8,1
5007,2019-05-24,19,16,-3
6001,2019-05-24,60,77,17
6002,2019-05-24,37,46,9
6003,2019-05-24,60,75,15
6004,2019-05-24,48,70,22
6005,2019-05-24,64,82,18
6006,2019-05-24,38,29,-9
6007,2019-05-24,37,42,5
6008,2019-05-24,49,104,55
6009,2019-05-24,66,57,-9
6011,2019-05-24,61,65,4
6012,2019-05-24,136,226,90
6013,2019-05-24,76,131,55
6014,2019-05-24,54,58,4
6015,2019-05-24,167,289,122
6016,2019-05-24,9,13,4
6017,2019-05-24,37,53,16
6018,2019-05-24,76,71,-5
6019,2019-05-24,120,97,-23
6021,2019-05-24,127,109,-18
6022,2019-05-24,85,82,-3
6023,2019-05-24,120,149,29
6025,2019-05-24,29,31,2
6026,2019-05-24,123,191,68
6027,2019-05-24,106,113,7
6029,2019-05-24,14,32,18
6031,2019-05-24,29,39,10
6032,2019-05-24,61,130,69
6033,2019-05-24,27,22,-5
6034,2019-05-24,44,75,31
6035,2019-05-24,25,48,23
6036,2019-05-24,119,193,74
6037,2019-05-24,49,53,4
6038,2019-05-24,67,87,20
6039,2019-05-24,75,95,20
6040,2019-05-24,62,75,13
6041,2019-05-24,72,75,3
6042,2019-05-24,66,87,21
6043,2019-05-24,159,285,126
6044,2019-05-24,71,74,3
6046,2019-05-24,107,83,-24
6047,2019-05-24,86,55,-31
6048,2019-05-24,46,45,-1
6049,2019-05-24,84,88,4
6050,2019-05-24,43,52,9
6051,2019-05-24,50,41,-9
6052,2019-05-24,160,211,51
6053,2019-05-24,147,150,3
6057,2019-05-24,124,118,-6
6058,2019-05-24,82,75,-7
6059,2019-05-24,96,79,-17
6060,2019-05-24,40,27,-13
6062,2019-05-24,60,55,-5
6063,2019-05-24,82,81,-1
6064,2019-05-24,177,145,-32
6065,2019-05-24,64,40,-24
6066,2019-05-24,37,17,-20
6067,2019-05-24,59,76,17
6068,2019-05-24,11,9,-2
6070,2019-05-24,86,126,40
6072,2019-05-24,81,80,-1
6073,2019-05-24,194,204,10
6075,2019-05-24,48,23,-25
6076,2019-05-24,17,16,-1
6079,2019-05-24,88,51,-37
6080,2019-05-24,126,127,1
6082,2019-05-24,23,10,-13
6083,2019-05-24,141,138,-3
6084,2019-05-24,61,72,11
6085,2019-05-24,83,128,45
6087,2019-05-24,113,135,22
6088,2019-05-24,57,65,8
6089,2019-05-24,59,52,-7
6090,2019-05-24,58,51,-7
6091,2019-05-24,49,40,-9
6092,2019-05-24,62,69,7
6093,2019-05-24,26,21,-5
6094,2019-05-24,63,55,-8
6095,2019-05-24,91,89,-2
6096,2019-05-24,38,53,15
6097,2019-05-24,58,58,0
6098,2019-05-24,50,40,-10
6099,2019-05-24,85,127,42
6100,2019-05-24,245,217,-28
6101,2019-05-24,50,19,-31
6102,2019-05-24,35,26,-9
6103,2019-05-24,29,26,-3
6104,2019-05-24,57,80,23
6105,2019-05-24,46,63,17
6106,2019-05-24,34,33,-1
6107,2019-05-24,68,58,-10
6108,2019-05-24,53,62,9
6109,2019-05-24,19,25,6
6110,2019-05-24,31,32,1
6111,2019-05-24,30,49,19
6112,2019-05-24,100,113,13
6113,2019-05-24,59,63,4
6114,2019-05-24,114,149,35
6115,2019-05-24,15,26,11
6116,2019-05-24,63,79,16
6118,2019-05-24,58,74,16
6119,2019-05-24,66,95,29
6120,2019-05-24,49,82,33
6121,2019-05-24,29,30,1
6122,2019-05-24,24,22,-2
6123,2019-05-24,24,28,4
6124,2019-05-24,33,58,25
6125,2019-05-24,19,21,2
6126,2019-05-24,35,48,13
6127,2019-05-24,47,34,-13
6128,2019-05-24,17,11,-6
6129,2019-05-24,76,60,-16
6130,2019-05-24,29,18,-11
6131,2019-05-24,76,58,-18
6132,2019-05-24,49,56,7
6133,2019-05-24,56,46,-10
6134,2019-05-24,61,56,-5
6136,2019-05-24,255,195,-60
6137,2019-05-24,98,88,-10
6138,2019-05-24,87,71,-16
6139,2019-05-24,57,36,-21
6140,2019-05-24,103,94,-9
6141,2019-05-24,61,46,-15
6142,2019-05-24,79,70,-9
6143,2019-05-24,98,97,-1
6145,2019-05-24,58,56,-2
6146,2019-05-24,63,47,-16
6147,2019-05-24,89,63,-26
6148,2019-05-24,111,81,-30
6149,2019-05-24,56,38,-18
6150,2019-05-24,68,65,-3
6151,2019-05-24,70,67,-3
6152,2019-05-24,135,128,-7
6153,2019-05-24,65,54,-11
6154,2019-05-24,160,156,-4
6155,2019-05-24,135,113,-22
6156,2019-05-24,76,84,8
6157,2019-05-24,128,119,-9
6158,2019-05-24,57,58,1
6159,2019-05-24,19,28,9
6160,2019-05-24,54,45,-9
6161,2019-05-24,52,41,-11
6162,2019-05-24,12,7,-5
6163,2019-05-24,133,124,-9
6164,2019-05-24,36,56,20
6165,2019-05-24,101,124,23
6166,2019-05-24,80,70,-10
6167,2019-05-24,51,55,4
6168,2019-05-24,51,38,-13
6169,2019-05-24,115,100,-15
6170,2019-05-24,56,53,-3
6171,2019-05-24,50,40,-10
6173,2019-05-24,128,89,-39
6174,2019-05-24,101,76,-25
6175,2019-05-24,89,50,-39
6176,2019-05-24,97,93,-4
6177,2019-05-24,75,64,-11
6178,2019-05-24,110,101,-9
6179,2019-05-24,82,78,-4
6180,2019-05-24,64,61,-3
6181,2019-05-24,125,80,-45
6182,2019-05-24,52,53,1
6183,2019-05-24,77,73,-4
6184,2019-05-24,209,225,16
6185,2019-05-24,19,17,-2
6186,2019-05-24,65,50,-15
6187,2019-05-24,80,105,25
6188,2019-05-24,46,40,-6
6189,2019-05-24,19,18,-1
6190,2019-05-24,124,92,-32
6191,2019-05-24,68,61,-7
6192,2019-05-24,43,37,-6
6193,2019-05-24,105,95,-10
6194,2019-05-24,147,121,-26
6195,2019-05-24,102,72,-30
6196,2019-05-24,116,86,-30
6197,2019-05-24,40,28,-12
6198,2019-05-24,22,8,-14
6199,2019-05-24,108,67,-41
6200,2019-05-24,111,93,-18
6201,2019-05-24,76,59,-17
6202,2019-05-24,93,88,-5
6203,2019-05-24,108,97,-11
6204,2019-05-24,107,98,-9
6205,2019-05-24,107,62,-45
6206,2019-05-24,134,120,-14
6207,2019-05-24,38,34,-4
6208,2019-05-24,75,67,-8
6209,2019-05-24,121,104,-17
6210,2019-05-24,47,40,-7
6211,2019-05-24,163,131,-32
6212,2019-05-24,68,41,-27
6213,2019-05-24,126,112,-14
6215,2019-05-24,37,26,-11
6216,2019-05-24,91,58,-33
6217,2019-05-24,95,79,-16
6218,2019-05-24,57,59,2
6219,2019-05-24,62,52,-10
6220,2019-05-24,129,97,-32
6221,2019-05-24,189,155,-34
6222,2019-05-24,68,56,-12
6223,2019-05-24,99,54,-45
6224,2019-05-24,75,59,-16
6225,2019-05-24,68,61,-7
6226,2019-05-24,23,18,-5
6227,2019-05-24,153,146,-7
6228,2019-05-24,37,39,2
6229,2019-05-24,65,55,-10
6230,2019-05-24,97,75,-22
6231,2019-05-24,88,83,-5
6232,2019-05-24,31,22,-9
6233,2019-05-24,111,75,-36
6234,2019-05-24,62,51,-11
6235,2019-05-24,80,60,-20
6236,2019-05-24,77,64,-13
6237,2019-05-24,65,63,-2
6240,2019-05-24,21,22,1
6241,2019-05-24,45,36,-9
6243,2019-05-24,77,65,-12
6245,2019-05-24,40,35,-5
6246,2019-05-24,54,41,-13
6247,2019-05-24,118,112,-6
6248,2019-05-24,164,126,-38
6249,2019-05-24,59,42,-17
6250,2019-05-24,69,65,-4
6251,2019-05-24,27,28,1
6252,2019-05-24,25,30,5
6253,2019-05-24,46,33,-13
6254,2019-05-24,48,45,-3
6255,2019-05-24,76,71,-5
6257,2019-05-24,42,39,-3
6258,2019-05-24,61,53,-8
6259,2019-05-24,42,37,-5
6260,2019-05-24,52,59,7
6261,2019-05-24,49,46,-3
6262,2019-05-24,37,37,0
6263,2019-05-24,20,18,-2
6264,2019-05-24,28,33,5
6265,2019-05-24,44,46,2
6266,2019-05-24,20,22,2
6267,2019-05-24,54,54,0
6268,2019-05-24,51,36,-15
6269,2019-05-24,17,29,12
6270,2019-05-24,40,32,-8
6272,2019-05-24,34,32,-2
6273,2019-05-24,28,32,4
6274,2019-05-24,43,38,-5
6275,2019-05-24,32,28,-4
6276,2019-05-24,31,23,-8
6277,2019-05-24,48,41,-7
6278,2019-05-24,22,27,5
6279,2019-05-24,16,20,4
6280,2019-05-24,67,66,-1
6281,2019-05-24,26,21,-5
6301,2019-05-24,20,18,-2
6302,2019-05-24,21,11,-10
6303,2019-05-24,19,14,-5
6304,2019-05-24,10,12,2
6305,2019-05-24,24,10,-14
6306,2019-05-24,43,17,-26
6307,2019-05-24,81,60,-21
6309,2019-05-24,27,31,4
6310,2019-05-24,51,26,-25
6311,2019-05-24,42,34,-8
6312,2019-05-24,19,35,16
6313,2019-05-24,48,64,16
6314,2019-05-24,65,60,-5
6315,2019-05-24,69,35,-34
6316,2019-05-24,43,19,-24
6321,2019-05-24,54,49,-5
6322,2019-05-24,24,24,0
6323,2019-05-24,18,16,-2
6324,2019-05-24,19,23,4
6327,2019-05-24,37,21,-16
6328,2019-05-24,31,31,0
6329,2019-05-24,23,18,-5
6330,2019-05-24,21,13,-8
6331,2019-05-24,16,15,-1
6332,2019-05-24,32,29,-3
6333,2019-05-24,22,24,2
6334,2019-05-24,78,79,1
6336,2019-05-24,35,30,-5
6338,2019-05-24,2,4,2
6339,2019-05-24,25,25,0
6340,2019-05-24,19,21,2
6341,2019-05-24,50,45,-5
6343,2019-05-24,42,34,-8
6344,2019-05-24,57,37,-20
6345,2019-05-24,13,12,-1
6346,2019-05-24,21,18,-3
6347,2019-05-24,33,28,-5
6349,2019-05-24,35,38,3
6350,2019-05-24,37,46,9
6354,2019-05-24,35,37,2
6355,2019-05-24,26,47,21
6356,2019-05-24,36,26,-10
6358,2019-05-24,26,17,-9
6359,2019-05-24,79,92,13
6360,2019-05-24,30,27,-3
6361,2019-05-24,47,33,-14
6362,2019-05-24,31,30,-1
6363,2019-05-24,17,22,5
6364,2019-05-24,48,45,-3
6366,2019-05-24,37,21,-16
6367,2019-05-24,22,26,4
6368,2019-05-24,78,76,-2
6369,2019-05-24,30,38,8
6370,2019-05-24,27,30,3
6371,2019-05-24,68,51,-17
6372,2019-05-24,85,109,24
6373,2019-05-24,44,37,-7
6374,2019-05-24,38,34,-4
6375,2019-05-24,54,62,8
6377,2019-05-24,58,62,4
6379,2019-05-24,34,36,2
6380,2019-05-24,35,30,-5
6381,2019-05-24,39,40,1
6383,2019-05-24,50,30,-20
6384,2019-05-24,24,20,-4
6385,2019-05-24,50,46,-4
6386,2019-05-24,60,68,8
6387,2019-05-24,54,81,27
6388,2019-05-24,29,26,-3
6389,2019-05-24,52,35,-17
6391,2019-05-24,47,72,25
6393,2019-05-24,62,75,13
6394,2019-05-24,68,93,25
6395,2019-05-24,62,60,-2
6396,2019-05-24,84,103,19
6397,2019-05-24,38,49,11
6398,2019-05-24,40,46,6
6401,2019-05-24,66,85,19
6402,2019-05-24,30,42,12
6403,2019-05-24,30,45,15
6404,2019-05-24,19,22,3
6405,2019-05-24,44,65,21
6406,2019-05-24,91,143,52
6408,2019-05-24,50,55,5
6410,2019-05-24,38,32,-6
6411,2019-05-24,109,112,3
6412,2019-05-24,19,18,-1
6413,2019-05-24,15,12,-3
6414,2019-05-24,15,25,10
6415,2019-05-24,19,18,-1
6416,2019-05-24,25,15,-10
6417,2019-05-24,23,26,3
6418,2019-05-24,10,5,-5
6419,2019-05-24,11,19,8
6420,2019-05-24,26,18,-8
6421,2019-05-24,42,28,-14
6422,2019-05-24,6,9,3
6423,2019-05-24,24,9,-15
6424,2019-05-24,31,73,42
6425,2019-05-24,30,30,0
6426,2019-05-24,62,73,11
6427,2019-05-24,48,46,-2
6428,2019-05-24,15,13,-2
6429,2019-05-24,20,29,9
6432,2019-05-24,70,61,-9
6433,2019-05-24,28,24,-4
6434,2019-05-24,55,48,-7
6435,2019-05-24,35,39,4
6436,2019-05-24,34,22,-12
6501,2019-05-24,36,42,6
6502,2019-05-24,14,17,3
6503,2019-05-24,52,40,-12
6504,2019-05-24,9,15,6
6700,2019-05-24,19,36,17
6701,2019-05-24,71,73,2
6702,2019-05-24,15,19,4
6703,2019-05-24,62,68,6
6704,2019-05-24,30,28,-2
6705,2019-05-24,7,15,8
6706,2019-05-24,19,12,-7
6707,2019-05-24,22,29,7
6708,2019-05-24,51,98,47
6709,2019-05-24,18,17,-1
6710,2019-05-24,13,11,-2
6711,2019-05-24,20,23,3
6712,2019-05-24,10,21,11
6714,2019-05-24,11,11,0
6715,2019-05-24,12,18,6
6716,2019-05-24,9,16,7
6717,2019-05-24,17,12,-5
6718,2019-05-24,24,18,-6
6719,2019-05-24,16,21,5
6720,2019-05-24,26,31,5
6721,2019-05-24,18,14,-4
6722,2019-05-24,7,15,8
6723,2019-05-24,21,24,3
6724,2019-05-24,44,63,19
6725,2019-05-24,29,25,-4
6726,2019-05-24,14,12,-2
6727,2019-05-24,73,70,-3
6728,2019-05-24,16,8,-8
6729,2019-05-24,117,134,17
6730,2019-05-24,17,9,-8
6731,2019-05-24,8,12,4
6732,2019-05-24,42,79,37
6733,2019-05-24,35,33,-2
6734,2019-05-24,50,45,-5
6735,2019-05-24,8,6,-2
6736,2019-05-24,6,11,5
6737,2019-05-24,21,16,-5
6738,2019-05-24,103,78,-25
6739,2019-05-24,5,5,0
6741,2019-05-24,13,13,0
6742,2019-05-24,59,64,5
6743,2019-05-24,28,20,-8
6744,2019-05-24,20,26,6
6745,2019-05-24,24,25,1
6746,2019-05-24,13,12,-1
6747,2019-05-24,35,44,9
6748,2019-05-24,75,83,8
6749,2019-05-24,53,47,-6
6750,2019-05-24,31,23,-8
6753,2019-05-24,12,15,3
6754,2019-05-24,14,12,-2
6901,2019-05-24,57,88,31
6902,2019-05-24,74,88,14
6903,2019-05-24,100,88,-12
6904,2019-05-24,35,37,2
6905,2019-05-24,47,43,-4
6906,2019-05-24,127,72,-55
6907,2019-05-24,63,63,0
6908,2019-05-24,47,48,1
6910,2019-05-24,119,112,-7
6912,2019-05-24,103,83,-20
6913,2019-05-24,39,36,-3
6915,2019-05-24,84,73,-11
6916,2019-05-24,29,34,5
6917,2019-05-24,15,18,3
6918,2019-05-24,31,20,-11
6919,2019-05-24,37,21,-16
6921,2019-05-24,71,72,1
6923,2019-05-24,43,48,5
6924,2019-05-24,26,19,-7
6925,2019-05-24,32,33,1
6926,2019-05-24,53,56,3
6927,2019-05-24,46,30,-16
6928,2019-05-24,42,13,-29
6929,2019-05-24,29,19,-10
6930,2019-05-24,17,17,0
7001,2019-05-24,28,28,0
7002,2019-05-24,8,14,6
7003,2019-05-24,107,73,-34
7004,2019-05-24,9,8,-1
7005,2019-05-24,5,10,5
7006,2019-05-24,17,23,6
7008,2019-05-24,16,26,10
7009,2019-05-24,68,99,31
7010,2019-05-24,9,8,-1
7011,2019-05-24,63,67,4
7012,2019-05-24,39,36,-3
7013,2019-05-24,10,20,10
7014,2019-05-24,66,31,-35
7015,2019-05-24,8,13,5
7016,2019-05-24,7,7,0
7017,2019-05-24,22,32,10
7018,2019-05-24,18,31,13
7019,2019-05-24,102,140,38
7020,2019-05-24,15,27,12
7021,2019-05-24,35,39,4
7022,2019-05-24,34,22,-12
7023,2019-05-24,5,5,0
7024,2019-05-24,32,24,-8
7025,2019-05-24,46,44,-2
7027,2019-05-24,39,30,-9
7028,2019-05-24,118,87,-31
7029,2019-05-24,45,37,-8
7030,2019-05-24,41,38,-3
7031,2019-05-24,57,58,1
7032,2019-05-24,84,73,-11
7033,2019-05-24,74,62,-12
7034,2019-05-24,38,49,11
7035,2019-05-24,47,38,-9
7036,2019-05-24,52,41,-11
7037,2019-05-24,38,36,-2
7038,2019-05-24,77,63,-14
7039,2019-05-24,26,30,4
7040,2019-05-24,58,70,12
7041,2019-05-24,101,120,19
7042,2019-05-24,32,34,2
7043,2019-05-24,28,23,-5
7044,2019-05-24,13,9,-4
7045,2019-05-24,49,64,15
7046,2019-05-24,134,167,33
7047,2019-05-24,120,139,19
7048,2019-05-24,23,22,-1
7051,2019-05-24,4,11,7
7052,2019-05-24,47,70,23
7053,2019-05-24,46,54,8
7054,2019-05-24,50,67,17
7055,2019-05-24,19,35,16
7056,2019-05-24,15,14,-1
7057,2019-05-24,43,47,4
7058,2019-05-24,27,33,6
7059,2019-05-24,17,22,5
7060,2019-05-24,27,30,3
7061,2019-05-24,21,16,-5
7062,2019-05-24,43,47,4
7063,2019-05-24,15,11,-4
7064,2019-05-24,18,14,-4
7065,2019-05-24,35,29,-6
7066,2019-05-24,49,96,47
7068,2019-05-24,68,78,10
7069,2019-05-24,53,74,21
7070,2019-05-24,113,142,29
7071,2019-05-24,59,27,-32
7072,2019-05-24,34,21,-13
7073,2019-05-24,36,53,17
7074,2019-05-24,37,36,-1
7075,2019-05-24,3,5,2
7076,2019-05-24,39,33,-6
7077,2019-05-24,27,31,4
7078,2019-05-24,39,44,5
7079,2019-05-24,1,1,0
7080,2019-05-24,78,89,11
7081,2019-05-24,74,84,10
7082,2019-05-24,63,86,23
7083,2019-05-24,66,66,0
7084,2019-05-24,82,81,-1
7090,2019-05-24,12,14,2
7091,2019-05-24,2,4,2
7092,2019-05-24,1,1,0
7093,2019-05-24,3,3,0
7094,2019-05-24,3,3,0
7095,2019-05-24,13,19,6
7096,2019-05-24,12,17,5
7098,2019-05-24,4,4,0
7099,2019-05-24,6,6,0
7100,2019-05-24,8,1,-7
7101,2019-05-24,14,8,-6
7102,2019-05-24,13,22,9
7103,2019-05-24,10,9,-1
7104,2019-05-24,4,10,6
7105,2019-05-24,6,6,0
7106,2019-05-24,1,1,0
7107,2019-05-24,7,3,-4
7108,2019-05-24,7,9,2
7109,2019-05-24,13,14,1
7110,2019-05-24,3,2,-1
7111,2019-05-24,3,4,1
7112,2019-05-24,14,16,2
7113,2019-05-24,60,51,-9
7114,2019-05-24,67,89,22
7115,2019-05-24,4,3,-1
7116,2019-05-24,8,2,-6
7117,2019-05-24,2,3,1
7118,2019-05-24,4,3,-1
7119,2019-05-24,3,8,5
7120,2019-05-24,1,3,2
7121,2019-05-24,3,6,3
7122,2019-05-24,7,4,-3
7123,2019-05-24,1,2,1
7124,2019-05-24,12,13,1
7125,2019-05-24,19,19,0
7126,2019-05-24,8,2,-6
7127,2019-05-24,40,40,0
7128,2019-05-24,13,9,-4
7129,2019-05-24,13,7,-6
7130,2019-05-24,10,6,-4
7131,2019-05-24,2,3,1
7132,2019-05-24,7,2,-5
7133,2019-05-24,8,9,1
7134,2019-05-24,3,4,1
7135,2019-05-24,1,7,6
7136,2019-05-24,7,11,4
7137,2019-05-24,10,13,3
7138,2019-05-24,2,3,1
7139,2019-05-24,79,87,8
7140,2019-05-24,11,16,5
7141,2019-05-24,37,40,3
7142,2019-05-24,13,16,3
7143,2019-05-24,13,18,5
7144,2019-05-24,35,39,4
7145,2019-05-24,17,22,5
7146,2019-05-24,21,22,1
7147,2019-05-24,25,27,2
7148,2019-05-24,4,3,-1
7149,2019-05-24,11,13,2
10002,2019-05-24,136,111,-25
4000,2019-05-25,27,42,15
4001,2019-05-25,4,5,1
4002,2019-05-25,16,11,-5
5002,2019-05-25,1,3,2
5003,2019-05-25,3,4,1
5004,2019-05-25,1,0,-1
5005,2019-05-25,7,3,-4
5006,2019-05-25,5,8,3
5007,2019-05-25,11,13,2
6001,2019-05-25,23,38,15
6002,2019-05-25,38,47,9
6003,2019-05-25,48,50,2
6004,2019-05-25,40,49,9
6005,2019-05-25,35,51,16
6006,2019-05-25,19,17,-2
6007,2019-05-25,56,49,-7
6008,2019-05-25,31,47,16
6009,2019-05-25,43,52,9
6011,2019-05-25,26,40,14
6012,2019-05-25,101,166,65
6013,2019-05-25,62,102,40
6014,2019-05-25,28,29,1
6015,2019-05-25,121,218,97
6016,2019-05-25,9,10,1
6017,2019-05-25,36,47,11
6018,2019-05-25,61,67,6
6019,2019-05-25,136,106,-30
6021,2019-05-25,80,74,-6
6022,2019-05-25,41,52,11
6023,2019-05-25,87,127,40
6025,2019-05-25,31,38,7
6026,2019-05-25,130,175,45
6027,2019-05-25,64,66,2
6029,2019-05-25,6,8,2
6031,2019-05-25,36,43,7
6032,2019-05-25,37,85,48
6033,2019-05-25,13,8,-5
6034,2019-05-25,28,49,21
6035,2019-05-25,4,23,19
6036,2019-05-25,138,232,94
6037,2019-05-25,51,56,5
6038,2019-05-25,60,62,2
6039,2019-05-25,44,52,8
6040,2019-05-25,46,53,7
6041,2019-05-25,17,23,6
6042,2019-05-25,19,32,13
6043,2019-05-25,36,37,1
6044,2019-05-25,67,58,-9
6046,2019-05-25,21,32,11
6047,2019-05-25,26,19,-7
6048,2019-05-25,11,15,4
6049,2019-05-25,29,32,3
6050,2019-05-25,2,7,5
6051,2019-05-25,18,28,10
6052,2019-05-25,115,182,67
6053,2019-05-25,75,94,19
6057,2019-05-25,56,59,3
6058,2019-05-25,37,42,5
6059,2019-05-25,15,13,-2
6060,2019-05-25,17,18,1
6062,2019-05-25,57,46,-11
6063,2019-05-25,69,66,-3
6064,2019-05-25,84,128,44
6065,2019-05-25,35,43,8
6066,2019-05-25,38,19,-19
6067,2019-05-25,33,37,4
6068,2019-05-25,4,1,-3
6070,2019-05-25,75,56,-19
6072,2019-05-25,21,38,17
6073,2019-05-25,100,136,36
6075,2019-05-25,17,6,-11
6076,2019-05-25,9,14,5
6079,2019-05-25,55,47,-8
6080,2019-05-25,79,77,-2
6082,2019-05-25,15,8,-7
6083,2019-05-25,41,46,5
6084,2019-05-25,18,18,0
6085,2019-05-25,45,88,43
6087,2019-05-25,77,95,18
6088,2019-05-25,44,46,2
6089,2019-05-25,45,48,3
6090,2019-05-25,27,28,1
6091,2019-05-25,41,33,-8
6092,2019-05-25,60,45,-15
6093,2019-05-25,24,12,-12
6094,2019-05-25,21,19,-2
6095,2019-05-25,68,53,-15
6096,2019-05-25,28,27,-1
6097,2019-05-25,71,61,-10
6098,2019-05-25,46,33,-13
6099,2019-05-25,78,110,32
6100,2019-05-25,138,151,13
6101,2019-05-25,39,10,-29
6102,2019-05-25,33,25,-8
6103,2019-05-25,20,23,3
6104,2019-05-25,42,51,9
6105,2019-05-25,28,24,-4
6106,2019-05-25,12,19,7
6107,2019-05-25,47,42,-5
6108,2019-05-25,29,35,6
6109,2019-05-25,11,25,14
6110,2019-05-25,28,29,1
6111,2019-05-25,35,38,3
6112,2019-05-25,86,76,-10
6113,2019-05-25,45,50,5
6114,2019-05-25,114,126,12
6115,2019-05-25,12,14,2
6116,2019-05-25,45,61,16
6118,2019-05-25,75,94,19
6119,2019-05-25,64,66,2
6120,2019-05-25,41,61,20
6121,2019-05-25,18,29,11
6122,2019-05-25,8,9,1
6123,2019-05-25,25,22,-3
6124,2019-05-25,29,42,13
6125,2019-05-25,16,9,-7
6126,2019-05-25,28,30,2
6127,2019-05-25,65,47,-18
6128,2019-05-25,9,10,1
6129,2019-05-25,48,39,-9
6130,2019-05-25,27,22,-5
6131,2019-05-25,55,32,-23
6132,2019-05-25,22,38,16
6133,2019-05-25,46,43,-3
6134,2019-05-25,32,22,-10
6136,2019-05-25,160,131,-29
6137,2019-05-25,90,67,-23
6138,2019-05-25,48,49,1
6139,2019-05-25,34,32,-2
6140,2019-05-25,81,86,5
6141,2019-05-25,59,56,-3
6142,2019-05-25,65,65,0
6143,2019-05-25,128,116,-12
6145,2019-05-25,83,85,2
6146,2019-05-25,64,52,-12
6147,2019-05-25,61,36,-25
6148,2019-05-25,81,62,-19
6149,2019-05-25,26,31,5
6150,2019-05-25,70,76,6
6151,2019-05-25,81,64,-17
6152,2019-05-25,91,99,8
6153,2019-05-25,30,36,6
6154,2019-05-25,177,156,-21
6155,2019-05-25,139,112,-27
6156,2019-05-25,69,52,-17
6157,2019-05-25,127,108,-19
6158,2019-05-25,52,44,-8
6159,2019-05-25,16,15,-1
6160,2019-05-25,56,47,-9
6161,2019-05-25,43,53,10
6162,2019-05-25,10,18,8
6163,2019-05-25,124,105,-19
6164,2019-05-25,58,60,2
6165,2019-05-25,123,119,-4
6166,2019-05-25,70,45,-25
6167,2019-05-25,43,50,7
6168,2019-05-25,26,34,8
6169,2019-05-25,123,115,-8
6170,2019-05-25,62,52,-10
6171,2019-05-25,38,50,12
6173,2019-05-25,104,66,-38
6174,2019-05-25,86,78,-8
6175,2019-05-25,60,35,-25
6176,2019-05-25,76,81,5
6177,2019-05-25,74,57,-17
6178,2019-05-25,107,112,5
6179,2019-05-25,65,63,-2
6180,2019-05-25,33,49,16
6181,2019-05-25,117,83,-34
6182,2019-05-25,52,39,-13
6183,2019-05-25,100,94,-6
6184,2019-05-25,207,190,-17
6185,2019-05-25,24,19,-5
6186,2019-05-25,93,75,-18
6187,2019-05-25,109,114,5
6188,2019-05-25,34,39,5
6189,2019-05-25,22,16,-6
6190,2019-05-25,109,97,-12
6191,2019-05-25,54,59,5
6192,2019-05-25,41,23,-18
6193,2019-05-25,120,110,-10
6194,2019-05-25,115,113,-2
6195,2019-05-25,74,44,-30
6196,2019-05-25,128,105,-23
6197,2019-05-25,31,26,-5
6198,2019-05-25,16,5,-11
6199,2019-05-25,68,46,-22
6200,2019-05-25,90,111,21
6201,2019-05-25,66,45,-21
6202,2019-05-25,76,63,-13
6203,2019-05-25,70,83,13
6204,2019-05-25,90,86,-4
6205,2019-05-25,62,65,3
6206,2019-05-25,78,93,15
6207,2019-05-25,28,25,-3
6208,2019-05-25,44,47,3
6209,2019-05-25,69,63,-6
6210,2019-05-25,18,19,1
6211,2019-05-25,150,146,-4
6212,2019-05-25,96,75,-21
6213,2019-05-25,127,127,0
6216,2019-05-25,121,84,-37
6217,2019-05-25,95,67,-28
6218,2019-05-25,57,55,-2
6219,2019-05-25,53,52,-1
6220,2019-05-25,99,103,4
6221,2019-05-25,149,116,-33
6222,2019-05-25,88,72,-16
6223,2019-05-25,107,83,-24
6224,2019-05-25,64,51,-13
6225,2019-05-25,61,34,-27
6226,2019-05-25,3,6,3
6227,2019-05-25,153,150,-3
6228,2019-05-25,38,25,-13
6229,2019-05-25,60,52,-8
6230,2019-05-25,110,100,-10
6231,2019-05-25,120,108,-12
6232,2019-05-25,32,21,-11
6233,2019-05-25,120,90,-30
6234,2019-05-25,93,80,-13
6235,2019-05-25,39,27,-12
6236,2019-05-25,50,59,9
6237,2019-05-25,71,68,-3
6240,2019-05-25,12,17,5
6241,2019-05-25,33,25,-8
6243,2019-05-25,69,73,4
6245,2019-05-25,33,37,4
6246,2019-05-25,101,93,-8
6247,2019-05-25,61,66,5
6248,2019-05-25,130,108,-22
6249,2019-05-25,71,71,0
6250,2019-05-25,135,143,8
6251,2019-05-25,26,14,-12
6252,2019-05-25,47,49,2
6253,2019-05-25,41,24,-17
6254,2019-05-25,65,66,1
6255,2019-05-25,69,66,-3
6257,2019-05-25,30,33,3
6258,2019-05-25,75,67,-8
6259,2019-05-25,29,23,-6
6260,2019-05-25,50,37,-13
6261,2019-05-25,41,38,-3
6262,2019-05-25,46,37,-9
6263,2019-05-25,12,14,2
6264,2019-05-25,21,24,3
6265,2019-05-25,31,23,-8
6266,2019-05-25,10,14,4
6267,2019-05-25,48,41,-7
6268,2019-05-25,48,39,-9
6269,2019-05-25,30,26,-4
6270,2019-05-25,29,20,-9
6272,2019-05-25,29,22,-7
6273,2019-05-25,35,26,-9
6274,2019-05-25,39,34,-5
6275,2019-05-25,19,18,-1
6276,2019-05-25,29,29,0
6277,2019-05-25,48,55,7
6278,2019-05-25,17,8,-9
6279,2019-05-25,28,24,-4
6280,2019-05-25,55,64,9
6281,2019-05-25,22,10,-12
6301,2019-05-25,18,15,-3
6302,2019-05-25,20,16,-4
6303,2019-05-25,12,11,-1
6304,2019-05-25,11,12,1
6305,2019-05-25,9,9,0
6306,2019-05-25,22,12,-10
6307,2019-05-25,85,85,0
6309,2019-05-25,35,26,-9
6310,2019-05-25,38,19,-19
6311,2019-05-25,34,31,-3
6312,2019-05-25,23,25,2
6313,2019-05-25,50,50,0
6314,2019-05-25,67,53,-14
6315,2019-05-25,66,21,-45
6316,2019-05-25,30,8,-22
6321,2019-05-25,60,53,-7
6322,2019-05-25,18,26,8
6323,2019-05-25,13,12,-1
6324,2019-05-25,18,17,-1
6327,2019-05-25,25,15,-10
6328,2019-05-25,38,33,-5
6329,2019-05-25,25,23,-2
6330,2019-05-25,19,11,-8
6331,2019-05-25,11,12,1
6332,2019-05-25,21,28,7
6333,2019-05-25,19,20,1
6334,2019-05-25,58,56,-2
6336,2019-05-25,19,18,-1
6338,2019-05-25,13,12,-1
6339,2019-05-25,14,13,-1
6340,2019-05-25,19,19,0
6341,2019-05-25,30,41,11
6343,2019-05-25,20,23,3
6344,2019-05-25,42,49,7
6345,2019-05-25,8,19,11
6346,2019-05-25,20,6,-14
6347,2019-05-25,17,27,10
6349,2019-05-25,12,16,4
6350,2019-05-25,31,30,-1
6354,2019-05-25,28,16,-12
6355,2019-05-25,34,23,-11
6356,2019-05-25,22,16,-6
6358,2019-05-25,16,12,-4
6359,2019-05-25,70,80,10
6360,2019-05-25,28,31,3
6361,2019-05-25,35,47,12
6362,2019-05-25,29,28,-1
6363,2019-05-25,11,15,4
6364,2019-05-25,34,24,-10
6366,2019-05-25,23,24,1
6367,2019-05-25,18,16,-2
6368,2019-05-25,53,59,6
6369,2019-05-25,20,32,12
6370,2019-05-25,28,19,-9
6371,2019-05-25,62,44,-18
6372,2019-05-25,103,90,-13
6373,2019-05-25,23,20,-3
6374,2019-05-25,37,30,-7
6375,2019-05-25,51,54,3
6377,2019-05-25,31,31,0
6379,2019-05-25,36,34,-2
6380,2019-05-25,22,19,-3
6381,2019-05-25,45,58,13
6383,2019-05-25,32,31,-1
6384,2019-05-25,20,14,-6
6385,2019-05-25,36,27,-9
6386,2019-05-25,59,54,-5
6387,2019-05-25,51,54,3
6388,2019-05-25,25,28,3
6389,2019-05-25,43,47,4
6391,2019-05-25,50,69,19
6393,2019-05-25,41,73,32
6394,2019-05-25,74,80,6
6395,2019-05-25,34,30,-4
6396,2019-05-25,39,60,21
6397,2019-05-25,35,53,18
6398,2019-05-25,22,27,5
6401,2019-05-25,57,64,7
6402,2019-05-25,50,71,21
6403,2019-05-25,36,39,3
6404,2019-05-25,23,31,8
6405,2019-05-25,71,76,5
6406,2019-05-25,160,212,52
6408,2019-05-25,19,22,3
6410,2019-05-25,10,22,12
6411,2019-05-25,103,100,-3
6412,2019-05-25,12,22,10
6413,2019-05-25,8,9,1
6414,2019-05-25,22,21,-1
6415,2019-05-25,15,9,-6
6416,2019-05-25,15,9,-6
6417,2019-05-25,17,16,-1
6418,2019-05-25,3,7,4
6419,2019-05-25,8,10,2
6420,2019-05-25,24,22,-2
6421,2019-05-25,23,23,0
6422,2019-05-25,10,10,0
6423,2019-05-25,13,17,4
6424,2019-05-25,21,19,-2
6425,2019-05-25,30,40,10
6426,2019-05-25,44,44,0
6427,2019-05-25,42,29,-13
6428,2019-05-25,15,19,4
6429,2019-05-25,29,27,-2
6432,2019-05-25,53,54,1
6433,2019-05-25,15,12,-3
6434,2019-05-25,53,57,4
6435,2019-05-25,29,15,-14
6436,2019-05-25,10,14,4
6501,2019-05-25,98,95,-3
6502,2019-05-25,25,36,11
6503,2019-05-25,46,36,-10
6504,2019-05-25,21,30,9
6700,2019-05-25,26,30,4
6701,2019-05-25,31,26,-5
6702,2019-05-25,11,10,-1
6703,2019-05-25,49,57,8
6704,2019-05-25,18,9,-9
6705,2019-05-25,13,14,1
6706,2019-05-25,21,27,6
6707,2019-05-25,19,17,-2
6708,2019-05-25,35,49,14
6709,2019-05-25,32,25,-7
6710,2019-05-25,14,14,0
6711,2019-05-25,23,12,-11
6712,2019-05-25,25,23,-2
6714,2019-05-25,10,7,-3
6715,2019-05-25,11,18,7
6716,2019-05-25,8,11,3
6717,2019-05-25,14,8,-6
6718,2019-05-25,16,19,3
6719,2019-05-25,10,13,3
6720,2019-05-25,28,27,-1
6721,2019-05-25,11,16,5
6722,2019-05-25,14,18,4
6723,2019-05-25,17,13,-4
6724,2019-05-25,60,76,16
6725,2019-05-25,32,26,-6
6726,2019-05-25,5,6,1
6727,2019-05-25,43,45,2
6728,2019-05-25,11,9,-2
6729,2019-05-25,108,104,-4
6730,2019-05-25,7,6,-1
6731,2019-05-25,17,11,-6
6732,2019-05-25,45,24,-21
6733,2019-05-25,35,32,-3
6734,2019-05-25,46,40,-6
6735,2019-05-25,3,5,2
6736,2019-05-25,7,15,8
6737,2019-05-25,19,9,-10
6738,2019-05-25,13,22,9
6739,2019-05-25,7,9,2
6741,2019-05-25,23,20,-3
6742,2019-05-25,39,47,8
6743,2019-05-25,23,14,-9
6744,2019-05-25,18,13,-5
6745,2019-05-25,13,7,-6
6746,2019-05-25,6,15,9
6747,2019-05-25,66,60,-6
6748,2019-05-25,42,46,4
6749,2019-05-25,31,34,3
6750,2019-05-25,34,29,-5
6753,2019-05-25,9,8,-1
6754,2019-05-25,9,15,6
6901,2019-05-25,49,70,21
6902,2019-05-25,70,84,14
6903,2019-05-25,94,78,-16
6904,2019-05-25,38,30,-8
6905,2019-05-25,28,23,-5
6906,2019-05-25,71,55,-16
6907,2019-05-25,77,61,-16
6908,2019-05-25,50,44,-6
6910,2019-05-25,114,111,-3
6912,2019-05-25,101,78,-23
6913,2019-05-25,47,22,-25
6915,2019-05-25,81,82,1
6916,2019-05-25,23,31,8
6917,2019-05-25,15,19,4
6918,2019-05-25,25,20,-5
6919,2019-05-25,21,17,-4
6921,2019-05-25,30,28,-2
6923,2019-05-25,35,26,-9
6924,2019-05-25,17,28,11
6925,2019-05-25,22,19,-3
6926,2019-05-25,62,55,-7
6927,2019-05-25,34,25,-9
6928,2019-05-25,19,7,-12
6929,2019-05-25,19,24,5
6930,2019-05-25,12,13,1
7001,2019-05-25,27,29,2
7002,2019-05-25,9,8,-1
7003,2019-05-25,61,58,-3
7004,2019-05-25,4,11,7
7005,2019-05-25,9,15,6
7006,2019-05-25,14,15,1
7008,2019-05-25,20,20,0
7009,2019-05-25,40,65,25
7010,2019-05-25,7,5,-2
7011,2019-05-25,56,58,2
7012,2019-05-25,22,30,8
7013,2019-05-25,16,11,-5
7014,2019-05-25,23,30,7
7015,2019-05-25,21,22,1
7016,2019-05-25,8,8,0
7017,2019-05-25,16,20,4
7018,2019-05-25,30,34,4
7019,2019-05-25,12,10,-2
7020,2019-05-25,22,16,-6
7021,2019-05-25,140,143,3
7022,2019-05-25,39,31,-8
7023,2019-05-25,3,4,1
7024,2019-05-25,20,11,-9
7025,2019-05-25,43,34,-9
7027,2019-05-25,37,36,-1
7028,2019-05-25,48,43,-5
7029,2019-05-25,30,41,11
7030,2019-05-25,37,40,3
7031,2019-05-25,44,57,13
7032,2019-05-25,92,71,-21
7033,2019-05-25,56,47,-9
7034,2019-05-25,27,63,36
7035,2019-05-25,31,27,-4
7036,2019-05-25,44,38,-6
7037,2019-05-25,35,20,-15
7038,2019-05-25,51,56,5
7039,2019-05-25,25,24,-1
7040,2019-05-25,62,75,13
7041,2019-05-25,69,82,13
7042,2019-05-25,12,20,8
7043,2019-05-25,16,15,-1
7044,2019-05-25,1,6,5
7045,2019-05-25,91,91,0
7046,2019-05-25,68,75,7
7047,2019-05-25,93,100,7
7048,2019-05-25,12,10,-2
7051,2019-05-25,10,10,0
7052,2019-05-25,27,37,10
7053,2019-05-25,33,29,-4
7054,2019-05-25,25,27,2
7055,2019-05-25,32,40,8
7056,2019-05-25,12,8,-4
7057,2019-05-25,43,37,-6
7058,2019-05-25,28,32,4
7059,2019-05-25,18,24,6
7060,2019-05-25,27,18,-9
7061,2019-05-25,28,25,-3
7062,2019-05-25,21,14,-7
7063,2019-05-25,28,29,1
7064,2019-05-25,6,6,0
7065,2019-05-25,37,37,0
7066,2019-05-25,30,65,35
7068,2019-05-25,65,66,1
7069,2019-05-25,36,46,10
7070,2019-05-25,42,30,-12
7071,2019-05-25,40,28,-12
7072,2019-05-25,36,26,-10
7073,2019-05-25,25,32,7
7074,2019-05-25,36,40,4
7075,2019-05-25,3,6,3
7076,2019-05-25,41,30,-11
7077,2019-05-25,22,26,4
7078,2019-05-25,21,38,17
7080,2019-05-25,30,38,8
7081,2019-05-25,31,38,7
7082,2019-05-25,61,83,22
7083,2019-05-25,58,50,-8
7084,2019-05-25,61,70,9
7090,2019-05-25,8,9,1
7091,2019-05-25,3,2,-1
7092,2019-05-25,2,0,-2
7093,2019-05-25,2,1,-1
7094,2019-05-25,4,1,-3
7095,2019-05-25,3,1,-2
7096,2019-05-25,7,8,1
7097,2019-05-25,4,1,-3
7098,2019-05-25,3,2,-1
7099,2019-05-25,3,7,4
7100,2019-05-25,5,6,1
7101,2019-05-25,4,8,4
7102,2019-05-25,5,10,5
7103,2019-05-25,8,7,-1
7105,2019-05-25,6,9,3
7106,2019-05-25,4,3,-1
7107,2019-05-25,2,0,-2
7108,2019-05-25,12,11,-1
7109,2019-05-25,8,9,1
7110,2019-05-25,4,12,8
7111,2019-05-25,1,1,0
7112,2019-05-25,3,11,8
7113,2019-05-25,27,32,5
7114,2019-05-25,67,72,5
7115,2019-05-25,4,4,0
7116,2019-05-25,3,3,0
7117,2019-05-25,1,2,1
7118,2019-05-25,1,1,0
7119,2019-05-25,6,5,-1
7120,2019-05-25,4,5,1
7121,2019-05-25,2,2,0
7122,2019-05-25,1,2,1
7123,2019-05-25,3,4,1
7124,2019-05-25,52,84,32
7125,2019-05-25,9,13,4
7126,2019-05-25,4,4,0
7127,2019-05-25,23,29,6
7128,2019-05-25,7,12,5
7129,2019-05-25,4,7,3
7130,2019-05-25,4,4,0
7131,2019-05-25,2,3,1
7132,2019-05-25,5,2,-3
7133,2019-05-25,3,5,2
7134,2019-05-25,6,4,-2
7135,2019-05-25,1,3,2
7136,2019-05-25,3,1,-2
7137,2019-05-25,4,6,2
7138,2019-05-25,3,3,0
7139,2019-05-25,58,66,8
7140,2019-05-25,22,16,-6
7141,2019-05-25,41,41,0
7142,2019-05-25,19,14,-5
7143,2019-05-25,17,16,-1
7144,2019-05-25,34,40,6
7145,2019-05-25,15,13,-2
7146,2019-05-25,12,7,-5
7147,2019-05-25,13,13,0
7148,2019-05-25,5,8,3
7149,2019-05-25,13,10,-3
10002,2019-05-25,59,66,7
4000,2019-05-26,50,83,33
4001,2019-05-26,25,26,1
4002,2019-05-26,19,35,16
5002,2019-05-26,6,5,-1
5003,2019-05-26,5,0,-5
5004,2019-05-26,3,4,1
5005,2019-05-26,11,18,7
5006,2019-05-26,8,6,-2
5007,2019-05-26,23,25,2
6001,2019-05-26,86,92,6
6002,2019-05-26,58,72,14
6003,2019-05-26,58,59,1
6004,2019-05-26,98,105,7
6005,2019-05-26,85,76,-9
6006,2019-05-26,34,26,-8
6007,2019-05-26,51,53,2
6008,2019-05-26,58,54,-4
6009,2019-05-26,184,175,-9
6011,2019-05-26,58,62,4
6012,2019-05-26,252,299,47
6013,2019-05-26,154,171,17
6014,2019-05-26,52,50,-2
6015,2019-05-26,354,440,86
6016,2019-05-26,20,16,-4
6017,2019-05-26,71,66,-5
6018,2019-05-26,65,78,13
6019,2019-05-26,178,127,-51
6021,2019-05-26,118,87,-31
6022,2019-05-26,50,55,5
6023,2019-05-26,477,541,64
6025,2019-05-26,80,79,-1
6026,2019-05-26,545,855,310
6027,2019-05-26,138,139,1
6029,2019-05-26,18,42,24
6031,2019-05-26,69,81,12
6032,2019-05-26,161,169,8
6033,2019-05-26,17,11,-6
6034,2019-05-26,75,91,16
6035,2019-05-26,25,37,12
6036,2019-05-26,646,796,150
6037,2019-05-26,166,170,4
6038,2019-05-26,148,146,-2
6039,2019-05-26,111,113,2
6040,2019-05-26,99,105,6
6041,2019-05-26,34,33,-1
6042,2019-05-26,40,41,1
6043,2019-05-26,113,102,-11
6044,2019-05-26,116,125,9
6046,2019-05-26,43,32,-11
6047,2019-05-26,51,39,-12
6048,2019-05-26,19,29,10
6049,2019-05-26,56,59,3
6051,2019-05-26,40,39,-1
6052,2019-05-26,430,667,237
6053,2019-05-26,261,269,8
6057,2019-05-26,64,65,1
6058,2019-05-26,53,55,2
6059,2019-05-26,22,23,1
6060,2019-05-26,25,22,-3
6062,2019-05-26,89,71,-18
6063,2019-05-26,119,105,-14
6064,2019-05-26,178,213,35
6065,2019-05-26,170,173,3
6066,2019-05-26,49,31,-18
6067,2019-05-26,52,46,-6
6068,2019-05-26,12,13,1
6070,2019-05-26,188,183,-5
6072,2019-05-26,54,43,-11
6073,2019-05-26,251,249,-2
6075,2019-05-26,35,25,-10
6076,2019-05-26,16,24,8
6079,2019-05-26,105,89,-16
6080,2019-05-26,145,132,-13
6082,2019-05-26,22,13,-9
6083,2019-05-26,138,139,1
6084,2019-05-26,85,77,-8
6085,2019-05-26,72,123,51
6087,2019-05-26,120,142,22
6088,2019-05-26,89,85,-4
6089,2019-05-26,45,33,-12
6090,2019-05-26,20,20,0
6091,2019-05-26,75,70,-5
6092,2019-05-26,110,69,-41
6093,2019-05-26,43,33,-10
6094,2019-05-26,34,34,0
6095,2019-05-26,161,170,9
6096,2019-05-26,26,25,-1
6097,2019-05-26,157,114,-43
6098,2019-05-26,63,59,-4
6099,2019-05-26,172,181,9
6100,2019-05-26,382,362,-20
6101,2019-05-26,65,20,-45
6102,2019-05-26,56,50,-6
6103,2019-05-26,36,32,-4
6104,2019-05-26,93,97,4
6105,2019-05-26,49,58,9
6106,2019-05-26,59,59,0
6107,2019-05-26,123,100,-23
6108,2019-05-26,39,50,11
6109,2019-05-26,129,112,-17
6110,2019-05-26,62,66,4
6111,2019-05-26,47,48,1
6112,2019-05-26,117,131,14
6113,2019-05-26,58,66,8
6114,2019-05-26,293,319,26
6115,2019-05-26,32,28,-4
6116,2019-05-26,70,77,7
6118,2019-05-26,100,111,11
6119,2019-05-26,124,139,15
6120,2019-05-26,89,101,12
6121,2019-05-26,39,44,5
6122,2019-05-26,18,25,7
6123,2019-05-26,61,60,-1
6124,2019-05-26,50,74,24
6125,2019-05-26,18,27,9
6126,2019-05-26,52,54,2
6127,2019-05-26,62,76,14
6128,2019-05-26,11,12,1
6129,2019-05-26,60,51,-9
6130,2019-05-26,42,29,-13
6131,2019-05-26,94,79,-15
6132,2019-05-26,37,42,5
6133,2019-05-26,79,74,-5
6134,2019-05-26,65,65,0
6136,2019-05-26,209,172,-37
6137,2019-05-26,103,92,-11
6138,2019-05-26,88,83,-5
6139,2019-05-26,47,38,-9
6140,2019-05-26,163,159,-4
6141,2019-05-26,55,64,9
6142,2019-05-26,181,167,-14
6143,2019-05-26,284,277,-7
6145,2019-05-26,173,165,-8
6146,2019-05-26,132,126,-6
6147,2019-05-26,105,69,-36
6148,2019-05-26,109,94,-15
6149,2019-05-26,34,42,8
6150,2019-05-26,86,85,-1
6151,2019-05-26,86,100,14
6152,2019-05-26,137,130,-7
6153,2019-05-26,42,45,3
6154,2019-05-26,192,164,-28
6155,2019-05-26,137,112,-25
6156,2019-05-26,99,92,-7
6157,2019-05-26,177,170,-7
6158,2019-05-26,66,59,-7
6159,2019-05-26,34,37,3
6160,2019-05-26,52,47,-5
6161,2019-05-26,46,53,7
6162,2019-05-26,18,13,-5
6163,2019-05-26,131,127,-4
6164,2019-05-26,88,96,8
6165,2019-05-26,221,216,-5
6166,2019-05-26,143,124,-19
6167,2019-05-26,64,70,6
6168,2019-05-26,47,34,-13
6169,2019-05-26,183,155,-28
6170,2019-05-26,130,124,-6
6171,2019-05-26,41,51,10
6173,2019-05-26,175,118,-57
6174,2019-05-26,123,113,-10
6175,2019-05-26,102,57,-45
6176,2019-05-26,176,176,0
6177,2019-05-26,92,79,-13
6178,2019-05-26,153,140,-13
6179,2019-05-26,81,76,-5
6180,2019-05-26,63,72,9
6181,2019-05-26,115,107,-8
6182,2019-05-26,117,90,-27
6183,2019-05-26,101,85,-16
6184,2019-05-26,272,254,-18
6185,2019-05-26,32,40,8
6186,2019-05-26,92,74,-18
6187,2019-05-26,156,151,-5
6188,2019-05-26,60,54,-6
6189,2019-05-26,16,24,8
6190,2019-05-26,115,93,-22
6191,2019-05-26,65,52,-13
6192,2019-05-26,43,39,-4
6193,2019-05-26,169,159,-10
6194,2019-05-26,189,198,9
6195,2019-05-26,93,55,-38
6196,2019-05-26,126,108,-18
6197,2019-05-26,38,41,3
6198,2019-05-26,34,26,-8
6199,2019-05-26,95,89,-6
6200,2019-05-26,145,129,-16
6201,2019-05-26,82,60,-22
6202,2019-05-26,115,104,-11
6203,2019-05-26,133,135,2
6204,2019-05-26,85,86,1
6205,2019-05-26,120,118,-2
6206,2019-05-26,171,146,-25
6207,2019-05-26,68,68,0
6208,2019-05-26,88,99,11
6209,2019-05-26,118,69,-49
6210,2019-05-26,44,28,-16
6211,2019-05-26,182,164,-18
6212,2019-05-26,132,99,-33
6213,2019-05-26,152,138,-14
6216,2019-05-26,541,389,-152
6217,2019-05-26,99,83,-16
6218,2019-05-26,73,66,-7
6219,2019-05-26,73,57,-16
6220,2019-05-26,119,121,2
6221,2019-05-26,216,194,-22
6222,2019-05-26,115,92,-23
6223,2019-05-26,201,163,-38
6224,2019-05-26,104,78,-26
6225,2019-05-26,93,68,-25
6226,2019-05-26,16,12,-4
6227,2019-05-26,200,171,-29
6228,2019-05-26,25,29,4
6229,2019-05-26,72,53,-19
6230,2019-05-26,110,119,9
6231,2019-05-26,164,145,-19
6232,2019-05-26,97,92,-5
6233,2019-05-26,179,151,-28
6234,2019-05-26,106,110,4
6235,2019-05-26,29,20,-9
6236,2019-05-26,66,65,-1
6237,2019-05-26,60,53,-7
6240,2019-05-26,35,33,-2
6241,2019-05-26,35,36,1
6243,2019-05-26,108,106,-2
6245,2019-05-26,68,67,-1
6246,2019-05-26,58,61,3
6247,2019-05-26,114,93,-21
6248,2019-05-26,171,165,-6
6249,2019-05-26,81,83,2
6250,2019-05-26,150,150,0
6251,2019-05-26,43,46,3
6252,2019-05-26,61,63,2
6253,2019-05-26,67,52,-15
6254,2019-05-26,57,54,-3
6255,2019-05-26,95,93,-2
6257,2019-05-26,47,47,0
6258,2019-05-26,101,74,-27
6259,2019-05-26,50,36,-14
6260,2019-05-26,71,71,0
6261,2019-05-26,41,52,11
6262,2019-05-26,45,49,4
6263,2019-05-26,12,20,8
6264,2019-05-26,35,33,-2
6265,2019-05-26,37,42,5
6266,2019-05-26,17,7,-10
6267,2019-05-26,43,50,7
6268,2019-05-26,69,64,-5
6269,2019-05-26,26,32,6
6270,2019-05-26,30,41,11
6272,2019-05-26,28,30,2
6273,2019-05-26,24,26,2
6274,2019-05-26,50,49,-1
6275,2019-05-26,23,33,10
6276,2019-05-26,48,31,-17
6277,2019-05-26,68,68,0
6278,2019-05-26,23,19,-4
6279,2019-05-26,23,19,-4
6280,2019-05-26,69,69,0
6281,2019-05-26,49,39,-10
6301,2019-05-26,40,37,-3
6302,2019-05-26,36,36,0
6303,2019-05-26,42,41,-1
6304,2019-05-26,13,10,-3
6305,2019-05-26,23,17,-6
6306,2019-05-26,40,21,-19
6307,2019-05-26,107,103,-4
6309,2019-05-26,36,41,5
6310,2019-05-26,46,23,-23
6311,2019-05-26,45,30,-15
6312,2019-05-26,49,50,1
6313,2019-05-26,129,148,19
6314,2019-05-26,75,69,-6
6315,2019-05-26,89,54,-35
6316,2019-05-26,63,34,-29
6321,2019-05-26,150,143,-7
6322,2019-05-26,42,35,-7
6323,2019-05-26,15,22,7
6324,2019-05-26,29,22,-7
6327,2019-05-26,33,38,5
6328,2019-05-26,63,56,-7
6329,2019-05-26,20,16,-4
6330,2019-05-26,26,22,-4
6331,2019-05-26,30,30,0
6332,2019-05-26,28,28,0
6333,2019-05-26,38,40,2
6334,2019-05-26,57,54,-3
6336,2019-05-26,53,53,0
6338,2019-05-26,18,15,-3
6339,2019-05-26,33,33,0
6340,2019-05-26,26,32,6
6341,2019-05-26,42,48,6
6343,2019-05-26,33,34,1
6344,2019-05-26,82,77,-5
6345,2019-05-26,28,21,-7
6346,2019-05-26,29,16,-13
6347,2019-05-26,19,16,-3
6349,2019-05-26,43,33,-10
6350,2019-05-26,60,48,-12
6354,2019-05-26,40,56,16
6355,2019-05-26,43,49,6
6356,2019-05-26,29,27,-2
6358,2019-05-26,28,27,-1
6359,2019-05-26,150,130,-20
6360,2019-05-26,53,48,-5
6361,2019-05-26,64,55,-9
6362,2019-05-26,27,36,9
6363,2019-05-26,21,22,1
6364,2019-05-26,53,45,-8
6366,2019-05-26,48,29,-19
6367,2019-05-26,31,30,-1
6368,2019-05-26,81,72,-9
6369,2019-05-26,54,63,9
6370,2019-05-26,43,52,9
6371,2019-05-26,71,74,3
6372,2019-05-26,118,143,25
6373,2019-05-26,37,35,-2
6374,2019-05-26,45,57,12
6375,2019-05-26,62,78,16
6377,2019-05-26,41,34,-7
6379,2019-05-26,39,37,-2
6380,2019-05-26,50,45,-5
6381,2019-05-26,86,81,-5
6383,2019-05-26,59,57,-2
6384,2019-05-26,35,36,1
6385,2019-05-26,48,62,14
6386,2019-05-26,59,67,8
6387,2019-05-26,77,80,3
6388,2019-05-26,41,46,5
6389,2019-05-26,68,55,-13
6391,2019-05-26,77,100,23
6393,2019-05-26,69,88,19
6394,2019-05-26,105,133,28
6395,2019-05-26,117,125,8
6396,2019-05-26,154,147,-7
6397,2019-05-26,73,88,15
6398,2019-05-26,37,57,20
6401,2019-05-26,103,109,6
6402,2019-05-26,80,95,15
6403,2019-05-26,61,56,-5
6404,2019-05-26,27,51,24
6405,2019-05-26,104,117,13
6406,2019-05-26,417,516,99
6408,2019-05-26,43,44,1
6410,2019-05-26,27,18,-9
6411,2019-05-26,160,142,-18
6412,2019-05-26,17,29,12
6413,2019-05-26,26,25,-1
6414,2019-05-26,23,32,9
6415,2019-05-26,26,35,9
6416,2019-05-26,32,17,-15
6417,2019-05-26,22,30,8
6418,2019-05-26,16,19,3
6419,2019-05-26,45,41,-4
6420,2019-05-26,45,36,-9
6421,2019-05-26,49,25,-24
6422,2019-05-26,31,28,-3
6423,2019-05-26,23,16,-7
6424,2019-05-26,37,40,3
6425,2019-05-26,58,58,0
6426,2019-05-26,70,81,11
6427,2019-05-26,91,92,1
6428,2019-05-26,54,50,-4
6429,2019-05-26,57,74,17
6432,2019-05-26,119,120,1
6433,2019-05-26,26,26,0
6434,2019-05-26,89,93,4
6435,2019-05-26,82,79,-3
6436,2019-05-26,28,32,4
6501,2019-05-26,473,686,213
6502,2019-05-26,72,76,4
6503,2019-05-26,61,46,-15
6504,2019-05-26,129,116,-13
6700,2019-05-26,23,43,20
6701,2019-05-26,82,66,-16
6702,2019-05-26,25,21,-4
6703,2019-05-26,182,197,15
6704,2019-05-26,41,42,1
6705,2019-05-26,19,14,-5
6706,2019-05-26,23,26,3
6707,2019-05-26,39,28,-11
6708,2019-05-26,67,86,19
6709,2019-05-26,44,47,3
6710,2019-05-26,29,26,-3
6711,2019-05-26,13,13,0
6712,2019-05-26,79,82,3
6714,2019-05-26,59,58,-1
6715,2019-05-26,35,29,-6
6716,2019-05-26,10,10,0
6717,2019-05-26,28,29,1
6718,2019-05-26,37,33,-4
6719,2019-05-26,56,53,-3
6720,2019-05-26,30,39,9
6721,2019-05-26,37,37,0
6722,2019-05-26,23,29,6
6723,2019-05-26,26,25,-1
6724,2019-05-26,209,213,4
6725,2019-05-26,53,60,7
6726,2019-05-26,12,12,0
6727,2019-05-26,76,83,7
6728,2019-05-26,16,16,0
6729,2019-05-26,156,168,12
6730,2019-05-26,19,14,-5
6731,2019-05-26,49,50,1
6732,2019-05-26,61,64,3
6733,2019-05-26,41,52,11
6734,2019-05-26,54,52,-2
6735,2019-05-26,16,11,-5
6736,2019-05-26,28,32,4
6737,2019-05-26,22,21,-1
6738,2019-05-26,38,31,-7
6739,2019-05-26,6,5,-1
6741,2019-05-26,27,26,-1
6742,2019-05-26,93,95,2
6743,2019-05-26,62,45,-17
6744,2019-05-26,41,48,7
6745,2019-05-26,17,28,11
6746,2019-05-26,21,15,-6
6747,2019-05-26,36,33,-3
6748,2019-05-26,57,79,22
6749,2019-05-26,89,88,-1
6750,2019-05-26,43,21,-22
6753,2019-05-26,10,5,-5
6754,2019-05-26,36,41,5
6901,2019-05-26,91,90,-1
6902,2019-05-26,88,109,21
6903,2019-05-26,109,106,-3
6904,2019-05-26,61,51,-10
6905,2019-05-26,21,29,8
6906,2019-05-26,111,66,-45
6907,2019-05-26,120,108,-12
6908,2019-05-26,60,62,2
6910,2019-05-26,152,131,-21
6912,2019-05-26,122,87,-35
6913,2019-05-26,59,51,-8
6915,2019-05-26,85,86,1
6916,2019-05-26,28,25,-3
6917,2019-05-26,13,16,3
6918,2019-05-26,31,27,-4
6919,2019-05-26,21,21,0
6921,2019-05-26,47,80,33
6923,2019-05-26,35,29,-6
6924,2019-05-26,27,22,-5
6925,2019-05-26,34,28,-6
6926,2019-05-26,54,58,4
6927,2019-05-26,60,38,-22
6928,2019-05-26,27,14,-13
6929,2019-05-26,35,32,-3
6930,2019-05-26,15,15,0
7001,2019-05-26,27,29,2
7002,2019-05-26,16,25,9
7003,2019-05-26,140,114,-26
7004,2019-05-26,25,22,-3
7005,2019-05-26,13,14,1
7006,2019-05-26,12,18,6
7008,2019-05-26,25,17,-8
7009,2019-05-26,93,102,9
7010,2019-05-26,31,29,-2
7011,2019-05-26,79,94,15
7012,2019-05-26,46,51,5
7013,2019-05-26,34,37,3
7014,2019-05-26,52,35,-17
7015,2019-05-26,130,119,-11
7016,2019-05-26,14,11,-3
7017,2019-05-26,42,50,8
7018,2019-05-26,42,56,14
7019,2019-05-26,15,13,-2
7020,2019-05-26,35,37,2
7021,2019-05-26,48,51,3
7022,2019-05-26,62,61,-1
7023,2019-05-26,2,5,3
7024,2019-05-26,37,23,-14
7025,2019-05-26,40,38,-2
7027,2019-05-26,50,48,-2
7028,2019-05-26,37,28,-9
7029,2019-05-26,51,50,-1
7030,2019-05-26,49,48,-1
7031,2019-05-26,76,71,-5
7032,2019-05-26,146,94,-52
7033,2019-05-26,65,70,5
7034,2019-05-26,95,160,65
7035,2019-05-26,37,34,-3
7036,2019-05-26,57,51,-6
7037,2019-05-26,54,43,-11
7038,2019-05-26,96,86,-10
7039,2019-05-26,47,44,-3
7040,2019-05-26,80,79,-1
7041,2019-05-26,176,189,13
7042,2019-05-26,24,16,-8
7043,2019-05-26,32,22,-10
7044,2019-05-26,6,9,3
7045,2019-05-26,112,112,0
7046,2019-05-26,129,120,-9
7047,2019-05-26,209,221,12
7048,2019-05-26,51,65,14
7051,2019-05-26,23,24,1
7052,2019-05-26,39,45,6
7053,2019-05-26,61,57,-4
7054,2019-05-26,129,133,4
7055,2019-05-26,28,61,33
7056,2019-05-26,19,24,5
7057,2019-05-26,75,84,9
7058,2019-05-26,69,70,1
7059,2019-05-26,32,32,0
7060,2019-05-26,38,46,8
7061,2019-05-26,27,22,-5
7062,2019-05-26,55,49,-6
7063,2019-05-26,24,18,-6
7064,2019-05-26,17,17,0
7065,2019-05-26,47,38,-9
7066,2019-05-26,142,157,15
7068,2019-05-26,165,194,29
7069,2019-05-26,90,95,5
7070,2019-05-26,33,39,6
7071,2019-05-26,72,53,-19
7072,2019-05-26,55,48,-7
7073,2019-05-26,73,76,3
7074,2019-05-26,37,54,17
7075,2019-05-26,11,15,4
7076,2019-05-26,88,81,-7
7077,2019-05-26,60,57,-3
7078,2019-05-26,48,43,-5
7080,2019-05-26,93,86,-7
7081,2019-05-26,60,70,10
7082,2019-05-26,95,132,37
7083,2019-05-26,81,75,-6
7084,2019-05-26,154,162,8
7090,2019-05-26,14,17,3
7091,2019-05-26,16,22,6
7092,2019-05-26,10,5,-5
7093,2019-05-26,7,8,1
7094,2019-05-26,12,10,-2
7095,2019-05-26,8,11,3
7096,2019-05-26,28,28,0
7097,2019-05-26,15,13,-2
7098,2019-05-26,5,7,2
7099,2019-05-26,16,24,8
7100,2019-05-26,6,4,-2
7101,2019-05-26,2,3,1
7102,2019-05-26,27,27,0
7103,2019-05-26,110,120,10
7104,2019-05-26,12,11,-1
7105,2019-05-26,62,66,4
7106,2019-05-26,15,12,-3
7107,2019-05-26,37,31,-6
7108,2019-05-26,65,89,24
7109,2019-05-26,14,14,0
7110,2019-05-26,64,67,3
7111,2019-05-26,9,15,6
7112,2019-05-26,33,34,1
7113,2019-05-26,29,24,-5
7114,2019-05-26,184,196,12
7115,2019-05-26,12,15,3
7116,2019-05-26,16,6,-10
7117,2019-05-26,18,17,-1
7118,2019-05-26,2,3,1
7119,2019-05-26,42,42,0
7120,2019-05-26,31,32,1
7121,2019-05-26,12,18,6
7122,2019-05-26,2,3,1
7123,2019-05-26,4,4,0
7124,2019-05-26,20,25,5
7125,2019-05-26,72,67,-5
7126,2019-05-26,3,3,0
7127,2019-05-26,42,29,-13
7128,2019-05-26,29,19,-10
7129,2019-05-26,17,20,3
7130,2019-05-26,14,10,-4
7131,2019-05-26,24,24,0
7132,2019-05-26,19,24,5
7133,2019-05-26,41,48,7
7134,2019-05-26,18,20,2
7135,2019-05-26,11,13,2
7136,2019-05-26,10,12,2
7137,2019-05-26,10,14,4
7138,2019-05-26,7,10,3
7139,2019-05-26,141,148,7
7140,2019-05-26,18,21,3
7141,2019-05-26,40,47,7
7142,2019-05-26,47,44,-3
7143,2019-05-26,55,51,-4
7144,2019-05-26,64,67,3
7145,2019-05-26,16,17,1
7146,2019-05-26,24,31,7
7147,2019-05-26,29,25,-4
7148,2019-05-26,12,18,6
7149,2019-05-26,19,19,0
10002,2019-05-26,128,114,-14
4000,2019-05-27,44,61,17
4001,2019-05-27,13,18,5
4002,2019-05-27,18,21,3
5002,2019-05-27,9,6,-3
5003,2019-05-27,5,4,-1
5004,2019-05-27,1,1,0
5005,2019-05-27,5,6,1
5006,2019-05-27,15,15,0
5007,2019-05-27,24,33,9
6001,2019-05-27,74,95,21
6002,2019-05-27,40,57,17
6003,2019-05-27,60,77,17
6004,2019-05-27,51,57,6
6005,2019-05-27,69,84,15
6006,2019-05-27,38,27,-11
6007,2019-05-27,47,48,1
6008,2019-05-27,57,78,21
6009,2019-05-27,66,68,2
6011,2019-05-27,70,71,1
6012,2019-05-27,121,221,100
6013,2019-05-27,102,149,47
6014,2019-05-27,56,72,16
6015,2019-05-27,116,226,110
6016,2019-05-27,16,15,-1
6017,2019-05-27,41,51,10
6018,2019-05-27,51,63,12
6019,2019-05-27,137,92,-45
6021,2019-05-27,123,102,-21
6022,2019-05-27,66,64,-2
6023,2019-05-27,99,120,21
6025,2019-05-27,37,34,-3
6026,2019-05-27,152,196,44
6027,2019-05-27,187,167,-20
6029,2019-05-27,25,37,12
6031,2019-05-27,33,27,-6
6032,2019-05-27,45,123,78
6033,2019-05-27,21,18,-3
6034,2019-05-27,59,64,5
6035,2019-05-27,23,54,31
6036,2019-05-27,148,193,45
6037,2019-05-27,60,64,4
6038,2019-05-27,88,96,8
6039,2019-05-27,88,107,19
6040,2019-05-27,54,63,9
6041,2019-05-27,78,81,3
6042,2019-05-27,103,104,1
6043,2019-05-27,200,359,159
6044,2019-05-27,60,68,8
6046,2019-05-27,118,109,-9
6047,2019-05-27,76,53,-23
6048,2019-05-27,51,48,-3
6049,2019-05-27,101,96,-5
6050,2019-05-27,46,15,-31
6051,2019-05-27,46,35,-11
6052,2019-05-27,178,276,98
6053,2019-05-27,164,165,1
6057,2019-05-27,85,80,-5
6058,2019-05-27,98,87,-11
6059,2019-05-27,64,70,6
6060,2019-05-27,29,27,-2
6062,2019-05-27,57,55,-2
6063,2019-05-27,73,72,-1
6064,2019-05-27,214,183,-31
6065,2019-05-27,63,51,-12
6066,2019-05-27,53,23,-30
6067,2019-05-27,40,64,24
6068,2019-05-27,10,7,-3
6070,2019-05-27,210,168,-42
6072,2019-05-27,84,87,3
6073,2019-05-27,261,203,-58
6075,2019-05-27,37,17,-20
6076,2019-05-27,17,25,8
6079,2019-05-27,78,74,-4
6080,2019-05-27,135,134,-1
6082,2019-05-27,21,13,-8
6083,2019-05-27,143,153,10
6084,2019-05-27,57,61,4
6085,2019-05-27,94,153,59
6087,2019-05-27,96,126,30
6088,2019-05-27,56,61,5
6089,2019-05-27,61,63,2
6090,2019-05-27,47,49,2
6091,2019-05-27,64,43,-21
6092,2019-05-27,59,67,8
6093,2019-05-27,31,19,-12
6094,2019-05-27,54,57,3
6095,2019-05-27,120,103,-17
6096,2019-05-27,34,49,15
6097,2019-05-27,78,54,-24
6098,2019-05-27,49,47,-2
6099,2019-05-27,104,125,21
6100,2019-05-27,248,226,-22
6101,2019-05-27,67,12,-55
6102,2019-05-27,46,31,-15
6103,2019-05-27,26,36,10
6104,2019-05-27,74,100,26
6105,2019-05-27,50,75,25
6106,2019-05-27,25,31,6
6107,2019-05-27,68,58,-10
6108,2019-05-27,43,62,19
6109,2019-05-27,22,25,3
6110,2019-05-27,34,41,7
6111,2019-05-27,33,43,10
6112,2019-05-27,66,81,15
6113,2019-05-27,73,73,0
6114,2019-05-27,156,207,51
6115,2019-05-27,20,31,11
6116,2019-05-27,55,71,16
6118,2019-05-27,52,71,19
6119,2019-05-27,67,96,29
6120,2019-05-27,63,88,25
6121,2019-05-27,25,40,15
6122,2019-05-27,22,25,3
6123,2019-05-27,15,22,7
6124,2019-05-27,40,58,18
6125,2019-05-27,23,19,-4
6126,2019-05-27,41,47,6
6127,2019-05-27,55,48,-7
6128,2019-05-27,16,16,0
6129,2019-05-27,51,59,8
6130,2019-05-27,31,25,-6
6131,2019-05-27,101,55,-46
6132,2019-05-27,58,76,18
6133,2019-05-27,59,48,-11
6134,2019-05-27,42,40,-2
6136,2019-05-27,263,196,-67
6137,2019-05-27,83,89,6
6138,2019-05-27,79,62,-17
6139,2019-05-27,39,46,7
6140,2019-05-27,80,81,1
6141,2019-05-27,51,51,0
6142,2019-05-27,96,72,-24
6143,2019-05-27,98,98,0
6145,2019-05-27,55,54,-1
6146,2019-05-27,62,44,-18
6147,2019-05-27,93,58,-35
6148,2019-05-27,120,89,-31
6149,2019-05-27,64,47,-17
6150,2019-05-27,71,77,6
6151,2019-05-27,70,67,-3
6152,2019-05-27,114,117,3
6153,2019-05-27,56,50,-6
6154,2019-05-27,162,147,-15
6155,2019-05-27,127,127,0
6156,2019-05-27,77,70,-7
6157,2019-05-27,103,98,-5
6158,2019-05-27,47,56,9
6159,2019-05-27,17,15,-2
6160,2019-05-27,40,48,8
6161,2019-05-27,41,43,2
6162,2019-05-27,8,5,-3
6163,2019-05-27,94,98,4
6164,2019-05-27,61,57,-4
6165,2019-05-27,109,122,13
6166,2019-05-27,70,51,-19
6167,2019-05-27,43,48,5
6168,2019-05-27,51,46,-5
6169,2019-05-27,117,99,-18
6170,2019-05-27,53,42,-11
6171,2019-05-27,38,41,3
6173,2019-05-27,115,76,-39
6174,2019-05-27,110,92,-18
6175,2019-05-27,72,43,-29
6176,2019-05-27,88,87,-1
6177,2019-05-27,58,55,-3
6178,2019-05-27,89,91,2
6179,2019-05-27,61,54,-7
6180,2019-05-27,58,70,12
6181,2019-05-27,106,51,-55
6182,2019-05-27,62,37,-25
6183,2019-05-27,102,81,-21
6184,2019-05-27,201,216,15
6185,2019-05-27,23,18,-5
6186,2019-05-27,74,54,-20
6187,2019-05-27,111,115,4
6188,2019-05-27,64,68,4
6189,2019-05-27,23,21,-2
6190,2019-05-27,116,85,-31
6191,2019-05-27,64,53,-11
6192,2019-05-27,53,33,-20
6193,2019-05-27,113,119,6
6194,2019-05-27,157,135,-22
6195,2019-05-27,83,53,-30
6196,2019-05-27,114,67,-47
6197,2019-05-27,49,46,-3
6198,2019-05-27,27,16,-11
6199,2019-05-27,90,76,-14
6200,2019-05-27,88,85,-3
6201,2019-05-27,87,49,-38
6202,2019-05-27,98,79,-19
6203,2019-05-27,108,95,-13
6204,2019-05-27,113,112,-1
6205,2019-05-27,87,77,-10
6206,2019-05-27,120,122,2
6207,2019-05-27,50,41,-9
6208,2019-05-27,60,68,8
6209,2019-05-27,97,76,-21
6210,2019-05-27,43,40,-3
6211,2019-05-27,157,155,-2
6212,2019-05-27,73,59,-14
6213,2019-05-27,125,120,-5
6214,2019-05-27,46,33,-13
6216,2019-05-27,130,66,-64
6217,2019-05-27,83,59,-24
6218,2019-05-27,73,51,-22
6219,2019-05-27,56,60,4
6220,2019-05-27,62,77,15
6221,2019-05-27,149,134,-15
6222,2019-05-27,69,47,-22
6223,2019-05-27,88,58,-30
6224,2019-05-27,64,69,5
6225,2019-05-27,82,65,-17
6226,2019-05-27,29,29,0
6227,2019-05-27,137,126,-11
6228,2019-05-27,34,34,0
6229,2019-05-27,54,43,-11
6230,2019-05-27,109,86,-23
6231,2019-05-27,122,110,-12
6232,2019-05-27,38,37,-1
6233,2019-05-27,115,82,-33
6234,2019-05-27,74,71,-3
6235,2019-05-27,63,61,-2
6236,2019-05-27,59,64,5
6237,2019-05-27,46,53,7
6240,2019-05-27,22,29,7
6241,2019-05-27,44,41,-3
6243,2019-05-27,69,71,2
6245,2019-05-27,46,41,-5
6246,2019-05-27,62,66,4
6247,2019-05-27,108,95,-13
6248,2019-05-27,152,120,-32
6249,2019-05-27,55,42,-13
6250,2019-05-27,66,65,-1
6251,2019-05-27,23,25,2
6252,2019-05-27,47,44,-3
6253,2019-05-27,45,30,-15
6254,2019-05-27,59,48,-11
6255,2019-05-27,65,61,-4
6257,2019-05-27,34,35,1
6258,2019-05-27,70,64,-6
6259,2019-05-27,40,35,-5
6260,2019-05-27,42,48,6
6261,2019-05-27,41,42,1
6262,2019-05-27,48,46,-2
6263,2019-05-27,19,25,6
6264,2019-05-27,36,39,3
6265,2019-05-27,52,47,-5
6266,2019-05-27,27,29,2
6267,2019-05-27,30,29,-1
6268,2019-05-27,47,43,-4
6269,2019-05-27,17,27,10
6270,2019-05-27,36,28,-8
6272,2019-05-27,20,25,5
6273,2019-05-27,28,31,3
6274,2019-05-27,22,35,13
6275,2019-05-27,31,27,-4
6276,2019-05-27,24,36,12
6277,2019-05-27,62,55,-7
6278,2019-05-27,16,20,4
6279,2019-05-27,19,23,4
6280,2019-05-27,53,61,8
6281,2019-05-27,32,22,-10
6301,2019-05-27,19,21,2
6302,2019-05-27,17,13,-4
6303,2019-05-27,26,14,-12
6304,2019-05-27,14,9,-5
6305,2019-05-27,26,22,-4
6306,2019-05-27,64,27,-37
6307,2019-05-27,88,82,-6
6309,2019-05-27,27,29,2
6310,2019-05-27,79,26,-53
6311,2019-05-27,43,39,-4
6312,2019-05-27,25,33,8
6313,2019-05-27,36,46,10
6314,2019-05-27,65,50,-15
6315,2019-05-27,70,45,-25
6316,2019-05-27,54,21,-33
6321,2019-05-27,70,77,7
6322,2019-05-27,33,26,-7
6323,2019-05-27,20,22,2
6324,2019-05-27,24,28,4
6327,2019-05-27,20,20,0
6328,2019-05-27,22,32,10
6329,2019-05-27,12,16,4
6330,2019-05-27,28,23,-5
6331,2019-05-27,19,14,-5
6332,2019-05-27,20,31,11
6333,2019-05-27,15,21,6
6334,2019-05-27,59,59,0
6336,2019-05-27,23,25,2
6338,2019-05-27,14,13,-1
6339,2019-05-27,23,22,-1
6340,2019-05-27,33,31,-2
6341,2019-05-27,39,54,15
6343,2019-05-27,25,27,2
6344,2019-05-27,39,38,-1
6345,2019-05-27,10,12,2
6346,2019-05-27,19,18,-1
6347,2019-05-27,22,18,-4
6349,2019-05-27,39,49,10
6350,2019-05-27,24,42,18
6354,2019-05-27,33,30,-3
6355,2019-05-27,33,43,10
6356,2019-05-27,30,32,2
6358,2019-05-27,22,29,7
6359,2019-05-27,79,102,23
6360,2019-05-27,44,39,-5
6361,2019-05-27,51,46,-5
6362,2019-05-27,43,39,-4
6363,2019-05-27,17,15,-2
6364,2019-05-27,44,43,-1
6366,2019-05-27,31,19,-12
6367,2019-05-27,29,25,-4
6368,2019-05-27,51,62,11
6369,2019-05-27,41,46,5
6370,2019-05-27,35,31,-4
6371,2019-05-27,81,72,-9
6372,2019-05-27,58,70,12
6373,2019-05-27,25,38,13
6374,2019-05-27,47,45,-2
6375,2019-05-27,56,68,12
6377,2019-05-27,35,47,12
6379,2019-05-27,37,41,4
6380,2019-05-27,26,27,1
6381,2019-05-27,58,56,-2
6383,2019-05-27,28,22,-6
6384,2019-05-27,27,23,-4
6385,2019-05-27,41,42,1
6386,2019-05-27,62,73,11
6387,2019-05-27,57,65,8
6388,2019-05-27,23,26,3
6389,2019-05-27,42,34,-8
6391,2019-05-27,49,74,25
6393,2019-05-27,56,78,22
6394,2019-05-27,84,98,14
6395,2019-05-27,75,62,-13
6396,2019-05-27,75,93,18
6397,2019-05-27,36,44,8
6398,2019-05-27,27,37,10
6401,2019-05-27,68,76,8
6402,2019-05-27,46,56,10
6403,2019-05-27,22,38,16
6404,2019-05-27,17,26,9
6405,2019-05-27,37,42,5
6406,2019-05-27,89,125,36
6408,2019-05-27,54,55,1
6410,2019-05-27,48,50,2
6411,2019-05-27,128,97,-31
6412,2019-05-27,18,25,7
6413,2019-05-27,22,21,-1
6414,2019-05-27,23,25,2
6415,2019-05-27,19,19,0
6416,2019-05-27,26,13,-13
6417,2019-05-27,27,28,1
6418,2019-05-27,12,6,-6
6419,2019-05-27,14,17,3
6420,2019-05-27,19,22,3
6421,2019-05-27,39,35,-4
6422,2019-05-27,14,12,-2
6423,2019-05-27,18,13,-5
6424,2019-05-27,43,76,33
6425,2019-05-27,42,57,15
6426,2019-05-27,71,82,11
6427,2019-05-27,71,68,-3
6428,2019-05-27,17,19,2
6429,2019-05-27,41,43,2
6432,2019-05-27,89,83,-6
6433,2019-05-27,28,25,-3
6434,2019-05-27,68,68,0
6435,2019-05-27,24,34,10
6436,2019-05-27,25,26,1
6501,2019-05-27,52,58,6
6502,2019-05-27,24,22,-2
6503,2019-05-27,72,64,-8
6504,2019-05-27,16,17,1
6700,2019-05-27,25,45,20
6701,2019-05-27,66,58,-8
6702,2019-05-27,15,16,1
6703,2019-05-27,57,58,1
6704,2019-05-27,29,29,0
6705,2019-05-27,22,33,11
6706,2019-05-27,19,20,1
6707,2019-05-27,30,39,9
6708,2019-05-27,59,90,31
6709,2019-05-27,30,34,4
6710,2019-05-27,19,16,-3
6711,2019-05-27,25,26,1
6712,2019-05-27,18,25,7
6714,2019-05-27,5,5,0
6715,2019-05-27,25,23,-2
6716,2019-05-27,11,15,4
6717,2019-05-27,14,15,1
6718,2019-05-27,21,29,8
6719,2019-05-27,19,23,4
6720,2019-05-27,19,32,13
6721,2019-05-27,29,33,4
6722,2019-05-27,15,18,3
6723,2019-05-27,24,29,5
6724,2019-05-27,62,84,22
6725,2019-05-27,30,29,-1
6726,2019-05-27,11,15,4
6727,2019-05-27,79,89,10
6728,2019-05-27,11,8,-3
6729,2019-05-27,123,134,11
6730,2019-05-27,15,12,-3
6731,2019-05-27,15,15,0
6732,2019-05-27,26,37,11
6733,2019-05-27,34,26,-8
6734,2019-05-27,35,36,1
6735,2019-05-27,14,15,1
6736,2019-05-27,17,18,1
6737,2019-05-27,20,24,4
6738,2019-05-27,97,81,-16
6739,2019-05-27,9,10,1
6741,2019-05-27,15,12,-3
6742,2019-05-27,49,57,8
6743,2019-05-27,36,32,-4
6744,2019-05-27,25,27,2
6745,2019-05-27,22,25,3
6746,2019-05-27,14,18,4
6747,2019-05-27,32,39,7
6748,2019-05-27,81,110,29
6749,2019-05-27,49,47,-2
6750,2019-05-27,48,35,-13
6753,2019-05-27,22,20,-2
6754,2019-05-27,19,19,0
6901,2019-05-27,53,82,29
6902,2019-05-27,68,93,25
6903,2019-05-27,104,93,-11
6904,2019-05-27,24,32,8
6905,2019-05-27,45,34,-11
6906,2019-05-27,148,66,-82
6907,2019-05-27,63,51,-12
6908,2019-05-27,57,51,-6
6910,2019-05-27,111,97,-14
6912,2019-05-27,136,102,-34
6913,2019-05-27,55,40,-15
6915,2019-05-27,74,63,-11
6916,2019-05-27,24,22,-2
6917,2019-05-27,16,18,2
6918,2019-05-27,35,23,-12
6919,2019-05-27,29,22,-7
6921,2019-05-27,83,88,5
6923,2019-05-27,36,32,-4
6924,2019-05-27,22,15,-7
6925,2019-05-27,41,33,-8
6926,2019-05-27,55,55,0
6927,2019-05-27,71,39,-32
6928,2019-05-27,40,24,-16
6929,2019-05-27,26,29,3
6930,2019-05-27,23,19,-4
7001,2019-05-27,27,28,1
7002,2019-05-27,14,20,6
7003,2019-05-27,101,91,-10
7004,2019-05-27,16,14,-2
7005,2019-05-27,9,10,1
7006,2019-05-27,17,21,4
7007,2019-05-27,3,4,1
7008,2019-05-27,23,24,1
7009,2019-05-27,73,98,25
7010,2019-05-27,19,10,-9
7011,2019-05-27,57,65,8
7012,2019-05-27,33,42,9
7013,2019-05-27,17,23,6
7014,2019-05-27,81,35,-46
7015,2019-05-27,13,17,4
7016,2019-05-27,14,18,4
7017,2019-05-27,24,37,13
7018,2019-05-27,27,44,17
7019,2019-05-27,112,111,-1
7020,2019-05-27,20,21,1
7021,2019-05-27,36,40,4
7022,2019-05-27,38,37,-1
7023,2019-05-27,4,8,4
7024,2019-05-27,28,19,-9
7025,2019-05-27,45,34,-11
7027,2019-05-27,42,44,2
7028,2019-05-27,73,80,7
7029,2019-05-27,38,43,5
7030,2019-05-27,46,47,1
7031,2019-05-27,44,50,6
7032,2019-05-27,125,71,-54
7033,2019-05-27,65,65,0
7034,2019-05-27,17,31,14
7035,2019-05-27,51,50,-1
7036,2019-05-27,40,34,-6
7037,2019-05-27,57,45,-12
7038,2019-05-27,74,67,-7
7039,2019-05-27,38,36,-2
7040,2019-05-27,57,62,5
7041,2019-05-27,131,80,-51
7042,2019-05-27,36,34,-2
7043,2019-05-27,29,22,-7
7044,2019-05-27,12,6,-6
7045,2019-05-27,46,55,9
7046,2019-05-27,72,76,4
7047,2019-05-27,112,155,43
7048,2019-05-27,19,23,4
7049,2019-05-27,1,1,0
7050,2019-05-27,14,7,-7
7051,2019-05-27,12,19,7
7052,2019-05-27,65,63,-2
7053,2019-05-27,40,37,-3
7054,2019-05-27,47,66,19
7055,2019-05-27,22,32,10
7056,2019-05-27,17,21,4
7057,2019-05-27,35,37,2
7058,2019-05-27,33,40,7
7059,2019-05-27,26,26,0
7060,2019-05-27,28,33,5
7061,2019-05-27,24,32,8
7062,2019-05-27,37,52,15
7063,2019-05-27,14,12,-2
7064,2019-05-27,26,25,-1
7065,2019-05-27,29,30,1
7066,2019-05-27,73,121,48
7067,2019-05-27,28,32,4
7068,2019-05-27,61,74,13
7069,2019-05-27,54,71,17
7070,2019-05-27,41,44,3
7071,2019-05-27,52,43,-9
7072,2019-05-27,35,30,-5
7073,2019-05-27,54,54,0
7074,2019-05-27,49,54,5
7075,2019-05-27,13,9,-4
7076,2019-05-27,62,40,-22
7077,2019-05-27,40,40,0
7078,2019-05-27,22,35,13
7080,2019-05-27,71,79,8
7081,2019-05-27,59,63,4
7082,2019-05-27,61,80,19
7083,2019-05-27,61,61,0
7084,2019-05-27,75,70,-5
7090,2019-05-27,20,23,3
7091,2019-05-27,10,12,2
7092,2019-05-27,6,11,5
7093,2019-05-27,3,1,-2
7094,2019-05-27,6,5,-1
7095,2019-05-27,10,11,1
7096,2019-05-27,26,26,0
7097,2019-05-27,7,5,-2
7098,2019-05-27,3,4,1
7099,2019-05-27,7,8,1
7100,2019-05-27,4,5,1
7101,2019-05-27,10,7,-3
7102,2019-05-27,13,20,7
7103,2019-05-27,5,5,0
7104,2019-05-27,1,4,3
7105,2019-05-27,9,8,-1
7106,2019-05-27,6,6,0
7107,2019-05-27,2,2,0
7108,2019-05-27,5,4,-1
7109,2019-05-27,15,14,-1
7110,2019-05-27,7,10,3
7111,2019-05-27,9,9,0
7112,2019-05-27,8,6,-2
7113,2019-05-27,35,40,5
7114,2019-05-27,76,88,12
7115,2019-05-27,9,12,3
7116,2019-05-27,6,3,-3
7117,2019-05-27,3,2,-1
7118,2019-05-27,3,2,-1
7119,2019-05-27,10,12,2
7120,2019-05-27,4,8,4
7121,2019-05-27,7,7,0
7122,2019-05-27,5,5,0
7123,2019-05-27,4,2,-2
7124,2019-05-27,17,19,2
7125,2019-05-27,29,20,-9
7126,2019-05-27,9,4,-5
7127,2019-05-27,34,41,7
7128,2019-05-27,13,19,6
7129,2019-05-27,11,8,-3
7130,2019-05-27,8,13,5
7131,2019-05-27,5,4,-1
7132,2019-05-27,3,2,-1
7133,2019-05-27,10,10,0
7134,2019-05-27,12,7,-5
7135,2019-05-27,7,6,-1
7136,2019-05-27,2,3,1
7137,2019-05-27,6,4,-2
7138,2019-05-27,2,3,1
7139,2019-05-27,78,99,21
7140,2019-05-27,27,26,-1
7141,2019-05-27,32,33,1
7142,2019-05-27,14,20,6
7143,2019-05-27,19,24,5
7144,2019-05-27,39,45,6
7145,2019-05-27,15,16,1
7146,2019-05-27,11,30,19
7147,2019-05-27,38,27,-11
7148,2019-05-27,9,9,0
7149,2019-05-27,13,15,2
10002,2019-05-27,119,131,12
4000,2019-05-28,15,17,2
4001,2019-05-28,2,3,1
4002,2019-05-28,10,3,-7
5003,2019-05-28,2,3,1
5004,2019-05-28,1,1,0
5005,2019-05-28,1,1,0
5006,2019-05-28,4,2,-2
5007,2019-05-28,5,6,1
6001,2019-05-28,15,51,36
6002,2019-05-28,17,12,-5
6003,2019-05-28,24,41,17
6004,2019-05-28,15,35,20
6005,2019-05-28,11,38,27
6006,2019-05-28,17,5,-12
6007,2019-05-28,13,25,12
6008,2019-05-28,15,54,39
6009,2019-05-28,20,28,8
6011,2019-05-28,31,34,3
6012,2019-05-28,20,91,71
6013,2019-05-28,12,49,37
6014,2019-05-28,23,27,4
6015,2019-05-28,38,104,66
6016,2019-05-28,6,11,5
6017,2019-05-28,18,6,-12
6018,2019-05-28,20,16,-4
6019,2019-05-28,34,30,-4
6021,2019-05-28,55,35,-20
6022,2019-05-28,21,27,6
6023,2019-05-28,30,36,6
6025,2019-05-28,5,20,15
6026,2019-05-28,15,42,27
6027,2019-05-28,26,93,67
6029,2019-05-28,8,16,8
6031,2019-05-28,6,25,19
6032,2019-05-28,8,71,63
6033,2019-05-28,9,5,-4
6034,2019-05-28,13,39,26
6035,2019-05-28,5,47,42
6036,2019-05-28,13,68,55
6037,2019-05-28,10,29,19
6038,2019-05-28,23,52,29
6039,2019-05-28,18,50,32
6040,2019-05-28,7,42,35
6041,2019-05-28,20,50,30
6042,2019-05-28,35,54,19
6043,2019-05-28,39,324,285
6044,2019-05-28,30,14,-16
6046,2019-05-28,37,53,16
6047,2019-05-28,19,41,22
6048,2019-05-28,8,24,16
6049,2019-05-28,17,56,39
6050,2019-05-28,15,45,30
6051,2019-05-28,10,18,8
6052,2019-05-28,22,140,118
6053,2019-05-28,33,66,33
6057,2019-05-28,21,41,20
6058,2019-05-28,8,39,31
6059,2019-05-28,14,48,34
6060,2019-05-28,12,29,17
6062,2019-05-28,11,18,7
6063,2019-05-28,17,42,25
6064,2019-05-28,24,109,85
6065,2019-05-28,23,16,-7
6066,2019-05-28,14,8,-6
6067,2019-05-28,3,46,43
6070,2019-05-28,42,96,54
6072,2019-05-28,9,68,59
6073,2019-05-28,14,140,126
6075,2019-05-28,6,13,7
6076,2019-05-28,7,3,-4
6079,2019-05-28,34,25,-9
6080,2019-05-28,38,52,14
6082,2019-05-28,14,3,-11
6083,2019-05-28,14,119,105
6084,2019-05-28,13,38,25
6085,2019-05-28,26,69,43
6087,2019-05-28,39,31,-8
6088,2019-05-28,23,33,10
6089,2019-05-28,20,33,13
6090,2019-05-28,16,15,-1
6091,2019-05-28,17,10,-7
6092,2019-05-28,21,27,6
6093,2019-05-28,13,2,-11
6094,2019-05-28,14,47,33
6095,2019-05-28,48,13,-35
6096,2019-05-28,13,20,7
6097,2019-05-28,28,6,-22
6098,2019-05-28,10,14,4
6099,2019-05-28,23,51,28
6100,2019-05-28,58,79,21
6101,2019-05-28,22,11,-11
6102,2019-05-28,27,7,-20
6103,2019-05-28,4,5,1
6104,2019-05-28,25,51,26
6105,2019-05-28,27,41,14
6106,2019-05-28,8,13,5
6107,2019-05-28,16,14,-2
6108,2019-05-28,16,16,0
6110,2019-05-28,9,6,-3
6111,2019-05-28,18,20,2
6112,2019-05-28,37,22,-15
6113,2019-05-28,31,22,-9
6114,2019-05-28,47,60,13
6115,2019-05-28,4,7,3
6116,2019-05-28,24,16,-8
6118,2019-05-28,28,20,-8
6119,2019-05-28,40,13,-27
6120,2019-05-28,19,37,18
6121,2019-05-28,10,8,-2
6122,2019-05-28,12,7,-5
6123,2019-05-28,12,13,1
6124,2019-05-28,13,22,9
6125,2019-05-28,11,7,-4
6126,2019-05-28,22,15,-7
6127,2019-05-28,17,12,-5
6128,2019-05-28,7,7,0
6129,2019-05-28,30,16,-14
6130,2019-05-28,12,2,-10
6131,2019-05-28,51,8,-43
6132,2019-05-28,37,26,-11
6133,2019-05-28,32,10,-22
6134,2019-05-28,17,17,0
6136,2019-05-28,97,79,-18
6137,2019-05-28,44,16,-28
6138,2019-05-28,38,9,-29
6139,2019-05-28,18,6,-12
6140,2019-05-28,25,16,-9
6141,2019-05-28,22,9,-13
6142,2019-05-28,45,7,-38
6143,2019-05-28,36,18,-18
6145,2019-05-28,23,10,-13
6146,2019-05-28,19,13,-6
6147,2019-05-28,38,34,-4
6148,2019-05-28,50,34,-16
6149,2019-05-28,19,15,-4
6150,2019-05-28,22,8,-14
6151,2019-05-28,29,15,-14
6152,2019-05-28,56,26,-30
6153,2019-05-28,40,11,-29
6154,2019-05-28,52,36,-16
6155,2019-05-28,64,19,-45
6156,2019-05-28,32,22,-10
6157,2019-05-28,37,14,-23
6158,2019-05-28,25,9,-16
6159,2019-05-28,10,8,-2
6160,2019-05-28,28,5,-23
6161,2019-05-28,12,2,-10
6162,2019-05-28,1,2,1
6163,2019-05-28,31,12,-19
6164,2019-05-28,18,9,-9
6165,2019-05-28,48,10,-38
6166,2019-05-28,44,12,-32
6167,2019-05-28,14,6,-8
6168,2019-05-28,19,23,4
6169,2019-05-28,46,28,-18
6170,2019-05-28,12,9,-3
6171,2019-05-28,22,15,-7
6173,2019-05-28,37,36,-1
6174,2019-05-28,37,14,-23
6175,2019-05-28,39,18,-21
6176,2019-05-28,26,13,-13
6177,2019-05-28,43,13,-30
6178,2019-05-28,29,19,-10
6179,2019-05-28,28,17,-11
6180,2019-05-28,20,41,21
6181,2019-05-28,47,18,-29
6182,2019-05-28,23,7,-16
6183,2019-05-28,43,16,-27
6184,2019-05-28,53,83,30
6185,2019-05-28,18,6,-12
6186,2019-05-28,36,18,-18
6187,2019-05-28,23,50,27
6188,2019-05-28,30,6,-24
6189,2019-05-28,12,5,-7
6190,2019-05-28,42,38,-4
6191,2019-05-28,13,13,0
6192,2019-05-28,23,6,-17
6193,2019-05-28,36,26,-10
6194,2019-05-28,48,36,-12
6195,2019-05-28,25,14,-11
6196,2019-05-28,50,27,-23
6197,2019-05-28,16,10,-6
6198,2019-05-28,6,4,-2
6199,2019-05-28,42,54,12
6200,2019-05-28,25,37,12
6201,2019-05-28,38,10,-28
6202,2019-05-28,46,39,-7
6203,2019-05-28,34,48,14
6204,2019-05-28,25,49,24
6205,2019-05-28,27,18,-9
6206,2019-05-28,31,40,9
6207,2019-05-28,17,18,1
6208,2019-05-28,23,22,-1
6209,2019-05-28,39,41,2
6210,2019-05-28,5,21,16
6211,2019-05-28,54,34,-20
6212,2019-05-28,35,14,-21
6213,2019-05-28,31,35,4
6214,2019-05-28,31,11,-20
6216,2019-05-28,32,10,-22
6217,2019-05-28,32,16,-16
6218,2019-05-28,34,13,-21
6219,2019-05-28,39,16,-23
6220,2019-05-28,42,10,-32
6221,2019-05-28,53,37,-16
6222,2019-05-28,34,11,-23
6223,2019-05-28,25,7,-18
6224,2019-05-28,35,13,-22
6225,2019-05-28,28,9,-19
6226,2019-05-28,4,22,18
6227,2019-05-28,55,41,-14
6228,2019-05-28,24,18,-6
6229,2019-05-28,21,9,-12
6230,2019-05-28,29,12,-17
6231,2019-05-28,33,24,-9
6232,2019-05-28,9,11,2
6233,2019-05-28,20,6,-14
6234,2019-05-28,24,13,-11
6235,2019-05-28,14,40,26
6236,2019-05-28,27,6,-21
6237,2019-05-28,18,6,-12
6240,2019-05-28,7,7,0
6241,2019-05-28,17,6,-11
6243,2019-05-28,26,17,-9
6245,2019-05-28,17,10,-7
6246,2019-05-28,29,18,-11
6247,2019-05-28,34,37,3
6248,2019-05-28,39,33,-6
6249,2019-05-28,22,10,-12
6250,2019-05-28,15,15,0
6251,2019-05-28,9,5,-4
6252,2019-05-28,11,19,8
6253,2019-05-28,10,21,11
6254,2019-05-28,27,12,-15
6255,2019-05-28,15,5,-10
6257,2019-05-28,15,14,-1
6258,2019-05-28,43,7,-36
6259,2019-05-28,20,11,-9
6260,2019-05-28,19,7,-12
6261,2019-05-28,21,13,-8
6262,2019-05-28,16,4,-12
6263,2019-05-28,12,6,-6
6264,2019-05-28,24,11,-13
6265,2019-05-28,32,24,-8
6266,2019-05-28,15,4,-11
6267,2019-05-28,16,8,-8
6268,2019-05-28,11,7,-4
6269,2019-05-28,12,10,-2
6270,2019-05-28,8,3,-5
6272,2019-05-28,11,6,-5
6273,2019-05-28,15,3,-12
6274,2019-05-28,20,9,-11
6275,2019-05-28,20,12,-8
6276,2019-05-28,23,3,-20
6277,2019-05-28,19,12,-7
6278,2019-05-28,11,1,-10
6279,2019-05-28,10,7,-3
6280,2019-05-28,14,33,19
6281,2019-05-28,11,10,-1
6301,2019-05-28,17,7,-10
6302,2019-05-28,7,4,-3
6303,2019-05-28,12,6,-6
6304,2019-05-28,10,2,-8
6305,2019-05-28,10,8,-2
6306,2019-05-28,12,8,-4
6307,2019-05-28,29,19,-10
6309,2019-05-28,13,9,-4
6310,2019-05-28,17,17,0
6311,2019-05-28,22,13,-9
6312,2019-05-28,5,14,9
6313,2019-05-28,20,14,-6
6314,2019-05-28,39,10,-29
6315,2019-05-28,18,14,-4
6316,2019-05-28,8,5,-3
6321,2019-05-28,23,18,-5
6322,2019-05-28,8,4,-4
6323,2019-05-28,9,4,-5
6324,2019-05-28,7,5,-2
6327,2019-05-28,20,3,-17
6328,2019-05-28,16,5,-11
6329,2019-05-28,16,0,-16
6330,2019-05-28,8,4,-4
6331,2019-05-28,11,5,-6
6332,2019-05-28,10,7,-3
6333,2019-05-28,15,5,-10
6334,2019-05-28,20,24,4
6336,2019-05-28,17,10,-7
6338,2019-05-28,8,4,-4
6339,2019-05-28,21,11,-10
6340,2019-05-28,16,5,-11
6341,2019-05-28,22,5,-17
6343,2019-05-28,16,10,-6
6344,2019-05-28,12,8,-4
6345,2019-05-28,7,2,-5
6346,2019-05-28,4,13,9
6347,2019-05-28,7,10,3
6349,2019-05-28,15,2,-13
6350,2019-05-28,27,9,-18
6354,2019-05-28,15,4,-11
6355,2019-05-28,13,6,-7
6356,2019-05-28,18,3,-15
6358,2019-05-28,16,7,-9
6359,2019-05-28,14,46,32
6360,2019-05-28,15,8,-7
6361,2019-05-28,20,7,-13
6362,2019-05-28,18,4,-14
6363,2019-05-28,14,3,-11
6364,2019-05-28,19,14,-5
6366,2019-05-28,12,3,-9
6367,2019-05-28,11,2,-9
6368,2019-05-28,25,9,-16
6369,2019-05-28,8,20,12
6370,2019-05-28,18,2,-16
6371,2019-05-28,34,14,-20
6372,2019-05-28,24,11,-13
6373,2019-05-28,22,4,-18
6374,2019-05-28,24,8,-16
6375,2019-05-28,27,26,-1
6377,2019-05-28,25,5,-20
6379,2019-05-28,11,6,-5
6380,2019-05-28,14,5,-9
6381,2019-05-28,23,10,-13
6383,2019-05-28,17,1,-16
6384,2019-05-28,13,3,-10
6385,2019-05-28,19,8,-11
6386,2019-05-28,23,43,20
6387,2019-05-28,11,27,16
6388,2019-05-28,12,3,-9
6389,2019-05-28,23,9,-14
6391,2019-05-28,18,14,-4
6393,2019-05-28,24,20,-4
6394,2019-05-28,34,12,-22
6395,2019-05-28,7,27,20
6396,2019-05-28,6,34,28
6397,2019-05-28,24,17,-7
6398,2019-05-28,14,5,-9
6401,2019-05-28,28,15,-13
6402,2019-05-28,15,12,-3
6403,2019-05-28,9,3,-6
6404,2019-05-28,7,3,-4
6405,2019-05-28,17,4,-13
6406,2019-05-28,17,18,1
6408,2019-05-28,20,18,-2
6410,2019-05-28,15,15,0
6411,2019-05-28,55,48,-7
6412,2019-05-28,3,8,5
6413,2019-05-28,4,32,28
6414,2019-05-28,13,4,-9
6415,2019-05-28,14,3,-11
6416,2019-05-28,14,3,-11
6417,2019-05-28,9,6,-3
6418,2019-05-28,2,1,-1
6419,2019-05-28,6,5,-1
6420,2019-05-28,8,2,-6
6421,2019-05-28,21,6,-15
6422,2019-05-28,2,2,0
6423,2019-05-28,9,9,0
6424,2019-05-28,9,23,14
6425,2019-05-28,5,7,2
6426,2019-05-28,26,40,14
6427,2019-05-28,25,24,-1
6428,2019-05-28,9,1,-8
6429,2019-05-28,15,10,-5
6432,2019-05-28,31,27,-4
6433,2019-05-28,10,8,-2
6434,2019-05-28,20,14,-6
6435,2019-05-28,18,12,-6
6436,2019-05-28,9,4,-5
6501,2019-05-28,7,12,5
6502,2019-05-28,3,4,1
6503,2019-05-28,22,19,-3
6504,2019-05-28,1,2,1
6700,2019-05-28,6,7,1
6701,2019-05-28,19,30,11
6702,2019-05-28,6,6,0
6703,2019-05-28,6,11,5
6704,2019-05-28,14,5,-9
6705,2019-05-28,10,3,-7
6706,2019-05-28,17,8,-9
6707,2019-05-28,6,17,11
6708,2019-05-28,13,54,41
6709,2019-05-28,15,4,-11
6710,2019-05-28,2,2,0
6711,2019-05-28,5,18,13
6712,2019-05-28,10,7,-3
6715,2019-05-28,3,8,5
6716,2019-05-28,5,1,-4
6717,2019-05-28,7,4,-3
6718,2019-05-28,9,1,-8
6719,2019-05-28,14,5,-9
6720,2019-05-28,21,5,-16
6721,2019-05-28,5,8,3
6722,2019-05-28,9,3,-6
6723,2019-05-28,10,3,-7
6724,2019-05-28,11,20,9
6725,2019-05-28,14,9,-5
6726,2019-05-28,7,3,-4
6727,2019-05-28,13,39,26
6728,2019-05-28,3,2,-1
6729,2019-05-28,27,38,11
6730,2019-05-28,4,2,-2
6731,2019-05-28,7,1,-6
6732,2019-05-28,11,7,-4
6733,2019-05-28,13,6,-7
6734,2019-05-28,17,12,-5
6735,2019-05-28,3,8,5
6736,2019-05-28,10,5,-5
6737,2019-05-28,12,7,-5
6738,2019-05-28,15,55,40
6739,2019-05-28,3,1,-2
6741,2019-05-28,11,3,-8
6742,2019-05-28,16,27,11
6743,2019-05-28,11,5,-6
6744,2019-05-28,9,7,-2
6745,2019-05-28,5,3,-2
6746,2019-05-28,4,4,0
6747,2019-05-28,12,33,21
6748,2019-05-28,34,33,-1
6749,2019-05-28,15,23,8
6750,2019-05-28,20,10,-10
6753,2019-05-28,5,9,4
6754,2019-05-28,12,4,-8
6901,2019-05-28,14,20,6
6902,2019-05-28,41,19,-22
6903,2019-05-28,26,26,0
6904,2019-05-28,13,1,-12
6905,2019-05-28,20,12,-8
6906,2019-05-28,39,53,14
6907,2019-05-28,40,15,-25
6908,2019-05-28,18,19,1
6910,2019-05-28,40,20,-20
6912,2019-05-28,45,29,-16
6913,2019-05-28,24,6,-18
6915,2019-05-28,26,13,-13
6916,2019-05-28,13,5,-8
6917,2019-05-28,5,1,-4
6918,2019-05-28,14,3,-11
6919,2019-05-28,14,11,-3
6921,2019-05-28,25,43,18
6923,2019-05-28,15,18,3
6924,2019-05-28,6,2,-4
6925,2019-05-28,13,12,-1
6926,2019-05-28,20,22,2
6927,2019-05-28,13,20,7
6928,2019-05-28,9,5,-4
6929,2019-05-28,20,5,-15
6930,2019-05-28,2,24,22
7001,2019-05-28,16,10,-6
7002,2019-05-28,4,3,-1
7003,2019-05-28,32,38,6
7004,2019-05-28,3,9,6
7005,2019-05-28,1,1,0
7006,2019-05-28,11,0,-11
7007,2019-05-28,2,3,1
7008,2019-05-28,2,6,4
7009,2019-05-28,18,34,16
7010,2019-05-28,6,2,-4
7011,2019-05-28,17,16,-1
7012,2019-05-28,21,23,2
7013,2019-05-28,11,4,-7
7014,2019-05-28,22,20,-2
7016,2019-05-28,5,1,-4
7017,2019-05-28,15,6,-9
7018,2019-05-28,12,6,-6
7019,2019-05-28,2,109,107
7020,2019-05-28,10,10,0
7021,2019-05-28,20,15,-5
7022,2019-05-28,21,10,-11
7023,2019-05-28,3,1,-2
7024,2019-05-28,5,3,-2
7025,2019-05-28,15,19,4
7027,2019-05-28,26,7,-19
7028,2019-05-28,31,50,19
7029,2019-05-28,22,10,-12
7030,2019-05-28,28,10,-18
7031,2019-05-28,19,17,-2
7032,2019-05-28,36,26,-10
7033,2019-05-28,22,19,-3
7034,2019-05-28,7,8,1
7035,2019-05-28,17,13,-4
7036,2019-05-28,13,11,-2
7037,2019-05-28,24,20,-4
7038,2019-05-28,22,14,-8
7039,2019-05-28,9,5,-4
7040,2019-05-28,11,37,26
7041,2019-05-28,21,73,52
7042,2019-05-28,4,17,13
7043,2019-05-28,13,1,-12
7044,2019-05-28,4,4,0
7045,2019-05-28,14,17,3
7046,2019-05-28,19,58,39
7047,2019-05-28,46,33,-13
7048,2019-05-28,9,8,-1
7050,2019-05-28,6,6,0
7051,2019-05-28,4,1,-3
7052,2019-05-28,15,35,20
7053,2019-05-28,15,8,-7
7054,2019-05-28,13,5,-8
7055,2019-05-28,6,11,5
7056,2019-05-28,11,3,-8
7057,2019-05-28,19,8,-11
7058,2019-05-28,11,13,2
7059,2019-05-28,14,7,-7
7060,2019-05-28,17,3,-14
7061,2019-05-28,14,6,-8
7062,2019-05-28,22,22,0
7063,2019-05-28,7,3,-4
7064,2019-05-28,7,17,10
7065,2019-05-28,19,1,-18
7066,2019-05-28,12,57,45
7067,2019-05-28,11,28,17
7068,2019-05-28,28,19,-9
7069,2019-05-28,13,37,24
7070,2019-05-28,24,7,-17
7071,2019-05-28,27,13,-14
7072,2019-05-28,15,9,-6
7073,2019-05-28,20,9,-11
7074,2019-05-28,9,6,-3
7075,2019-05-28,2,1,-1
7076,2019-05-28,34,10,-24
7077,2019-05-28,11,21,10
7078,2019-05-28,12,6,-6
7080,2019-05-28,19,34,15
7081,2019-05-28,19,55,36
7082,2019-05-28,13,25,12
7083,2019-05-28,25,20,-5
7084,2019-05-28,13,37,24
7090,2019-05-28,8,5,-3
7091,2019-05-28,1,2,1
7092,2019-05-28,3,7,4
7093,2019-05-28,1,0,-1
7096,2019-05-28,4,13,9
7097,2019-05-28,1,3,2
7098,2019-05-28,1,0,-1
7099,2019-05-28,2,4,2
7100,2019-05-28,2,1,-1
7101,2019-05-28,1,4,3
7102,2019-05-28,6,4,-2
7108,2019-05-28,1,0,-1
7109,2019-05-28,4,8,4
7111,2019-05-28,3,1,-2
7112,2019-05-28,2,1,-1
7113,2019-05-28,13,39,26
7114,2019-05-28,26,21,-5
7115,2019-05-28,3,2,-1
7119,2019-05-28,1,0,-1
7122,2019-05-28,4,2,-2
7123,2019-05-28,1,1,0
7124,2019-05-28,10,6,-4
7125,2019-05-28,4,1,-3
7126,2019-05-28,1,0,-1
7127,2019-05-28,9,23,14
7128,2019-05-28,6,9,3
7129,2019-05-28,1,4,3
7130,2019-05-28,2,6,4
7132,2019-05-28,2,1,-1
7133,2019-05-28,7,9,2
7134,2019-05-28,2,2,0
7135,2019-05-28,2,0,-2
7136,2019-05-28,2,2,0
7137,2019-05-28,1,3,2
7138,2019-05-28,1,1,0
7139,2019-05-28,33,15,-18
7140,2019-05-28,9,2,-7
7141,2019-05-28,12,6,-6
7142,2019-05-28,3,1,-2
7143,2019-05-28,5,1,-4
7144,2019-05-28,15,11,-4
7145,2019-05-28,14,1,-13
7146,2019-05-28,8,4,-4
7147,2019-05-28,8,15,7
7148,2019-05-28,1,0,-1
7149,2019-05-28,6,3,-3
10002,2019-05-28,45,40,-5
10002,2019-05-28,50,66,16
4000,2019-05-28,27,29,2
4001,2019-05-28,4,1,-3
4002,2019-05-28,4,14,10
5003,2019-05-28,1,1,0
5004,2019-05-28,1,0,-1
5005,2019-05-28,2,0,-2
5006,2019-05-28,1,5,4
5007,2019-05-28,5,5,0
6001,2019-05-28,31,17,-14
6002,2019-05-28,21,36,15
6003,2019-05-28,21,18,-3
6004,2019-05-28,35,27,-8
6005,2019-05-28,47,20,-27
6006,2019-05-28,16,13,-3
6007,2019-05-28,20,21,1
6008,2019-05-28,31,32,1
6009,2019-05-28,29,20,-9
6011,2019-05-28,24,32,8
6012,2019-05-28,65,89,24
6013,2019-05-28,31,51,20
6014,2019-05-28,31,19,-12
6015,2019-05-28,99,98,-1
6016,2019-05-28,6,6,0
6017,2019-05-28,6,30,24
6018,2019-05-28,22,46,24
6019,2019-05-28,84,48,-36
6021,2019-05-28,58,44,-14
6022,2019-05-28,23,16,-7
6023,2019-05-28,45,47,2
6025,2019-05-28,17,7,-10
6026,2019-05-28,35,43,8
6027,2019-05-28,118,67,-51
6029,2019-05-28,7,13,6
6031,2019-05-28,24,10,-14
6032,2019-05-28,36,33,-3
6033,2019-05-28,9,11,2
6034,2019-05-28,26,26,0
6035,2019-05-28,19,4,-15
6036,2019-05-28,54,48,-6
6037,2019-05-28,25,15,-10
6038,2019-05-28,51,35,-16
6039,2019-05-28,47,27,-20
6040,2019-05-28,32,11,-21
6041,2019-05-28,49,20,-29
6042,2019-05-28,47,26,-21
6043,2019-05-28,57,53,-4
6044,2019-05-28,29,44,15
6046,2019-05-28,48,32,-16
6047,2019-05-28,50,21,-29
6048,2019-05-28,34,18,-16
6049,2019-05-28,59,20,-39
6050,2019-05-28,36,13,-23
6051,2019-05-28,22,12,-10
6052,2019-05-28,71,26,-45
6053,2019-05-28,94,52,-42
6057,2019-05-28,62,44,-18
6058,2019-05-28,49,18,-31
6059,2019-05-28,43,23,-20
6060,2019-05-28,19,4,-15
6062,2019-05-28,47,21,-26
6063,2019-05-28,53,32,-21
6064,2019-05-28,118,34,-84
6065,2019-05-28,31,23,-8
6066,2019-05-28,27,5,-22
6067,2019-05-28,29,10,-19
6068,2019-05-28,6,2,-4
6070,2019-05-28,126,64,-62
6072,2019-05-28,46,6,-40
6073,2019-05-28,126,42,-84
6075,2019-05-28,24,3,-21
6076,2019-05-28,5,13,8
6079,2019-05-28,23,29,6
6080,2019-05-28,81,69,-12
6082,2019-05-28,3,4,1
6083,2019-05-28,63,19,-44
6084,2019-05-28,26,8,-18
6085,2019-05-28,52,68,16
6087,2019-05-28,49,66,17
6088,2019-05-28,34,27,-7
6089,2019-05-28,39,21,-18
6090,2019-05-28,26,25,-1
6091,2019-05-28,12,21,9
6092,2019-05-28,26,23,-3
6093,2019-05-28,16,13,-3
6094,2019-05-28,34,16,-18
6095,2019-05-28,36,51,15
6096,2019-05-28,23,32,9
6097,2019-05-28,26,29,3
6098,2019-05-28,27,15,-12
6099,2019-05-28,43,44,1
6100,2019-05-28,116,97,-19
6101,2019-05-28,21,11,-10
6102,2019-05-28,19,16,-3
6103,2019-05-28,8,12,4
6104,2019-05-28,36,33,-3
6105,2019-05-28,29,28,-1
6106,2019-05-28,11,11,0
6107,2019-05-28,21,27,6
6108,2019-05-28,19,25,6
6109,2019-05-28,13,11,-2
6110,2019-05-28,9,14,5
6111,2019-05-28,13,21,8
6112,2019-05-28,27,52,25
6113,2019-05-28,21,22,1
6114,2019-05-28,58,76,18
6115,2019-05-28,12,9,-3
6116,2019-05-28,34,49,15
6118,2019-05-28,30,59,29
6119,2019-05-28,33,69,36
6120,2019-05-28,37,43,6
6121,2019-05-28,9,14,5
6122,2019-05-28,3,9,6
6123,2019-05-28,7,18,11
6124,2019-05-28,18,23,5
6125,2019-05-28,8,7,-1
6126,2019-05-28,13,28,15
6127,2019-05-28,18,15,-3
6128,2019-05-28,11,18,7
6129,2019-05-28,22,30,8
6130,2019-05-28,18,13,-5
6131,2019-05-28,28,34,6
6132,2019-05-28,13,34,21
6133,2019-05-28,13,32,19
6134,2019-05-28,12,21,9
6136,2019-05-28,140,98,-42
6137,2019-05-28,28,61,33
6138,2019-05-28,31,46,15
6139,2019-05-28,10,24,14
6140,2019-05-28,32,49,17
6141,2019-05-28,14,31,17
6142,2019-05-28,19,36,17
6143,2019-05-28,29,35,6
6145,2019-05-28,18,22,4
6146,2019-05-28,22,19,-3
6147,2019-05-28,44,14,-30
6148,2019-05-28,44,34,-10
6149,2019-05-28,9,19,10
6150,2019-05-28,19,39,20
6151,2019-05-28,22,42,20
6152,2019-05-28,36,45,9
6153,2019-05-28,17,24,7
6154,2019-05-28,86,88,2
6155,2019-05-28,47,64,17
6156,2019-05-28,26,41,15
6157,2019-05-28,43,50,7
6158,2019-05-28,14,44,30
6159,2019-05-28,7,10,3
6160,2019-05-28,15,32,17
6161,2019-05-28,13,28,15
6162,2019-05-28,1,2,1
6163,2019-05-28,32,69,37
6164,2019-05-28,25,51,26
6165,2019-05-28,25,57,32
6166,2019-05-28,15,30,15
6167,2019-05-28,16,35,19
6168,2019-05-28,22,20,-2
6169,2019-05-28,55,38,-17
6170,2019-05-28,7,11,4
6171,2019-05-28,8,27,19
6173,2019-05-28,73,29,-44
6174,2019-05-28,37,44,7
6175,2019-05-28,34,25,-9
6176,2019-05-28,44,56,12
6177,2019-05-28,30,40,10
6178,2019-05-28,42,49,7
6179,2019-05-28,36,43,7
6180,2019-05-28,24,23,-1
6181,2019-05-28,62,28,-34
6182,2019-05-28,14,22,8
6183,2019-05-28,42,42,0
6184,2019-05-28,114,91,-23
6185,2019-05-28,9,19,10
6186,2019-05-28,35,32,-3
6187,2019-05-28,68,56,-12
6188,2019-05-28,10,21,11
6189,2019-05-28,6,8,2
6190,2019-05-28,67,45,-22
6191,2019-05-28,34,17,-17
6192,2019-05-28,10,18,8
6193,2019-05-28,59,69,10
6194,2019-05-28,75,73,-2
6195,2019-05-28,41,32,-9
6196,2019-05-28,59,57,-2
6197,2019-05-28,15,21,6
6198,2019-05-28,19,5,-14
6199,2019-05-28,51,22,-29
6200,2019-05-28,61,34,-27
6201,2019-05-28,35,39,4
6202,2019-05-28,64,43,-21
6203,2019-05-28,46,35,-11
6204,2019-05-28,41,39,-2
6205,2019-05-28,43,35,-8
6206,2019-05-28,71,71,0
6207,2019-05-28,17,10,-7
6208,2019-05-28,27,36,9
6209,2019-05-28,53,40,-13
6210,2019-05-28,30,15,-15
6211,2019-05-28,88,82,-6
6212,2019-05-28,22,19,-3
6213,2019-05-28,62,59,-3
6214,2019-05-28,21,18,-3
6216,2019-05-28,52,7,-45
6217,2019-05-28,49,29,-20
6218,2019-05-28,13,22,9
6219,2019-05-28,18,35,17
6220,2019-05-28,32,51,19
6221,2019-05-28,76,66,-10
6222,2019-05-28,24,21,-3
6223,2019-05-28,28,26,-2
6224,2019-05-28,32,40,8
6225,2019-05-28,23,27,4
6226,2019-05-28,12,1,-11
6227,2019-05-28,64,63,-1
6228,2019-05-28,20,17,-3
6229,2019-05-28,34,40,6
6230,2019-05-28,43,44,1
6231,2019-05-28,49,46,-3
6232,2019-05-28,23,14,-9
6233,2019-05-28,56,48,-8
6234,2019-05-28,42,33,-9
6235,2019-05-28,44,10,-34
6236,2019-05-28,16,32,16
6237,2019-05-28,20,29,9
6240,2019-05-28,5,8,3
6241,2019-05-28,9,17,8
6243,2019-05-28,25,37,12
6245,2019-05-28,22,23,1
6246,2019-05-28,23,27,4
6247,2019-05-28,58,40,-18
6248,2019-05-28,83,63,-20
6249,2019-05-28,30,20,-10
6250,2019-05-28,23,18,-5
6251,2019-05-28,7,10,3
6252,2019-05-28,17,16,-1
6253,2019-05-28,32,15,-17
6254,2019-05-28,26,28,2
6255,2019-05-28,28,34,6
6257,2019-05-28,18,17,-1
6258,2019-05-28,22,36,14
6259,2019-05-28,15,21,6
6260,2019-05-28,15,20,5
6261,2019-05-28,29,27,-2
6262,2019-05-28,12,23,11
6263,2019-05-28,11,14,3
6264,2019-05-28,11,26,15
6265,2019-05-28,29,29,0
6266,2019-05-28,5,10,5
6267,2019-05-28,12,12,0
6268,2019-05-28,10,22,12
6269,2019-05-28,12,18,6
6270,2019-05-28,14,23,9
6272,2019-05-28,9,15,6
6273,2019-05-28,13,22,9
6274,2019-05-28,15,22,7
6275,2019-05-28,9,11,2
6276,2019-05-28,16,33,17
6277,2019-05-28,14,21,7
6278,2019-05-28,6,12,6
6279,2019-05-28,4,11,7
6280,2019-05-28,38,24,-14
6281,2019-05-28,18,10,-8
6301,2019-05-28,9,10,1
6302,2019-05-28,2,5,3
6303,2019-05-28,4,9,5
6304,2019-05-28,5,8,3
6305,2019-05-28,6,6,0
6306,2019-05-28,36,14,-22
6307,2019-05-28,27,35,8
6309,2019-05-28,16,16,0
6310,2019-05-28,36,7,-29
6311,2019-05-28,9,14,5
6312,2019-05-28,10,10,0
6313,2019-05-28,20,36,16
6314,2019-05-28,18,36,18
6315,2019-05-28,29,12,-17
6316,2019-05-28,19,8,-11
6321,2019-05-28,26,22,-4
6322,2019-05-28,9,13,4
6323,2019-05-28,7,7,0
6324,2019-05-28,10,16,6
6327,2019-05-28,11,17,6
6328,2019-05-28,13,19,6
6329,2019-05-28,5,16,11
6330,2019-05-28,8,16,8
6331,2019-05-28,4,12,8
6332,2019-05-28,15,23,8
6333,2019-05-28,5,16,11
6334,2019-05-28,29,27,-2
6336,2019-05-28,11,20,9
6338,2019-05-28,11,8,-3
6339,2019-05-28,11,19,8
6340,2019-05-28,11,16,5
6341,2019-05-28,9,39,30
6343,2019-05-28,11,20,9
6344,2019-05-28,24,19,-5
6345,2019-05-28,2,8,6
6346,2019-05-28,15,7,-8
6347,2019-05-28,14,12,-2
6349,2019-05-28,6,17,11
6350,2019-05-28,12,20,8
6354,2019-05-28,8,18,10
6355,2019-05-28,12,25,13
6356,2019-05-28,17,8,-9
6358,2019-05-28,4,8,4
6359,2019-05-28,56,22,-34
6360,2019-05-28,9,12,3
6361,2019-05-28,14,22,8
6362,2019-05-28,10,19,9
6363,2019-05-28,7,9,2
6364,2019-05-28,18,17,-1
6366,2019-05-28,15,5,-10
6367,2019-05-28,9,21,12
6368,2019-05-28,17,34,17
6369,2019-05-28,9,16,7
6370,2019-05-28,9,15,6
6371,2019-05-28,22,31,9
6372,2019-05-28,29,36,7
6373,2019-05-28,13,28,15
6374,2019-05-28,11,30,19
6375,2019-05-28,27,37,10
6377,2019-05-28,4,26,22
6379,2019-05-28,6,16,10
6380,2019-05-28,5,21,16
6381,2019-05-28,28,30,2
6383,2019-05-28,2,17,15
6384,2019-05-28,6,10,4
6385,2019-05-28,22,33,11
6386,2019-05-28,29,28,-1
6387,2019-05-28,32,28,-4
6388,2019-05-28,8,16,8
6389,2019-05-28,22,14,-8
6391,2019-05-28,22,34,12
6393,2019-05-28,24,39,15
6394,2019-05-28,28,51,23
6395,2019-05-28,28,15,-13
6396,2019-05-28,38,14,-24
6397,2019-05-28,13,32,19
6398,2019-05-28,5,22,17
6401,2019-05-28,26,45,19
6402,2019-05-28,5,23,18
6403,2019-05-28,10,24,14
6404,2019-05-28,8,12,4
6405,2019-05-28,6,19,13
6406,2019-05-28,12,30,18
6408,2019-05-28,26,25,-1
6410,2019-05-28,16,13,-3
6411,2019-05-28,67,69,2
6412,2019-05-28,11,14,3
6413,2019-05-28,12,4,-8
6414,2019-05-28,3,17,14
6415,2019-05-28,4,16,12
6416,2019-05-28,5,7,2
6417,2019-05-28,11,12,1
6418,2019-05-28,3,3,0
6419,2019-05-28,2,6,4
6420,2019-05-28,17,17,0
6421,2019-05-28,14,18,4
6422,2019-05-28,3,2,-1
6423,2019-05-28,10,3,-7
6424,2019-05-28,17,13,-4
6425,2019-05-28,14,11,-3
6426,2019-05-28,34,17,-17
6427,2019-05-28,29,30,1
6428,2019-05-28,1,10,9
6429,2019-05-28,9,15,6
6432,2019-05-28,29,30,1
6433,2019-05-28,6,13,7
6434,2019-05-28,24,25,1
6435,2019-05-28,11,10,-1
6436,2019-05-28,11,10,-1
6501,2019-05-28,20,9,-11
6502,2019-05-28,5,8,3
6503,2019-05-28,31,16,-15
6504,2019-05-28,2,1,-1
6700,2019-05-28,7,14,7
6701,2019-05-28,28,13,-15
6702,2019-05-28,6,2,-4
6703,2019-05-28,15,10,-5
6704,2019-05-28,7,12,5
6705,2019-05-28,4,11,7
6706,2019-05-28,2,11,9
6707,2019-05-28,14,5,-9
6708,2019-05-28,28,13,-15
6709,2019-05-28,7,21,14
6710,2019-05-28,5,8,3
6711,2019-05-28,14,4,-10
6712,2019-05-28,1,2,1
6714,2019-05-28,3,0,-3
6715,2019-05-28,9,9,0
6716,2019-05-28,2,7,5
6717,2019-05-28,5,9,4
6718,2019-05-28,5,16,11
6719,2019-05-28,7,15,8
6720,2019-05-28,8,25,17
6721,2019-05-28,9,9,0
6722,2019-05-28,2,12,10
6723,2019-05-28,3,15,12
6724,2019-05-28,25,23,-2
6725,2019-05-28,17,23,6
6726,2019-05-28,2,8,6
6727,2019-05-28,57,33,-24
6728,2019-05-28,2,7,5
6729,2019-05-28,65,54,-11
6730,2019-05-28,2,4,2
6731,2019-05-28,4,5,1
6732,2019-05-28,7,20,13
6733,2019-05-28,11,18,7
6734,2019-05-28,23,32,9
6735,2019-05-28,6,2,-4
6736,2019-05-28,2,5,3
6737,2019-05-28,5,10,5
6738,2019-05-28,51,11,-40
6739,2019-05-28,1,6,5
6741,2019-05-28,1,13,12
6742,2019-05-28,16,16,0
6743,2019-05-28,21,14,-7
6744,2019-05-28,11,13,2
6745,2019-05-28,4,6,2
6746,2019-05-28,14,12,-2
6747,2019-05-28,30,15,-15
6748,2019-05-28,30,49,19
6749,2019-05-28,17,11,-6
6750,2019-05-28,15,23,8
6753,2019-05-28,8,4,-4
6754,2019-05-28,2,11,9
6901,2019-05-28,32,46,14
6902,2019-05-28,25,56,31
6903,2019-05-28,43,51,8
6904,2019-05-28,13,30,17
6905,2019-05-28,14,9,-5
6906,2019-05-28,91,36,-55
6907,2019-05-28,40,42,2
6908,2019-05-28,30,29,-1
6910,2019-05-28,42,43,1
6912,2019-05-28,64,36,-28
6913,2019-05-28,17,16,-1
6915,2019-05-28,42,31,-11
6916,2019-05-28,5,15,10
6917,2019-05-28,5,9,4
6918,2019-05-28,14,11,-3
6919,2019-05-28,14,12,-2
6921,2019-05-28,44,20,-24
6923,2019-05-28,18,26,8
6924,2019-05-28,6,11,5
6925,2019-05-28,19,18,-1
6926,2019-05-28,38,37,-1
6927,2019-05-28,37,16,-21
6928,2019-05-28,23,0,-23
6929,2019-05-28,10,10,0
6930,2019-05-28,18,3,-15
7001,2019-05-28,10,11,1
7002,2019-05-28,3,6,3
7003,2019-05-28,48,26,-22
7004,2019-05-28,7,12,5
7005,2019-05-28,7,5,-2
7006,2019-05-28,2,15,13
7007,2019-05-28,2,10,8
7008,2019-05-28,11,9,-2
7009,2019-05-28,28,27,-1
7010,2019-05-28,6,8,2
7011,2019-05-28,21,35,14
7012,2019-05-28,18,23,5
7013,2019-05-28,5,13,8
7014,2019-05-28,18,4,-14
7015,2019-05-28,1,2,1
7016,2019-05-28,4,5,1
7017,2019-05-28,3,18,15
7018,2019-05-28,4,16,12
7019,2019-05-28,89,4,-85
7020,2019-05-28,5,12,7
7021,2019-05-28,15,25,10
7022,2019-05-28,14,24,10
7023,2019-05-28,1,2,1
7024,2019-05-28,18,14,-4
7025,2019-05-28,22,5,-17
7027,2019-05-28,6,18,12
7028,2019-05-28,38,27,-11
7029,2019-05-28,15,26,11
7030,2019-05-28,21,37,16
7031,2019-05-28,21,27,6
7032,2019-05-28,52,39,-13
7033,2019-05-28,31,35,4
7034,2019-05-28,12,12,0
7035,2019-05-28,19,21,2
7036,2019-05-28,23,24,1
7037,2019-05-28,22,16,-6
7038,2019-05-28,27,37,10
7039,2019-05-28,6,13,7
7040,2019-05-28,31,18,-13
7041,2019-05-28,83,47,-36
7042,2019-05-28,23,11,-12
7043,2019-05-28,5,11,6
7044,2019-05-28,2,1,-1
7045,2019-05-28,13,16,3
7046,2019-05-28,81,42,-39
7047,2019-05-28,46,82,36
7048,2019-05-28,4,10,6
7049,2019-05-28,5,4,-1
7050,2019-05-28,5,7,2
7051,2019-05-28,2,7,5
7052,2019-05-28,30,22,-8
7053,2019-05-28,8,25,17
7054,2019-05-28,11,21,10
7055,2019-05-28,14,13,-1
7056,2019-05-28,4,7,3
7057,2019-05-28,8,17,9
7058,2019-05-28,13,14,1
7059,2019-05-28,6,14,8
7060,2019-05-28,10,28,18
7061,2019-05-28,6,7,1
7062,2019-05-28,17,16,-1
7063,2019-05-28,11,13,2
7064,2019-05-28,15,4,-11
7065,2019-05-28,10,17,7
7066,2019-05-28,32,26,-6
7067,2019-05-28,29,9,-20
7068,2019-05-28,27,50,23
7069,2019-05-28,35,19,-16
7070,2019-05-28,19,38,19
7071,2019-05-28,22,15,-7
7072,2019-05-28,11,10,-1
7073,2019-05-28,8,31,23
7074,2019-05-28,14,29,15
7075,2019-05-28,2,5,3
7076,2019-05-28,23,34,11
7077,2019-05-28,12,9,-3
7078,2019-05-28,8,16,8
7080,2019-05-28,44,30,-14
7081,2019-05-28,31,21,-10
7082,2019-05-28,39,31,-8
7083,2019-05-28,27,35,8
7084,2019-05-28,48,34,-14
7090,2019-05-28,4,8,4
7091,2019-05-28,4,1,-3
7092,2019-05-28,3,3,0
7094,2019-05-28,2,1,-1
7095,2019-05-28,8,0,-8
7096,2019-05-28,9,4,-5
7097,2019-05-28,4,2,-2
7098,2019-05-28,2,3,1
7099,2019-05-28,5,4,-1
7100,2019-05-28,3,4,1
7101,2019-05-28,7,2,-5
7102,2019-05-28,3,21,18
7103,2019-05-28,1,1,0
7105,2019-05-28,3,6,3
7106,2019-05-28,2,1,-1
7107,2019-05-28,3,2,-1
7108,2019-05-28,2,3,1
7109,2019-05-28,8,0,-8
7112,2019-05-28,3,4,1
7113,2019-05-28,28,17,-11
7114,2019-05-28,16,36,20
7115,2019-05-28,3,9,6
7116,2019-05-28,2,2,0
7117,2019-05-28,4,1,-3
7118,2019-05-28,2,0,-2
7119,2019-05-28,1,2,1
7121,2019-05-28,3,2,-1
7124,2019-05-28,2,9,7
7125,2019-05-28,1,3,2
7126,2019-05-28,5,4,-1
7127,2019-05-28,17,8,-9
7128,2019-05-28,7,6,-1
7129,2019-05-28,6,4,-2
7130,2019-05-28,7,4,-3
7131,2019-05-28,2,0,-2
7132,2019-05-28,1,2,1
7133,2019-05-28,3,1,-2
7134,2019-05-28,7,13,6
7136,2019-05-28,1,1,0
7137,2019-05-28,3,2,-1
7138,2019-05-28,2,2,0
7139,2019-05-28,21,58,37
7140,2019-05-28,6,14,8
7141,2019-05-28,6,10,4
7142,2019-05-28,1,7,6
7143,2019-05-28,3,9,6
7144,2019-05-28,15,24,9
7145,2019-05-28,4,12,8
7146,2019-05-28,11,13,2
7147,2019-05-28,15,7,-8
7149,2019-05-28,4,5,1
10002,2019-05-29,111,107,-4
4000,2019-05-29,52,71,19
4001,2019-05-29,9,8,-1
4002,2019-05-29,21,26,5
5002,2019-05-29,5,5,0
5003,2019-05-29,5,7,2
5004,2019-05-29,5,6,1
5005,2019-05-29,4,3,-1
5006,2019-05-29,9,7,-2
5007,2019-05-29,16,27,11
6001,2019-05-29,65,94,29
6002,2019-05-29,34,60,26
6003,2019-05-29,78,114,36
6004,2019-05-29,52,59,7
6005,2019-05-29,64,104,40
6006,2019-05-29,46,31,-15
6007,2019-05-29,40,44,4
6008,2019-05-29,60,95,35
6009,2019-05-29,60,67,7
6011,2019-05-29,73,83,10
6012,2019-05-29,133,264,131
6013,2019-05-29,65,110,45
6014,2019-05-29,66,65,-1
6015,2019-05-29,190,304,114
6016,2019-05-29,15,14,-1
6017,2019-05-29,51,70,19
6018,2019-05-29,52,69,17
6019,2019-05-29,166,105,-61
6020,2019-05-29,51,76,25
6021,2019-05-29,91,74,-17
6022,2019-05-29,65,68,3
6023,2019-05-29,123,160,37
6024,2019-05-29,1,1,0
6025,2019-05-29,25,31,6
6026,2019-05-29,126,177,51
6027,2019-05-29,183,176,-7
6029,2019-05-29,24,40,16
6031,2019-05-29,41,48,7
6032,2019-05-29,56,103,47
6033,2019-05-29,29,20,-9
6034,2019-05-29,63,71,8
6035,2019-05-29,29,59,30
6036,2019-05-29,133,179,46
6037,2019-05-29,32,45,13
6038,2019-05-29,90,99,9
6039,2019-05-29,73,89,16
6040,2019-05-29,54,65,11
6041,2019-05-29,94,94,0
6042,2019-05-29,100,101,1
6043,2019-05-29,201,430,229
6044,2019-05-29,69,66,-3
6046,2019-05-29,113,94,-19
6047,2019-05-29,77,64,-13
6048,2019-05-29,59,59,0
6049,2019-05-29,99,116,17
6050,2019-05-29,46,46,0
6051,2019-05-29,41,44,3
6052,2019-05-29,198,242,44
6053,2019-05-29,152,175,23
6057,2019-05-29,90,90,0
6058,2019-05-29,70,74,4
6059,2019-05-29,65,66,1
6060,2019-05-29,36,37,1
6062,2019-05-29,79,62,-17
6063,2019-05-29,91,79,-12
6064,2019-05-29,200,193,-7
6065,2019-05-29,72,67,-5
6066,2019-05-29,40,19,-21
6067,2019-05-29,63,60,-3
6068,2019-05-29,14,11,-3
6070,2019-05-29,227,188,-39
6072,2019-05-29,92,91,-1
6073,2019-05-29,244,218,-26
6075,2019-05-29,41,16,-25
6076,2019-05-29,16,30,14
6079,2019-05-29,84,72,-12
6080,2019-05-29,163,164,1
6081,2019-05-29,14,14,0
6082,2019-05-29,20,10,-10
6083,2019-05-29,178,126,-52
6084,2019-05-29,50,56,6
6085,2019-05-29,93,136,43
6086,2019-05-29,15,20,5
6087,2019-05-29,103,135,32
6088,2019-05-29,67,85,18
6089,2019-05-29,64,75,11
6090,2019-05-29,61,57,-4
6091,2019-05-29,41,39,-2
6092,2019-05-29,64,60,-4
6093,2019-05-29,32,20,-12
6094,2019-05-29,71,76,5
6095,2019-05-29,112,91,-21
6096,2019-05-29,40,52,12
6097,2019-05-29,90,62,-28
6098,2019-05-29,56,42,-14
6099,2019-05-29,87,132,45
6100,2019-05-29,300,260,-40
6101,2019-05-29,60,17,-43
6102,2019-05-29,47,23,-24
6103,2019-05-29,20,25,5
6104,2019-05-29,70,85,15
6105,2019-05-29,72,89,17
6106,2019-05-29,30,37,7
6107,2019-05-29,72,61,-11
6108,2019-05-29,53,62,9
6109,2019-05-29,8,7,-1
6110,2019-05-29,26,34,8
6111,2019-05-29,39,43,4
6112,2019-05-29,80,93,13
6113,2019-05-29,59,76,17
6114,2019-05-29,140,185,45
6115,2019-05-29,15,29,14
6116,2019-05-29,38,65,27
6118,2019-05-29,83,93,10
6119,2019-05-29,71,71,0
6120,2019-05-29,78,92,14
6121,2019-05-29,19,31,12
6122,2019-05-29,18,27,9
6123,2019-05-29,22,32,10
6124,2019-05-29,33,53,20
6125,2019-05-29,29,37,8
6126,2019-05-29,39,50,11
6127,2019-05-29,44,39,-5
6128,2019-05-29,17,15,-2
6129,2019-05-29,60,61,1
6130,2019-05-29,20,25,5
6131,2019-05-29,83,51,-32
6132,2019-05-29,58,73,15
6133,2019-05-29,65,52,-13
6134,2019-05-29,47,39,-8
6136,2019-05-29,271,193,-78
6137,2019-05-29,81,81,0
6138,2019-05-29,71,68,-3
6139,2019-05-29,32,31,-1
6140,2019-05-29,77,79,2
6141,2019-05-29,40,39,-1
6142,2019-05-29,91,53,-38
6143,2019-05-29,115,102,-13
6145,2019-05-29,56,61,5
6146,2019-05-29,72,73,1
6147,2019-05-29,98,73,-25
6148,2019-05-29,101,88,-13
6149,2019-05-29,39,38,-1
6150,2019-05-29,62,59,-3
6151,2019-05-29,76,77,1
6152,2019-05-29,107,108,1
6153,2019-05-29,60,60,0
6154,2019-05-29,182,154,-28
6155,2019-05-29,136,130,-6
6156,2019-05-29,65,64,-1
6157,2019-05-29,112,104,-8
6158,2019-05-29,68,61,-7
6159,2019-05-29,19,19,0
6160,2019-05-29,54,53,-1
6161,2019-05-29,48,44,-4
6162,2019-05-29,18,9,-9
6163,2019-05-29,96,85,-11
6164,2019-05-29,67,72,5
6165,2019-05-29,92,101,9
6166,2019-05-29,108,85,-23
6167,2019-05-29,66,58,-8
6168,2019-05-29,35,33,-2
6169,2019-05-29,115,103,-12
6170,2019-05-29,56,45,-11
6171,2019-05-29,51,57,6
6173,2019-05-29,111,68,-43
6174,2019-05-29,100,82,-18
6175,2019-05-29,89,53,-36
6176,2019-05-29,80,70,-10
6177,2019-05-29,76,75,-1
6178,2019-05-29,118,106,-12
6179,2019-05-29,80,76,-4
6180,2019-05-29,49,71,22
6181,2019-05-29,96,66,-30
6182,2019-05-29,75,45,-30
6183,2019-05-29,76,69,-7
6184,2019-05-29,195,215,20
6185,2019-05-29,22,19,-3
6186,2019-05-29,78,52,-26
6187,2019-05-29,111,110,-1
6188,2019-05-29,62,64,2
6189,2019-05-29,21,18,-3
6190,2019-05-29,139,101,-38
6191,2019-05-29,59,51,-8
6192,2019-05-29,51,33,-18
6193,2019-05-29,114,105,-9
6194,2019-05-29,146,125,-21
6195,2019-05-29,72,53,-19
6196,2019-05-29,94,78,-16
6197,2019-05-29,46,53,7
6198,2019-05-29,29,9,-20
6199,2019-05-29,98,80,-18
6200,2019-05-29,109,103,-6
6201,2019-05-29,74,64,-10
6202,2019-05-29,130,123,-7
6203,2019-05-29,102,105,3
6204,2019-05-29,93,91,-2
6205,2019-05-29,102,97,-5
6206,2019-05-29,144,126,-18
6207,2019-05-29,48,48,0
6208,2019-05-29,83,80,-3
6209,2019-05-29,155,112,-43
6210,2019-05-29,39,42,3
6211,2019-05-29,151,148,-3
6212,2019-05-29,78,59,-19
6213,2019-05-29,111,103,-8
6214,2019-05-29,83,70,-13
6216,2019-05-29,123,61,-62
6217,2019-05-29,92,68,-24
6218,2019-05-29,84,50,-34
6219,2019-05-29,65,64,-1
6220,2019-05-29,111,77,-34
6221,2019-05-29,188,154,-34
6222,2019-05-29,77,51,-26
6223,2019-05-29,90,61,-29
6224,2019-05-29,70,61,-9
6225,2019-05-29,64,42,-22
6226,2019-05-29,29,28,-1
6227,2019-05-29,161,150,-11
6228,2019-05-29,25,24,-1
6229,2019-05-29,66,48,-18
6230,2019-05-29,89,77,-12
6231,2019-05-29,108,91,-17
6232,2019-05-29,33,28,-5
6233,2019-05-29,82,75,-7
6234,2019-05-29,64,65,1
6235,2019-05-29,52,61,9
6236,2019-05-29,75,61,-14
6237,2019-05-29,68,65,-3
6240,2019-05-29,18,20,2
6241,2019-05-29,38,33,-5
6243,2019-05-29,78,64,-14
6245,2019-05-29,40,36,-4
6246,2019-05-29,71,64,-7
6247,2019-05-29,129,109,-20
6248,2019-05-29,146,144,-2
6249,2019-05-29,61,51,-10
6250,2019-05-29,72,62,-10
6251,2019-05-29,24,22,-2
6252,2019-05-29,39,41,2
6253,2019-05-29,39,42,3
6254,2019-05-29,54,47,-7
6255,2019-05-29,82,72,-10
6257,2019-05-29,34,39,5
6258,2019-05-29,82,69,-13
6259,2019-05-29,49,42,-7
6260,2019-05-29,38,43,5
6261,2019-05-29,45,42,-3
6262,2019-05-29,52,42,-10
6263,2019-05-29,23,30,7
6264,2019-05-29,39,39,0
6265,2019-05-29,52,62,10
6266,2019-05-29,31,30,-1
6267,2019-05-29,44,38,-6
6268,2019-05-29,43,30,-13
6269,2019-05-29,19,37,18
6270,2019-05-29,36,35,-1
6272,2019-05-29,37,27,-10
6273,2019-05-29,31,20,-11
6274,2019-05-29,45,36,-9
6275,2019-05-29,26,26,0
6276,2019-05-29,36,31,-5
6277,2019-05-29,49,53,4
6278,2019-05-29,24,19,-5
6279,2019-05-29,26,22,-4
6280,2019-05-29,52,57,5
6281,2019-05-29,38,36,-2
6301,2019-05-29,23,17,-6
6302,2019-05-29,17,16,-1
6303,2019-05-29,22,15,-7
6304,2019-05-29,16,12,-4
6305,2019-05-29,26,18,-8
6306,2019-05-29,62,21,-41
6307,2019-05-29,72,57,-15
6309,2019-05-29,24,28,4
6310,2019-05-29,86,35,-51
6311,2019-05-29,40,32,-8
6312,2019-05-29,13,24,11
6313,2019-05-29,48,79,31
6314,2019-05-29,60,60,0
6315,2019-05-29,94,43,-51
6316,2019-05-29,52,20,-32
6321,2019-05-29,75,73,-2
6322,2019-05-29,28,20,-8
6323,2019-05-29,19,18,-1
6324,2019-05-29,33,34,1
6327,2019-05-29,32,30,-2
6328,2019-05-29,34,30,-4
6329,2019-05-29,15,17,2
6330,2019-05-29,20,23,3
6331,2019-05-29,15,14,-1
6332,2019-05-29,19,25,6
6333,2019-05-29,16,24,8
6334,2019-05-29,67,66,-1
6336,2019-05-29,31,32,1
6338,2019-05-29,27,23,-4
6339,2019-05-29,34,38,4
6340,2019-05-29,29,22,-7
6341,2019-05-29,36,51,15
6343,2019-05-29,33,29,-4
6344,2019-05-29,48,36,-12
6345,2019-05-29,13,17,4
6346,2019-05-29,18,13,-5
6347,2019-05-29,31,31,0
6349,2019-05-29,23,28,5
6350,2019-05-29,36,43,7
6354,2019-05-29,30,21,-9
6355,2019-05-29,26,50,24
6356,2019-05-29,38,17,-21
6358,2019-05-29,20,20,0
6359,2019-05-29,81,96,15
6360,2019-05-29,31,26,-5
6361,2019-05-29,33,26,-7
6362,2019-05-29,35,31,-4
6363,2019-05-29,23,17,-6
6364,2019-05-29,46,45,-1
6366,2019-05-29,29,16,-13
6367,2019-05-29,30,25,-5
6368,2019-05-29,58,58,0
6369,2019-05-29,32,40,8
6370,2019-05-29,44,46,2
6371,2019-05-29,85,80,-5
6372,2019-05-29,55,82,27
6373,2019-05-29,37,38,1
6374,2019-05-29,44,47,3
6375,2019-05-29,66,72,6
6377,2019-05-29,35,47,12
6379,2019-05-29,32,40,8
6380,2019-05-29,32,31,-1
6381,2019-05-29,50,51,1
6383,2019-05-29,31,28,-3
6384,2019-05-29,18,13,-5
6385,2019-05-29,53,61,8
6386,2019-05-29,74,73,-1
6387,2019-05-29,68,76,8
6388,2019-05-29,20,28,8
6389,2019-05-29,46,39,-7
6391,2019-05-29,61,80,19
6393,2019-05-29,52,74,22
6394,2019-05-29,45,71,26
6395,2019-05-29,82,89,7
6396,2019-05-29,78,88,10
6397,2019-05-29,50,57,7
6398,2019-05-29,35,38,3
6401,2019-05-29,79,97,18
6402,2019-05-29,54,61,7
6403,2019-05-29,34,38,4
6404,2019-05-29,15,32,17
6405,2019-05-29,59,80,21
6406,2019-05-29,84,98,14
6408,2019-05-29,60,65,5
6410,2019-05-29,39,39,0
6411,2019-05-29,165,148,-17
6412,2019-05-29,17,21,4
6413,2019-05-29,16,86,70
6414,2019-05-29,18,28,10
6415,2019-05-29,25,27,2
6416,2019-05-29,27,16,-11
6417,2019-05-29,23,22,-1
6418,2019-05-29,11,8,-3
6419,2019-05-29,14,18,4
6420,2019-05-29,14,23,9
6421,2019-05-29,35,43,8
6422,2019-05-29,9,12,3
6423,2019-05-29,27,17,-10
6424,2019-05-29,49,64,15
6425,2019-05-29,26,28,2
6426,2019-05-29,62,76,14
6427,2019-05-29,59,57,-2
6428,2019-05-29,14,16,2
6429,2019-05-29,25,29,4
6432,2019-05-29,94,97,3
6433,2019-05-29,26,24,-2
6434,2019-05-29,76,70,-6
6435,2019-05-29,39,43,4
6436,2019-05-29,23,20,-3
6501,2019-05-29,31,38,7
6502,2019-05-29,23,28,5
6503,2019-05-29,63,48,-15
6504,2019-05-29,5,5,0
6700,2019-05-29,16,34,18
6701,2019-05-29,74,76,2
6702,2019-05-29,14,20,6
6703,2019-05-29,55,50,-5
6704,2019-05-29,28,30,2
6705,2019-05-29,20,24,4
6706,2019-05-29,27,26,-1
6707,2019-05-29,24,29,5
6708,2019-05-29,77,99,22
6709,2019-05-29,20,28,8
6710,2019-05-29,16,19,3
6711,2019-05-29,29,24,-5
6712,2019-05-29,9,9,0
6714,2019-05-29,3,4,1
6715,2019-05-29,22,27,5
6716,2019-05-29,12,7,-5
6717,2019-05-29,13,15,2
6718,2019-05-29,40,35,-5
6719,2019-05-29,20,24,4
6720,2019-05-29,25,26,1
6721,2019-05-29,18,21,3
6722,2019-05-29,12,12,0
6723,2019-05-29,29,23,-6
6724,2019-05-29,48,56,8
6725,2019-05-29,30,33,3
6726,2019-05-29,8,17,9
6727,2019-05-29,85,94,9
6728,2019-05-29,15,11,-4
6729,2019-05-29,107,117,10
6730,2019-05-29,14,10,-4
6731,2019-05-29,14,9,-5
6732,2019-05-29,37,39,2
6733,2019-05-29,34,34,0
6734,2019-05-29,50,52,2
6735,2019-05-29,11,8,-3
6736,2019-05-29,23,20,-3
6737,2019-05-29,25,28,3
6738,2019-05-29,95,87,-8
6739,2019-05-29,7,8,1
6741,2019-05-29,19,14,-5
6742,2019-05-29,59,59,0
6743,2019-05-29,49,31,-18
6744,2019-05-29,20,28,8
6745,2019-05-29,19,15,-4
6746,2019-05-29,20,17,-3
6747,2019-05-29,50,53,3
6748,2019-05-29,84,114,30
6749,2019-05-29,53,59,6
6750,2019-05-29,49,37,-12
6753,2019-05-29,17,14,-3
6754,2019-05-29,16,24,8
6901,2019-05-29,53,72,19
6902,2019-05-29,68,90,22
6903,2019-05-29,92,84,-8
6904,2019-05-29,46,45,-1
6905,2019-05-29,41,32,-9
6906,2019-05-29,158,94,-64
6907,2019-05-29,87,61,-26
6908,2019-05-29,52,48,-4
6910,2019-05-29,115,106,-9
6912,2019-05-29,135,98,-37
6913,2019-05-29,61,53,-8
6915,2019-05-29,87,78,-9
6916,2019-05-29,25,28,3
6917,2019-05-29,17,19,2
6918,2019-05-29,26,16,-10
6919,2019-05-29,34,26,-8
6921,2019-05-29,84,91,7
6923,2019-05-29,37,35,-2
6924,2019-05-29,28,25,-3
6925,2019-05-29,38,41,3
6926,2019-05-29,54,59,5
6927,2019-05-29,71,49,-22
6928,2019-05-29,53,21,-32
6929,2019-05-29,26,32,6
6930,2019-05-29,28,34,6
7001,2019-05-29,32,34,2
7002,2019-05-29,12,11,-1
7003,2019-05-29,114,89,-25
7004,2019-05-29,13,19,6
7005,2019-05-29,7,9,2
7006,2019-05-29,21,21,0
7007,2019-05-29,9,11,2
7008,2019-05-29,29,22,-7
7009,2019-05-29,68,93,25
7010,2019-05-29,18,17,-1
7011,2019-05-29,65,72,7
7012,2019-05-29,32,42,10
7013,2019-05-29,21,20,-1
7014,2019-05-29,78,34,-44
7015,2019-05-29,14,14,0
7016,2019-05-29,13,16,3
7017,2019-05-29,32,36,4
7018,2019-05-29,26,31,5
7019,2019-05-29,144,99,-45
7020,2019-05-29,9,15,6
7021,2019-05-29,46,32,-14
7022,2019-05-29,46,31,-15
7023,2019-05-29,5,3,-2
7024,2019-05-29,30,23,-7
7025,2019-05-29,37,37,0
7027,2019-05-29,35,39,4
7028,2019-05-29,103,110,7
7029,2019-05-29,52,41,-11
7030,2019-05-29,51,52,1
7031,2019-05-29,49,43,-6
7032,2019-05-29,118,65,-53
7033,2019-05-29,70,64,-6
7034,2019-05-29,22,30,8
7035,2019-05-29,46,45,-1
7036,2019-05-29,53,38,-15
7037,2019-05-29,54,48,-6
7038,2019-05-29,69,70,1
7039,2019-05-29,32,36,4
7040,2019-05-29,58,65,7
7041,2019-05-29,132,96,-36
7042,2019-05-29,35,33,-2
7043,2019-05-29,25,21,-4
7044,2019-05-29,10,12,2
7045,2019-05-29,35,38,3
7046,2019-05-29,108,92,-16
7047,2019-05-29,131,183,52
7048,2019-05-29,15,19,4
7049,2019-05-29,11,17,6
7050,2019-05-29,22,31,9
7051,2019-05-29,13,15,2
7052,2019-05-29,60,60,0
7053,2019-05-29,27,40,13
7054,2019-05-29,39,58,19
7055,2019-05-29,15,29,14
7056,2019-05-29,12,19,7
7057,2019-05-29,34,27,-7
7058,2019-05-29,26,34,8
7059,2019-05-29,27,21,-6
7060,2019-05-29,35,27,-8
7061,2019-05-29,27,20,-7
7062,2019-05-29,43,54,11
7063,2019-05-29,25,31,6
7064,2019-05-29,28,33,5
7065,2019-05-29,33,36,3
7066,2019-05-29,51,99,48
7067,2019-05-29,46,52,6
7068,2019-05-29,65,93,28
7069,2019-05-29,61,88,27
7070,2019-05-29,46,52,6
7071,2019-05-29,74,47,-27
7072,2019-05-29,32,21,-11
7073,2019-05-29,42,42,0
7074,2019-05-29,45,53,8
7075,2019-05-29,9,13,4
7076,2019-05-29,68,42,-26
7077,2019-05-29,22,35,13
7078,2019-05-29,21,29,8
7080,2019-05-29,104,106,2
7081,2019-05-29,72,82,10
7082,2019-05-29,85,98,13
7083,2019-05-29,70,63,-7
7084,2019-05-29,100,101,1
7090,2019-05-29,11,10,-1
7091,2019-05-29,9,16,7
7092,2019-05-29,5,6,1
7093,2019-05-29,3,3,0
7094,2019-05-29,3,2,-1
7095,2019-05-29,11,15,4
7096,2019-05-29,24,18,-6
7097,2019-05-29,5,4,-1
7098,2019-05-29,8,5,-3
7099,2019-05-29,3,6,3
7100,2019-05-29,2,3,1
7101,2019-05-29,7,5,-2
7102,2019-05-29,13,16,3
7103,2019-05-29,10,9,-1
7104,2019-05-29,3,2,-1
7105,2019-05-29,4,6,2
7107,2019-05-29,2,5,3
7108,2019-05-29,2,4,2
7109,2019-05-29,8,7,-1
7110,2019-05-29,7,6,-1
7111,2019-05-29,9,8,-1
7112,2019-05-29,11,15,4
7113,2019-05-29,53,62,9
7114,2019-05-29,70,87,17
7115,2019-05-29,17,17,0
7116,2019-05-29,4,4,0
7117,2019-05-29,2,3,1
7118,2019-05-29,8,4,-4
7119,2019-05-29,5,7,2
7120,2019-05-29,8,10,2
7121,2019-05-29,3,5,2
7122,2019-05-29,5,3,-2
7123,2019-05-29,1,2,1
7124,2019-05-29,13,18,5
7125,2019-05-29,15,12,-3
7126,2019-05-29,5,2,-3
7127,2019-05-29,27,33,6
7128,2019-05-29,10,13,3
7129,2019-05-29,11,12,1
7130,2019-05-29,9,7,-2
7131,2019-05-29,3,5,2
7132,2019-05-29,6,5,-1
7133,2019-05-29,5,0,-5
7134,2019-05-29,5,3,-2
7136,2019-05-29,5,7,2
7137,2019-05-29,5,8,3
7138,2019-05-29,3,4,1
7139,2019-05-29,26,8,-18
7140,2019-05-29,21,19,-2
7141,2019-05-29,28,36,8
7142,2019-05-29,13,17,4
7143,2019-05-29,18,24,6
7144,2019-05-29,32,36,4
7145,2019-05-29,19,20,1
7146,2019-05-29,10,29,19
7147,2019-05-29,28,32,4
7148,2019-05-29,5,10,5
7149,2019-05-29,9,12,3
10002,2019-05-30,98,109,11
4000,2019-05-30,50,62,12
4001,2019-05-30,6,11,5
4002,2019-05-30,27,24,-3
5002,2019-05-30,6,7,1
5003,2019-05-30,1,2,1
5004,2019-05-30,6,3,-3
5005,2019-05-30,6,9,3
5006,2019-05-30,7,8,1
5007,2019-05-30,19,22,3
6001,2019-05-30,66,101,35
6002,2019-05-30,49,66,17
6003,2019-05-30,75,84,9
6004,2019-05-30,46,56,10
6005,2019-05-30,94,120,26
6006,2019-05-30,44,31,-13
6007,2019-05-30,42,69,27
6008,2019-05-30,65,106,41
6009,2019-05-30,75,75,0
6011,2019-05-30,69,79,10
6012,2019-05-30,151,251,100
6013,2019-05-30,74,153,79
6014,2019-05-30,64,69,5
6015,2019-05-30,225,361,136
6016,2019-05-30,15,17,2
6017,2019-05-30,38,57,19
6018,2019-05-30,65,64,-1
6019,2019-05-30,136,95,-41
6020,2019-05-30,74,102,28
6021,2019-05-30,89,65,-24
6022,2019-05-30,64,63,-1
6023,2019-05-30,119,151,32
6025,2019-05-30,39,48,9
6026,2019-05-30,137,209,72
6027,2019-05-30,178,170,-8
6029,2019-05-30,32,44,12
6031,2019-05-30,42,52,10
6032,2019-05-30,51,143,92
6033,2019-05-30,17,23,6
6034,2019-05-30,49,87,38
6035,2019-05-30,31,67,36
6036,2019-05-30,160,205,45
6037,2019-05-30,34,42,8
6038,2019-05-30,95,104,9
6039,2019-05-30,81,110,29
6040,2019-05-30,61,77,16
6041,2019-05-30,75,75,0
6042,2019-05-30,97,97,0
6043,2019-05-30,204,386,182
6044,2019-05-30,87,87,0
6046,2019-05-30,126,97,-29
6047,2019-05-30,84,53,-31
6048,2019-05-30,51,50,-1
6049,2019-05-30,92,110,18
6050,2019-05-30,45,60,15
6051,2019-05-30,45,43,-2
6052,2019-05-30,171,247,76
6053,2019-05-30,152,171,19
6057,2019-05-30,95,95,0
6058,2019-05-30,72,73,1
6059,2019-05-30,72,72,0
6060,2019-05-30,35,35,0
6062,2019-05-30,59,55,-4
6063,2019-05-30,85,84,-1
6064,2019-05-30,184,190,6
6065,2019-05-30,64,56,-8
6066,2019-05-30,18,11,-7
6067,2019-05-30,47,79,32
6068,2019-05-30,11,11,0
6070,2019-05-30,188,165,-23
6072,2019-05-30,78,79,1
6073,2019-05-30,227,201,-26
6075,2019-05-30,24,13,-11
6076,2019-05-30,23,26,3
6079,2019-05-30,81,73,-8
6080,2019-05-30,166,145,-21
6081,2019-05-30,33,23,-10
6082,2019-05-30,20,14,-6
6083,2019-05-30,177,147,-30
6084,2019-05-30,52,60,8
6085,2019-05-30,95,152,57
6086,2019-05-30,16,29,13
6087,2019-05-30,114,143,29
6088,2019-05-30,66,87,21
6089,2019-05-30,93,90,-3
6090,2019-05-30,48,49,1
6091,2019-05-30,42,33,-9
6092,2019-05-30,68,61,-7
6093,2019-05-30,31,22,-9
6094,2019-05-30,80,77,-3
6095,2019-05-30,104,94,-10
6096,2019-05-30,46,53,7
6097,2019-05-30,81,60,-21
6098,2019-05-30,53,46,-7
6099,2019-05-30,118,169,51
6100,2019-05-30,271,263,-8
6101,2019-05-30,47,27,-20
6102,2019-05-30,47,29,-18
6103,2019-05-30,19,30,11
6104,2019-05-30,70,100,30
6105,2019-05-30,60,90,30
6106,2019-05-30,25,50,25
6107,2019-05-30,65,53,-12
6108,2019-05-30,47,53,6
6109,2019-05-30,6,7,1
6110,2019-05-30,27,29,2
6111,2019-05-30,62,68,6
6112,2019-05-30,80,96,16
6113,2019-05-30,76,74,-2
6114,2019-05-30,133,198,65
6115,2019-05-30,16,18,2
6116,2019-05-30,69,86,17
6118,2019-05-30,70,83,13
6119,2019-05-30,69,79,10
6120,2019-05-30,69,96,27
6121,2019-05-30,30,41,11
6122,2019-05-30,18,23,5
6123,2019-05-30,21,23,2
6124,2019-05-30,40,53,13
6125,2019-05-30,23,21,-2
6126,2019-05-30,52,53,1
6127,2019-05-30,46,38,-8
6128,2019-05-30,22,23,1
6129,2019-05-30,54,47,-7
6130,2019-05-30,17,13,-4
6131,2019-05-30,81,45,-36
6132,2019-05-30,55,83,28
6133,2019-05-30,62,45,-17
6134,2019-05-30,59,55,-4
6136,2019-05-30,208,191,-17
6137,2019-05-30,101,90,-11
6138,2019-05-30,82,72,-10
6139,2019-05-30,41,27,-14
6140,2019-05-30,101,98,-3
6141,2019-05-30,52,48,-4
6142,2019-05-30,89,59,-30
6143,2019-05-30,114,94,-20
6145,2019-05-30,70,56,-14
6146,2019-05-30,63,53,-10
6147,2019-05-30,98,57,-41
6148,2019-05-30,127,74,-53
6149,2019-05-30,55,50,-5
6150,2019-05-30,80,77,-3
6151,2019-05-30,66,64,-2
6152,2019-05-30,109,98,-11
6153,2019-05-30,62,51,-11
6154,2019-05-30,180,166,-14
6155,2019-05-30,139,112,-27
6156,2019-05-30,89,81,-8
6157,2019-05-30,144,131,-13
6158,2019-05-30,68,64,-4
6159,2019-05-30,31,31,0
6160,2019-05-30,74,61,-13
6161,2019-05-30,42,46,4
6162,2019-05-30,7,7,0
6163,2019-05-30,91,101,10
6164,2019-05-30,89,75,-14
6165,2019-05-30,91,100,9
6166,2019-05-30,81,60,-21
6167,2019-05-30,39,46,7
6168,2019-05-30,64,55,-9
6169,2019-05-30,137,112,-25
6170,2019-05-30,64,51,-13
6171,2019-05-30,60,65,5
6173,2019-05-30,120,90,-30
6174,2019-05-30,112,92,-20
6175,2019-05-30,85,58,-27
6176,2019-05-30,94,90,-4
6177,2019-05-30,81,74,-7
6178,2019-05-30,93,96,3
6179,2019-05-30,77,61,-16
6180,2019-05-30,56,76,20
6181,2019-05-30,119,80,-39
6182,2019-05-30,59,53,-6
6183,2019-05-30,79,79,0
6184,2019-05-30,236,262,26
6185,2019-05-30,19,27,8
6186,2019-05-30,72,54,-18
6187,2019-05-30,116,125,9
6188,2019-05-30,55,45,-10
6189,2019-05-30,20,19,-1
6190,2019-05-30,108,84,-24
6191,2019-05-30,68,70,2
6192,2019-05-30,51,40,-11
6193,2019-05-30,100,103,3
6194,2019-05-30,159,144,-15
6195,2019-05-30,111,62,-49
6196,2019-05-30,123,99,-24
6197,2019-05-30,67,61,-6
6198,2019-05-30,28,21,-7
6199,2019-05-30,80,73,-7
6200,2019-05-30,100,100,0
6201,2019-05-30,99,79,-20
6202,2019-05-30,114,98,-16
6203,2019-05-30,121,107,-14
6204,2019-05-30,113,109,-4
6205,2019-05-30,101,89,-12
6206,2019-05-30,131,101,-30
6207,2019-05-30,46,42,-4
6208,2019-05-30,59,68,9
6209,2019-05-30,135,120,-15
6210,2019-05-30,44,36,-8
6211,2019-05-30,149,133,-16
6212,2019-05-30,100,68,-32
6213,2019-05-30,133,128,-5
6214,2019-05-30,111,55,-56
6216,2019-05-30,122,59,-63
6217,2019-05-30,112,76,-36
6218,2019-05-30,86,52,-34
6219,2019-05-30,83,65,-18
6220,2019-05-30,102,84,-18
6221,2019-05-30,160,133,-27
6222,2019-05-30,70,52,-18
6223,2019-05-30,104,47,-57
6224,2019-05-30,76,63,-13
6225,2019-05-30,74,39,-35
6226,2019-05-30,33,30,-3
6227,2019-05-30,154,158,4
6228,2019-05-30,53,48,-5
6229,2019-05-30,78,63,-15
6230,2019-05-30,122,96,-26
6231,2019-05-30,122,110,-12
6232,2019-05-30,36,26,-10
6233,2019-05-30,92,86,-6
6234,2019-05-30,77,57,-20
6235,2019-05-30,58,64,6
6236,2019-05-30,62,58,-4
6237,2019-05-30,62,55,-7
6240,2019-05-30,20,19,-1
6241,2019-05-30,44,33,-11
6243,2019-05-30,79,71,-8
6245,2019-05-30,34,34,0
6246,2019-05-30,57,52,-5
6247,2019-05-30,123,95,-28
6248,2019-05-30,162,127,-35
6249,2019-05-30,56,45,-11
6250,2019-05-30,77,70,-7
6251,2019-05-30,30,22,-8
6252,2019-05-30,46,38,-8
6253,2019-05-30,54,46,-8
6254,2019-05-30,79,63,-16
6255,2019-05-30,62,71,9
6257,2019-05-30,43,44,1
6258,2019-05-30,75,60,-15
6259,2019-05-30,50,36,-14
6260,2019-05-30,48,38,-10
6261,2019-05-30,45,44,-1
6262,2019-05-30,29,38,9
6263,2019-05-30,24,22,-2
6264,2019-05-30,32,26,-6
6265,2019-05-30,54,50,-4
6266,2019-05-30,26,20,-6
6267,2019-05-30,48,39,-9
6268,2019-05-30,52,40,-12
6269,2019-05-30,20,23,3
6270,2019-05-30,41,31,-10
6272,2019-05-30,38,42,4
6273,2019-05-30,23,29,6
6274,2019-05-30,50,33,-17
6275,2019-05-30,39,34,-5
6276,2019-05-30,36,31,-5
6277,2019-05-30,50,46,-4
6278,2019-05-30,21,27,6
6279,2019-05-30,30,24,-6
6280,2019-05-30,63,64,1
6281,2019-05-30,33,28,-5
6301,2019-05-30,22,16,-6
6302,2019-05-30,23,14,-9
6303,2019-05-30,21,18,-3
6304,2019-05-30,11,11,0
6305,2019-05-30,20,14,-6
6306,2019-05-30,63,20,-43
6307,2019-05-30,79,76,-3
6309,2019-05-30,32,22,-10
6310,2019-05-30,66,27,-39
6311,2019-05-30,43,41,-2
6312,2019-05-30,28,35,7
6313,2019-05-30,37,63,26
6314,2019-05-30,66,62,-4
6315,2019-05-30,72,44,-28
6316,2019-05-30,40,17,-23
6321,2019-05-30,71,61,-10
6322,2019-05-30,20,18,-2
6323,2019-05-30,22,22,0
6324,2019-05-30,24,22,-2
6327,2019-05-30,38,37,-1
6328,2019-05-30,36,35,-1
6329,2019-05-30,21,27,6
6330,2019-05-30,26,18,-8
6331,2019-05-30,18,17,-1
6332,2019-05-30,33,37,4
6333,2019-05-30,22,25,3
6334,2019-05-30,62,63,1
6336,2019-05-30,47,42,-5
6338,2019-05-30,20,28,8
6339,2019-05-30,44,34,-10
6340,2019-05-30,38,30,-8
6341,2019-05-30,46,64,18
6343,2019-05-30,28,30,2
6344,2019-05-30,56,54,-2
6345,2019-05-30,9,11,2
6346,2019-05-30,26,25,-1
6347,2019-05-30,26,28,2
6349,2019-05-30,34,20,-14
6350,2019-05-30,51,56,5
6354,2019-05-30,29,33,4
6355,2019-05-30,41,45,4
6356,2019-05-30,46,23,-23
6358,2019-05-30,22,23,1
6359,2019-05-30,106,130,24
6360,2019-05-30,36,31,-5
6361,2019-05-30,37,39,2
6362,2019-05-30,41,40,-1
6363,2019-05-30,24,14,-10
6364,2019-05-30,41,44,3
6366,2019-05-30,32,20,-12
6367,2019-05-30,29,33,4
6368,2019-05-30,70,67,-3
6369,2019-05-30,33,46,13
6370,2019-05-30,36,31,-5
6371,2019-05-30,65,67,2
6372,2019-05-30,65,78,13
6373,2019-05-30,41,30,-11
6374,2019-05-30,48,36,-12
6375,2019-05-30,67,80,13
6377,2019-05-30,43,44,1
6379,2019-05-30,32,33,1
6380,2019-05-30,42,34,-8
6381,2019-05-30,70,66,-4
6383,2019-05-30,32,27,-5
6384,2019-05-30,15,17,2
6385,2019-05-30,54,54,0
6386,2019-05-30,69,75,6
6387,2019-05-30,73,83,10
6388,2019-05-30,26,29,3
6389,2019-05-30,43,31,-12
6391,2019-05-30,51,79,28
6393,2019-05-30,74,93,19
6394,2019-05-30,62,96,34
6395,2019-05-30,57,48,-9
6396,2019-05-30,88,91,3
6397,2019-05-30,45,52,7
6398,2019-05-30,38,38,0
6401,2019-05-30,72,83,11
6402,2019-05-30,49,53,4
6403,2019-05-30,27,51,24
6404,2019-05-30,17,22,5
6405,2019-05-30,41,57,16
6406,2019-05-30,105,125,20
6408,2019-05-30,51,57,6
6410,2019-05-30,48,46,-2
6411,2019-05-30,167,147,-20
6412,2019-05-30,22,24,2
6413,2019-05-30,17,98,81
6414,2019-05-30,17,30,13
6415,2019-05-30,23,24,1
6416,2019-05-30,27,15,-12
6417,2019-05-30,21,26,5
6418,2019-05-30,7,7,0
6419,2019-05-30,14,18,4
6420,2019-05-30,21,17,-4
6421,2019-05-30,41,35,-6
6422,2019-05-30,14,17,3
6423,2019-05-30,25,14,-11
6424,2019-05-30,33,56,23
6425,2019-05-30,44,51,7
6426,2019-05-30,75,82,7
6427,2019-05-30,60,71,11
6428,2019-05-30,13,17,4
6429,2019-05-30,37,40,3
6432,2019-05-30,90,92,2
6433,2019-05-30,32,32,0
6434,2019-05-30,76,76,0
6435,2019-05-30,48,37,-11
6436,2019-05-30,30,25,-5
6501,2019-05-30,40,45,5
6502,2019-05-30,13,17,4
6503,2019-05-30,51,45,-6
6504,2019-05-30,15,9,-6
6700,2019-05-30,14,33,19
6701,2019-05-30,83,67,-16
6702,2019-05-30,18,17,-1
6703,2019-05-30,41,40,-1
6704,2019-05-30,28,23,-5
6705,2019-05-30,17,17,0
6706,2019-05-30,28,24,-4
6707,2019-05-30,35,36,1
6708,2019-05-30,76,104,28
6709,2019-05-30,30,27,-3
6710,2019-05-30,19,19,0
6711,2019-05-30,28,26,-2
6712,2019-05-30,21,21,0
6714,2019-05-30,20,19,-1
6715,2019-05-30,15,20,5
6716,2019-05-30,7,9,2
6717,2019-05-30,13,16,3
6718,2019-05-30,27,22,-5
6719,2019-05-30,35,29,-6
6720,2019-05-30,30,41,11
6721,2019-05-30,17,14,-3
6722,2019-05-30,9,9,0
6723,2019-05-30,23,25,2
6724,2019-05-30,39,54,15
6725,2019-05-30,42,41,-1
6726,2019-05-30,17,17,0
6727,2019-05-30,75,93,18
6728,2019-05-30,8,11,3
6729,2019-05-30,121,142,21
6730,2019-05-30,7,8,1
6731,2019-05-30,10,11,1
6732,2019-05-30,38,37,-1
6733,2019-05-30,33,27,-6
6734,2019-05-30,41,39,-2
6735,2019-05-30,8,9,1
6736,2019-05-30,18,22,4
6737,2019-05-30,22,22,0
6738,2019-05-30,101,61,-40
6739,2019-05-30,9,10,1
6741,2019-05-30,26,21,-5
6742,2019-05-30,64,73,9
6743,2019-05-30,42,25,-17
6744,2019-05-30,27,30,3
6745,2019-05-30,12,13,1
6746,2019-05-30,14,19,5
6747,2019-05-30,52,65,13
6748,2019-05-30,67,85,18
6749,2019-05-30,53,54,1
6750,2019-05-30,44,44,0
6753,2019-05-30,19,18,-1
6754,2019-05-30,17,17,0
6901,2019-05-30,44,57,13
6902,2019-05-30,84,92,8
6903,2019-05-30,98,82,-16
6904,2019-05-30,40,30,-10
6905,2019-05-30,55,43,-12
6906,2019-05-30,123,103,-20
6907,2019-05-30,104,69,-35
6908,2019-05-30,77,67,-10
6910,2019-05-30,138,110,-28
6912,2019-05-30,130,115,-15
6913,2019-05-30,66,41,-25
6915,2019-05-30,102,80,-22
6916,2019-05-30,39,31,-8
6917,2019-05-30,14,19,5
6918,2019-05-30,32,19,-13
6919,2019-05-30,28,21,-7
6921,2019-05-30,88,82,-6
6923,2019-05-30,45,47,2
6924,2019-05-30,27,24,-3
6925,2019-05-30,41,38,-3
6926,2019-05-30,53,61,8
6927,2019-05-30,79,39,-40
6928,2019-05-30,45,10,-35
6929,2019-05-30,43,26,-17
6930,2019-05-30,27,25,-2
7001,2019-05-30,30,27,-3
7002,2019-05-30,11,12,1
7003,2019-05-30,105,78,-27
7004,2019-05-30,18,14,-4
7005,2019-05-30,10,15,5
7006,2019-05-30,17,23,6
7007,2019-05-30,7,11,4
7008,2019-05-30,21,23,2
7009,2019-05-30,105,124,19
7010,2019-05-30,15,13,-2
7011,2019-05-30,65,74,9
7012,2019-05-30,41,47,6
7013,2019-05-30,25,27,2
7014,2019-05-30,65,35,-30
7015,2019-05-30,30,34,4
7016,2019-05-30,12,10,-2
7017,2019-05-30,20,25,5
7018,2019-05-30,25,32,7
7019,2019-05-30,135,130,-5
7020,2019-05-30,25,21,-4
7021,2019-05-30,29,36,7
7022,2019-05-30,47,43,-4
7023,2019-05-30,9,6,-3
7024,2019-05-30,31,23,-8
7025,2019-05-30,78,75,-3
7027,2019-05-30,44,42,-2
7028,2019-05-30,145,140,-5
7029,2019-05-30,36,42,6
7030,2019-05-30,57,58,1
7031,2019-05-30,53,52,-1
7032,2019-05-30,96,71,-25
7033,2019-05-30,73,66,-7
7034,2019-05-30,28,47,19
7035,2019-05-30,56,51,-5
7036,2019-05-30,37,39,2
7037,2019-05-30,46,37,-9
7038,2019-05-30,71,78,7
7039,2019-05-30,30,34,4
7040,2019-05-30,70,62,-8
7041,2019-05-30,107,118,11
7042,2019-05-30,38,37,-1
7043,2019-05-30,30,31,1
7044,2019-05-30,11,10,-1
7045,2019-05-30,38,35,-3
7046,2019-05-30,101,117,16
7047,2019-05-30,118,145,27
7048,2019-05-30,21,26,5
7049,2019-05-30,12,11,-1
7050,2019-05-30,44,40,-4
7051,2019-05-30,14,14,0
7052,2019-05-30,66,65,-1
7053,2019-05-30,36,35,-1
7054,2019-05-30,47,58,11
7055,2019-05-30,19,27,8
7056,2019-05-30,18,15,-3
7057,2019-05-30,38,48,10
7058,2019-05-30,31,27,-4
7059,2019-05-30,22,29,7
7060,2019-05-30,29,43,14
7061,2019-05-30,31,25,-6
7062,2019-05-30,54,58,4
7063,2019-05-30,25,19,-6
7064,2019-05-30,26,26,0
7065,2019-05-30,46,32,-14
7066,2019-05-30,53,109,56
7067,2019-05-30,54,70,16
7068,2019-05-30,61,88,27
7069,2019-05-30,61,95,34
7070,2019-05-30,33,34,1
7071,2019-05-30,59,33,-26
7072,2019-05-30,34,20,-14
7073,2019-05-30,37,50,13
7074,2019-05-30,46,43,-3
7075,2019-05-30,6,8,2
7076,2019-05-30,63,57,-6
7077,2019-05-30,33,39,6
7078,2019-05-30,23,38,15
7080,2019-05-30,102,96,-6
7081,2019-05-30,71,74,3
7082,2019-05-30,73,80,7
7083,2019-05-30,56,59,3
7084,2019-05-30,64,64,0
7090,2019-05-30,17,19,2
7091,2019-05-30,9,7,-2
7092,2019-05-30,3,7,4
7093,2019-05-30,4,4,0
7094,2019-05-30,3,2,-1
7095,2019-05-30,18,17,-1
7096,2019-05-30,26,32,6
7097,2019-05-30,7,9,2
7098,2019-05-30,5,5,0
7099,2019-05-30,5,6,1
7100,2019-05-30,5,2,-3
7101,2019-05-30,7,8,1
7102,2019-05-30,10,26,16
7103,2019-05-30,7,8,1
7104,2019-05-30,2,4,2
7105,2019-05-30,6,2,-4
7106,2019-05-30,6,5,-1
7107,2019-05-30,2,2,0
7108,2019-05-30,21,22,1
7109,2019-05-30,7,8,1
7110,2019-05-30,14,14,0
7111,2019-05-30,8,7,-1
7112,2019-05-30,8,11,3
7113,2019-05-30,64,76,12
7114,2019-05-30,74,88,14
7115,2019-05-30,14,11,-3
7116,2019-05-30,6,7,1
7117,2019-05-30,3,3,0
7118,2019-05-30,4,5,1
7119,2019-05-30,3,6,3
7120,2019-05-30,5,2,-3
7121,2019-05-30,7,11,4
7122,2019-05-30,3,3,0
7123,2019-05-30,5,4,-1
7124,2019-05-30,30,23,-7
7125,2019-05-30,11,10,-1
7126,2019-05-30,4,5,1
7127,2019-05-30,33,39,6
7128,2019-05-30,9,12,3
7129,2019-05-30,5,6,1
7130,2019-05-30,8,7,-1
7131,2019-05-30,5,5,0
7132,2019-05-30,4,4,0
7133,2019-05-30,4,5,1
7134,2019-05-30,4,5,1
7135,2019-05-30,3,5,2
7136,2019-05-30,4,3,-1
7137,2019-05-30,4,4,0
7138,2019-05-30,4,1,-3
7140,2019-05-30,28,30,2
7141,2019-05-30,35,43,8
7142,2019-05-30,15,23,8
7143,2019-05-30,20,23,3
7144,2019-05-30,39,55,16
7145,2019-05-30,12,16,4
7146,2019-05-30,20,25,5
7147,2019-05-30,34,32,-2
7148,2019-05-30,5,8,3
7149,2019-05-30,8,9,1
10002,2019-05-31,95,101,6
4000,2019-05-31,59,80,21
4001,2019-05-31,10,9,-1
4002,2019-05-31,8,15,7
5002,2019-05-31,2,1,-1
5003,2019-05-31,2,3,1
5004,2019-05-31,1,1,0
5005,2019-05-31,8,10,2
5006,2019-05-31,8,8,0
5007,2019-05-31,26,26,0
6001,2019-05-31,64,81,17
6002,2019-05-31,44,51,7
6003,2019-05-31,95,117,22
6004,2019-05-31,51,74,23
6005,2019-05-31,85,110,25
6006,2019-05-31,47,27,-20
6007,2019-05-31,51,60,9
6008,2019-05-31,54,84,30
6009,2019-05-31,85,85,0
6011,2019-05-31,77,78,1
6012,2019-05-31,126,219,93
6013,2019-05-31,61,112,51
6014,2019-05-31,49,46,-3
6015,2019-05-31,198,306,108
6016,2019-05-31,14,14,0
6017,2019-05-31,56,62,6
6018,2019-05-31,79,77,-2
6019,2019-05-31,143,123,-20
6020,2019-05-31,49,100,51
6021,2019-05-31,98,62,-36
6022,2019-05-31,66,71,5
6023,2019-05-31,131,213,82
6025,2019-05-31,44,52,8
6026,2019-05-31,157,210,53
6027,2019-05-31,164,179,15
6029,2019-05-31,25,38,13
6031,2019-05-31,43,56,13
6032,2019-05-31,58,146,88
6033,2019-05-31,29,19,-10
6034,2019-05-31,62,81,19
6035,2019-05-31,21,53,32
6036,2019-05-31,165,271,106
6037,2019-05-31,61,67,6
6038,2019-05-31,74,92,18
6039,2019-05-31,74,103,29
6040,2019-05-31,67,85,18
6041,2019-05-31,75,77,2
6042,2019-05-31,88,89,1
6043,2019-05-31,176,344,168
6044,2019-05-31,102,83,-19
6046,2019-05-31,112,108,-4
6047,2019-05-31,71,49,-22
6048,2019-05-31,43,49,6
6049,2019-05-31,133,128,-5
6050,2019-05-31,38,52,14
6051,2019-05-31,55,45,-10
6052,2019-05-31,208,259,51
6053,2019-05-31,183,202,19
6057,2019-05-31,94,96,2
6058,2019-05-31,87,77,-10
6059,2019-05-31,76,73,-3
6060,2019-05-31,31,32,1
6062,2019-05-31,59,59,0
6063,2019-05-31,89,88,-1
6064,2019-05-31,168,179,11
6065,2019-05-31,90,78,-12
6066,2019-05-31,37,10,-27
6067,2019-05-31,66,90,24
6068,2019-05-31,10,9,-1
6070,2019-05-31,190,174,-16
6072,2019-05-31,83,98,15
6073,2019-05-31,196,197,1
6075,2019-05-31,37,18,-19
6076,2019-05-31,20,25,5
6079,2019-05-31,87,90,3
6080,2019-05-31,125,123,-2
6081,2019-05-31,33,34,1
6082,2019-05-31,25,17,-8
6083,2019-05-31,176,185,9
6084,2019-05-31,48,61,13
6085,2019-05-31,85,144,59
6086,2019-05-31,14,26,12
6087,2019-05-31,123,162,39
6088,2019-05-31,72,84,12
6089,2019-05-31,56,64,8
6090,2019-05-31,60,71,11
6091,2019-05-31,45,27,-18
6092,2019-05-31,53,57,4
6093,2019-05-31,38,34,-4
6094,2019-05-31,74,75,1
6095,2019-05-31,111,86,-25
6096,2019-05-31,27,59,32
6097,2019-05-31,101,64,-37
6098,2019-05-31,55,37,-18
6099,2019-05-31,107,134,27
6100,2019-05-31,245,268,23
6101,2019-05-31,57,18,-39
6102,2019-05-31,38,26,-12
6103,2019-05-31,25,29,4
6104,2019-05-31,85,114,29
6105,2019-05-31,65,87,22
6106,2019-05-31,34,53,19
6107,2019-05-31,60,55,-5
6108,2019-05-31,60,76,16
6109,2019-05-31,14,12,-2
6110,2019-05-31,36,41,5
6111,2019-05-31,45,48,3
6112,2019-05-31,108,103,-5
6113,2019-05-31,85,90,5
6114,2019-05-31,162,218,56
6115,2019-05-31,17,16,-1
6116,2019-05-31,69,94,25
6118,2019-05-31,69,86,17
6119,2019-05-31,84,87,3
6120,2019-05-31,63,95,32
6121,2019-05-31,24,46,22
6122,2019-05-31,18,32,14
6123,2019-05-31,21,21,0
6124,2019-05-31,39,68,29
6125,2019-05-31,17,18,1
6126,2019-05-31,46,54,8
6127,2019-05-31,47,37,-10
6128,2019-05-31,26,20,-6
6129,2019-05-31,67,47,-20
6131,2019-05-31,68,50,-18
6132,2019-05-31,61,69,8
6133,2019-05-31,54,44,-10
6134,2019-05-31,62,58,-4
6136,2019-05-31,243,201,-42
6137,2019-05-31,63,55,-8
6138,2019-05-31,91,76,-15
6139,2019-05-31,48,37,-11
6140,2019-05-31,104,97,-7
6141,2019-05-31,67,47,-20
6142,2019-05-31,115,71,-44
6143,2019-05-31,131,134,3
6145,2019-05-31,56,57,1
6146,2019-05-31,62,50,-12
6147,2019-05-31,90,61,-29
6148,2019-05-31,122,80,-42
6149,2019-05-31,57,32,-25
6150,2019-05-31,65,53,-12
6151,2019-05-31,70,54,-16
6152,2019-05-31,129,121,-8
6153,2019-05-31,66,58,-8
6154,2019-05-31,175,171,-4
6155,2019-05-31,163,119,-44
6156,2019-05-31,94,80,-14
6157,2019-05-31,165,146,-19
6158,2019-05-31,72,67,-5
6159,2019-05-31,25,29,4
6160,2019-05-31,68,52,-16
6161,2019-05-31,52,40,-12
6162,2019-05-31,4,6,2
6163,2019-05-31,103,102,-1
6164,2019-05-31,91,97,6
6165,2019-05-31,113,120,7
6166,2019-05-31,107,66,-41
6167,2019-05-31,59,53,-6
6168,2019-05-31,52,43,-9
6169,2019-05-31,125,112,-13
6170,2019-05-31,75,52,-23
6171,2019-05-31,57,65,8
6173,2019-05-31,123,90,-33
6174,2019-05-31,119,83,-36
6175,2019-05-31,107,55,-52
6176,2019-05-31,97,101,4
6177,2019-05-31,73,77,4
6178,2019-05-31,121,126,5
6179,2019-05-31,79,65,-14
6180,2019-05-31,73,91,18
6181,2019-05-31,54,23,-31
6182,2019-05-31,75,64,-11
6183,2019-05-31,128,120,-8
6184,2019-05-31,235,232,-3
6185,2019-05-31,31,34,3
6186,2019-05-31,76,65,-11
6187,2019-05-31,114,133,19
6188,2019-05-31,54,58,4
6189,2019-05-31,22,21,-1
6190,2019-05-31,97,96,-1
6191,2019-05-31,71,79,8
6192,2019-05-31,46,28,-18
6193,2019-05-31,126,127,1
6194,2019-05-31,164,143,-21
6195,2019-05-31,104,84,-20
6196,2019-05-31,123,95,-28
6197,2019-05-31,53,56,3
6198,2019-05-31,29,17,-12
6199,2019-05-31,118,94,-24
6200,2019-05-31,99,104,5
6201,2019-05-31,80,60,-20
6202,2019-05-31,117,109,-8
6203,2019-05-31,108,97,-11
6204,2019-05-31,111,113,2
6205,2019-05-31,114,83,-31
6206,2019-05-31,151,102,-49
6207,2019-05-31,35,39,4
6208,2019-05-31,80,65,-15
6209,2019-05-31,123,113,-10
6210,2019-05-31,46,34,-12
6211,2019-05-31,151,135,-16
6212,2019-05-31,81,72,-9
6213,2019-05-31,154,157,3
6214,2019-05-31,98,58,-40
6216,2019-05-31,137,75,-62
6217,2019-05-31,99,67,-32
6218,2019-05-31,78,55,-23
6219,2019-05-31,82,54,-28
6220,2019-05-31,106,91,-15
6221,2019-05-31,235,205,-30
6222,2019-05-31,85,70,-15
6223,2019-05-31,146,91,-55
6224,2019-05-31,79,79,0
6225,2019-05-31,96,74,-22
6226,2019-05-31,21,18,-3
6227,2019-05-31,173,177,4
6228,2019-05-31,36,39,3
6229,2019-05-31,86,80,-6
6230,2019-05-31,73,76,3
6231,2019-05-31,104,96,-8
6232,2019-05-31,52,35,-17
6233,2019-05-31,113,97,-16
6234,2019-05-31,71,77,6
6235,2019-05-31,75,61,-14
6236,2019-05-31,81,64,-17
6237,2019-05-31,73,67,-6
6240,2019-05-31,17,14,-3
6241,2019-05-31,52,41,-11
6243,2019-05-31,87,70,-17
6245,2019-05-31,54,47,-7
6246,2019-05-31,64,47,-17
6247,2019-05-31,145,140,-5
6248,2019-05-31,204,162,-42
6249,2019-05-31,46,45,-1
6250,2019-05-31,88,88,0
6251,2019-05-31,34,38,4
6252,2019-05-31,63,53,-10
6253,2019-05-31,43,37,-6
6254,2019-05-31,63,56,-7
6255,2019-05-31,76,81,5
6257,2019-05-31,47,35,-12
6258,2019-05-31,87,71,-16
6259,2019-05-31,70,53,-17
6260,2019-05-31,61,53,-8
6261,2019-05-31,42,43,1
6262,2019-05-31,42,49,7
6263,2019-05-31,17,29,12
6264,2019-05-31,38,33,-5
6265,2019-05-31,50,47,-3
6266,2019-05-31,16,25,9
6267,2019-05-31,55,40,-15
6268,2019-05-31,54,52,-2
6269,2019-05-31,32,33,1
6270,2019-05-31,40,31,-9
6272,2019-05-31,40,29,-11
6273,2019-05-31,33,30,-3
6274,2019-05-31,49,37,-12
6275,2019-05-31,35,28,-7
6276,2019-05-31,33,30,-3
6277,2019-05-31,51,48,-3
6278,2019-05-31,31,25,-6
6279,2019-05-31,14,15,1
6280,2019-05-31,77,78,1
6281,2019-05-31,25,24,-1
6301,2019-05-31,37,31,-6
6302,2019-05-31,30,19,-11
6303,2019-05-31,19,9,-10
6304,2019-05-31,23,25,2
6305,2019-05-31,26,17,-9
6306,2019-05-31,54,16,-38
6307,2019-05-31,86,83,-3
6309,2019-05-31,32,37,5
6310,2019-05-31,80,33,-47
6311,2019-05-31,43,38,-5
6312,2019-05-31,19,36,17
6313,2019-05-31,48,79,31
6314,2019-05-31,69,87,18
6315,2019-05-31,85,36,-49
6316,2019-05-31,42,16,-26
6321,2019-05-31,75,70,-5
6322,2019-05-31,25,24,-1
6323,2019-05-31,14,16,2
6324,2019-05-31,26,28,2
6327,2019-05-31,40,33,-7
6328,2019-05-31,41,35,-6
6329,2019-05-31,20,17,-3
6330,2019-05-31,15,17,2
6331,2019-05-31,27,21,-6
6332,2019-05-31,22,20,-2
6333,2019-05-31,21,20,-1
6334,2019-05-31,57,59,2
6336,2019-05-31,40,34,-6
6338,2019-05-31,28,27,-1
6339,2019-05-31,41,32,-9
6340,2019-05-31,23,24,1
6341,2019-05-31,41,41,0
6343,2019-05-31,43,40,-3
6344,2019-05-31,52,51,-1
6345,2019-05-31,14,15,1
6346,2019-05-31,29,19,-10
6347,2019-05-31,27,23,-4
6349,2019-05-31,39,38,-1
6350,2019-05-31,38,31,-7
6354,2019-05-31,27,29,2
6355,2019-05-31,31,42,11
6356,2019-05-31,30,32,2
6358,2019-05-31,23,26,3
6359,2019-05-31,109,141,32
6360,2019-05-31,42,38,-4
6361,2019-05-31,47,40,-7
6362,2019-05-31,43,36,-7
6363,2019-05-31,24,21,-3
6364,2019-05-31,41,41,0
6366,2019-05-31,32,25,-7
6367,2019-05-31,28,20,-8
6368,2019-05-31,78,71,-7
6369,2019-05-31,23,29,6
6370,2019-05-31,36,36,0
6371,2019-05-31,82,67,-15
6372,2019-05-31,86,83,-3
6373,2019-05-31,37,35,-2
6374,2019-05-31,51,44,-7
6375,2019-05-31,76,86,10
6377,2019-05-31,44,41,-3
6379,2019-05-31,29,29,0
6380,2019-05-31,38,32,-6
6381,2019-05-31,82,72,-10
6383,2019-05-31,47,34,-13
6384,2019-05-31,28,17,-11
6385,2019-05-31,53,47,-6
6386,2019-05-31,63,95,32
6387,2019-05-31,84,88,4
6388,2019-05-31,39,37,-2
6389,2019-05-31,54,43,-11
6391,2019-05-31,69,85,16
6393,2019-05-31,60,83,23
6394,2019-05-31,79,92,13
6395,2019-05-31,49,60,11
6396,2019-05-31,89,94,5
6397,2019-05-31,40,50,10
6398,2019-05-31,39,43,4
6401,2019-05-31,53,70,17
6402,2019-05-31,53,67,14
6403,2019-05-31,31,37,6
6404,2019-05-31,14,26,12
6405,2019-05-31,69,67,-2
6406,2019-05-31,105,134,29
6408,2019-05-31,44,47,3
6410,2019-05-31,40,44,4
6411,2019-05-31,142,135,-7
6412,2019-05-31,15,19,4
6413,2019-05-31,31,29,-2
6414,2019-05-31,25,29,4
6415,2019-05-31,29,26,-3
6416,2019-05-31,26,20,-6
6417,2019-05-31,32,27,-5
6418,2019-05-31,4,4,0
6419,2019-05-31,8,16,8
6420,2019-05-31,28,15,-13
6421,2019-05-31,34,26,-8
6422,2019-05-31,8,11,3
6423,2019-05-31,25,9,-16
6424,2019-05-31,45,75,30
6425,2019-05-31,32,36,4
6426,2019-05-31,59,71,12
6427,2019-05-31,54,59,5
6428,2019-05-31,15,14,-1
6429,2019-05-31,37,44,7
6432,2019-05-31,90,84,-6
6433,2019-05-31,43,37,-6
6434,2019-05-31,58,67,9
6435,2019-05-31,41,46,5
6436,2019-05-31,25,34,9
6501,2019-05-31,51,57,6
6502,2019-05-31,25,30,5
6503,2019-05-31,52,44,-8
6504,2019-05-31,32,28,-4
6700,2019-05-31,19,41,22
6701,2019-05-31,70,53,-17
6702,2019-05-31,24,25,1
6703,2019-05-31,54,54,0
6704,2019-05-31,27,25,-2
6705,2019-05-31,22,23,1
6706,2019-05-31,24,24,0
6707,2019-05-31,27,35,8
6708,2019-05-31,59,121,62
6709,2019-05-31,38,32,-6
6710,2019-05-31,16,14,-2
6711,2019-05-31,24,27,3
6712,2019-05-31,14,14,0
6714,2019-05-31,2,6,4
6715,2019-05-31,23,19,-4
6716,2019-05-31,6,9,3
6717,2019-05-31,10,14,4
6718,2019-05-31,30,27,-3
6719,2019-05-31,25,19,-6
6720,2019-05-31,31,37,6
6721,2019-05-31,13,16,3
6722,2019-05-31,12,9,-3
6723,2019-05-31,23,23,0
6724,2019-05-31,45,70,25
6725,2019-05-31,34,40,6
6726,2019-05-31,15,17,2
6727,2019-05-31,66,89,23
6728,2019-05-31,17,15,-2
6729,2019-05-31,129,145,16
6730,2019-05-31,17,9,-8
6731,2019-05-31,14,22,8
6732,2019-05-31,39,36,-3
6733,2019-05-31,39,34,-5
6734,2019-05-31,50,45,-5
6735,2019-05-31,17,15,-2
6736,2019-05-31,19,19,0
6737,2019-05-31,19,13,-6
6738,2019-05-31,119,72,-47
6739,2019-05-31,8,9,1
6741,2019-05-31,21,19,-2
6742,2019-05-31,63,71,8
6743,2019-05-31,36,26,-10
6744,2019-05-31,29,31,2
6745,2019-05-31,21,28,7
6746,2019-05-31,20,19,-1
6747,2019-05-31,61,58,-3
6748,2019-05-31,94,122,28
6749,2019-05-31,52,55,3
6750,2019-05-31,49,48,-1
6752,2019-05-31,1,1,0
6753,2019-05-31,16,17,1
6754,2019-05-31,13,13,0
6901,2019-05-31,55,61,6
6902,2019-05-31,99,101,2
6903,2019-05-31,99,84,-15
6904,2019-05-31,46,37,-9
6905,2019-05-31,45,44,-1
6906,2019-05-31,159,101,-58
6907,2019-05-31,109,80,-29
6908,2019-05-31,64,55,-9
6910,2019-05-31,117,112,-5
6912,2019-05-31,132,119,-13
6913,2019-05-31,58,38,-20
6915,2019-05-31,94,88,-6
6916,2019-05-31,33,38,5
6917,2019-05-31,11,14,3
6918,2019-05-31,45,28,-17
6919,2019-05-31,41,36,-5
6921,2019-05-31,69,71,2
6923,2019-05-31,42,40,-2
6924,2019-05-31,33,19,-14
6925,2019-05-31,28,26,-2
6926,2019-05-31,69,81,12
6927,2019-05-31,61,34,-27
6928,2019-05-31,30,11,-19
6929,2019-05-31,49,31,-18
6930,2019-05-31,27,25,-2
7001,2019-05-31,31,24,-7
7002,2019-05-31,15,17,2
7003,2019-05-31,99,79,-20
7004,2019-05-31,17,20,3
7005,2019-05-31,6,8,2
7006,2019-05-31,18,22,4
7007,2019-05-31,4,10,6
7008,2019-05-31,16,17,1
7009,2019-05-31,68,106,38
7010,2019-05-31,16,12,-4
7011,2019-05-31,70,62,-8
7012,2019-05-31,38,39,1
7013,2019-05-31,25,25,0
7014,2019-05-31,60,37,-23
7015,2019-05-31,17,16,-1
7016,2019-05-31,15,10,-5
7017,2019-05-31,31,40,9
7018,2019-05-31,30,33,3
7019,2019-05-31,138,129,-9
7020,2019-05-31,28,29,1
7021,2019-05-31,56,58,2
7022,2019-05-31,43,31,-12
7023,2019-05-31,8,7,-1
7024,2019-05-31,34,30,-4
7025,2019-05-31,64,51,-13
7027,2019-05-31,65,53,-12
7028,2019-05-31,110,102,-8
7029,2019-05-31,40,40,0
7030,2019-05-31,61,54,-7
7031,2019-05-31,55,70,15
7032,2019-05-31,127,69,-58
7033,2019-05-31,81,76,-5
7034,2019-05-31,33,48,15
7035,2019-05-31,54,52,-2
7036,2019-05-31,62,44,-18
7037,2019-05-31,49,46,-3
7038,2019-05-31,102,100,-2
7039,2019-05-31,47,41,-6
7040,2019-05-31,61,66,5
7041,2019-05-31,132,127,-5
7042,2019-05-31,34,35,1
7043,2019-05-31,32,24,-8
7044,2019-05-31,9,10,1
7045,2019-05-31,57,52,-5
7046,2019-05-31,103,120,17
7047,2019-05-31,122,160,38
7048,2019-05-31,32,33,1
7049,2019-05-31,10,5,-5
7050,2019-05-31,32,36,4
7051,2019-05-31,13,15,2
7052,2019-05-31,64,68,4
7053,2019-05-31,36,41,5
7054,2019-05-31,66,75,9
7055,2019-05-31,22,36,14
7056,2019-05-31,12,14,2
7057,2019-05-31,30,44,14
7058,2019-05-31,23,34,11
7059,2019-05-31,30,29,-1
7060,2019-05-31,23,23,0
7061,2019-05-31,25,19,-6
7062,2019-05-31,47,58,11
7063,2019-05-31,18,21,3
7064,2019-05-31,18,17,-1
7065,2019-05-31,40,30,-10
7066,2019-05-31,54,112,58
7067,2019-05-31,44,61,17
7068,2019-05-31,82,78,-4
7069,2019-05-31,75,108,33
7070,2019-05-31,50,50,0
7071,2019-05-31,62,48,-14
7072,2019-05-31,29,17,-12
7073,2019-05-31,49,70,21
7074,2019-05-31,38,47,9
7075,2019-05-31,6,12,6
7076,2019-05-31,55,43,-12
7077,2019-05-31,72,83,11
7078,2019-05-31,35,36,1
7079,2019-05-31,24,26,2
7080,2019-05-31,98,105,7
7081,2019-05-31,57,87,30
7082,2019-05-31,76,97,21
7083,2019-05-31,68,59,-9
7084,2019-05-31,69,66,-3
7090,2019-05-31,12,17,5
7091,2019-05-31,7,11,4
7092,2019-05-31,8,10,2
7093,2019-05-31,4,6,2
7094,2019-05-31,4,6,2
7095,2019-05-31,14,14,0
7096,2019-05-31,31,25,-6
7097,2019-05-31,8,7,-1
7098,2019-05-31,8,4,-4
7099,2019-05-31,4,5,1
7100,2019-05-31,8,7,-1
7101,2019-05-31,8,5,-3
7102,2019-05-31,17,23,6
7103,2019-05-31,5,7,2
7104,2019-05-31,8,2,-6
7105,2019-05-31,2,1,-1
7106,2019-05-31,5,7,2
7107,2019-05-31,3,1,-2
7108,2019-05-31,1,6,5
7109,2019-05-31,16,17,1
7110,2019-05-31,14,6,-8
7111,2019-05-31,8,9,1
7112,2019-05-31,6,8,2
7113,2019-05-31,55,58,3
7114,2019-05-31,75,94,19
7115,2019-05-31,9,9,0
7116,2019-05-31,10,10,0
7117,2019-05-31,4,2,-2
7118,2019-05-31,4,2,-2
7119,2019-05-31,5,10,5
7120,2019-05-31,5,1,-4
7121,2019-05-31,6,7,1
7122,2019-05-31,7,8,1
7123,2019-05-31,1,2,1
7124,2019-05-31,14,13,-1
7125,2019-05-31,29,23,-6
7126,2019-05-31,7,8,1
7127,2019-05-31,32,39,7
7128,2019-05-31,15,12,-3
7129,2019-05-31,14,14,0
7130,2019-05-31,8,9,1
7131,2019-05-31,2,2,0
7133,2019-05-31,4,5,1
7134,2019-05-31,5,5,0
7135,2019-05-31,9,10,1
7136,2019-05-31,5,4,-1
7137,2019-05-31,7,8,1
7138,2019-05-31,5,4,-1
7140,2019-05-31,25,19,-6
7141,2019-05-31,39,37,-2
7142,2019-05-31,8,16,8
7143,2019-05-31,12,14,2
7144,2019-05-31,41,39,-2
7145,2019-05-31,17,16,-1
7146,2019-05-31,13,19,6
7147,2019-05-31,40,41,1
7148,2019-05-31,7,7,0
7149,2019-05-31,13,11,-2
4000,2019-06-01,22,25,3
4001,2019-06-01,1,2,1
4002,2019-06-01,7,5,-2
5005,2019-06-01,1,0,-1
5007,2019-06-01,3,7,4
6001,2019-06-01,17,15,-2
6002,2019-06-01,5,15,10
6003,2019-06-01,30,33,3
6004,2019-06-01,13,9,-4
6005,2019-06-01,13,14,1
6006,2019-06-01,12,10,-2
6007,2019-06-01,25,42,17
6008,2019-06-01,19,31,12
6009,2019-06-01,15,21,6
6011,2019-06-01,10,17,7
6012,2019-06-01,55,82,27
6013,2019-06-01,18,22,4
6014,2019-06-01,13,21,8
6015,2019-06-01,68,91,23
6016,2019-06-01,6,9,3
6017,2019-06-01,14,28,14
6018,2019-06-01,14,20,6
6019,2019-06-01,34,20,-14
6020,2019-06-01,31,30,-1
6021,2019-06-01,18,21,3
6022,2019-06-01,22,10,-12
6023,2019-06-01,59,77,18
6024,2019-06-01,4,8,4
6025,2019-06-01,23,12,-11
6026,2019-06-01,104,143,39
6027,2019-06-01,28,29,1
6029,2019-06-01,2,5,3
6031,2019-06-01,14,8,-6
6032,2019-06-01,20,29,9
6033,2019-06-01,8,9,1
6034,2019-06-01,13,13,0
6036,2019-06-01,35,44,9
6037,2019-06-01,10,18,8
6038,2019-06-01,24,37,13
6039,2019-06-01,19,19,0
6040,2019-06-01,11,20,9
6041,2019-06-01,5,16,11
6042,2019-06-01,8,2,-6
6043,2019-06-01,16,18,2
6044,2019-06-01,24,29,5
6046,2019-06-01,7,13,6
6047,2019-06-01,14,3,-11
6049,2019-06-01,12,13,1
6050,2019-06-01,8,6,-2
6051,2019-06-01,20,5,-15
6052,2019-06-01,65,41,-24
6053,2019-06-01,54,48,-6
6057,2019-06-01,17,10,-7
6058,2019-06-01,26,13,-13
6059,2019-06-01,10,15,5
6060,2019-06-01,5,4,-1
6062,2019-06-01,15,11,-4
6063,2019-06-01,24,29,5
6064,2019-06-01,41,19,-22
6065,2019-06-01,24,14,-10
6066,2019-06-01,5,5,0
6067,2019-06-01,8,9,1
6068,2019-06-01,3,3,0
6070,2019-06-01,32,29,-3
6072,2019-06-01,15,17,2
6073,2019-06-01,56,47,-9
6075,2019-06-01,3,2,-1
6076,2019-06-01,8,10,2
6079,2019-06-01,28,28,0
6080,2019-06-01,37,36,-1
6081,2019-06-01,4,8,4
6082,2019-06-01,4,3,-1
6083,2019-06-01,28,22,-6
6084,2019-06-01,8,8,0
6085,2019-06-01,17,23,6
6086,2019-06-01,10,18,8
6087,2019-06-01,31,42,11
6088,2019-06-01,12,23,11
6089,2019-06-01,11,14,3
6090,2019-06-01,16,17,1
6091,2019-06-01,12,14,2
6092,2019-06-01,40,28,-12
6093,2019-06-01,8,6,-2
6094,2019-06-01,7,7,0
6095,2019-06-01,25,37,12
6096,2019-06-01,13,12,-1
6097,2019-06-01,10,20,10
6098,2019-06-01,17,5,-12
6099,2019-06-01,28,58,30
6100,2019-06-01,76,51,-25
6101,2019-06-01,7,3,-4
6102,2019-06-01,4,16,12
6103,2019-06-01,7,8,1
6104,2019-06-01,10,14,4
6105,2019-06-01,12,16,4
6106,2019-06-01,15,21,6
6107,2019-06-01,14,12,-2
6108,2019-06-01,6,21,15
6109,2019-06-01,4,3,-1
6110,2019-06-01,8,20,12
6111,2019-06-01,17,19,2
6112,2019-06-01,29,31,2
6113,2019-06-01,16,30,14
6114,2019-06-01,58,50,-8
6115,2019-06-01,5,14,9
6116,2019-06-01,25,36,11
6118,2019-06-01,14,24,10
6119,2019-06-01,25,40,15
6120,2019-06-01,16,18,2
6121,2019-06-01,10,15,5
6122,2019-06-01,9,16,7
6123,2019-06-01,10,17,7
6124,2019-06-01,10,13,3
6125,2019-06-01,6,11,5
6126,2019-06-01,13,16,3
6127,2019-06-01,18,18,0
6128,2019-06-01,10,11,1
6129,2019-06-01,27,30,3
6131,2019-06-01,28,23,-5
6132,2019-06-01,6,14,8
6133,2019-06-01,27,29,2
6134,2019-06-01,12,14,2
6136,2019-06-01,67,52,-15
6137,2019-06-01,23,25,2
6138,2019-06-01,20,28,8
6139,2019-06-01,15,15,0
6140,2019-06-01,38,30,-8
6141,2019-06-01,22,21,-1
6142,2019-06-01,75,38,-37
6143,2019-06-01,49,38,-11
6145,2019-06-01,37,29,-8
6146,2019-06-01,24,26,2
6147,2019-06-01,18,17,-1
6148,2019-06-01,34,31,-3
6149,2019-06-01,20,9,-11
6150,2019-06-01,23,27,4
6151,2019-06-01,19,10,-9
6152,2019-06-01,31,31,0
6153,2019-06-01,20,10,-10
6154,2019-06-01,64,51,-13
6155,2019-06-01,43,25,-18
6156,2019-06-01,20,17,-3
6157,2019-06-01,77,59,-18
6158,2019-06-01,30,23,-7
6159,2019-06-01,3,5,2
6160,2019-06-01,23,23,0
6161,2019-06-01,8,16,8
6162,2019-06-01,1,2,1
6163,2019-06-01,34,41,7
6164,2019-06-01,37,37,0
6165,2019-06-01,69,61,-8
6166,2019-06-01,32,20,-12
6167,2019-06-01,12,20,8
6168,2019-06-01,4,5,1
6169,2019-06-01,51,38,-13
6170,2019-06-01,41,19,-22
6171,2019-06-01,9,23,14
6173,2019-06-01,41,31,-10
6174,2019-06-01,25,26,1
6175,2019-06-01,17,20,3
6176,2019-06-01,40,39,-1
6177,2019-06-01,20,23,3
6178,2019-06-01,47,52,5
6179,2019-06-01,31,31,0
6180,2019-06-01,19,21,2
6182,2019-06-01,17,16,-1
6183,2019-06-01,37,32,-5
6184,2019-06-01,80,71,-9
6185,2019-06-01,3,3,0
6186,2019-06-01,21,16,-5
6187,2019-06-01,34,29,-5
6188,2019-06-01,19,12,-7
6189,2019-06-01,5,5,0
6190,2019-06-01,38,20,-18
6191,2019-06-01,22,15,-7
6192,2019-06-01,18,22,4
6193,2019-06-01,43,44,1
6194,2019-06-01,40,41,1
6195,2019-06-01,41,20,-21
6196,2019-06-01,44,43,-1
6197,2019-06-01,13,13,0
6198,2019-06-01,3,5,2
6199,2019-06-01,25,25,0
6200,2019-06-01,24,20,-4
6201,2019-06-01,19,23,4
6202,2019-06-01,25,29,4
6203,2019-06-01,25,38,13
6204,2019-06-01,34,36,2
6205,2019-06-01,29,27,-2
6206,2019-06-01,62,41,-21
6207,2019-06-01,10,8,-2
6208,2019-06-01,30,15,-15
6209,2019-06-01,37,39,2
6210,2019-06-01,11,12,1
6211,2019-06-01,46,52,6
6212,2019-06-01,48,19,-29
6213,2019-06-01,48,59,11
6214,2019-06-01,41,22,-19
6216,2019-06-01,54,17,-37
6217,2019-06-01,35,39,4
6218,2019-06-01,14,3,-11
6219,2019-06-01,22,11,-11
6220,2019-06-01,27,42,15
6221,2019-06-01,63,61,-2
6222,2019-06-01,25,17,-8
6223,2019-06-01,31,27,-4
6224,2019-06-01,31,23,-8
6225,2019-06-01,9,7,-2
6226,2019-06-01,5,1,-4
6227,2019-06-01,54,55,1
6228,2019-06-01,5,6,1
6229,2019-06-01,19,14,-5
6230,2019-06-01,26,22,-4
6231,2019-06-01,24,15,-9
6232,2019-06-01,11,9,-2
6233,2019-06-01,45,33,-12
6234,2019-06-01,25,25,0
6235,2019-06-01,16,11,-5
6236,2019-06-01,23,29,6
6237,2019-06-01,22,17,-5
6240,2019-06-01,5,4,-1
6241,2019-06-01,3,9,6
6243,2019-06-01,24,23,-1
6245,2019-06-01,13,9,-4
6246,2019-06-01,22,10,-12
6247,2019-06-01,39,31,-8
6248,2019-06-01,46,47,1
6249,2019-06-01,28,24,-4
6250,2019-06-01,12,11,-1
6251,2019-06-01,18,7,-11
6252,2019-06-01,11,9,-2
6253,2019-06-01,17,13,-4
6254,2019-06-01,14,15,1
6255,2019-06-01,22,27,5
6257,2019-06-01,13,11,-2
6258,2019-06-01,31,25,-6
6259,2019-06-01,7,15,8
6260,2019-06-01,12,12,0
6261,2019-06-01,21,19,-2
6262,2019-06-01,21,25,4
6263,2019-06-01,6,5,-1
6264,2019-06-01,8,14,6
6265,2019-06-01,13,13,0
6266,2019-06-01,8,10,2
6267,2019-06-01,24,21,-3
6268,2019-06-01,18,19,1
6269,2019-06-01,5,6,1
6270,2019-06-01,2,4,2
6272,2019-06-01,4,10,6
6273,2019-06-01,8,6,-2
6274,2019-06-01,14,11,-3
6275,2019-06-01,7,11,4
6276,2019-06-01,11,16,5
6277,2019-06-01,11,17,6
6278,2019-06-01,8,16,8
6279,2019-06-01,6,8,2
6280,2019-06-01,14,9,-5
6301,2019-06-01,10,3,-7
6302,2019-06-01,10,10,0
6303,2019-06-01,5,4,-1
6304,2019-06-01,3,1,-2
6305,2019-06-01,15,3,-12
6306,2019-06-01,9,10,1
6307,2019-06-01,36,35,-1
6309,2019-06-01,9,15,6
6310,2019-06-01,6,6,0
6311,2019-06-01,9,17,8
6312,2019-06-01,10,7,-3
6313,2019-06-01,20,31,11
6314,2019-06-01,28,26,-2
6315,2019-06-01,22,13,-9
6316,2019-06-01,14,6,-8
6321,2019-06-01,35,12,-23
6322,2019-06-01,10,9,-1
6323,2019-06-01,4,2,-2
6324,2019-06-01,9,8,-1
6327,2019-06-01,16,5,-11
6328,2019-06-01,27,17,-10
6329,2019-06-01,12,11,-1
6330,2019-06-01,8,6,-2
6331,2019-06-01,9,4,-5
6332,2019-06-01,1,6,5
6333,2019-06-01,2,11,9
6334,2019-06-01,46,31,-15
6336,2019-06-01,8,18,10
6338,2019-06-01,26,19,-7
6339,2019-06-01,8,4,-4
6340,2019-06-01,4,11,7
6341,2019-06-01,15,23,8
6343,2019-06-01,11,14,3
6344,2019-06-01,13,10,-3
6345,2019-06-01,3,5,2
6346,2019-06-01,9,8,-1
6347,2019-06-01,7,4,-3
6349,2019-06-01,11,16,5
6350,2019-06-01,6,14,8
6354,2019-06-01,13,9,-4
6355,2019-06-01,12,11,-1
6356,2019-06-01,2,3,1
6358,2019-06-01,4,6,2
6359,2019-06-01,25,33,8
6360,2019-06-01,6,13,7
6361,2019-06-01,14,13,-1
6362,2019-06-01,6,10,4
6363,2019-06-01,4,3,-1
6364,2019-06-01,21,15,-6
6366,2019-06-01,12,15,3
6367,2019-06-01,10,6,-4
6368,2019-06-01,19,23,4
6369,2019-06-01,10,6,-4
6370,2019-06-01,10,15,5
6371,2019-06-01,15,19,4
6372,2019-06-01,26,23,-3
6373,2019-06-01,10,8,-2
6374,2019-06-01,17,16,-1
6375,2019-06-01,20,23,3
6377,2019-06-01,9,16,7
6379,2019-06-01,5,14,9
6380,2019-06-01,15,12,-3
6381,2019-06-01,24,35,11
6383,2019-06-01,25,24,-1
6384,2019-06-01,6,7,1
6385,2019-06-01,23,30,7
6386,2019-06-01,20,5,-15
6387,2019-06-01,25,37,12
6388,2019-06-01,6,7,1
6389,2019-06-01,14,21,7
6391,2019-06-01,13,19,6
6393,2019-06-01,24,20,-4
6394,2019-06-01,29,31,2
6395,2019-06-01,65,15,-50
6396,2019-06-01,53,26,-27
6397,2019-06-01,12,17,5
6398,2019-06-01,10,19,9
6401,2019-06-01,21,13,-8
6402,2019-06-01,11,14,3
6403,2019-06-01,13,19,6
6404,2019-06-01,6,6,0
6405,2019-06-01,18,11,-7
6406,2019-06-01,32,39,7
6408,2019-06-01,6,6,0
6410,2019-06-01,5,9,4
6411,2019-06-01,34,32,-2
6412,2019-06-01,2,1,-1
6413,2019-06-01,1,0,-1
6414,2019-06-01,5,6,1
6415,2019-06-01,7,7,0
6416,2019-06-01,1,1,0
6417,2019-06-01,10,9,-1
6418,2019-06-01,2,2,0
6419,2019-06-01,7,7,0
6420,2019-06-01,9,14,5
6421,2019-06-01,12,6,-6
6422,2019-06-01,2,1,-1
6423,2019-06-01,6,6,0
6424,2019-06-01,4,4,0
6425,2019-06-01,15,18,3
6426,2019-06-01,20,12,-8
6427,2019-06-01,18,14,-4
6428,2019-06-01,10,12,2
6429,2019-06-01,10,5,-5
6432,2019-06-01,15,16,1
6433,2019-06-01,13,11,-2
6434,2019-06-01,27,20,-7
6435,2019-06-01,11,12,1
6436,2019-06-01,4,10,6
6501,2019-06-01,29,21,-8
6502,2019-06-01,1,5,4
6503,2019-06-01,7,12,5
6504,2019-06-01,19,4,-15
6700,2019-06-01,4,16,12
6701,2019-06-01,22,21,-1
6702,2019-06-01,3,6,3
6703,2019-06-01,23,11,-12
6704,2019-06-01,4,9,5
6705,2019-06-01,4,4,0
6706,2019-06-01,4,10,6
6707,2019-06-01,6,9,3
6708,2019-06-01,23,26,3
6709,2019-06-01,4,5,1
6710,2019-06-01,1,0,-1
6711,2019-06-01,4,10,6
6712,2019-06-01,8,7,-1
6714,2019-06-01,9,9,0
6715,2019-06-01,8,6,-2
6716,2019-06-01,1,5,4
6717,2019-06-01,1,2,1
6718,2019-06-01,7,5,-2
6719,2019-06-01,6,8,2
6720,2019-06-01,5,7,2
6721,2019-06-01,2,0,-2
6722,2019-06-01,4,3,-1
6723,2019-06-01,4,3,-1
6724,2019-06-01,13,20,7
6725,2019-06-01,14,4,-10
6726,2019-06-01,5,2,-3
6727,2019-06-01,4,15,11
6728,2019-06-01,3,3,0
6729,2019-06-01,33,39,6
6730,2019-06-01,1,3,2
6731,2019-06-01,11,3,-8
6732,2019-06-01,8,17,9
6733,2019-06-01,10,8,-2
6734,2019-06-01,14,26,12
6735,2019-06-01,2,1,-1
6736,2019-06-01,4,2,-2
6737,2019-06-01,8,5,-3
6738,2019-06-01,7,8,1
6739,2019-06-01,2,2,0
6741,2019-06-01,4,4,0
6742,2019-06-01,13,19,6
6743,2019-06-01,8,3,-5
6744,2019-06-01,4,7,3
6745,2019-06-01,7,3,-4
6746,2019-06-01,4,9,5
6747,2019-06-01,17,13,-4
6748,2019-06-01,19,24,5
6749,2019-06-01,18,10,-8
6750,2019-06-01,22,18,-4
6752,2019-06-01,8,5,-3
6753,2019-06-01,5,2,-3
6901,2019-06-01,15,9,-6
6902,2019-06-01,17,28,11
6903,2019-06-01,40,26,-14
6904,2019-06-01,10,10,0
6905,2019-06-01,6,16,10
6906,2019-06-01,36,18,-18
6907,2019-06-01,24,35,11
6908,2019-06-01,21,17,-4
6910,2019-06-01,47,32,-15
6912,2019-06-01,28,24,-4
6913,2019-06-01,17,9,-8
6915,2019-06-01,29,24,-5
6916,2019-06-01,3,10,7
6917,2019-06-01,5,6,1
6918,2019-06-01,7,11,4
6919,2019-06-01,9,4,-5
6921,2019-06-01,21,13,-8
6923,2019-06-01,12,9,-3
6924,2019-06-01,6,5,-1
6925,2019-06-01,8,10,2
6926,2019-06-01,24,12,-12
6927,2019-06-01,16,9,-7
6928,2019-06-01,7,5,-2
6929,2019-06-01,11,8,-3
6930,2019-06-01,6,6,0
7001,2019-06-01,10,10,0
7002,2019-06-01,3,1,-2
7003,2019-06-01,39,20,-19
7004,2019-06-01,12,6,-6
7005,2019-06-01,1,3,2
7006,2019-06-01,3,5,2
7007,2019-06-01,3,1,-2
7008,2019-06-01,3,3,0
7009,2019-06-01,19,24,5
7010,2019-06-01,1,1,0
7011,2019-06-01,25,26,1
7012,2019-06-01,10,8,-2
7013,2019-06-01,8,4,-4
7014,2019-06-01,25,12,-13
7015,2019-06-01,8,8,0
7016,2019-06-01,3,2,-1
7017,2019-06-01,2,12,10
7018,2019-06-01,5,8,3
7019,2019-06-01,8,5,-3
7020,2019-06-01,1,8,7
7021,2019-06-01,4,4,0
7022,2019-06-01,10,11,1
7023,2019-06-01,1,0,-1
7024,2019-06-01,9,9,0
7025,2019-06-01,7,5,-2
7027,2019-06-01,20,16,-4
7028,2019-06-01,32,15,-17
7029,2019-06-01,17,18,1
7030,2019-06-01,21,20,-1
7031,2019-06-01,38,30,-8
7032,2019-06-01,41,21,-20
7033,2019-06-01,22,24,2
7034,2019-06-01,16,20,4
7035,2019-06-01,18,19,1
7036,2019-06-01,9,14,5
7037,2019-06-01,18,14,-4
7038,2019-06-01,29,28,-1
7039,2019-06-01,10,12,2
7040,2019-06-01,18,10,-8
7041,2019-06-01,28,27,-1
7042,2019-06-01,4,11,7
7043,2019-06-01,8,2,-6
7045,2019-06-01,19,9,-10
7046,2019-06-01,5,4,-1
7047,2019-06-01,40,53,13
7048,2019-06-01,12,18,6
7049,2019-06-01,1,4,3
7050,2019-06-01,15,15,0
7051,2019-06-01,1,3,2
7052,2019-06-01,6,11,5
7053,2019-06-01,4,4,0
7054,2019-06-01,26,37,11
7055,2019-06-01,10,10,0
7056,2019-06-01,3,2,-1
7057,2019-06-01,15,16,1
7058,2019-06-01,11,7,-4
7059,2019-06-01,9,6,-3
7060,2019-06-01,5,6,1
7061,2019-06-01,7,11,4
7062,2019-06-01,14,3,-11
7063,2019-06-01,6,13,7
7064,2019-06-01,4,4,0
7065,2019-06-01,13,14,1
7066,2019-06-01,16,18,2
7067,2019-06-01,6,18,12
7068,2019-06-01,32,31,-1
7069,2019-06-01,27,26,-1
7070,2019-06-01,10,20,10
7071,2019-06-01,21,12,-9
7072,2019-06-01,5,9,4
7073,2019-06-01,7,18,11
7074,2019-06-01,12,29,17
7076,2019-06-01,13,17,4
7077,2019-06-01,44,41,-3
7078,2019-06-01,5,13,8
7079,2019-06-01,8,10,2
7080,2019-06-01,12,12,0
7081,2019-06-01,8,6,-2
7082,2019-06-01,24,15,-9
7083,2019-06-01,13,23,10
7084,2019-06-01,29,23,-6
7090,2019-06-01,3,2,-1
7091,2019-06-01,2,0,-2
7092,2019-06-01,3,6,3
7094,2019-06-01,3,4,1
7095,2019-06-01,1,0,-1
7096,2019-06-01,3,4,1
7097,2019-06-01,1,2,1
7099,2019-06-01,1,0,-1
7101,2019-06-01,1,0,-1
7102,2019-06-01,1,5,4
7103,2019-06-01,18,18,0
7104,2019-06-01,3,1,-2
7105,2019-06-01,7,8,1
7106,2019-06-01,1,4,3
7107,2019-06-01,4,4,0
7108,2019-06-01,16,12,-4
7109,2019-06-01,5,7,2
7110,2019-06-01,16,18,2
7111,2019-06-01,2,2,0
7112,2019-06-01,6,3,-3
7113,2019-06-01,4,4,0
7114,2019-06-01,13,15,2
7115,2019-06-01,3,1,-2
7116,2019-06-01,7,1,-6
7117,2019-06-01,1,1,0
7119,2019-06-01,6,5,-1
7120,2019-06-01,2,2,0
7122,2019-06-01,1,2,1
7123,2019-06-01,1,0,-1
7124,2019-06-01,4,5,1
7125,2019-06-01,8,3,-5
7127,2019-06-01,2,4,2
7128,2019-06-01,3,4,1
7129,2019-06-01,1,1,0
7132,2019-06-01,2,2,0
7133,2019-06-01,2,2,0
7134,2019-06-01,2,2,0
7135,2019-06-01,2,0,-2
7137,2019-06-01,3,7,4
7140,2019-06-01,7,12,5
7141,2019-06-01,19,18,-1
7142,2019-06-01,7,6,-1
7143,2019-06-01,4,8,4
7144,2019-06-01,7,6,-1
7145,2019-06-01,2,5,3
7146,2019-06-01,2,8,6
7147,2019-06-01,5,9,4
7148,2019-06-01,6,3,-3
7149,2019-06-01,5,3,-2
10002,2019-06-01,34,25,-9
10002,2019-06-01,58,61,3
4000,2019-06-01,44,54,10
4001,2019-06-01,4,3,-1
4002,2019-06-01,6,13,7
5002,2019-06-01,4,4,0
5003,2019-06-01,3,4,1
5004,2019-06-01,1,1,0
5005,2019-06-01,5,4,-1
5006,2019-06-01,3,7,4
5007,2019-06-01,6,14,8
6001,2019-06-01,31,37,6
6002,2019-06-01,41,32,-9
6003,2019-06-01,49,53,4
6004,2019-06-01,22,29,7
6005,2019-06-01,43,51,8
6006,2019-06-01,17,15,-2
6007,2019-06-01,47,35,-12
6008,2019-06-01,42,48,6
6009,2019-06-01,41,48,7
6011,2019-06-01,19,24,5
6012,2019-06-01,79,141,62
6013,2019-06-01,40,51,11
6014,2019-06-01,24,31,7
6015,2019-06-01,120,186,66
6016,2019-06-01,7,7,0
6017,2019-06-01,31,29,-2
6018,2019-06-01,40,40,0
6019,2019-06-01,53,48,-5
6020,2019-06-01,47,61,14
6021,2019-06-01,55,34,-21
6022,2019-06-01,31,36,5
6023,2019-06-01,92,156,64
6024,2019-06-01,8,5,-3
6025,2019-06-01,17,29,12
6026,2019-06-01,178,256,78
6027,2019-06-01,66,81,15
6029,2019-06-01,7,15,8
6031,2019-06-01,36,41,5
6032,2019-06-01,30,72,42
6033,2019-06-01,14,11,-3
6034,2019-06-01,23,37,14
6035,2019-06-01,5,15,10
6036,2019-06-01,154,217,63
6037,2019-06-01,33,34,1
6038,2019-06-01,40,45,5
6039,2019-06-01,24,34,10
6040,2019-06-01,42,50,8
6041,2019-06-01,13,27,14
6042,2019-06-01,14,15,1
6043,2019-06-01,33,53,20
6044,2019-06-01,49,51,2
6046,2019-06-01,29,16,-13
6047,2019-06-01,23,16,-7
6048,2019-06-01,10,8,-2
6049,2019-06-01,21,19,-2
6050,2019-06-01,13,13,0
6051,2019-06-01,22,30,8
6052,2019-06-01,179,251,72
6053,2019-06-01,67,80,13
6057,2019-06-01,28,36,8
6058,2019-06-01,25,38,13
6059,2019-06-01,25,25,0
6060,2019-06-01,8,7,-1
6062,2019-06-01,50,40,-10
6063,2019-06-01,59,56,-3
6064,2019-06-01,58,87,29
6065,2019-06-01,71,67,-4
6066,2019-06-01,18,17,-1
6067,2019-06-01,30,44,14
6068,2019-06-01,4,5,1
6070,2019-06-01,70,47,-23
6072,2019-06-01,19,24,5
6073,2019-06-01,66,106,40
6075,2019-06-01,13,2,-11
6076,2019-06-01,18,27,9
6079,2019-06-01,53,37,-16
6080,2019-06-01,55,46,-9
6081,2019-06-01,35,22,-13
6082,2019-06-01,9,6,-3
6083,2019-06-01,44,49,5
6084,2019-06-01,24,21,-3
6085,2019-06-01,33,76,43
6086,2019-06-01,44,54,10
6087,2019-06-01,60,80,20
6088,2019-06-01,42,50,8
6089,2019-06-01,24,18,-6
6090,2019-06-01,34,23,-11
6091,2019-06-01,28,23,-5
6092,2019-06-01,30,46,16
6093,2019-06-01,12,8,-4
6094,2019-06-01,28,29,1
6095,2019-06-01,67,65,-2
6096,2019-06-01,15,14,-1
6097,2019-06-01,45,34,-11
6098,2019-06-01,26,22,-4
6099,2019-06-01,79,100,21
6100,2019-06-01,94,107,13
6101,2019-06-01,8,8,0
6102,2019-06-01,27,20,-7
6103,2019-06-01,18,14,-4
6104,2019-06-01,44,51,7
6105,2019-06-01,22,20,-2
6106,2019-06-01,24,29,5
6107,2019-06-01,39,29,-10
6108,2019-06-01,24,16,-8
6109,2019-06-01,26,42,16
6110,2019-06-01,36,27,-9
6111,2019-06-01,27,41,14
6112,2019-06-01,67,80,13
6113,2019-06-01,43,42,-1
6114,2019-06-01,80,98,18
6115,2019-06-01,18,13,-5
6116,2019-06-01,42,49,7
6118,2019-06-01,48,55,7
6119,2019-06-01,46,52,6
6120,2019-06-01,50,72,22
6121,2019-06-01,33,35,2
6122,2019-06-01,17,13,-4
6123,2019-06-01,11,11,0
6124,2019-06-01,27,41,14
6125,2019-06-01,11,17,6
6126,2019-06-01,25,29,4
6127,2019-06-01,49,38,-11
6128,2019-06-01,8,9,1
6129,2019-06-01,39,32,-7
6131,2019-06-01,54,33,-21
6132,2019-06-01,27,19,-8
6133,2019-06-01,42,25,-17
6134,2019-06-01,48,40,-8
6136,2019-06-01,105,90,-15
6137,2019-06-01,70,47,-23
6138,2019-06-01,47,43,-4
6139,2019-06-01,28,29,1
6140,2019-06-01,82,84,2
6141,2019-06-01,43,45,2
6142,2019-06-01,63,63,0
6143,2019-06-01,132,119,-13
6145,2019-06-01,52,53,1
6146,2019-06-01,54,53,-1
6147,2019-06-01,61,35,-26
6148,2019-06-01,63,57,-6
6149,2019-06-01,30,35,5
6150,2019-06-01,49,48,-1
6151,2019-06-01,58,58,0
6152,2019-06-01,100,99,-1
6153,2019-06-01,32,29,-3
6154,2019-06-01,153,165,12
6155,2019-06-01,108,107,-1
6156,2019-06-01,61,62,1
6157,2019-06-01,139,145,6
6158,2019-06-01,54,49,-5
6159,2019-06-01,18,16,-2
6160,2019-06-01,38,28,-10
6161,2019-06-01,29,29,0
6162,2019-06-01,3,9,6
6163,2019-06-01,76,65,-11
6164,2019-06-01,70,74,4
6165,2019-06-01,115,114,-1
6166,2019-06-01,69,61,-8
6167,2019-06-01,27,20,-7
6168,2019-06-01,30,32,2
6169,2019-06-01,98,87,-11
6170,2019-06-01,48,57,9
6171,2019-06-01,26,22,-4
6173,2019-06-01,54,36,-18
6174,2019-06-01,64,47,-17
6175,2019-06-01,53,33,-20
6176,2019-06-01,81,76,-5
6177,2019-06-01,44,48,4
6178,2019-06-01,98,75,-23
6179,2019-06-01,45,51,6
6180,2019-06-01,37,46,9
6182,2019-06-01,52,38,-14
6183,2019-06-01,76,79,3
6184,2019-06-01,183,173,-10
6185,2019-06-01,22,12,-10
6186,2019-06-01,31,33,2
6187,2019-06-01,104,96,-8
6188,2019-06-01,48,42,-6
6189,2019-06-01,14,14,0
6190,2019-06-01,77,66,-11
6191,2019-06-01,43,39,-4
6192,2019-06-01,30,27,-3
6193,2019-06-01,100,91,-9
6194,2019-06-01,101,95,-6
6195,2019-06-01,82,51,-31
6196,2019-06-01,108,79,-29
6197,2019-06-01,43,35,-8
6198,2019-06-01,24,12,-12
6199,2019-06-01,68,57,-11
6200,2019-06-01,88,83,-5
6201,2019-06-01,38,38,0
6202,2019-06-01,44,38,-6
6203,2019-06-01,51,44,-7
6204,2019-06-01,47,42,-5
6205,2019-06-01,72,58,-14
6206,2019-06-01,80,55,-25
6207,2019-06-01,16,13,-3
6208,2019-06-01,25,35,10
6209,2019-06-01,70,61,-9
6210,2019-06-01,11,12,1
6211,2019-06-01,124,102,-22
6212,2019-06-01,66,56,-10
6213,2019-06-01,118,112,-6
6214,2019-06-01,60,49,-11
6216,2019-06-01,116,100,-16
6217,2019-06-01,60,52,-8
6218,2019-06-01,31,23,-8
6219,2019-06-01,41,31,-10
6220,2019-06-01,70,70,0
6221,2019-06-01,170,153,-17
6222,2019-06-01,66,54,-12
6223,2019-06-01,81,58,-23
6224,2019-06-01,59,54,-5
6225,2019-06-01,42,34,-8
6226,2019-06-01,3,5,2
6227,2019-06-01,126,104,-22
6228,2019-06-01,24,17,-7
6229,2019-06-01,63,55,-8
6230,2019-06-01,81,82,1
6231,2019-06-01,74,80,6
6232,2019-06-01,27,11,-16
6233,2019-06-01,51,62,11
6234,2019-06-01,76,74,-2
6235,2019-06-01,18,20,2
6236,2019-06-01,58,45,-13
6237,2019-06-01,40,45,5
6240,2019-06-01,12,7,-5
6241,2019-06-01,28,18,-10
6243,2019-06-01,48,51,3
6245,2019-06-01,20,23,3
6246,2019-06-01,33,33,0
6247,2019-06-01,60,65,5
6248,2019-06-01,126,110,-16
6249,2019-06-01,58,60,2
6250,2019-06-01,127,132,5
6251,2019-06-01,19,22,3
6252,2019-06-01,28,26,-2
6253,2019-06-01,32,25,-7
6254,2019-06-01,52,44,-8
6255,2019-06-01,85,73,-12
6257,2019-06-01,29,48,19
6258,2019-06-01,49,34,-15
6259,2019-06-01,32,32,0
6260,2019-06-01,42,26,-16
6261,2019-06-01,40,33,-7
6262,2019-06-01,44,29,-15
6263,2019-06-01,17,17,0
6264,2019-06-01,25,23,-2
6265,2019-06-01,33,25,-8
6266,2019-06-01,22,10,-12
6267,2019-06-01,47,49,2
6268,2019-06-01,33,28,-5
6269,2019-06-01,15,17,2
6270,2019-06-01,25,22,-3
6272,2019-06-01,33,20,-13
6273,2019-06-01,25,20,-5
6274,2019-06-01,23,18,-5
6275,2019-06-01,22,26,4
6276,2019-06-01,39,17,-22
6277,2019-06-01,42,38,-4
6278,2019-06-01,9,4,-5
6279,2019-06-01,22,15,-7
6280,2019-06-01,38,43,5
6281,2019-06-01,17,12,-5
6301,2019-06-01,16,18,2
6302,2019-06-01,18,14,-4
6303,2019-06-01,10,7,-3
6304,2019-06-01,12,5,-7
6305,2019-06-01,13,14,1
6306,2019-06-01,29,16,-13
6307,2019-06-01,59,56,-3
6309,2019-06-01,14,13,-1
6310,2019-06-01,44,15,-29
6311,2019-06-01,33,18,-15
6312,2019-06-01,15,18,3
6313,2019-06-01,49,44,-5
6314,2019-06-01,40,39,-1
6315,2019-06-01,31,18,-13
6316,2019-06-01,35,17,-18
6321,2019-06-01,35,51,16
6322,2019-06-01,15,21,6
6323,2019-06-01,17,11,-6
6324,2019-06-01,17,20,3
6327,2019-06-01,34,28,-6
6328,2019-06-01,44,48,4
6329,2019-06-01,21,15,-6
6330,2019-06-01,13,19,6
6331,2019-06-01,15,14,-1
6332,2019-06-01,30,29,-1
6333,2019-06-01,17,10,-7
6334,2019-06-01,57,75,18
6336,2019-06-01,31,21,-10
6338,2019-06-01,37,42,5
6339,2019-06-01,13,15,2
6340,2019-06-01,23,17,-6
6341,2019-06-01,18,26,8
6343,2019-06-01,22,24,2
6344,2019-06-01,57,45,-12
6345,2019-06-01,11,9,-2
6346,2019-06-01,13,8,-5
6347,2019-06-01,8,15,7
6349,2019-06-01,36,27,-9
6350,2019-06-01,31,31,0
6354,2019-06-01,17,27,10
6355,2019-06-01,26,21,-5
6356,2019-06-01,20,6,-14
6358,2019-06-01,22,20,-2
6359,2019-06-01,64,70,6
6360,2019-06-01,22,18,-4
6361,2019-06-01,40,39,-1
6362,2019-06-01,29,17,-12
6363,2019-06-01,12,12,0
6364,2019-06-01,42,40,-2
6366,2019-06-01,26,17,-9
6367,2019-06-01,18,18,0
6368,2019-06-01,56,56,0
6369,2019-06-01,13,21,8
6370,2019-06-01,30,19,-11
6371,2019-06-01,43,49,6
6372,2019-06-01,61,70,9
6373,2019-06-01,30,18,-12
6374,2019-06-01,31,18,-13
6375,2019-06-01,43,50,7
6377,2019-06-01,34,38,4
6379,2019-06-01,21,17,-4
6380,2019-06-01,25,17,-8
6381,2019-06-01,49,45,-4
6383,2019-06-01,29,25,-4
6384,2019-06-01,21,13,-8
6385,2019-06-01,40,37,-3
6386,2019-06-01,30,49,19
6387,2019-06-01,42,54,12
6388,2019-06-01,11,20,9
6389,2019-06-01,34,29,-5
6391,2019-06-01,46,52,6
6393,2019-06-01,53,63,10
6394,2019-06-01,52,65,13
6395,2019-06-01,31,80,49
6396,2019-06-01,32,84,52
6397,2019-06-01,34,46,12
6398,2019-06-01,18,23,5
6401,2019-06-01,52,58,6
6402,2019-06-01,39,45,6
6403,2019-06-01,29,27,-2
6404,2019-06-01,7,13,6
6405,2019-06-01,46,71,25
6406,2019-06-01,172,244,72
6408,2019-06-01,18,19,1
6410,2019-06-01,17,18,1
6411,2019-06-01,111,82,-29
6412,2019-06-01,5,10,5
6413,2019-06-01,3,4,1
6414,2019-06-01,16,14,-2
6415,2019-06-01,7,9,2
6416,2019-06-01,11,6,-5
6417,2019-06-01,18,21,3
6418,2019-06-01,1,4,3
6419,2019-06-01,7,6,-1
6420,2019-06-01,15,18,3
6421,2019-06-01,18,14,-4
6422,2019-06-01,5,4,-1
6423,2019-06-01,17,8,-9
6424,2019-06-01,10,25,15
6425,2019-06-01,27,25,-2
6426,2019-06-01,25,34,9
6427,2019-06-01,35,36,1
6428,2019-06-01,12,9,-3
6429,2019-06-01,21,25,4
6432,2019-06-01,52,44,-8
6433,2019-06-01,16,12,-4
6434,2019-06-01,52,47,-5
6435,2019-06-01,29,22,-7
6436,2019-06-01,21,12,-9
6501,2019-06-01,99,103,4
6502,2019-06-01,7,8,1
6503,2019-06-01,35,26,-9
6504,2019-06-01,23,48,25
6700,2019-06-01,16,16,0
6701,2019-06-01,37,31,-6
6702,2019-06-01,9,13,4
6703,2019-06-01,60,78,18
6704,2019-06-01,19,15,-4
6705,2019-06-01,13,13,0
6706,2019-06-01,12,16,4
6707,2019-06-01,16,17,1
6708,2019-06-01,37,56,19
6709,2019-06-01,15,21,6
6710,2019-06-01,4,11,7
6711,2019-06-01,16,13,-3
6712,2019-06-01,10,24,14
6714,2019-06-01,15,16,1
6715,2019-06-01,11,14,3
6716,2019-06-01,12,11,-1
6717,2019-06-01,6,7,1
6718,2019-06-01,16,16,0
6719,2019-06-01,10,10,0
6720,2019-06-01,20,13,-7
6721,2019-06-01,9,10,1
6722,2019-06-01,7,11,4
6723,2019-06-01,18,18,0
6724,2019-06-01,54,69,15
6725,2019-06-01,16,17,1
6726,2019-06-01,5,9,4
6727,2019-06-01,43,51,8
6728,2019-06-01,10,6,-4
6729,2019-06-01,75,75,0
6730,2019-06-01,14,15,1
6731,2019-06-01,17,20,3
6732,2019-06-01,24,18,-6
6733,2019-06-01,26,21,-5
6734,2019-06-01,52,43,-9
6735,2019-06-01,6,8,2
6736,2019-06-01,11,8,-3
6737,2019-06-01,8,8,0
6738,2019-06-01,22,11,-11
6739,2019-06-01,5,2,-3
6741,2019-06-01,6,6,0
6742,2019-06-01,35,31,-4
6743,2019-06-01,26,16,-10
6744,2019-06-01,20,15,-5
6745,2019-06-01,21,17,-4
6746,2019-06-01,6,10,4
6747,2019-06-01,22,21,-1
6748,2019-06-01,58,68,10
6749,2019-06-01,21,30,9
6750,2019-06-01,36,35,-1
6752,2019-06-01,11,13,2
6753,2019-06-01,9,9,0
6754,2019-06-01,11,11,0
6901,2019-06-01,31,35,4
6902,2019-06-01,39,59,20
6903,2019-06-01,69,66,-3
6904,2019-06-01,34,26,-8
6905,2019-06-01,20,21,1
6906,2019-06-01,66,53,-13
6907,2019-06-01,96,70,-26
6908,2019-06-01,47,42,-5
6910,2019-06-01,113,115,2
6912,2019-06-01,95,67,-28
6913,2019-06-01,43,40,-3
6915,2019-06-01,60,56,-4
6916,2019-06-01,26,17,-9
6917,2019-06-01,13,12,-1
6918,2019-06-01,27,18,-9
6919,2019-06-01,18,8,-10
6921,2019-06-01,27,34,7
6923,2019-06-01,34,32,-2
6924,2019-06-01,15,19,4
6925,2019-06-01,21,23,2
6926,2019-06-01,40,49,9
6927,2019-06-01,24,18,-6
6928,2019-06-01,9,8,-1
6929,2019-06-01,34,21,-13
6930,2019-06-01,8,8,0
7001,2019-06-01,20,14,-6
7002,2019-06-01,10,9,-1
7003,2019-06-01,56,46,-10
7004,2019-06-01,7,10,3
7005,2019-06-01,8,6,-2
7006,2019-06-01,19,13,-6
7007,2019-06-01,3,10,7
7008,2019-06-01,15,13,-2
7009,2019-06-01,46,65,19
7010,2019-06-01,9,6,-3
7011,2019-06-01,50,59,9
7012,2019-06-01,21,31,10
7013,2019-06-01,9,10,1
7014,2019-06-01,30,16,-14
7015,2019-06-01,23,30,7
7016,2019-06-01,1,4,3
7017,2019-06-01,25,25,0
7018,2019-06-01,25,29,4
7019,2019-06-01,8,12,4
7020,2019-06-01,17,23,6
7021,2019-06-01,20,23,3
7022,2019-06-01,26,21,-5
7023,2019-06-01,6,4,-2
7024,2019-06-01,32,24,-8
7025,2019-06-01,41,22,-19
7027,2019-06-01,38,30,-8
7028,2019-06-01,29,39,10
7029,2019-06-01,38,25,-13
7030,2019-06-01,39,41,2
7031,2019-06-01,62,56,-6
7032,2019-06-01,67,61,-6
7033,2019-06-01,59,47,-12
7034,2019-06-01,26,69,43
7035,2019-06-01,31,27,-4
7036,2019-06-01,35,40,5
7037,2019-06-01,34,26,-8
7038,2019-06-01,56,48,-8
7039,2019-06-01,24,16,-8
7040,2019-06-01,45,47,2
7041,2019-06-01,48,67,19
7042,2019-06-01,16,16,0
7043,2019-06-01,19,17,-2
7044,2019-06-01,3,0,-3
7045,2019-06-01,81,87,6
7046,2019-06-01,50,68,18
7047,2019-06-01,60,69,9
7048,2019-06-01,28,27,-1
7049,2019-06-01,1,5,4
7050,2019-06-01,22,24,2
7051,2019-06-01,4,4,0
7052,2019-06-01,29,21,-8
7053,2019-06-01,19,19,0
7054,2019-06-01,47,56,9
7055,2019-06-01,14,28,14
7056,2019-06-01,6,12,6
7057,2019-06-01,41,40,-1
7058,2019-06-01,17,17,0
7059,2019-06-01,11,15,4
7060,2019-06-01,13,11,-2
7061,2019-06-01,18,19,1
7062,2019-06-01,19,19,0
7063,2019-06-01,21,20,-1
7064,2019-06-01,20,19,-1
7065,2019-06-01,24,18,-6
7066,2019-06-01,25,57,32
7067,2019-06-01,26,32,6
7068,2019-06-01,47,64,17
7069,2019-06-01,41,55,14
7070,2019-06-01,29,18,-11
7071,2019-06-01,29,18,-11
7072,2019-06-01,29,21,-8
7073,2019-06-01,22,26,4
7074,2019-06-01,23,23,0
7075,2019-06-01,2,5,3
7076,2019-06-01,47,43,-4
7077,2019-06-01,39,48,9
7078,2019-06-01,23,25,2
7079,2019-06-01,9,11,2
7080,2019-06-01,28,31,3
7081,2019-06-01,32,32,0
7082,2019-06-01,38,63,25
7083,2019-06-01,37,36,-1
7084,2019-06-01,49,51,2
7090,2019-06-01,8,12,4
7091,2019-06-01,3,5,2
7092,2019-06-01,4,7,3
7094,2019-06-01,1,1,0
7095,2019-06-01,3,5,2
7096,2019-06-01,10,13,3
7097,2019-06-01,6,8,2
7098,2019-06-01,7,5,-2
7099,2019-06-01,4,4,0
7100,2019-06-01,2,1,-1
7101,2019-06-01,4,4,0
7102,2019-06-01,8,8,0
7103,2019-06-01,35,37,2
7104,2019-06-01,7,12,5
7105,2019-06-01,13,25,12
7106,2019-06-01,8,0,-8
7107,2019-06-01,3,6,3
7108,2019-06-01,27,22,-5
7109,2019-06-01,10,7,-3
7110,2019-06-01,13,22,9
7111,2019-06-01,5,6,1
7112,2019-06-01,5,7,2
7113,2019-06-01,19,20,1
7114,2019-06-01,49,46,-3
7115,2019-06-01,12,13,1
7116,2019-06-01,6,8,2
7117,2019-06-01,3,2,-1
7118,2019-06-01,3,3,0
7119,2019-06-01,20,15,-5
7120,2019-06-01,5,4,-1
7121,2019-06-01,2,1,-1
7122,2019-06-01,3,4,1
7124,2019-06-01,8,7,-1
7125,2019-06-01,10,16,6
7126,2019-06-01,2,4,2
7127,2019-06-01,24,21,-3
7128,2019-06-01,8,4,-4
7129,2019-06-01,1,1,0
7130,2019-06-01,4,8,4
7131,2019-06-01,4,5,1
7132,2019-06-01,2,3,1
7133,2019-06-01,6,6,0
7134,2019-06-01,14,15,1
7135,2019-06-01,2,5,3
7136,2019-06-01,5,4,-1
7137,2019-06-01,4,7,3
7140,2019-06-01,8,6,-2
7141,2019-06-01,32,31,-1
7142,2019-06-01,7,13,6
7143,2019-06-01,10,11,1
7144,2019-06-01,22,24,2
7145,2019-06-01,11,5,-6
7146,2019-06-01,15,8,-7
7147,2019-06-01,15,14,-1
7148,2019-06-01,6,12,6
7149,2019-06-01,11,10,-1
4000,2019-06-02,31,40,9
4001,2019-06-02,9,8,-1
4002,2019-06-02,6,11,5
5002,2019-06-02,1,3,2
5003,2019-06-02,1,0,-1
5006,2019-06-02,2,8,6
5007,2019-06-02,6,7,1
6001,2019-06-02,24,37,13
6002,2019-06-02,22,40,18
6003,2019-06-02,27,24,-3
6004,2019-06-02,12,11,-1
6005,2019-06-02,21,16,-5
6006,2019-06-02,8,9,1
6007,2019-06-02,44,36,-8
6008,2019-06-02,18,34,16
6009,2019-06-02,60,54,-6
6011,2019-06-02,36,49,13
6012,2019-06-02,81,66,-15
6013,2019-06-02,41,43,2
6014,2019-06-02,23,36,13
6015,2019-06-02,96,139,43
6016,2019-06-02,7,5,-2
6017,2019-06-02,21,48,27
6018,2019-06-02,32,43,11
6019,2019-06-02,73,49,-24
6020,2019-06-02,50,55,5
6021,2019-06-02,55,47,-8
6022,2019-06-02,11,25,14
6023,2019-06-02,93,108,15
6024,2019-06-02,1,0,-1
6025,2019-06-02,11,12,1
6026,2019-06-02,93,121,28
6027,2019-06-02,51,51,0
6029,2019-06-02,12,18,6
6031,2019-06-02,26,17,-9
6032,2019-06-02,44,50,6
6033,2019-06-02,7,8,1
6034,2019-06-02,26,25,-1
6035,2019-06-02,7,11,4
6036,2019-06-02,86,102,16
6037,2019-06-02,26,16,-10
6038,2019-06-02,12,13,1
6039,2019-06-02,11,13,2
6040,2019-06-02,24,18,-6
6041,2019-06-02,12,14,2
6042,2019-06-02,17,18,1
6043,2019-06-02,18,27,9
6044,2019-06-02,49,52,3
6046,2019-06-02,37,23,-14
6047,2019-06-02,31,11,-20
6048,2019-06-02,5,8,3
6049,2019-06-02,19,24,5
6050,2019-06-02,8,12,4
6051,2019-06-02,22,21,-1
6052,2019-06-02,77,70,-7
6053,2019-06-02,71,86,15
6057,2019-06-02,24,24,0
6058,2019-06-02,19,30,11
6059,2019-06-02,25,23,-2
6060,2019-06-02,7,7,0
6062,2019-06-02,19,19,0
6063,2019-06-02,38,41,3
6064,2019-06-02,63,52,-11
6065,2019-06-02,50,43,-7
6066,2019-06-02,12,3,-9
6067,2019-06-02,23,14,-9
6068,2019-06-02,1,0,-1
6070,2019-06-02,63,61,-2
6072,2019-06-02,12,9,-3
6073,2019-06-02,67,63,-4
6075,2019-06-02,22,10,-12
6076,2019-06-02,9,15,6
6079,2019-06-02,36,28,-8
6080,2019-06-02,64,65,1
6081,2019-06-02,33,23,-10
6082,2019-06-02,11,13,2
6083,2019-06-02,46,44,-2
6084,2019-06-02,9,8,-1
6085,2019-06-02,24,75,51
6086,2019-06-02,14,16,2
6087,2019-06-02,47,70,23
6088,2019-06-02,20,34,14
6089,2019-06-02,20,17,-3
6090,2019-06-02,32,27,-5
6091,2019-06-02,37,27,-10
6092,2019-06-02,39,39,0
6093,2019-06-02,19,21,2
6094,2019-06-02,19,19,0
6095,2019-06-02,57,54,-3
6096,2019-06-02,13,19,6
6097,2019-06-02,54,52,-2
6098,2019-06-02,16,14,-2
6099,2019-06-02,25,25,0
6100,2019-06-02,116,131,15
6101,2019-06-02,30,13,-17
6102,2019-06-02,26,17,-9
6103,2019-06-02,8,25,17
6104,2019-06-02,22,41,19
6105,2019-06-02,17,30,13
6106,2019-06-02,11,18,7
6107,2019-06-02,48,48,0
6108,2019-06-02,19,18,-1
6109,2019-06-02,14,16,2
6110,2019-06-02,15,22,7
6111,2019-06-02,21,28,7
6112,2019-06-02,52,54,2
6113,2019-06-02,31,33,2
6114,2019-06-02,99,115,16
6115,2019-06-02,11,14,3
6116,2019-06-02,38,48,10
6118,2019-06-02,30,58,28
6119,2019-06-02,49,60,11
6120,2019-06-02,34,48,14
6121,2019-06-02,12,25,13
6122,2019-06-02,9,10,1
6123,2019-06-02,10,14,4
6124,2019-06-02,17,32,15
6125,2019-06-02,10,16,6
6126,2019-06-02,20,21,1
6127,2019-06-02,20,20,0
6128,2019-06-02,15,24,9
6129,2019-06-02,33,31,-2
6131,2019-06-02,58,51,-7
6132,2019-06-02,24,26,2
6133,2019-06-02,28,26,-2
6134,2019-06-02,25,25,0
6136,2019-06-02,120,87,-33
6137,2019-06-02,54,60,6
6138,2019-06-02,54,45,-9
6139,2019-06-02,27,35,8
6140,2019-06-02,67,61,-6
6141,2019-06-02,30,31,1
6142,2019-06-02,39,18,-21
6143,2019-06-02,38,21,-17
6145,2019-06-02,25,28,3
6146,2019-06-02,33,37,4
6147,2019-06-02,42,26,-16
6148,2019-06-02,50,26,-24
6149,2019-06-02,25,26,1
6150,2019-06-02,45,44,-1
6151,2019-06-02,35,44,9
6152,2019-06-02,93,80,-13
6153,2019-06-02,18,24,6
6154,2019-06-02,129,129,0
6155,2019-06-02,99,58,-41
6156,2019-06-02,40,46,6
6157,2019-06-02,80,81,1
6158,2019-06-02,52,51,-1
6159,2019-06-02,12,16,4
6160,2019-06-02,36,34,-2
6161,2019-06-02,31,22,-9
6162,2019-06-02,4,2,-2
6163,2019-06-02,47,50,3
6164,2019-06-02,46,67,21
6165,2019-06-02,52,66,14
6166,2019-06-02,38,37,-1
6167,2019-06-02,18,23,5
6168,2019-06-02,32,22,-10
6169,2019-06-02,117,87,-30
6170,2019-06-02,20,31,11
6171,2019-06-02,14,27,13
6173,2019-06-02,62,51,-11
6174,2019-06-02,30,35,5
6175,2019-06-02,59,51,-8
6176,2019-06-02,69,63,-6
6177,2019-06-02,60,58,-2
6178,2019-06-02,86,80,-6
6179,2019-06-02,80,81,1
6180,2019-06-02,25,36,11
6181,2019-06-02,20,30,10
6182,2019-06-02,55,42,-13
6183,2019-06-02,72,70,-2
6184,2019-06-02,172,133,-39
6185,2019-06-02,12,12,0
6186,2019-06-02,40,32,-8
6187,2019-06-02,71,61,-10
6188,2019-06-02,44,36,-8
6189,2019-06-02,11,18,7
6190,2019-06-02,64,33,-31
6191,2019-06-02,33,23,-10
6192,2019-06-02,27,18,-9
6193,2019-06-02,109,109,0
6194,2019-06-02,82,72,-10
6195,2019-06-02,60,50,-10
6196,2019-06-02,100,64,-36
6197,2019-06-02,21,21,0
6198,2019-06-02,8,6,-2
6199,2019-06-02,51,40,-11
6200,2019-06-02,32,33,1
6201,2019-06-02,39,40,1
6202,2019-06-02,44,33,-11
6203,2019-06-02,46,41,-5
6204,2019-06-02,56,48,-8
6205,2019-06-02,58,67,9
6206,2019-06-02,89,81,-8
6207,2019-06-02,16,20,4
6208,2019-06-02,24,32,8
6209,2019-06-02,73,47,-26
6210,2019-06-02,16,12,-4
6211,2019-06-02,104,98,-6
6212,2019-06-02,44,32,-12
6213,2019-06-02,95,95,0
6214,2019-06-02,75,61,-14
6216,2019-06-02,107,45,-62
6217,2019-06-02,80,65,-15
6218,2019-06-02,33,29,-4
6219,2019-06-02,37,37,0
6220,2019-06-02,38,31,-7
6221,2019-06-02,138,108,-30
6222,2019-06-02,32,38,6
6223,2019-06-02,67,54,-13
6224,2019-06-02,50,54,4
6225,2019-06-02,43,26,-17
6226,2019-06-02,1,3,2
6227,2019-06-02,102,100,-2
6228,2019-06-02,24,21,-3
6229,2019-06-02,47,41,-6
6230,2019-06-02,55,62,7
6231,2019-06-02,58,71,13
6232,2019-06-02,12,13,1
6233,2019-06-02,53,58,5
6234,2019-06-02,40,46,6
6235,2019-06-02,20,10,-10
6236,2019-06-02,42,53,11
6237,2019-06-02,42,35,-7
6240,2019-06-02,10,12,2
6241,2019-06-02,19,15,-4
6243,2019-06-02,39,41,2
6245,2019-06-02,25,32,7
6246,2019-06-02,31,35,4
6247,2019-06-02,55,54,-1
6248,2019-06-02,112,82,-30
6249,2019-06-02,34,31,-3
6250,2019-06-02,32,33,1
6251,2019-06-02,12,15,3
6252,2019-06-02,20,15,-5
6253,2019-06-02,24,17,-7
6254,2019-06-02,31,27,-4
6255,2019-06-02,55,47,-8
6257,2019-06-02,14,16,2
6258,2019-06-02,56,34,-22
6259,2019-06-02,23,19,-4
6260,2019-06-02,28,32,4
6261,2019-06-02,16,29,13
6262,2019-06-02,27,23,-4
6263,2019-06-02,6,9,3
6264,2019-06-02,10,13,3
6265,2019-06-02,23,29,6
6266,2019-06-02,7,6,-1
6267,2019-06-02,22,22,0
6268,2019-06-02,31,26,-5
6269,2019-06-02,9,14,5
6270,2019-06-02,21,24,3
6272,2019-06-02,10,14,4
6273,2019-06-02,14,18,4
6274,2019-06-02,15,28,13
6275,2019-06-02,20,21,1
6276,2019-06-02,19,23,4
6277,2019-06-02,28,31,3
6278,2019-06-02,15,9,-6
6279,2019-06-02,17,13,-4
6280,2019-06-02,25,27,2
6281,2019-06-02,29,19,-10
6301,2019-06-02,19,20,1
6302,2019-06-02,7,6,-1
6303,2019-06-02,7,9,2
6304,2019-06-02,11,4,-7
6305,2019-06-02,5,6,1
6306,2019-06-02,25,10,-15
6307,2019-06-02,25,31,6
6309,2019-06-02,10,16,6
6310,2019-06-02,32,16,-16
6311,2019-06-02,25,18,-7
6312,2019-06-02,15,16,1
6313,2019-06-02,24,25,1
6314,2019-06-02,29,38,9
6315,2019-06-02,43,25,-18
6316,2019-06-02,21,7,-14
6321,2019-06-02,38,26,-12
6322,2019-06-02,18,13,-5
6323,2019-06-02,6,10,4
6324,2019-06-02,7,12,5
6327,2019-06-02,15,12,-3
6328,2019-06-02,22,22,0
6329,2019-06-02,6,10,4
6330,2019-06-02,14,13,-1
6331,2019-06-02,7,10,3
6332,2019-06-02,12,14,2
6333,2019-06-02,17,12,-5
6334,2019-06-02,38,38,0
6336,2019-06-02,26,23,-3
6338,2019-06-02,17,17,0
6339,2019-06-02,24,12,-12
6340,2019-06-02,12,13,1
6341,2019-06-02,36,36,0
6343,2019-06-02,21,22,1
6344,2019-06-02,23,24,1
6345,2019-06-02,7,9,2
6346,2019-06-02,5,8,3
6347,2019-06-02,11,7,-4
6349,2019-06-02,14,34,20
6350,2019-06-02,19,25,6
6354,2019-06-02,15,18,3
6355,2019-06-02,13,17,4
6356,2019-06-02,7,14,7
6358,2019-06-02,7,15,8
6359,2019-06-02,83,57,-26
6360,2019-06-02,21,19,-2
6361,2019-06-02,26,20,-6
6362,2019-06-02,21,16,-5
6363,2019-06-02,12,15,3
6364,2019-06-02,14,12,-2
6366,2019-06-02,19,20,1
6367,2019-06-02,8,12,4
6368,2019-06-02,48,41,-7
6369,2019-06-02,13,30,17
6370,2019-06-02,17,14,-3
6371,2019-06-02,30,32,2
6372,2019-06-02,32,53,21
6373,2019-06-02,9,9,0
6374,2019-06-02,19,18,-1
6375,2019-06-02,34,29,-5
6377,2019-06-02,26,22,-4
6379,2019-06-02,16,17,1
6380,2019-06-02,6,8,2
6381,2019-06-02,34,36,2
6383,2019-06-02,24,37,13
6384,2019-06-02,16,10,-6
6385,2019-06-02,27,29,2
6386,2019-06-02,42,39,-3
6387,2019-06-02,42,49,7
6388,2019-06-02,13,13,0
6389,2019-06-02,34,22,-12
6391,2019-06-02,36,44,8
6393,2019-06-02,29,51,22
6394,2019-06-02,46,55,9
6395,2019-06-02,35,24,-11
6396,2019-06-02,52,38,-14
6397,2019-06-02,11,15,4
6398,2019-06-02,15,27,12
6401,2019-06-02,39,49,10
6402,2019-06-02,21,25,4
6403,2019-06-02,12,23,11
6404,2019-06-02,11,12,1
6405,2019-06-02,19,26,7
6406,2019-06-02,43,68,25
6408,2019-06-02,27,18,-9
6410,2019-06-02,16,9,-7
6411,2019-06-02,91,82,-9
6412,2019-06-02,9,11,2
6413,2019-06-02,5,8,3
6414,2019-06-02,13,21,8
6415,2019-06-02,23,13,-10
6416,2019-06-02,19,9,-10
6417,2019-06-02,10,13,3
6418,2019-06-02,4,6,2
6419,2019-06-02,1,10,9
6420,2019-06-02,25,23,-2
6421,2019-06-02,22,24,2
6422,2019-06-02,6,7,1
6423,2019-06-02,13,15,2
6424,2019-06-02,10,19,9
6425,2019-06-02,21,28,7
6426,2019-06-02,31,38,7
6427,2019-06-02,34,40,6
6428,2019-06-02,14,21,7
6429,2019-06-02,20,19,-1
6432,2019-06-02,38,37,-1
6433,2019-06-02,19,20,1
6434,2019-06-02,33,32,-1
6435,2019-06-02,20,31,11
6436,2019-06-02,15,17,2
6501,2019-06-02,23,34,11
6502,2019-06-02,9,3,-6
6503,2019-06-02,23,20,-3
6504,2019-06-02,17,12,-5
6700,2019-06-02,11,21,10
6701,2019-06-02,40,33,-7
6702,2019-06-02,9,7,-2
6703,2019-06-02,21,19,-2
6704,2019-06-02,11,14,3
6705,2019-06-02,11,14,3
6706,2019-06-02,11,18,7
6707,2019-06-02,17,15,-2
6708,2019-06-02,32,30,-2
6709,2019-06-02,11,10,-1
6710,2019-06-02,8,6,-2
6711,2019-06-02,7,4,-3
6712,2019-06-02,3,6,3
6714,2019-06-02,5,7,2
6715,2019-06-02,7,9,2
6716,2019-06-02,7,8,1
6717,2019-06-02,16,16,0
6718,2019-06-02,13,17,4
6719,2019-06-02,10,10,0
6720,2019-06-02,17,20,3
6721,2019-06-02,8,11,3
6722,2019-06-02,7,8,1
6723,2019-06-02,12,12,0
6724,2019-06-02,18,18,0
6725,2019-06-02,17,20,3
6726,2019-06-02,4,9,5
6727,2019-06-02,37,37,0
6728,2019-06-02,7,10,3
6729,2019-06-02,95,94,-1
6730,2019-06-02,3,5,2
6731,2019-06-02,12,5,-7
6732,2019-06-02,15,23,8
6733,2019-06-02,15,21,6
6734,2019-06-02,38,31,-7
6735,2019-06-02,5,3,-2
6736,2019-06-02,5,8,3
6737,2019-06-02,6,9,3
6738,2019-06-02,11,10,-1
6739,2019-06-02,1,3,2
6741,2019-06-02,3,7,4
6742,2019-06-02,19,29,10
6743,2019-06-02,13,10,-3
6744,2019-06-02,10,12,2
6745,2019-06-02,5,10,5
6746,2019-06-02,12,14,2
6747,2019-06-02,19,23,4
6748,2019-06-02,40,66,26
6749,2019-06-02,21,23,2
6750,2019-06-02,26,23,-3
6752,2019-06-02,17,11,-6
6753,2019-06-02,4,4,0
6754,2019-06-02,7,6,-1
6901,2019-06-02,35,40,5
6902,2019-06-02,32,49,17
6903,2019-06-02,33,48,15
6904,2019-06-02,26,25,-1
6905,2019-06-02,31,18,-13
6906,2019-06-02,66,36,-30
6907,2019-06-02,68,47,-21
6908,2019-06-02,26,29,3
6910,2019-06-02,56,59,3
6912,2019-06-02,86,59,-27
6913,2019-06-02,27,26,-1
6915,2019-06-02,52,58,6
6916,2019-06-02,17,8,-9
6917,2019-06-02,5,6,1
6918,2019-06-02,20,16,-4
6919,2019-06-02,15,15,0
6921,2019-06-02,16,23,7
6923,2019-06-02,16,25,9
6924,2019-06-02,10,12,2
6925,2019-06-02,13,9,-4
6926,2019-06-02,32,24,-8
6927,2019-06-02,23,18,-5
6928,2019-06-02,10,6,-4
6929,2019-06-02,17,11,-6
6930,2019-06-02,4,5,1
7001,2019-06-02,27,26,-1
7002,2019-06-02,3,7,4
7003,2019-06-02,45,39,-6
7004,2019-06-02,3,9,6
7005,2019-06-02,9,9,0
7006,2019-06-02,6,7,1
7007,2019-06-02,5,6,1
7008,2019-06-02,10,10,0
7009,2019-06-02,56,54,-2
7010,2019-06-02,7,11,4
7011,2019-06-02,47,48,1
7012,2019-06-02,20,25,5
7013,2019-06-02,16,20,4
7014,2019-06-02,29,18,-11
7015,2019-06-02,25,15,-10
7016,2019-06-02,3,8,5
7017,2019-06-02,13,14,1
7018,2019-06-02,8,23,15
7019,2019-06-02,3,5,2
7020,2019-06-02,11,12,1
7021,2019-06-02,13,17,4
7022,2019-06-02,32,32,0
7023,2019-06-02,4,5,1
7024,2019-06-02,11,13,2
7025,2019-06-02,13,13,0
7027,2019-06-02,17,21,4
7028,2019-06-02,32,32,0
7029,2019-06-02,28,39,11
7030,2019-06-02,31,28,-3
7031,2019-06-02,38,45,7
7032,2019-06-02,60,58,-2
7033,2019-06-02,50,42,-8
7034,2019-06-02,16,21,5
7035,2019-06-02,16,22,6
7036,2019-06-02,18,13,-5
7037,2019-06-02,22,29,7
7038,2019-06-02,44,35,-9
7039,2019-06-02,11,8,-3
7040,2019-06-02,28,30,2
7041,2019-06-02,52,54,2
7042,2019-06-02,21,14,-7
7043,2019-06-02,1,5,4
7044,2019-06-02,2,4,2
7045,2019-06-02,28,31,3
7046,2019-06-02,33,35,2
7047,2019-06-02,66,98,32
7048,2019-06-02,8,6,-2
7049,2019-06-02,2,6,4
7050,2019-06-02,14,14,0
7051,2019-06-02,5,8,3
7052,2019-06-02,20,28,8
7053,2019-06-02,19,18,-1
7054,2019-06-02,29,31,2
7055,2019-06-02,12,12,0
7056,2019-06-02,12,15,3
7057,2019-06-02,19,18,-1
7058,2019-06-02,17,23,6
7059,2019-06-02,14,12,-2
7060,2019-06-02,14,14,0
7061,2019-06-02,17,12,-5
7062,2019-06-02,16,15,-1
7063,2019-06-02,18,10,-8
7064,2019-06-02,9,19,10
7065,2019-06-02,15,16,1
7066,2019-06-02,29,56,27
7067,2019-06-02,20,17,-3
7068,2019-06-02,41,40,-1
7069,2019-06-02,20,37,17
7070,2019-06-02,28,28,0
7071,2019-06-02,32,22,-10
7072,2019-06-02,30,22,-8
7073,2019-06-02,20,17,-3
7074,2019-06-02,30,31,1
7075,2019-06-02,1,1,0
7076,2019-06-02,34,31,-3
7077,2019-06-02,10,10,0
7078,2019-06-02,19,25,6
7079,2019-06-02,3,6,3
7080,2019-06-02,32,36,4
7081,2019-06-02,18,11,-7
7082,2019-06-02,49,50,1
7083,2019-06-02,17,22,5
7084,2019-06-02,56,49,-7
7090,2019-06-02,4,3,-1
7091,2019-06-02,1,1,0
7092,2019-06-02,3,3,0
7093,2019-06-02,1,1,0
7095,2019-06-02,3,2,-1
7096,2019-06-02,3,6,3
7097,2019-06-02,6,7,1
7098,2019-06-02,2,4,2
7099,2019-06-02,4,7,3
7100,2019-06-02,5,5,0
7101,2019-06-02,4,4,0
7102,2019-06-02,10,12,2
7103,2019-06-02,4,4,0
7104,2019-06-02,1,0,-1
7105,2019-06-02,7,9,2
7108,2019-06-02,10,7,-3
7109,2019-06-02,2,2,0
7110,2019-06-02,9,9,0
7111,2019-06-02,1,1,0
7112,2019-06-02,6,4,-2
7113,2019-06-02,11,11,0
7114,2019-06-02,27,29,2
7115,2019-06-02,7,10,3
7116,2019-06-02,7,6,-1
7117,2019-06-02,4,4,0
7118,2019-06-02,1,1,0
7119,2019-06-02,7,7,0
7120,2019-06-02,5,9,4
7121,2019-06-02,2,6,4
7122,2019-06-02,2,1,-1
7123,2019-06-02,1,1,0
7124,2019-06-02,4,2,-2
7125,2019-06-02,2,5,3
7126,2019-06-02,2,4,2
7127,2019-06-02,12,9,-3
7128,2019-06-02,9,9,0
7129,2019-06-02,4,5,1
7130,2019-06-02,3,2,-1
7131,2019-06-02,4,4,0
7132,2019-06-02,3,4,1
7133,2019-06-02,1,2,1
7134,2019-06-02,6,7,1
7135,2019-06-02,1,0,-1
7136,2019-06-02,5,5,0
7137,2019-06-02,3,3,0
7138,2019-06-02,1,1,0
7140,2019-06-02,14,12,-2
7141,2019-06-02,24,32,8
7142,2019-06-02,8,9,1
7143,2019-06-02,10,14,4
7144,2019-06-02,17,28,11
7145,2019-06-02,5,12,7
7146,2019-06-02,14,20,6
7147,2019-06-02,9,9,0
7148,2019-06-02,8,4,-4
7149,2019-06-02,6,5,-1
10002,2019-06-02,39,50,11
4000,2019-06-03,49,56,7
4002,2019-06-03,14,20,6
5002,2019-06-03,4,4,0
5003,2019-06-03,2,3,1
5004,2019-06-03,4,2,-2
5005,2019-06-03,3,1,-2
5006,2019-06-03,11,11,0
5007,2019-06-03,19,21,2
6001,2019-06-03,55,91,36
6002,2019-06-03,40,58,18
6003,2019-06-03,57,72,15
6004,2019-06-03,49,51,2
6005,2019-06-03,68,99,31
6006,2019-06-03,37,16,-21
6007,2019-06-03,39,40,1
6008,2019-06-03,48,88,40
6009,2019-06-03,50,46,-4
6011,2019-06-03,59,65,6
6012,2019-06-03,92,174,82
6013,2019-06-03,53,80,27
6014,2019-06-03,55,56,1
6015,2019-06-03,148,192,44
6016,2019-06-03,12,16,4
6017,2019-06-03,41,44,3
6018,2019-06-03,44,55,11
6019,2019-06-03,133,93,-40
6020,2019-06-03,51,62,11
6021,2019-06-03,87,54,-33
6022,2019-06-03,56,54,-2
6023,2019-06-03,68,107,39
6024,2019-06-03,6,6,0
6025,2019-06-03,33,32,-1
6026,2019-06-03,81,88,7
6027,2019-06-03,87,115,28
6029,2019-06-03,26,33,7
6031,2019-06-03,26,31,5
6032,2019-06-03,61,120,59
6033,2019-06-03,21,17,-4
6034,2019-06-03,47,64,17
6035,2019-06-03,25,51,26
6036,2019-06-03,77,114,37
6037,2019-06-03,40,36,-4
6038,2019-06-03,67,77,10
6039,2019-06-03,59,74,15
6040,2019-06-03,40,48,8
6041,2019-06-03,71,76,5
6042,2019-06-03,92,91,-1
6043,2019-06-03,170,388,218
6044,2019-06-03,62,61,-1
6046,2019-06-03,116,130,14
6047,2019-06-03,70,67,-3
6048,2019-06-03,39,41,2
6049,2019-06-03,89,86,-3
6050,2019-06-03,53,53,0
6051,2019-06-03,45,35,-10
6052,2019-06-03,108,181,73
6053,2019-06-03,143,150,7
6057,2019-06-03,70,65,-5
6058,2019-06-03,62,72,10
6059,2019-06-03,63,53,-10
6060,2019-06-03,23,23,0
6062,2019-06-03,53,55,2
6063,2019-06-03,77,68,-9
6064,2019-06-03,192,182,-10
6065,2019-06-03,53,38,-15
6066,2019-06-03,46,15,-31
6067,2019-06-03,39,45,6
6068,2019-06-03,11,11,0
6070,2019-06-03,161,150,-11
6072,2019-06-03,87,77,-10
6073,2019-06-03,183,196,13
6075,2019-06-03,38,13,-25
6076,2019-06-03,10,18,8
6079,2019-06-03,64,47,-17
6080,2019-06-03,114,111,-3
6081,2019-06-03,32,27,-5
6082,2019-06-03,13,8,-5
6083,2019-06-03,126,181,55
6084,2019-06-03,48,67,19
6085,2019-06-03,80,157,77
6086,2019-06-03,13,19,6
6087,2019-06-03,96,139,43
6088,2019-06-03,58,60,2
6089,2019-06-03,48,56,8
6090,2019-06-03,44,42,-2
6091,2019-06-03,43,34,-9
6092,2019-06-03,49,52,3
6093,2019-06-03,24,16,-8
6094,2019-06-03,44,55,11
6095,2019-06-03,77,68,-9
6096,2019-06-03,23,48,25
6097,2019-06-03,70,49,-21
6098,2019-06-03,36,24,-12
6099,2019-06-03,94,125,31
6100,2019-06-03,219,221,2
6101,2019-06-03,53,24,-29
6102,2019-06-03,38,30,-8
6103,2019-06-03,11,19,8
6104,2019-06-03,54,86,32
6105,2019-06-03,48,60,12
6106,2019-06-03,28,29,1
6107,2019-06-03,50,50,0
6108,2019-06-03,41,47,6
6109,2019-06-03,3,8,5
6110,2019-06-03,30,29,-1
6111,2019-06-03,35,35,0
6112,2019-06-03,70,84,14
6113,2019-06-03,60,57,-3
6114,2019-06-03,112,158,46
6115,2019-06-03,18,24,6
6116,2019-06-03,57,75,18
6118,2019-06-03,57,71,14
6119,2019-06-03,75,96,21
6120,2019-06-03,52,85,33
6121,2019-06-03,20,26,6
6122,2019-06-03,19,21,2
6123,2019-06-03,19,23,4
6124,2019-06-03,33,55,22
6125,2019-06-03,22,22,0
6126,2019-06-03,36,47,11
6127,2019-06-03,38,35,-3
6128,2019-06-03,20,18,-2
6129,2019-06-03,49,44,-5
6131,2019-06-03,91,36,-55
6132,2019-06-03,48,63,15
6133,2019-06-03,44,38,-6
6134,2019-06-03,48,44,-4
6136,2019-06-03,236,173,-63
6137,2019-06-03,69,70,1
6138,2019-06-03,71,74,3
6139,2019-06-03,43,41,-2
6140,2019-06-03,77,75,-2
6141,2019-06-03,35,32,-3
6142,2019-06-03,80,59,-21
6143,2019-06-03,75,60,-15
6145,2019-06-03,50,37,-13
6146,2019-06-03,61,46,-15
6147,2019-06-03,70,32,-38
6148,2019-06-03,125,88,-37
6149,2019-06-03,37,30,-7
6150,2019-06-03,57,55,-2
6151,2019-06-03,71,60,-11
6152,2019-06-03,108,96,-12
6153,2019-06-03,49,43,-6
6154,2019-06-03,161,153,-8
6155,2019-06-03,102,113,11
6156,2019-06-03,62,66,4
6157,2019-06-03,96,81,-15
6158,2019-06-03,49,57,8
6159,2019-06-03,17,17,0
6160,2019-06-03,61,47,-14
6161,2019-06-03,31,32,1
6162,2019-06-03,4,7,3
6163,2019-06-03,75,73,-2
6164,2019-06-03,60,65,5
6165,2019-06-03,66,99,33
6166,2019-06-03,74,47,-27
6167,2019-06-03,29,38,9
6168,2019-06-03,46,35,-11
6169,2019-06-03,118,107,-11
6170,2019-06-03,43,28,-15
6171,2019-06-03,43,32,-11
6173,2019-06-03,104,74,-30
6174,2019-06-03,86,73,-13
6175,2019-06-03,78,48,-30
6176,2019-06-03,58,56,-2
6177,2019-06-03,51,45,-6
6178,2019-06-03,79,83,4
6179,2019-06-03,55,48,-7
6180,2019-06-03,61,70,9
6181,2019-06-03,98,57,-41
6182,2019-06-03,56,49,-7
6183,2019-06-03,72,63,-9
6184,2019-06-03,179,176,-3
6185,2019-06-03,15,20,5
6186,2019-06-03,77,57,-20
6187,2019-06-03,90,110,20
6188,2019-06-03,59,46,-13
6189,2019-06-03,19,21,2
6190,2019-06-03,103,73,-30
6191,2019-06-03,50,41,-9
6192,2019-06-03,45,39,-6
6193,2019-06-03,111,112,1
6194,2019-06-03,156,145,-11
6195,2019-06-03,99,72,-27
6196,2019-06-03,74,46,-28
6197,2019-06-03,50,34,-16
6198,2019-06-03,24,15,-9
6199,2019-06-03,93,71,-22
6200,2019-06-03,68,68,0
6201,2019-06-03,57,38,-19
6202,2019-06-03,96,87,-9
6203,2019-06-03,95,89,-6
6204,2019-06-03,79,80,1
6205,2019-06-03,96,82,-14
6206,2019-06-03,118,124,6
6207,2019-06-03,44,43,-1
6208,2019-06-03,54,55,1
6209,2019-06-03,110,77,-33
6210,2019-06-03,59,48,-11
6211,2019-06-03,140,135,-5
6212,2019-06-03,56,37,-19
6213,2019-06-03,131,127,-4
6214,2019-06-03,75,45,-30
6216,2019-06-03,83,47,-36
6217,2019-06-03,90,61,-29
6218,2019-06-03,54,51,-3
6219,2019-06-03,73,62,-11
6220,2019-06-03,79,77,-2
6221,2019-06-03,201,152,-49
6222,2019-06-03,69,37,-32
6223,2019-06-03,68,39,-29
6224,2019-06-03,76,60,-16
6225,2019-06-03,70,41,-29
6226,2019-06-03,30,25,-5
6227,2019-06-03,122,101,-21
6228,2019-06-03,35,23,-12
6229,2019-06-03,71,49,-22
6230,2019-06-03,49,53,4
6231,2019-06-03,112,96,-16
6232,2019-06-03,45,24,-21
6233,2019-06-03,89,62,-27
6234,2019-06-03,50,37,-13
6235,2019-06-03,68,53,-15
6236,2019-06-03,65,68,3
6237,2019-06-03,42,46,4
6240,2019-06-03,15,16,1
6241,2019-06-03,33,31,-2
6243,2019-06-03,44,42,-2
6245,2019-06-03,31,24,-7
6246,2019-06-03,60,63,3
6247,2019-06-03,90,71,-19
6248,2019-06-03,133,118,-15
6249,2019-06-03,47,40,-7
6250,2019-06-03,57,39,-18
6251,2019-06-03,12,18,6
6252,2019-06-03,34,26,-8
6253,2019-06-03,52,46,-6
6254,2019-06-03,51,55,4
6255,2019-06-03,64,56,-8
6257,2019-06-03,37,34,-3
6258,2019-06-03,58,45,-13
6259,2019-06-03,48,37,-11
6260,2019-06-03,31,29,-2
6261,2019-06-03,50,45,-5
6262,2019-06-03,24,34,10
6263,2019-06-03,23,26,3
6264,2019-06-03,34,32,-2
6265,2019-06-03,43,42,-1
6266,2019-06-03,21,19,-2
6267,2019-06-03,30,32,2
6268,2019-06-03,42,44,2
6269,2019-06-03,16,21,5
6270,2019-06-03,35,27,-8
6272,2019-06-03,20,18,-2
6273,2019-06-03,37,27,-10
6274,2019-06-03,37,31,-6
6275,2019-06-03,30,34,4
6276,2019-06-03,42,33,-9
6277,2019-06-03,38,29,-9
6278,2019-06-03,10,14,4
6279,2019-06-03,23,11,-12
6280,2019-06-03,66,60,-6
6281,2019-06-03,28,26,-2
6301,2019-06-03,18,16,-2
6302,2019-06-03,18,11,-7
6303,2019-06-03,23,9,-14
6304,2019-06-03,14,10,-4
6305,2019-06-03,25,14,-11
6306,2019-06-03,55,24,-31
6307,2019-06-03,57,69,12
6309,2019-06-03,25,24,-1
6310,2019-06-03,60,27,-33
6311,2019-06-03,35,37,2
6312,2019-06-03,29,38,9
6313,2019-06-03,37,41,4
6314,2019-06-03,66,48,-18
6315,2019-06-03,76,39,-37
6316,2019-06-03,33,23,-10
6321,2019-06-03,66,60,-6
6322,2019-06-03,20,20,0
6323,2019-06-03,13,17,4
6324,2019-06-03,17,17,0
6327,2019-06-03,35,19,-16
6328,2019-06-03,20,24,4
6329,2019-06-03,21,17,-4
6330,2019-06-03,23,17,-6
6331,2019-06-03,15,10,-5
6332,2019-06-03,22,22,0
6333,2019-06-03,15,17,2
6334,2019-06-03,61,55,-6
6336,2019-06-03,24,26,2
6338,2019-06-03,24,22,-2
6339,2019-06-03,28,24,-4
6340,2019-06-03,30,32,2
6341,2019-06-03,32,37,5
6343,2019-06-03,31,32,1
6344,2019-06-03,35,36,1
6345,2019-06-03,12,14,2
6346,2019-06-03,15,16,1
6347,2019-06-03,24,24,0
6349,2019-06-03,32,32,0
6350,2019-06-03,35,45,10
6354,2019-06-03,24,27,3
6355,2019-06-03,28,34,6
6356,2019-06-03,34,25,-9
6358,2019-06-03,28,25,-3
6359,2019-06-03,74,86,12
6360,2019-06-03,25,26,1
6361,2019-06-03,37,30,-7
6362,2019-06-03,31,32,1
6363,2019-06-03,24,23,-1
6364,2019-06-03,48,35,-13
6366,2019-06-03,24,17,-7
6367,2019-06-03,27,22,-5
6368,2019-06-03,45,41,-4
6369,2019-06-03,25,36,11
6370,2019-06-03,32,18,-14
6371,2019-06-03,61,64,3
6372,2019-06-03,48,57,9
6373,2019-06-03,23,28,5
6374,2019-06-03,29,27,-2
6375,2019-06-03,52,59,7
6377,2019-06-03,37,50,13
6379,2019-06-03,31,37,6
6380,2019-06-03,29,26,-3
6381,2019-06-03,55,44,-11
6383,2019-06-03,25,21,-4
6384,2019-06-03,19,16,-3
6385,2019-06-03,44,48,4
6386,2019-06-03,52,62,10
6387,2019-06-03,71,84,13
6388,2019-06-03,19,20,1
6389,2019-06-03,47,38,-9
6391,2019-06-03,38,60,22
6393,2019-06-03,55,55,0
6394,2019-06-03,57,77,20
6395,2019-06-03,47,51,4
6396,2019-06-03,71,71,0
6397,2019-06-03,34,47,13
6398,2019-06-03,26,31,5
6401,2019-06-03,41,54,13
6402,2019-06-03,29,35,6
6403,2019-06-03,23,28,5
6404,2019-06-03,16,25,9
6405,2019-06-03,29,41,12
6406,2019-06-03,43,60,17
6408,2019-06-03,50,52,2
6410,2019-06-03,38,42,4
6411,2019-06-03,117,111,-6
6412,2019-06-03,21,26,5
6413,2019-06-03,16,25,9
6414,2019-06-03,17,22,5
6415,2019-06-03,15,14,-1
6416,2019-06-03,20,6,-14
6417,2019-06-03,19,22,3
6418,2019-06-03,5,5,0
6419,2019-06-03,11,16,5
6420,2019-06-03,29,23,-6
6421,2019-06-03,37,24,-13
6422,2019-06-03,13,12,-1
6423,2019-06-03,17,15,-2
6424,2019-06-03,32,48,16
6425,2019-06-03,39,35,-4
6426,2019-06-03,61,60,-1
6427,2019-06-03,43,44,1
6428,2019-06-03,15,15,0
6429,2019-06-03,18,23,5
6432,2019-06-03,82,89,7
6433,2019-06-03,28,28,0
6434,2019-06-03,62,56,-6
6435,2019-06-03,35,22,-13
6436,2019-06-03,32,23,-9
6501,2019-06-03,31,30,-1
6502,2019-06-03,6,8,2
6503,2019-06-03,63,53,-10
6504,2019-06-03,10,9,-1
6700,2019-06-03,16,31,15
6701,2019-06-03,48,57,9
6702,2019-06-03,9,19,10
6703,2019-06-03,25,25,0
6704,2019-06-03,19,10,-9
6705,2019-06-03,13,16,3
6706,2019-06-03,14,15,1
6707,2019-06-03,20,26,6
6708,2019-06-03,31,78,47
6709,2019-06-03,29,28,-1
6710,2019-06-03,12,7,-5
6711,2019-06-03,15,17,2
6712,2019-06-03,5,9,4
6714,2019-06-03,8,6,-2
6715,2019-06-03,9,18,9
6716,2019-06-03,12,15,3
6717,2019-06-03,11,12,1
6718,2019-06-03,19,23,4
6719,2019-06-03,16,13,-3
6720,2019-06-03,25,28,3
6721,2019-06-03,18,15,-3
6722,2019-06-03,10,17,7
6723,2019-06-03,22,30,8
6724,2019-06-03,36,32,-4
6725,2019-06-03,31,35,4
6726,2019-06-03,12,19,7
6727,2019-06-03,85,87,2
6728,2019-06-03,14,10,-4
6729,2019-06-03,98,105,7
6730,2019-06-03,13,10,-3
6731,2019-06-03,13,9,-4
6732,2019-06-03,33,46,13
6733,2019-06-03,23,18,-5
6734,2019-06-03,37,38,1
6735,2019-06-03,8,11,3
6736,2019-06-03,17,20,3
6737,2019-06-03,23,23,0
6738,2019-06-03,57,75,18
6739,2019-06-03,6,5,-1
6741,2019-06-03,17,11,-6
6742,2019-06-03,40,45,5
6743,2019-06-03,30,30,0
6744,2019-06-03,25,22,-3
6745,2019-06-03,17,14,-3
6746,2019-06-03,10,9,-1
6747,2019-06-03,41,41,0
6748,2019-06-03,62,68,6
6749,2019-06-03,33,34,1
6750,2019-06-03,50,33,-17
6752,2019-06-03,16,18,2
6753,2019-06-03,19,18,-1
6754,2019-06-03,29,31,2
6901,2019-06-03,38,40,2
6902,2019-06-03,64,72,8
6903,2019-06-03,88,93,5
6904,2019-06-03,33,33,0
6905,2019-06-03,29,28,-1
6906,2019-06-03,134,96,-38
6907,2019-06-03,80,49,-31
6908,2019-06-03,37,44,7
6910,2019-06-03,78,77,-1
6912,2019-06-03,132,107,-25
6913,2019-06-03,44,37,-7
6915,2019-06-03,51,52,1
6916,2019-06-03,13,24,11
6917,2019-06-03,13,15,2
6918,2019-06-03,29,15,-14
6919,2019-06-03,25,22,-3
6921,2019-06-03,80,76,-4
6923,2019-06-03,42,40,-2
6924,2019-06-03,23,27,4
6925,2019-06-03,40,35,-5
6926,2019-06-03,47,58,11
6927,2019-06-03,63,36,-27
6928,2019-06-03,42,15,-27
6929,2019-06-03,33,31,-2
6930,2019-06-03,23,22,-1
7001,2019-06-03,33,34,1
7002,2019-06-03,16,18,2
7003,2019-06-03,109,88,-21
7004,2019-06-03,9,9,0
7005,2019-06-03,9,12,3
7006,2019-06-03,18,28,10
7007,2019-06-03,4,10,6
7008,2019-06-03,14,23,9
7009,2019-06-03,66,84,18
7010,2019-06-03,13,11,-2
7011,2019-06-03,55,56,1
7012,2019-06-03,34,37,3
7013,2019-06-03,22,17,-5
7014,2019-06-03,62,49,-13
7015,2019-06-03,11,12,1
7016,2019-06-03,6,6,0
7017,2019-06-03,17,27,10
7018,2019-06-03,33,36,3
7019,2019-06-03,92,89,-3
7020,2019-06-03,14,19,5
7021,2019-06-03,43,32,-11
7022,2019-06-03,28,29,1
7023,2019-06-03,6,6,0
7024,2019-06-03,16,15,-1
7025,2019-06-03,45,24,-21
7027,2019-06-03,28,38,10
7028,2019-06-03,72,89,17
7029,2019-06-03,49,43,-6
7030,2019-06-03,58,60,2
7031,2019-06-03,42,47,5
7032,2019-06-03,123,76,-47
7033,2019-06-03,61,60,-1
7034,2019-06-03,21,35,14
7035,2019-06-03,43,43,0
7036,2019-06-03,19,17,-2
7037,2019-06-03,45,33,-12
7038,2019-06-03,60,57,-3
7039,2019-06-03,19,17,-2
7040,2019-06-03,50,67,17
7041,2019-06-03,98,99,1
7042,2019-06-03,32,36,4
7043,2019-06-03,22,12,-10
7044,2019-06-03,8,9,1
7045,2019-06-03,29,33,4
7046,2019-06-03,111,91,-20
7047,2019-06-03,97,143,46
7048,2019-06-03,27,27,0
7049,2019-06-03,12,11,-1
7050,2019-06-03,27,32,5
7051,2019-06-03,6,9,3
7052,2019-06-03,45,54,9
7053,2019-06-03,30,37,7
7054,2019-06-03,25,29,4
7055,2019-06-03,15,33,18
7056,2019-06-03,16,15,-1
7057,2019-06-03,28,36,8
7058,2019-06-03,24,24,0
7059,2019-06-03,17,23,6
7060,2019-06-03,21,18,-3
7061,2019-06-03,26,20,-6
7062,2019-06-03,38,60,22
7063,2019-06-03,20,20,0
7064,2019-06-03,26,22,-4
7065,2019-06-03,21,31,10
7066,2019-06-03,42,71,29
7067,2019-06-03,47,57,10
7068,2019-06-03,41,77,36
7069,2019-06-03,47,59,12
7070,2019-06-03,36,42,6
7071,2019-06-03,59,37,-22
7072,2019-06-03,30,22,-8
7073,2019-06-03,20,32,12
7074,2019-06-03,30,39,9
7075,2019-06-03,8,13,5
7076,2019-06-03,59,39,-20
7077,2019-06-03,24,35,11
7078,2019-06-03,26,31,5
7079,2019-06-03,33,30,-3
7080,2019-06-03,59,69,10
7081,2019-06-03,67,57,-10
7082,2019-06-03,51,78,27
7083,2019-06-03,60,55,-5
7084,2019-06-03,64,65,1
7085,2019-06-03,2,2,0
7090,2019-06-03,10,12,2
7091,2019-06-03,8,6,-2
7092,2019-06-03,6,4,-2
7093,2019-06-03,3,4,1
7094,2019-06-03,2,1,-1
7095,2019-06-03,13,19,6
7096,2019-06-03,21,26,5
7097,2019-06-03,7,9,2
7098,2019-06-03,2,5,3
7099,2019-06-03,2,3,1
7100,2019-06-03,2,2,0
7101,2019-06-03,8,8,0
7102,2019-06-03,16,19,3
7103,2019-06-03,7,6,-1
7104,2019-06-03,1,2,1
7105,2019-06-03,1,2,1
7107,2019-06-03,3,3,0
7108,2019-06-03,6,6,0
7109,2019-06-03,11,10,-1
7110,2019-06-03,7,6,-1
7111,2019-06-03,5,5,0
7112,2019-06-03,12,14,2
7113,2019-06-03,49,60,11
7114,2019-06-03,59,59,0
7115,2019-06-03,14,13,-1
7116,2019-06-03,6,8,2
7118,2019-06-03,3,4,1
7119,2019-06-03,7,7,0
7120,2019-06-03,6,7,1
7121,2019-06-03,7,6,-1
7122,2019-06-03,5,4,-1
7123,2019-06-03,7,6,-1
7124,2019-06-03,15,17,2
7125,2019-06-03,12,9,-3
7126,2019-06-03,7,6,-1
7127,2019-06-03,20,24,4
7128,2019-06-03,14,10,-4
7129,2019-06-03,9,9,0
7130,2019-06-03,13,7,-6
7131,2019-06-03,2,3,1
7132,2019-06-03,6,5,-1
7133,2019-06-03,2,5,3
7134,2019-06-03,4,4,0
7135,2019-06-03,3,4,1
7136,2019-06-03,8,11,3
7137,2019-06-03,8,10,2
7138,2019-06-03,1,2,1
7140,2019-06-03,21,18,-3
7141,2019-06-03,20,24,4
7142,2019-06-03,8,9,1
7143,2019-06-03,11,16,5
7144,2019-06-03,29,30,1
7145,2019-06-03,13,13,0
7146,2019-06-03,11,26,15
7147,2019-06-03,31,31,0
7148,2019-06-03,8,5,-3
7149,2019-06-03,10,13,3
10002,2019-06-03,97,105,8
4000,2019-06-04,52,70,18
4001,2019-06-04,8,6,-2
4002,2019-06-04,23,15,-8
5002,2019-06-04,1,2,1
5003,2019-06-04,3,3,0
5004,2019-06-04,6,6,0
5005,2019-06-04,4,4,0
5006,2019-06-04,7,9,2
5007,2019-06-04,17,16,-1
6001,2019-06-04,67,91,24
6002,2019-06-04,35,48,13
6003,2019-06-04,60,83,23
6004,2019-06-04,57,54,-3
6005,2019-06-04,84,102,18
6006,2019-06-04,24,16,-8
6007,2019-06-04,40,50,10
6008,2019-06-04,43,91,48
6009,2019-06-04,7,13,6
6011,2019-06-04,64,73,9
6012,2019-06-04,96,185,89
6013,2019-06-04,77,136,59
6014,2019-06-04,59,61,2
6015,2019-06-04,193,302,109
6016,2019-06-04,12,11,-1
6017,2019-06-04,40,41,1
6018,2019-06-04,48,62,14
6019,2019-06-04,135,78,-57
6020,2019-06-04,55,62,7
6021,2019-06-04,80,62,-18
6022,2019-06-04,49,51,2
6023,2019-06-04,114,129,15
6025,2019-06-04,32,39,7
6026,2019-06-04,118,165,47
6027,2019-06-04,156,207,51
6029,2019-06-04,28,44,16
6031,2019-06-04,28,33,5
6032,2019-06-04,44,128,84
6033,2019-06-04,23,16,-7
6034,2019-06-04,29,35,6
6035,2019-06-04,19,58,39
6036,2019-06-04,122,188,66
6037,2019-06-04,42,46,4
6038,2019-06-04,91,99,8
6039,2019-06-04,73,94,21
6040,2019-06-04,46,60,14
6041,2019-06-04,65,65,0
6042,2019-06-04,95,86,-9
6043,2019-06-04,156,394,238
6044,2019-06-04,79,65,-14
6046,2019-06-04,116,112,-4
6047,2019-06-04,74,70,-4
6048,2019-06-04,49,47,-2
6049,2019-06-04,96,96,0
6050,2019-06-04,51,50,-1
6051,2019-06-04,21,42,21
6052,2019-06-04,151,246,95
6053,2019-06-04,126,135,9
6057,2019-06-04,76,61,-15
6058,2019-06-04,72,71,-1
6059,2019-06-04,59,59,0
6060,2019-06-04,32,25,-7
6062,2019-06-04,50,47,-3
6063,2019-06-04,89,92,3
6064,2019-06-04,176,180,4
6065,2019-06-04,82,61,-21
6066,2019-06-04,28,11,-17
6067,2019-06-04,52,79,27
6068,2019-06-04,11,10,-1
6070,2019-06-04,174,158,-16
6072,2019-06-04,83,74,-9
6073,2019-06-04,198,235,37
6075,2019-06-04,38,14,-24
6076,2019-06-04,15,20,5
6079,2019-06-04,61,56,-5
6080,2019-06-04,137,126,-11
6081,2019-06-04,32,26,-6
6082,2019-06-04,22,22,0
6083,2019-06-04,151,217,66
6084,2019-06-04,55,69,14
6085,2019-06-04,94,153,59
6086,2019-06-04,15,14,-1
6087,2019-06-04,88,126,38
6088,2019-06-04,57,74,17
6089,2019-06-04,58,69,11
6090,2019-06-04,41,41,0
6091,2019-06-04,33,36,3
6092,2019-06-04,82,85,3
6093,2019-06-04,31,16,-15
6094,2019-06-04,57,65,8
6095,2019-06-04,101,92,-9
6096,2019-06-04,43,54,11
6097,2019-06-04,69,42,-27
6098,2019-06-04,41,42,1
6099,2019-06-04,77,128,51
6100,2019-06-04,259,253,-6
6101,2019-06-04,72,30,-42
6102,2019-06-04,37,22,-15
6103,2019-06-04,19,24,5
6104,2019-06-04,73,92,19
6105,2019-06-04,58,82,24
6106,2019-06-04,28,39,11
6107,2019-06-04,62,63,1
6108,2019-06-04,48,53,5
6109,2019-06-04,13,8,-5
6110,2019-06-04,36,38,2
6111,2019-06-04,23,43,20
6112,2019-06-04,83,84,1
6113,2019-06-04,48,53,5
6114,2019-06-04,133,169,36
6115,2019-06-04,19,30,11
6116,2019-06-04,46,62,16
6118,2019-06-04,72,94,22
6119,2019-06-04,80,96,16
6120,2019-06-04,55,84,29
6121,2019-06-04,36,42,6
6122,2019-06-04,22,28,6
6123,2019-06-04,19,36,17
6124,2019-06-04,33,64,31
6125,2019-06-04,19,20,1
6126,2019-06-04,49,54,5
6127,2019-06-04,37,32,-5
6128,2019-06-04,19,20,1
6129,2019-06-04,67,60,-7
6131,2019-06-04,70,43,-27
6132,2019-06-04,72,74,2
6133,2019-06-04,57,46,-11
6134,2019-06-04,54,43,-11
6136,2019-06-04,280,207,-73
6137,2019-06-04,80,69,-11
6138,2019-06-04,75,77,2
6139,2019-06-04,45,38,-7
6140,2019-06-04,101,86,-15
6141,2019-06-04,40,37,-3
6142,2019-06-04,94,56,-38
6143,2019-06-04,79,76,-3
6145,2019-06-04,39,45,6
6146,2019-06-04,66,45,-21
6147,2019-06-04,118,61,-57
6148,2019-06-04,116,80,-36
6149,2019-06-04,41,44,3
6150,2019-06-04,55,57,2
6151,2019-06-04,62,68,6
6152,2019-06-04,101,96,-5
6153,2019-06-04,58,53,-5
6154,2019-06-04,154,140,-14
6155,2019-06-04,124,102,-22
6156,2019-06-04,71,63,-8
6157,2019-06-04,94,69,-25
6158,2019-06-04,49,56,7
6159,2019-06-04,20,31,11
6160,2019-06-04,55,46,-9
6161,2019-06-04,30,33,3
6162,2019-06-04,8,5,-3
6163,2019-06-04,77,90,13
6164,2019-06-04,66,94,28
6165,2019-06-04,86,88,2
6166,2019-06-04,87,63,-24
6167,2019-06-04,20,34,14
6168,2019-06-04,45,44,-1
6169,2019-06-04,126,94,-32
6170,2019-06-04,47,31,-16
6171,2019-06-04,33,48,15
6173,2019-06-04,126,62,-64
6174,2019-06-04,117,85,-32
6175,2019-06-04,69,39,-30
6176,2019-06-04,72,71,-1
6177,2019-06-04,62,49,-13
6178,2019-06-04,99,86,-13
6179,2019-06-04,61,55,-6
6180,2019-06-04,62,61,-1
6181,2019-06-04,92,58,-34
6182,2019-06-04,64,40,-24
6183,2019-06-04,67,66,-1
6184,2019-06-04,186,185,-1
6185,2019-06-04,17,21,4
6186,2019-06-04,69,51,-18
6187,2019-06-04,106,120,14
6188,2019-06-04,45,48,3
6189,2019-06-04,23,22,-1
6190,2019-06-04,129,92,-37
6191,2019-06-04,48,39,-9
6192,2019-06-04,41,36,-5
6193,2019-06-04,108,103,-5
6194,2019-06-04,162,156,-6
6195,2019-06-04,84,54,-30
6196,2019-06-04,97,71,-26
6197,2019-06-04,35,42,7
6198,2019-06-04,29,14,-15
6199,2019-06-04,101,69,-32
6200,2019-06-04,109,93,-16
6201,2019-06-04,76,47,-29
6202,2019-06-04,106,95,-11
6203,2019-06-04,98,84,-14
6204,2019-06-04,78,94,16
6205,2019-06-04,85,65,-20
6206,2019-06-04,123,121,-2
6207,2019-06-04,52,55,3
6208,2019-06-04,59,69,10
6209,2019-06-04,116,86,-30
6210,2019-06-04,49,42,-7
6211,2019-06-04,145,134,-11
6212,2019-06-04,97,58,-39
6213,2019-06-04,99,106,7
6214,2019-06-04,74,51,-23
6216,2019-06-04,109,57,-52
6217,2019-06-04,106,75,-31
6218,2019-06-04,65,37,-28
6219,2019-06-04,70,71,1
6220,2019-06-04,81,69,-12
6221,2019-06-04,160,134,-26
6222,2019-06-04,60,33,-27
6223,2019-06-04,96,41,-55
6224,2019-06-04,69,54,-15
6225,2019-06-04,82,55,-27
6226,2019-06-04,24,26,2
6227,2019-06-04,118,115,-3
6228,2019-06-04,27,23,-4
6229,2019-06-04,63,52,-11
6230,2019-06-04,86,78,-8
6231,2019-06-04,76,75,-1
6232,2019-06-04,36,28,-8
6233,2019-06-04,74,51,-23
6234,2019-06-04,52,37,-15
6235,2019-06-04,68,67,-1
6236,2019-06-04,72,68,-4
6237,2019-06-04,58,55,-3
6240,2019-06-04,13,20,7
6241,2019-06-04,36,28,-8
6243,2019-06-04,70,66,-4
6245,2019-06-04,36,29,-7
6246,2019-06-04,59,56,-3
6247,2019-06-04,107,91,-16
6248,2019-06-04,140,127,-13
6249,2019-06-04,41,44,3
6250,2019-06-04,73,68,-5
6251,2019-06-04,21,23,2
6252,2019-06-04,37,23,-14
6253,2019-06-04,49,45,-4
6254,2019-06-04,48,43,-5
6255,2019-06-04,73,77,4
6257,2019-06-04,39,40,1
6258,2019-06-04,80,65,-15
6259,2019-06-04,44,44,0
6260,2019-06-04,44,31,-13
6261,2019-06-04,43,36,-7
6262,2019-06-04,34,42,8
6263,2019-06-04,29,28,-1
6264,2019-06-04,35,31,-4
6265,2019-06-04,50,42,-8
6266,2019-06-04,23,19,-4
6267,2019-06-04,32,34,2
6268,2019-06-04,52,42,-10
6269,2019-06-04,29,39,10
6270,2019-06-04,37,37,0
6271,2019-06-04,2,4,2
6272,2019-06-04,36,25,-11
6273,2019-06-04,31,32,1
6274,2019-06-04,37,40,3
6275,2019-06-04,33,28,-5
6276,2019-06-04,45,36,-9
6277,2019-06-04,52,53,1
6278,2019-06-04,25,24,-1
6279,2019-06-04,24,19,-5
6280,2019-06-04,80,74,-6
6281,2019-06-04,36,23,-13
6301,2019-06-04,26,16,-10
6302,2019-06-04,9,11,2
6303,2019-06-04,21,15,-6
6304,2019-06-04,12,8,-4
6305,2019-06-04,23,17,-6
6306,2019-06-04,54,21,-33
6307,2019-06-04,60,61,1
6309,2019-06-04,32,24,-8
6310,2019-06-04,78,27,-51
6311,2019-06-04,36,23,-13
6312,2019-06-04,23,32,9
6313,2019-06-04,28,50,22
6314,2019-06-04,73,58,-15
6315,2019-06-04,62,32,-30
6316,2019-06-04,52,18,-34
6321,2019-06-04,75,60,-15
6322,2019-06-04,17,18,1
6323,2019-06-04,22,21,-1
6324,2019-06-04,22,21,-1
6327,2019-06-04,38,26,-12
6328,2019-06-04,22,22,0
6329,2019-06-04,24,28,4
6330,2019-06-04,25,21,-4
6331,2019-06-04,18,21,3
6332,2019-06-04,29,33,4
6333,2019-06-04,20,18,-2
6334,2019-06-04,76,70,-6
6336,2019-06-04,39,38,-1
6338,2019-06-04,22,17,-5
6339,2019-06-04,4,2,-2
6340,2019-06-04,27,21,-6
6341,2019-06-04,20,40,20
6343,2019-06-04,30,38,8
6344,2019-06-04,44,33,-11
6345,2019-06-04,12,11,-1
6346,2019-06-04,13,8,-5
6347,2019-06-04,25,20,-5
6349,2019-06-04,34,33,-1
6350,2019-06-04,41,39,-2
6354,2019-06-04,27,28,1
6355,2019-06-04,26,43,17
6356,2019-06-04,43,28,-15
6358,2019-06-04,21,25,4
6359,2019-06-04,85,100,15
6360,2019-06-04,35,30,-5
6361,2019-06-04,43,44,1
6362,2019-06-04,22,24,2
6363,2019-06-04,26,19,-7
6364,2019-06-04,40,30,-10
6366,2019-06-04,34,22,-12
6367,2019-06-04,25,27,2
6368,2019-06-04,57,54,-3
6369,2019-06-04,22,43,21
6370,2019-06-04,40,35,-5
6371,2019-06-04,69,58,-11
6372,2019-06-04,62,63,1
6373,2019-06-04,31,32,1
6374,2019-06-04,40,28,-12
6375,2019-06-04,60,65,5
6377,2019-06-04,36,48,12
6379,2019-06-04,25,25,0
6380,2019-06-04,31,26,-5
6381,2019-06-04,48,43,-5
6383,2019-06-04,22,25,3
6384,2019-06-04,23,17,-6
6385,2019-06-04,48,55,7
6386,2019-06-04,58,65,7
6387,2019-06-04,53,80,27
6388,2019-06-04,19,20,1
6389,2019-06-04,57,39,-18
6391,2019-06-04,44,70,26
6393,2019-06-04,62,82,20
6394,2019-06-04,57,88,31
6395,2019-06-04,64,62,-2
6396,2019-06-04,82,80,-2
6397,2019-06-04,41,56,15
6398,2019-06-04,25,31,6
6401,2019-06-04,49,68,19
6402,2019-06-04,37,37,0
6403,2019-06-04,25,36,11
6404,2019-06-04,18,27,9
6405,2019-06-04,36,49,13
6406,2019-06-04,83,90,7
6408,2019-06-04,57,62,5
6410,2019-06-04,41,40,-1
6411,2019-06-04,124,129,5
6412,2019-06-04,20,27,7
6413,2019-06-04,24,22,-2
6414,2019-06-04,16,28,12
6415,2019-06-04,25,20,-5
6416,2019-06-04,30,18,-12
6417,2019-06-04,24,20,-4
6418,2019-06-04,8,8,0
6419,2019-06-04,11,14,3
6420,2019-06-04,26,30,4
6421,2019-06-04,45,36,-9
6422,2019-06-04,11,17,6
6423,2019-06-04,21,14,-7
6424,2019-06-04,36,52,16
6425,2019-06-04,22,22,0
6426,2019-06-04,68,66,-2
6427,2019-06-04,61,55,-6
6428,2019-06-04,13,16,3
6429,2019-06-04,34,38,4
6432,2019-06-04,89,83,-6
6433,2019-06-04,38,34,-4
6434,2019-06-04,62,71,9
6435,2019-06-04,28,27,-1
6436,2019-06-04,32,25,-7
6501,2019-06-04,27,30,3
6502,2019-06-04,9,10,1
6503,2019-06-04,59,42,-17
6504,2019-06-04,8,9,1
6700,2019-06-04,20,37,17
6701,2019-06-04,67,54,-13
6702,2019-06-04,19,22,3
6703,2019-06-04,43,51,8
6704,2019-06-04,30,24,-6
6705,2019-06-04,11,14,3
6706,2019-06-04,17,28,11
6707,2019-06-04,26,26,0
6708,2019-06-04,66,84,18
6709,2019-06-04,25,26,1
6710,2019-06-04,11,19,8
6711,2019-06-04,24,22,-2
6712,2019-06-04,8,8,0
6714,2019-06-04,7,5,-2
6715,2019-06-04,21,25,4
6716,2019-06-04,8,11,3
6717,2019-06-04,8,16,8
6718,2019-06-04,28,27,-1
6719,2019-06-04,17,19,2
6720,2019-06-04,24,30,6
6721,2019-06-04,15,17,2
6722,2019-06-04,11,12,1
6723,2019-06-04,25,15,-10
6724,2019-06-04,43,56,13
6725,2019-06-04,40,35,-5
6726,2019-06-04,16,16,0
6727,2019-06-04,93,106,13
6728,2019-06-04,6,10,4
6729,2019-06-04,110,109,-1
6730,2019-06-04,14,17,3
6731,2019-06-04,14,4,-10
6732,2019-06-04,40,51,11
6733,2019-06-04,27,35,8
6734,2019-06-04,50,44,-6
6735,2019-06-04,8,7,-1
6736,2019-06-04,17,15,-2
6737,2019-06-04,25,25,0
6738,2019-06-04,75,77,2
6739,2019-06-04,6,2,-4
6741,2019-06-04,20,26,6
6742,2019-06-04,55,54,-1
6743,2019-06-04,31,22,-9
6744,2019-06-04,27,27,0
6745,2019-06-04,20,22,2
6746,2019-06-04,23,21,-2
6747,2019-06-04,42,43,1
6748,2019-06-04,75,89,14
6749,2019-06-04,36,41,5
6750,2019-06-04,44,43,-1
6752,2019-06-04,19,20,1
6753,2019-06-04,16,20,4
6754,2019-06-04,26,29,3
6901,2019-06-04,28,67,39
6902,2019-06-04,73,91,18
6903,2019-06-04,87,81,-6
6904,2019-06-04,57,40,-17
6905,2019-06-04,41,30,-11
6906,2019-06-04,157,81,-76
6907,2019-06-04,78,50,-28
6908,2019-06-04,44,42,-2
6910,2019-06-04,93,77,-16
6912,2019-06-04,129,111,-18
6913,2019-06-04,51,41,-10
6915,2019-06-04,67,58,-9
6916,2019-06-04,22,31,9
6917,2019-06-04,13,15,2
6918,2019-06-04,28,19,-9
6919,2019-06-04,32,18,-14
6921,2019-06-04,67,69,2
6923,2019-06-04,47,43,-4
6924,2019-06-04,26,21,-5
6925,2019-06-04,41,48,7
6926,2019-06-04,53,49,-4
6927,2019-06-04,78,41,-37
6928,2019-06-04,41,15,-26
6929,2019-06-04,36,25,-11
6930,2019-06-04,21,21,0
7001,2019-06-04,32,33,1
7002,2019-06-04,6,13,7
7003,2019-06-04,97,76,-21
7004,2019-06-04,12,10,-2
7005,2019-06-04,9,8,-1
7006,2019-06-04,17,20,3
7007,2019-06-04,7,17,10
7008,2019-06-04,24,21,-3
7009,2019-06-04,76,96,20
7010,2019-06-04,15,7,-8
7011,2019-06-04,52,52,0
7012,2019-06-04,31,42,11
7013,2019-06-04,16,9,-7
7014,2019-06-04,70,46,-24
7015,2019-06-04,14,16,2
7016,2019-06-04,7,9,2
7017,2019-06-04,24,31,7
7018,2019-06-04,28,35,7
7019,2019-06-04,141,141,0
7020,2019-06-04,17,22,5
7021,2019-06-04,36,36,0
7022,2019-06-04,46,29,-17
7023,2019-06-04,9,8,-1
7024,2019-06-04,29,18,-11
7025,2019-06-04,48,37,-11
7027,2019-06-04,49,33,-16
7028,2019-06-04,79,86,7
7029,2019-06-04,36,37,1
7030,2019-06-04,43,49,6
7031,2019-06-04,75,68,-7
7032,2019-06-04,124,67,-57
7033,2019-06-04,56,48,-8
7034,2019-06-04,23,37,14
7035,2019-06-04,43,39,-4
7036,2019-06-04,44,41,-3
7037,2019-06-04,44,46,2
7038,2019-06-04,45,49,4
7039,2019-06-04,18,27,9
7040,2019-06-04,69,67,-2
7041,2019-06-04,115,103,-12
7042,2019-06-04,31,31,0
7043,2019-06-04,21,19,-2
7044,2019-06-04,11,10,-1
7045,2019-06-04,44,38,-6
7046,2019-06-04,127,109,-18
7047,2019-06-04,112,167,55
7048,2019-06-04,17,13,-4
7049,2019-06-04,12,16,4
7050,2019-06-04,22,33,11
7051,2019-06-04,11,12,1
7052,2019-06-04,60,59,-1
7053,2019-06-04,28,42,14
7054,2019-06-04,41,44,3
7055,2019-06-04,23,26,3
7056,2019-06-04,7,7,0
7057,2019-06-04,24,46,22
7058,2019-06-04,32,30,-2
7059,2019-06-04,23,20,-3
7060,2019-06-04,25,24,-1
7061,2019-06-04,32,28,-4
7062,2019-06-04,51,57,6
7063,2019-06-04,21,18,-3
7064,2019-06-04,20,25,5
7065,2019-06-04,30,22,-8
7066,2019-06-04,47,102,55
7067,2019-06-04,56,39,-17
7068,2019-06-04,57,80,23
7069,2019-06-04,64,82,18
7070,2019-06-04,80,86,6
7071,2019-06-04,61,33,-28
7072,2019-06-04,39,29,-10
7073,2019-06-04,41,42,1
7074,2019-06-04,30,43,13
7075,2019-06-04,9,10,1
7076,2019-06-04,62,39,-23
7077,2019-06-04,27,31,4
7078,2019-06-04,15,33,18
7079,2019-06-04,32,31,-1
7080,2019-06-04,82,69,-13
7081,2019-06-04,57,59,2
7082,2019-06-04,72,102,30
7083,2019-06-04,37,40,3
7084,2019-06-04,87,72,-15
7090,2019-06-04,12,13,1
7091,2019-06-04,3,5,2
7092,2019-06-04,8,9,1
7093,2019-06-04,2,4,2
7094,2019-06-04,12,14,2
7095,2019-06-04,10,16,6
7096,2019-06-04,23,34,11
7097,2019-06-04,9,7,-2
7098,2019-06-04,2,4,2
7099,2019-06-04,6,6,0
7100,2019-06-04,4,3,-1
7101,2019-06-04,10,8,-2
7102,2019-06-04,16,25,9
7103,2019-06-04,11,12,1
7104,2019-06-04,3,4,1
7105,2019-06-04,1,1,0
7106,2019-06-04,6,6,0
7107,2019-06-04,5,5,0
7108,2019-06-04,13,10,-3
7109,2019-06-04,15,18,3
7110,2019-06-04,8,8,0
7111,2019-06-04,4,3,-1
7112,2019-06-04,8,11,3
7113,2019-06-04,47,48,1
7114,2019-06-04,71,81,10
7115,2019-06-04,13,9,-4
7116,2019-06-04,11,7,-4
7117,2019-06-04,3,4,1
7118,2019-06-04,1,3,2
7119,2019-06-04,4,5,1
7120,2019-06-04,7,4,-3
7121,2019-06-04,2,12,10
7122,2019-06-04,6,4,-2
7123,2019-06-04,4,4,0
7124,2019-06-04,21,17,-4
7125,2019-06-04,20,15,-5
7126,2019-06-04,9,2,-7
7127,2019-06-04,19,27,8
7128,2019-06-04,13,12,-1
7129,2019-06-04,8,10,2
7130,2019-06-04,12,12,0
7131,2019-06-04,4,2,-2
7132,2019-06-04,3,6,3
7133,2019-06-04,5,8,3
7134,2019-06-04,7,5,-2
7135,2019-06-04,4,2,-2
7136,2019-06-04,6,7,1
7137,2019-06-04,6,3,-3
7138,2019-06-04,4,4,0
7140,2019-06-04,25,29,4
7141,2019-06-04,28,32,4
7142,2019-06-04,6,12,6
7143,2019-06-04,14,15,1
7144,2019-06-04,40,41,1
7145,2019-06-04,17,13,-4
7146,2019-06-04,24,18,-6
7147,2019-06-04,29,34,5
7148,2019-06-04,9,12,3
7149,2019-06-04,10,11,1
10002,2019-06-04,128,135,7
4000,2019-06-05,51,61,10
4001,2019-06-05,6,3,-3
4002,2019-06-05,13,16,3
5002,2019-06-05,2,2,0
5003,2019-06-05,3,0,-3
5004,2019-06-05,1,2,1
5005,2019-06-05,2,2,0
5006,2019-06-05,7,8,1
5007,2019-06-05,12,13,1
6001,2019-06-05,59,113,54
6002,2019-06-05,42,53,11
6003,2019-06-05,52,70,18
6004,2019-06-05,51,53,2
6005,2019-06-05,88,111,23
6006,2019-06-05,35,20,-15
6007,2019-06-05,46,54,8
6008,2019-06-05,57,82,25
6011,2019-06-05,63,79,16
6012,2019-06-05,114,233,119
6013,2019-06-05,59,82,23
6014,2019-06-05,69,69,0
6015,2019-06-05,196,280,84
6016,2019-06-05,11,14,3
6017,2019-06-05,31,39,8
6018,2019-06-05,63,60,-3
6019,2019-06-05,140,93,-47
6020,2019-06-05,65,101,36
6021,2019-06-05,74,60,-14
6022,2019-06-05,50,49,-1
6023,2019-06-05,82,138,56
6025,2019-06-05,40,45,5
6026,2019-06-05,76,161,85
6027,2019-06-05,153,168,15
6029,2019-06-05,27,41,14
6031,2019-06-05,37,49,12
6032,2019-06-05,51,133,82
6033,2019-06-05,19,14,-5
6034,2019-06-05,61,94,33
6035,2019-06-05,12,40,28
6036,2019-06-05,120,171,51
6037,2019-06-05,49,48,-1
6038,2019-06-05,89,94,5
6039,2019-06-05,81,74,-7
6040,2019-06-05,39,57,18
6041,2019-06-05,71,83,12
6042,2019-06-05,93,94,1
6043,2019-06-05,176,394,218
6044,2019-06-05,83,83,0
6046,2019-06-05,120,112,-8
6047,2019-06-05,1,2,1
6048,2019-06-05,50,52,2
6049,2019-06-05,78,97,19
6050,2019-06-05,40,58,18
6051,2019-06-05,44,40,-4
6052,2019-06-05,159,253,94
6053,2019-06-05,155,160,5
6057,2019-06-05,87,67,-20
6058,2019-06-05,70,58,-12
6059,2019-06-05,75,62,-13
6060,2019-06-05,39,35,-4
6062,2019-06-05,69,68,-1
6063,2019-06-05,87,88,1
6064,2019-06-05,199,197,-2
6065,2019-06-05,79,55,-24
6066,2019-06-05,31,18,-13
6067,2019-06-05,46,65,19
6068,2019-06-05,10,17,7
6070,2019-06-05,212,176,-36
6072,2019-06-05,94,80,-14
6073,2019-06-05,200,172,-28
6075,2019-06-05,2,2,0
6076,2019-06-05,15,22,7
6079,2019-06-05,85,88,3
6080,2019-06-05,150,166,16
6081,2019-06-05,34,33,-1
6082,2019-06-05,22,13,-9
6083,2019-06-05,152,230,78
6084,2019-06-05,52,66,14
6085,2019-06-05,104,161,57
6086,2019-06-05,19,42,23
6087,2019-06-05,85,140,55
6088,2019-06-05,65,87,22
6089,2019-06-05,55,66,11
6090,2019-06-05,38,39,1
6091,2019-06-05,33,27,-6
6092,2019-06-05,83,84,1
6093,2019-06-05,31,17,-14
6094,2019-06-05,62,61,-1
6095,2019-06-05,121,101,-20
6096,2019-06-05,42,65,23
6097,2019-06-05,70,49,-21
6098,2019-06-05,43,23,-20
6099,2019-06-05,64,79,15
6100,2019-06-05,256,251,-5
6101,2019-06-05,53,20,-33
6102,2019-06-05,19,0,-19
6103,2019-06-05,20,25,5
6104,2019-06-05,74,112,38
6105,2019-06-05,67,87,20
6106,2019-06-05,22,38,16
6107,2019-06-05,72,65,-7
6108,2019-06-05,44,48,4
6109,2019-06-05,7,12,5
6110,2019-06-05,38,36,-2
6111,2019-06-05,37,44,7
6112,2019-06-05,90,104,14
6113,2019-06-05,69,72,3
6114,2019-06-05,147,170,23
6115,2019-06-05,20,22,2
6116,2019-06-05,45,76,31
6118,2019-06-05,61,83,22
6119,2019-06-05,76,80,4
6120,2019-06-05,57,92,35
6121,2019-06-05,29,47,18
6122,2019-06-05,16,21,5
6123,2019-06-05,16,32,16
6124,2019-06-05,47,60,13
6125,2019-06-05,20,27,7
6126,2019-06-05,50,48,-2
6127,2019-06-05,43,34,-9
6128,2019-06-05,21,28,7
6129,2019-06-05,56,62,6
6130,2019-06-05,3,9,6
6131,2019-06-05,76,49,-27
6132,2019-06-05,65,63,-2
6133,2019-06-05,54,43,-11
6134,2019-06-05,65,65,0
6136,2019-06-05,289,205,-84
6137,2019-06-05,83,85,2
6138,2019-06-05,80,78,-2
6139,2019-06-05,46,40,-6
6140,2019-06-05,78,88,10
6141,2019-06-05,56,55,-1
6142,2019-06-05,126,63,-63
6143,2019-06-05,96,82,-14
6145,2019-06-05,46,52,6
6146,2019-06-05,49,43,-6
6147,2019-06-05,128,70,-58
6148,2019-06-05,109,81,-28
6149,2019-06-05,56,39,-17
6150,2019-06-05,51,51,0
6151,2019-06-05,97,76,-21
6152,2019-06-05,115,113,-2
6153,2019-06-05,46,54,8
6154,2019-06-05,160,150,-10
6155,2019-06-05,140,111,-29
6156,2019-06-05,63,63,0
6157,2019-06-05,90,85,-5
6158,2019-06-05,62,67,5
6159,2019-06-05,26,30,4
6160,2019-06-05,48,50,2
6161,2019-06-05,29,36,7
6162,2019-06-05,9,3,-6
6163,2019-06-05,77,96,19
6164,2019-06-05,83,99,16
6165,2019-06-05,84,96,12
6166,2019-06-05,93,61,-32
6167,2019-06-05,42,51,9
6168,2019-06-05,48,49,1
6169,2019-06-05,132,106,-26
6170,2019-06-05,49,34,-15
6171,2019-06-05,28,42,14
6173,2019-06-05,125,58,-67
6174,2019-06-05,86,79,-7
6175,2019-06-05,90,53,-37
6176,2019-06-05,81,76,-5
6177,2019-06-05,75,66,-9
6178,2019-06-05,90,92,2
6179,2019-06-05,68,67,-1
6180,2019-06-05,62,69,7
6181,2019-06-05,105,64,-41
6182,2019-06-05,60,52,-8
6183,2019-06-05,90,77,-13
6184,2019-06-05,207,222,15
6185,2019-06-05,23,26,3
6186,2019-06-05,65,67,2
6187,2019-06-05,99,112,13
6188,2019-06-05,66,54,-12
6189,2019-06-05,19,19,0
6190,2019-06-05,147,95,-52
6191,2019-06-05,63,57,-6
6192,2019-06-05,52,41,-11
6193,2019-06-05,101,103,2
6194,2019-06-05,150,133,-17
6195,2019-06-05,80,42,-38
6196,2019-06-05,115,84,-31
6197,2019-06-05,44,48,4
6198,2019-06-05,18,15,-3
6199,2019-06-05,110,99,-11
6200,2019-06-05,91,80,-11
6201,2019-06-05,82,62,-20
6202,2019-06-05,119,103,-16
6203,2019-06-05,97,97,0
6204,2019-06-05,109,103,-6
6205,2019-06-05,85,89,4
6206,2019-06-05,131,133,2
6207,2019-06-05,52,46,-6
6208,2019-06-05,75,67,-8
6209,2019-06-05,135,105,-30
6210,2019-06-05,49,50,1
6211,2019-06-05,174,150,-24
6212,2019-06-05,92,59,-33
6213,2019-06-05,123,110,-13
6214,2019-06-05,91,54,-37
6216,2019-06-05,101,52,-49
6217,2019-06-05,108,68,-40
6218,2019-06-05,64,58,-6
6219,2019-06-05,63,67,4
6220,2019-06-05,92,81,-11
6221,2019-06-05,169,146,-23
6222,2019-06-05,77,59,-18
6223,2019-06-05,107,54,-53
6224,2019-06-05,78,58,-20
6225,2019-06-05,49,39,-10
6226,2019-06-05,33,28,-5
6227,2019-06-05,135,136,1
6228,2019-06-05,36,26,-10
6229,2019-06-05,62,52,-10
6230,2019-06-05,82,83,1
6231,2019-06-05,90,96,6
6232,2019-06-05,33,24,-9
6233,2019-06-05,67,73,6
6234,2019-06-05,82,59,-23
6235,2019-06-05,65,57,-8
6236,2019-06-05,62,63,1
6237,2019-06-05,69,56,-13
6240,2019-06-05,26,16,-10
6241,2019-06-05,40,32,-8
6243,2019-06-05,69,63,-6
6245,2019-06-05,49,37,-12
6246,2019-06-05,70,71,1
6247,2019-06-05,120,112,-8
6248,2019-06-05,129,120,-9
6249,2019-06-05,65,46,-19
6250,2019-06-05,69,50,-19
6251,2019-06-05,25,23,-2
6252,2019-06-05,36,29,-7
6253,2019-06-05,64,53,-11
6254,2019-06-05,70,58,-12
6255,2019-06-05,76,66,-10
6257,2019-06-05,51,37,-14
6258,2019-06-05,63,51,-12
6259,2019-06-05,46,31,-15
6260,2019-06-05,44,51,7
6261,2019-06-05,37,40,3
6262,2019-06-05,36,40,4
6263,2019-06-05,20,27,7
6264,2019-06-05,35,40,5
6265,2019-06-05,56,48,-8
6266,2019-06-05,29,18,-11
6267,2019-06-05,45,46,1
6268,2019-06-05,46,48,2
6269,2019-06-05,23,31,8
6270,2019-06-05,42,39,-3
6271,2019-06-05,1,0,-1
6272,2019-06-05,27,24,-3
6273,2019-06-05,35,33,-2
6274,2019-06-05,50,48,-2
6275,2019-06-05,38,35,-3
6276,2019-06-05,36,22,-14
6277,2019-06-05,50,41,-9
6278,2019-06-05,26,20,-6
6279,2019-06-05,15,18,3
6280,2019-06-05,67,55,-12
6281,2019-06-05,43,25,-18
6301,2019-06-05,31,28,-3
6302,2019-06-05,30,13,-17
6303,2019-06-05,19,10,-9
6304,2019-06-05,18,12,-6
6305,2019-06-05,22,14,-8
6306,2019-06-05,60,19,-41
6307,2019-06-05,71,70,-1
6309,2019-06-05,26,20,-6
6310,2019-06-05,53,33,-20
6311,2019-06-05,26,32,6
6312,2019-06-05,18,27,9
6313,2019-06-05,44,58,14
6314,2019-06-05,68,51,-17
6315,2019-06-05,85,42,-43
6316,2019-06-05,47,21,-26
6321,2019-06-05,61,54,-7
6322,2019-06-05,19,18,-1
6323,2019-06-05,21,12,-9
6324,2019-06-05,20,22,2
6327,2019-06-05,33,25,-8
6328,2019-06-05,36,28,-8
6329,2019-06-05,22,22,0
6330,2019-06-05,31,26,-5
6331,2019-06-05,20,16,-4
6332,2019-06-05,26,28,2
6333,2019-06-05,17,23,6
6334,2019-06-05,71,73,2
6336,2019-06-05,36,35,-1
6338,2019-06-05,34,28,-6
6340,2019-06-05,40,34,-6
6341,2019-06-05,29,37,8
6343,2019-06-05,32,30,-2
6344,2019-06-05,62,54,-8
6345,2019-06-05,11,16,5
6346,2019-06-05,23,19,-4
6347,2019-06-05,25,21,-4
6349,2019-06-05,31,39,8
6350,2019-06-05,39,54,15
6354,2019-06-05,30,34,4
6355,2019-06-05,34,52,18
6356,2019-06-05,35,23,-12
6357,2019-06-05,4,6,2
6358,2019-06-05,22,24,2
6359,2019-06-05,87,102,15
6360,2019-06-05,18,26,8
6361,2019-06-05,42,31,-11
6362,2019-06-05,35,31,-4
6363,2019-06-05,23,16,-7
6364,2019-06-05,50,35,-15
6366,2019-06-05,36,27,-9
6367,2019-06-05,26,26,0
6368,2019-06-05,48,41,-7
6369,2019-06-05,19,36,17
6370,2019-06-05,41,32,-9
6371,2019-06-05,72,59,-13
6372,2019-06-05,60,67,7
6373,2019-06-05,37,28,-9
6374,2019-06-05,48,43,-5
6375,2019-06-05,67,70,3
6377,2019-06-05,35,38,3
6379,2019-06-05,23,29,6
6380,2019-06-05,34,33,-1
6381,2019-06-05,46,42,-4
6383,2019-06-05,29,23,-6
6384,2019-06-05,21,14,-7
6385,2019-06-05,53,53,0
6386,2019-06-05,62,72,10
6387,2019-06-05,52,65,13
6388,2019-06-05,24,19,-5
6389,2019-06-05,53,39,-14
6391,2019-06-05,56,77,21
6393,2019-06-05,51,82,31
6394,2019-06-05,49,80,31
6395,2019-06-05,82,76,-6
6396,2019-06-05,99,106,7
6397,2019-06-05,40,62,22
6398,2019-06-05,25,32,7
6401,2019-06-05,61,80,19
6402,2019-06-05,33,33,0
6403,2019-06-05,19,32,13
6404,2019-06-05,22,28,6
6405,2019-06-05,37,44,7
6406,2019-06-05,75,86,11
6407,2019-06-05,5,14,9
6408,2019-06-05,52,52,0
6409,2019-06-05,7,9,2
6410,2019-06-05,36,36,0
6411,2019-06-05,149,134,-15
6412,2019-06-05,20,30,10
6413,2019-06-05,23,20,-3
6414,2019-06-05,19,24,5
6415,2019-06-05,29,21,-8
6416,2019-06-05,22,10,-12
6417,2019-06-05,21,32,11
6418,2019-06-05,7,13,6
6419,2019-06-05,8,15,7
6420,2019-06-05,23,25,2
6421,2019-06-05,43,29,-14
6422,2019-06-05,11,16,5
6423,2019-06-05,23,17,-6
6424,2019-06-05,38,67,29
6425,2019-06-05,33,33,0
6426,2019-06-05,62,71,9
6427,2019-06-05,47,49,2
6428,2019-06-05,7,9,2
6429,2019-06-05,31,36,5
6432,2019-06-05,85,82,-3
6433,2019-06-05,27,28,1
6434,2019-06-05,57,52,-5
6435,2019-06-05,37,30,-7
6436,2019-06-05,24,23,-1
6501,2019-06-05,26,25,-1
6502,2019-06-05,11,11,0
6503,2019-06-05,66,52,-14
6504,2019-06-05,6,7,1
6700,2019-06-05,19,38,19
6701,2019-06-05,88,75,-13
6702,2019-06-05,17,22,5
6703,2019-06-05,55,56,1
6704,2019-06-05,28,23,-5
6705,2019-06-05,18,15,-3
6706,2019-06-05,26,20,-6
6707,2019-06-05,39,29,-10
6708,2019-06-05,43,86,43
6709,2019-06-05,21,21,0
6710,2019-06-05,17,16,-1
6711,2019-06-05,20,21,1
6712,2019-06-05,9,7,-2
6714,2019-06-05,4,4,0
6715,2019-06-05,17,16,-1
6716,2019-06-05,14,12,-2
6717,2019-06-05,14,13,-1
6718,2019-06-05,31,29,-2
6719,2019-06-05,18,18,0
6720,2019-06-05,29,27,-2
6721,2019-06-05,11,15,4
6722,2019-06-05,14,19,5
6723,2019-06-05,23,18,-5
6724,2019-06-05,53,52,-1
6725,2019-06-05,32,40,8
6726,2019-06-05,17,20,3
6727,2019-06-05,88,101,13
6728,2019-06-05,14,12,-2
6729,2019-06-05,113,134,21
6730,2019-06-05,18,12,-6
6731,2019-06-05,11,7,-4
6732,2019-06-05,36,54,18
6733,2019-06-05,21,31,10
6734,2019-06-05,47,40,-7
6735,2019-06-05,10,11,1
6736,2019-06-05,17,10,-7
6737,2019-06-05,15,23,8
6738,2019-06-05,115,80,-35
6739,2019-06-05,4,8,4
6741,2019-06-05,27,24,-3
6742,2019-06-05,47,50,3
6743,2019-06-05,35,25,-10
6744,2019-06-05,30,32,2
6745,2019-06-05,17,13,-4
6746,2019-06-05,17,12,-5
6747,2019-06-05,40,48,8
6748,2019-06-05,79,95,16
6749,2019-06-05,45,49,4
6750,2019-06-05,49,40,-9
6752,2019-06-05,19,19,0
6753,2019-06-05,17,19,2
6754,2019-06-05,24,29,5
6901,2019-06-05,46,60,14
6902,2019-06-05,86,100,14
6903,2019-06-05,93,80,-13
6904,2019-06-05,42,43,1
6905,2019-06-05,42,29,-13
6906,2019-06-05,142,91,-51
6907,2019-06-05,91,63,-28
6908,2019-06-05,48,49,1
6910,2019-06-05,102,91,-11
6912,2019-06-05,138,90,-48
6913,2019-06-05,51,44,-7
6915,2019-06-05,71,64,-7
6916,2019-06-05,26,23,-3
6917,2019-06-05,13,19,6
6918,2019-06-05,39,25,-14
6919,2019-06-05,34,21,-13
6921,2019-06-05,77,79,2
6923,2019-06-05,40,39,-1
6924,2019-06-05,27,22,-5
6925,2019-06-05,38,34,-4
6926,2019-06-05,61,59,-2
6927,2019-06-05,69,42,-27
6928,2019-06-05,41,18,-23
6929,2019-06-05,36,25,-11
6930,2019-06-05,29,33,4
7001,2019-06-05,27,22,-5
7002,2019-06-05,12,19,7
7003,2019-06-05,98,97,-1
7004,2019-06-05,17,18,1
7005,2019-06-05,15,14,-1
7006,2019-06-05,17,21,4
7007,2019-06-05,6,7,1
7008,2019-06-05,23,27,4
7009,2019-06-05,75,95,20
7010,2019-06-05,15,11,-4
7011,2019-06-05,55,66,11
7012,2019-06-05,34,44,10
7013,2019-06-05,20,15,-5
7014,2019-06-05,90,47,-43
7015,2019-06-05,6,7,1
7016,2019-06-05,7,5,-2
7017,2019-06-05,30,38,8
7018,2019-06-05,22,34,12
7019,2019-06-05,132,132,0
7020,2019-06-05,20,19,-1
7021,2019-06-05,44,43,-1
7022,2019-06-05,36,37,1
7023,2019-06-05,5,7,2
7024,2019-06-05,22,17,-5
7025,2019-06-05,43,28,-15
7027,2019-06-05,46,32,-14
7028,2019-06-05,89,79,-10
7029,2019-06-05,36,38,2
7030,2019-06-05,60,56,-4
7031,2019-06-05,60,52,-8
7032,2019-06-05,123,78,-45
7033,2019-06-05,97,86,-11
7034,2019-06-05,11,21,10
7035,2019-06-05,41,44,3
7036,2019-06-05,32,34,2
7037,2019-06-05,52,44,-8
7038,2019-06-05,68,69,1
7039,2019-06-05,29,28,-1
7040,2019-06-05,62,69,7
7041,2019-06-05,120,119,-1
7042,2019-06-05,33,33,0
7043,2019-06-05,26,13,-13
7044,2019-06-05,11,14,3
7045,2019-06-05,47,42,-5
7046,2019-06-05,126,109,-17
7047,2019-06-05,112,164,52
7048,2019-06-05,12,22,10
7049,2019-06-05,11,21,10
7050,2019-06-05,36,36,0
7051,2019-06-05,10,9,-1
7052,2019-06-05,52,78,26
7053,2019-06-05,35,43,8
7054,2019-06-05,39,50,11
7055,2019-06-05,16,26,10
7056,2019-06-05,13,13,0
7057,2019-06-05,27,32,5
7058,2019-06-05,26,25,-1
7059,2019-06-05,20,27,7
7060,2019-06-05,22,22,0
7061,2019-06-05,30,29,-1
7062,2019-06-05,52,46,-6
7063,2019-06-05,27,22,-5
7064,2019-06-05,17,22,5
7065,2019-06-05,39,26,-13
7066,2019-06-05,44,99,55
7067,2019-06-05,49,57,8
7068,2019-06-05,57,65,8
7069,2019-06-05,63,93,30
7070,2019-06-05,106,106,0
7071,2019-06-05,63,39,-24
7072,2019-06-05,38,28,-10
7073,2019-06-05,37,36,-1
7074,2019-06-05,45,44,-1
7075,2019-06-05,10,11,1
7076,2019-06-05,70,40,-30
7077,2019-06-05,20,30,10
7078,2019-06-05,38,40,2
7079,2019-06-05,33,42,9
7080,2019-06-05,62,75,13
7081,2019-06-05,58,61,3
7082,2019-06-05,61,67,6
7083,2019-06-05,69,52,-17
7084,2019-06-05,76,72,-4
7087,2019-06-05,3,5,2
7090,2019-06-05,15,15,0
7091,2019-06-05,8,5,-3
7092,2019-06-05,14,8,-6
7093,2019-06-05,5,6,1
7094,2019-06-05,2,2,0
7095,2019-06-05,8,9,1
7096,2019-06-05,13,19,6
7097,2019-06-05,5,10,5
7098,2019-06-05,6,5,-1
7099,2019-06-05,7,6,-1
7100,2019-06-05,4,1,-3
7101,2019-06-05,7,8,1
7102,2019-06-05,16,17,1
7103,2019-06-05,9,7,-2
7105,2019-06-05,5,5,0
7107,2019-06-05,3,2,-1
7108,2019-06-05,3,6,3
7109,2019-06-05,10,8,-2
7110,2019-06-05,4,8,4
7111,2019-06-05,3,5,2
7112,2019-06-05,9,12,3
7113,2019-06-05,61,47,-14
7114,2019-06-05,52,69,17
7115,2019-06-05,13,14,1
7116,2019-06-05,7,6,-1
7117,2019-06-05,2,3,1
7118,2019-06-05,2,3,1
7119,2019-06-05,6,5,-1
7120,2019-06-05,4,7,3
7121,2019-06-05,6,5,-1
7122,2019-06-05,4,3,-1
7123,2019-06-05,4,9,5
7124,2019-06-05,17,20,3
7125,2019-06-05,15,19,4
7126,2019-06-05,5,6,1
7127,2019-06-05,30,30,0
7128,2019-06-05,15,16,1
7129,2019-06-05,12,10,-2
7130,2019-06-05,8,8,0
7131,2019-06-05,1,4,3
7132,2019-06-05,2,6,4
7133,2019-06-05,3,3,0
7134,2019-06-05,6,6,0
7135,2019-06-05,3,5,2
7136,2019-06-05,11,6,-5
7137,2019-06-05,2,6,4
7138,2019-06-05,6,1,-5
7140,2019-06-05,27,25,-2
7141,2019-06-05,39,25,-14
7142,2019-06-05,5,10,5
7143,2019-06-05,17,15,-2
7144,2019-06-05,31,30,-1
7145,2019-06-05,15,19,4
7146,2019-06-05,18,27,9
7147,2019-06-05,29,27,-2
7148,2019-06-05,5,10,5
7149,2019-06-05,11,13,2
10002,2019-06-05,132,132,0
4000,2019-06-06,62,78,16
4001,2019-06-06,15,18,3
4002,2019-06-06,27,32,5
5002,2019-06-06,2,3,1
5003,2019-06-06,1,2,1
5004,2019-06-06,3,2,-1
5005,2019-06-06,4,5,1
5006,2019-06-06,7,9,2
5007,2019-06-06,19,20,1
6001,2019-06-06,75,121,46
6002,2019-06-06,46,64,18
6003,2019-06-06,81,90,9
6004,2019-06-06,54,63,9
6005,2019-06-06,100,114,14
6006,2019-06-06,49,28,-21
6007,2019-06-06,64,65,1
6008,2019-06-06,59,98,39
6011,2019-06-06,90,94,4
6012,2019-06-06,213,260,47
6013,2019-06-06,91,123,32
6014,2019-06-06,77,78,1
6015,2019-06-06,202,322,120
6016,2019-06-06,24,17,-7
6017,2019-06-06,60,74,14
6018,2019-06-06,72,92,20
6019,2019-06-06,181,99,-82
6020,2019-06-06,92,101,9
6021,2019-06-06,111,72,-39
6022,2019-06-06,69,94,25
6023,2019-06-06,160,201,41
6024,2019-06-06,3,4,1
6025,2019-06-06,49,52,3
6026,2019-06-06,171,256,85
6027,2019-06-06,206,227,21
6029,2019-06-06,39,43,4
6031,2019-06-06,45,59,14
6032,2019-06-06,60,144,84
6033,2019-06-06,24,18,-6
6034,2019-06-06,62,96,34
6035,2019-06-06,32,73,41
6036,2019-06-06,195,274,79
6037,2019-06-06,61,65,4
6038,2019-06-06,114,118,4
6039,2019-06-06,75,84,9
6040,2019-06-06,47,68,21
6041,2019-06-06,77,78,1
6042,2019-06-06,110,111,1
6043,2019-06-06,198,469,271
6044,2019-06-06,93,92,-1
6046,2019-06-06,131,122,-9
6048,2019-06-06,54,60,6
6049,2019-06-06,100,98,-2
6050,2019-06-06,63,72,9
6051,2019-06-06,56,46,-10
6052,2019-06-06,282,388,106
6053,2019-06-06,165,176,11
6057,2019-06-06,113,114,1
6058,2019-06-06,110,111,1
6059,2019-06-06,95,77,-18
6060,2019-06-06,24,24,0
6062,2019-06-06,93,64,-29
6063,2019-06-06,140,131,-9
6064,2019-06-06,233,224,-9
6065,2019-06-06,69,60,-9
6066,2019-06-06,45,24,-21
6067,2019-06-06,56,76,20
6068,2019-06-06,19,19,0
6070,2019-06-06,279,234,-45
6072,2019-06-06,128,107,-21
6073,2019-06-06,298,246,-52
6076,2019-06-06,20,30,10
6078,2019-06-06,11,28,17
6079,2019-06-06,107,93,-14
6080,2019-06-06,176,186,10
6081,2019-06-06,46,42,-4
6082,2019-06-06,30,19,-11
6083,2019-06-06,176,243,67
6084,2019-06-06,68,81,13
6085,2019-06-06,117,177,60
6086,2019-06-06,33,51,18
6087,2019-06-06,109,158,49
6088,2019-06-06,78,82,4
6089,2019-06-06,75,80,5
6090,2019-06-06,45,47,2
6091,2019-06-06,48,40,-8
6092,2019-06-06,82,71,-11
6093,2019-06-06,52,30,-22
6094,2019-06-06,107,92,-15
6095,2019-06-06,155,116,-39
6096,2019-06-06,52,82,30
6097,2019-06-06,93,63,-30
6098,2019-06-06,68,53,-15
6099,2019-06-06,101,138,37
6100,2019-06-06,298,279,-19
6101,2019-06-06,54,29,-25
6103,2019-06-06,23,33,10
6104,2019-06-06,98,125,27
6105,2019-06-06,61,85,24
6106,2019-06-06,35,60,25
6107,2019-06-06,69,74,5
6108,2019-06-06,59,70,11
6109,2019-06-06,12,19,7
6110,2019-06-06,40,47,7
6111,2019-06-06,44,67,23
6112,2019-06-06,108,111,3
6113,2019-06-06,78,88,10
6114,2019-06-06,185,224,39
6115,2019-06-06,22,24,2
6116,2019-06-06,70,111,41
6118,2019-06-06,77,111,34
6119,2019-06-06,95,110,15
6120,2019-06-06,64,78,14
6121,2019-06-06,37,54,17
6122,2019-06-06,18,30,12
6123,2019-06-06,37,49,12
6124,2019-06-06,46,64,18
6125,2019-06-06,35,32,-3
6126,2019-06-06,53,60,7
6127,2019-06-06,60,51,-9
6128,2019-06-06,26,21,-5
6129,2019-06-06,63,54,-9
6130,2019-06-06,26,22,-4
6131,2019-06-06,110,62,-48
6132,2019-06-06,77,86,9
6133,2019-06-06,68,61,-7
6134,2019-06-06,54,45,-9
6136,2019-06-06,338,235,-103
6137,2019-06-06,101,99,-2
6138,2019-06-06,94,87,-7
6139,2019-06-06,58,48,-10
6140,2019-06-06,109,104,-5
6141,2019-06-06,45,46,1
6142,2019-06-06,163,143,-20
6143,2019-06-06,134,121,-13
6145,2019-06-06,94,92,-2
6146,2019-06-06,99,80,-19
6147,2019-06-06,140,105,-35
6148,2019-06-06,158,118,-40
6149,2019-06-06,52,44,-8
6150,2019-06-06,87,88,1
6151,2019-06-06,102,108,6
6152,2019-06-06,161,150,-11
6153,2019-06-06,77,65,-12
6154,2019-06-06,159,161,2
6155,2019-06-06,164,157,-7
6156,2019-06-06,83,66,-17
6157,2019-06-06,131,132,1
6158,2019-06-06,84,76,-8
6159,2019-06-06,46,47,1
6160,2019-06-06,79,63,-16
6161,2019-06-06,47,50,3
6162,2019-06-06,6,4,-2
6163,2019-06-06,100,111,11
6164,2019-06-06,92,93,1
6165,2019-06-06,135,138,3
6166,2019-06-06,107,72,-35
6167,2019-06-06,44,56,12
6168,2019-06-06,56,63,7
6169,2019-06-06,152,138,-14
6170,2019-06-06,94,73,-21
6171,2019-06-06,60,60,0
6173,2019-06-06,156,92,-64
6174,2019-06-06,121,88,-33
6175,2019-06-06,91,65,-26
6176,2019-06-06,86,94,8
6177,2019-06-06,63,59,-4
6178,2019-06-06,143,124,-19
6179,2019-06-06,85,86,1
6180,2019-06-06,60,71,11
6181,2019-06-06,138,123,-15
6182,2019-06-06,88,69,-19
6183,2019-06-06,111,82,-29
6184,2019-06-06,245,235,-10
6185,2019-06-06,29,32,3
6186,2019-06-06,83,73,-10
6187,2019-06-06,121,122,1
6188,2019-06-06,61,61,0
6189,2019-06-06,29,24,-5
6190,2019-06-06,131,119,-12
6191,2019-06-06,80,69,-11
6192,2019-06-06,47,33,-14
6193,2019-06-06,103,112,9
6194,2019-06-06,188,150,-38
6195,2019-06-06,125,81,-44
6196,2019-06-06,130,103,-27
6197,2019-06-06,58,55,-3
6198,2019-06-06,19,20,1
6199,2019-06-06,148,109,-39
6200,2019-06-06,140,125,-15
6201,2019-06-06,104,74,-30
6202,2019-06-06,128,119,-9
6203,2019-06-06,99,91,-8
6204,2019-06-06,94,105,11
6205,2019-06-06,126,98,-28
6206,2019-06-06,159,130,-29
6207,2019-06-06,55,65,10
6208,2019-06-06,103,102,-1
6209,2019-06-06,226,218,-8
6210,2019-06-06,46,41,-5
6211,2019-06-06,197,173,-24
6212,2019-06-06,102,85,-17
6213,2019-06-06,143,136,-7
6214,2019-06-06,133,76,-57
6216,2019-06-06,217,134,-83
6217,2019-06-06,126,92,-34
6218,2019-06-06,74,75,1
6219,2019-06-06,86,70,-16
6220,2019-06-06,97,77,-20
6221,2019-06-06,229,205,-24
6222,2019-06-06,105,76,-29
6223,2019-06-06,142,80,-62
6224,2019-06-06,81,73,-8
6225,2019-06-06,65,46,-19
6226,2019-06-06,38,29,-9
6227,2019-06-06,194,201,7
6228,2019-06-06,32,30,-2
6229,2019-06-06,94,74,-20
6230,2019-06-06,96,88,-8
6231,2019-06-06,138,125,-13
6232,2019-06-06,38,25,-13
6233,2019-06-06,117,102,-15
6234,2019-06-06,96,85,-11
6235,2019-06-06,94,103,9
6236,2019-06-06,76,82,6
6237,2019-06-06,71,73,2
6240,2019-06-06,35,24,-11
6241,2019-06-06,49,37,-12
6243,2019-06-06,77,71,-6
6245,2019-06-06,47,39,-8
6246,2019-06-06,79,65,-14
6247,2019-06-06,133,123,-10
6248,2019-06-06,238,188,-50
6249,2019-06-06,69,54,-15
6250,2019-06-06,92,84,-8
6251,2019-06-06,43,37,-6
6252,2019-06-06,68,50,-18
6253,2019-06-06,59,53,-6
6254,2019-06-06,85,69,-16
6255,2019-06-06,88,91,3
6257,2019-06-06,47,46,-1
6258,2019-06-06,96,74,-22
6259,2019-06-06,43,54,11
6260,2019-06-06,63,61,-2
6261,2019-06-06,62,55,-7
6262,2019-06-06,52,50,-2
6263,2019-06-06,31,31,0
6264,2019-06-06,55,55,0
6265,2019-06-06,54,53,-1
6266,2019-06-06,25,19,-6
6267,2019-06-06,40,40,0
6268,2019-06-06,52,42,-10
6269,2019-06-06,26,32,6
6270,2019-06-06,56,52,-4
6271,2019-06-06,3,4,1
6272,2019-06-06,41,34,-7
6273,2019-06-06,45,34,-11
6274,2019-06-06,47,43,-4
6275,2019-06-06,42,43,1
6276,2019-06-06,37,39,2
6277,2019-06-06,73,64,-9
6278,2019-06-06,34,39,5
6279,2019-06-06,25,25,0
6280,2019-06-06,81,67,-14
6281,2019-06-06,53,23,-30
6301,2019-06-06,51,41,-10
6302,2019-06-06,38,25,-13
6303,2019-06-06,36,24,-12
6304,2019-06-06,19,15,-4
6305,2019-06-06,16,15,-1
6306,2019-06-06,84,33,-51
6307,2019-06-06,69,71,2
6309,2019-06-06,34,37,3
6310,2019-06-06,91,58,-33
6311,2019-06-06,46,44,-2
6312,2019-06-06,28,41,13
6313,2019-06-06,61,74,13
6314,2019-06-06,90,78,-12
6315,2019-06-06,117,75,-42
6316,2019-06-06,84,36,-48
6321,2019-06-06,105,99,-6
6322,2019-06-06,32,37,5
6323,2019-06-06,24,20,-4
6324,2019-06-06,25,28,3
6327,2019-06-06,34,33,-1
6328,2019-06-06,38,35,-3
6329,2019-06-06,30,25,-5
6330,2019-06-06,29,28,-1
6331,2019-06-06,29,25,-4
6332,2019-06-06,35,37,2
6333,2019-06-06,23,29,6
6334,2019-06-06,76,71,-5
6336,2019-06-06,51,44,-7
6338,2019-06-06,39,32,-7
6340,2019-06-06,42,37,-5
6341,2019-06-06,33,63,30
6343,2019-06-06,36,44,8
6344,2019-06-06,71,66,-5
6345,2019-06-06,24,20,-4
6346,2019-06-06,23,16,-7
6347,2019-06-06,22,22,0
6349,2019-06-06,40,32,-8
6350,2019-06-06,78,77,-1
6354,2019-06-06,47,36,-11
6355,2019-06-06,40,55,15
6356,2019-06-06,54,42,-12
6357,2019-06-06,26,15,-11
6358,2019-06-06,37,24,-13
6359,2019-06-06,91,131,40
6360,2019-06-06,51,39,-12
6361,2019-06-06,37,34,-3
6362,2019-06-06,36,41,5
6363,2019-06-06,30,24,-6
6364,2019-06-06,53,57,4
6366,2019-06-06,43,30,-13
6367,2019-06-06,43,40,-3
6368,2019-06-06,71,73,2
6369,2019-06-06,39,45,6
6370,2019-06-06,34,33,-1
6371,2019-06-06,73,87,14
6372,2019-06-06,82,94,12
6373,2019-06-06,45,49,4
6374,2019-06-06,48,46,-2
6375,2019-06-06,76,91,15
6377,2019-06-06,53,65,12
6379,2019-06-06,35,37,2
6380,2019-06-06,43,38,-5
6381,2019-06-06,58,57,-1
6383,2019-06-06,37,33,-4
6384,2019-06-06,39,28,-11
6385,2019-06-06,60,60,0
6386,2019-06-06,61,74,13
6387,2019-06-06,80,96,16
6388,2019-06-06,26,35,9
6389,2019-06-06,64,48,-16
6391,2019-06-06,70,102,32
6393,2019-06-06,67,95,28
6394,2019-06-06,81,116,35
6395,2019-06-06,76,77,1
6396,2019-06-06,93,100,7
6397,2019-06-06,64,88,24
6398,2019-06-06,27,34,7
6401,2019-06-06,57,67,10
6402,2019-06-06,61,79,18
6403,2019-06-06,29,27,-2
6404,2019-06-06,21,30,9
6405,2019-06-06,48,59,11
6406,2019-06-06,121,173,52
6407,2019-06-06,14,25,11
6408,2019-06-06,52,60,8
6409,2019-06-06,13,17,4
6410,2019-06-06,62,67,5
6411,2019-06-06,200,197,-3
6412,2019-06-06,24,29,5
6413,2019-06-06,32,33,1
6414,2019-06-06,18,28,10
6415,2019-06-06,27,26,-1
6416,2019-06-06,33,20,-13
6417,2019-06-06,29,32,3
6418,2019-06-06,18,15,-3
6419,2019-06-06,21,23,2
6420,2019-06-06,33,27,-6
6421,2019-06-06,59,49,-10
6422,2019-06-06,11,16,5
6423,2019-06-06,31,15,-16
6424,2019-06-06,62,67,5
6425,2019-06-06,54,66,12
6426,2019-06-06,86,88,2
6427,2019-06-06,64,79,15
6428,2019-06-06,18,23,5
6429,2019-06-06,51,60,9
6432,2019-06-06,128,127,-1
6433,2019-06-06,34,34,0
6434,2019-06-06,96,99,3
6435,2019-06-06,38,44,6
6436,2019-06-06,29,28,-1
6501,2019-06-06,57,55,-2
6502,2019-06-06,6,8,2
6503,2019-06-06,71,59,-12
6504,2019-06-06,26,25,-1
6700,2019-06-06,29,49,20
6701,2019-06-06,101,80,-21
6702,2019-06-06,19,24,5
6703,2019-06-06,56,58,2
6704,2019-06-06,33,24,-9
6705,2019-06-06,22,32,10
6706,2019-06-06,26,30,4
6707,2019-06-06,38,46,8
6708,2019-06-06,76,87,11
6709,2019-06-06,28,40,12
6710,2019-06-06,16,25,9
6711,2019-06-06,21,20,-1
6712,2019-06-06,22,31,9
6714,2019-06-06,6,6,0
6715,2019-06-06,36,37,1
6716,2019-06-06,13,17,4
6717,2019-06-06,12,21,9
6718,2019-06-06,33,33,0
6719,2019-06-06,29,29,0
6720,2019-06-06,30,45,15
6721,2019-06-06,27,29,2
6722,2019-06-06,14,15,1
6723,2019-06-06,20,29,9
6724,2019-06-06,82,112,30
6725,2019-06-06,32,33,1
6726,2019-06-06,17,11,-6
6727,2019-06-06,84,106,22
6728,2019-06-06,18,13,-5
6729,2019-06-06,142,154,12
6730,2019-06-06,24,21,-3
6731,2019-06-06,27,28,1
6732,2019-06-06,61,55,-6
6733,2019-06-06,33,40,7
6734,2019-06-06,48,50,2
6735,2019-06-06,19,21,2
6736,2019-06-06,17,19,2
6737,2019-06-06,34,27,-7
6738,2019-06-06,90,86,-4
6739,2019-06-06,14,13,-1
6741,2019-06-06,22,23,1
6742,2019-06-06,75,89,14
6743,2019-06-06,57,25,-32
6744,2019-06-06,24,24,0
6745,2019-06-06,25,24,-1
6746,2019-06-06,22,15,-7
6747,2019-06-06,66,70,4
6748,2019-06-06,98,117,19
6749,2019-06-06,71,74,3
6750,2019-06-06,54,40,-14
6752,2019-06-06,24,24,0
6753,2019-06-06,18,18,0
6754,2019-06-06,29,29,0
6901,2019-06-06,48,69,21
6902,2019-06-06,25,10,-15
6903,2019-06-06,123,115,-8
6904,2019-06-06,57,51,-6
6905,2019-06-06,65,59,-6
6906,2019-06-06,225,122,-103
6907,2019-06-06,88,70,-18
6908,2019-06-06,76,67,-9
6910,2019-06-06,139,124,-15
6912,2019-06-06,170,122,-48
6913,2019-06-06,59,41,-18
6915,2019-06-06,85,75,-10
6916,2019-06-06,40,36,-4
6917,2019-06-06,24,23,-1
6918,2019-06-06,28,21,-7
6919,2019-06-06,29,25,-4
6921,2019-06-06,90,96,6
6923,2019-06-06,59,50,-9
6924,2019-06-06,36,33,-3
6925,2019-06-06,51,54,3
6926,2019-06-06,72,78,6
6927,2019-06-06,90,46,-44
6928,2019-06-06,55,17,-38
6929,2019-06-06,30,32,2
6930,2019-06-06,39,36,-3
7001,2019-06-06,41,38,-3
7002,2019-06-06,19,19,0
7003,2019-06-06,131,119,-12
7004,2019-06-06,23,21,-2
7005,2019-06-06,10,14,4
7006,2019-06-06,18,20,2
7007,2019-06-06,13,24,11
7008,2019-06-06,33,31,-2
7009,2019-06-06,120,156,36
7010,2019-06-06,15,13,-2
7011,2019-06-06,56,71,15
7012,2019-06-06,41,44,3
7013,2019-06-06,23,25,2
7014,2019-06-06,80,54,-26
7015,2019-06-06,24,29,5
7016,2019-06-06,20,17,-3
7017,2019-06-06,38,47,9
7018,2019-06-06,25,46,21
7019,2019-06-06,123,148,25
7020,2019-06-06,25,29,4
7021,2019-06-06,48,36,-12
7022,2019-06-06,43,33,-10
7023,2019-06-06,5,4,-1
7024,2019-06-06,31,12,-19
7025,2019-06-06,100,101,1
7027,2019-06-06,54,49,-5
7028,2019-06-06,155,170,15
7029,2019-06-06,62,57,-5
7030,2019-06-06,65,63,-2
7031,2019-06-06,79,84,5
7032,2019-06-06,167,95,-72
7033,2019-06-06,97,85,-12
7034,2019-06-06,17,64,47
7035,2019-06-06,52,58,6
7036,2019-06-06,50,43,-7
7037,2019-06-06,44,48,4
7038,2019-06-06,97,104,7
7039,2019-06-06,44,42,-2
7040,2019-06-06,79,88,9
7041,2019-06-06,189,179,-10
7042,2019-06-06,40,47,7
7043,2019-06-06,30,24,-6
7044,2019-06-06,14,14,0
7045,2019-06-06,65,65,0
7046,2019-06-06,122,110,-12
7047,2019-06-06,151,188,37
7048,2019-06-06,28,29,1
7049,2019-06-06,19,21,2
7050,2019-06-06,56,52,-4
7051,2019-06-06,8,20,12
7052,2019-06-06,67,72,5
7053,2019-06-06,44,47,3
7054,2019-06-06,80,69,-11
7055,2019-06-06,27,33,6
7056,2019-06-06,10,16,6
7057,2019-06-06,46,54,8
7058,2019-06-06,39,51,12
7059,2019-06-06,26,29,3
7060,2019-06-06,22,39,17
7061,2019-06-06,38,28,-10
7062,2019-06-06,64,66,2
7063,2019-06-06,23,14,-9
7064,2019-06-06,34,30,-4
7065,2019-06-06,39,35,-4
7066,2019-06-06,52,123,71
7067,2019-06-06,54,88,34
7068,2019-06-06,81,96,15
7069,2019-06-06,74,87,13
7070,2019-06-06,79,84,5
7071,2019-06-06,56,42,-14
7072,2019-06-06,47,40,-7
7073,2019-06-06,40,47,7
7074,2019-06-06,42,40,-2
7075,2019-06-06,14,12,-2
7076,2019-06-06,66,54,-12
7077,2019-06-06,41,42,1
7078,2019-06-06,29,41,12
7079,2019-06-06,51,60,9
7080,2019-06-06,67,89,22
7081,2019-06-06,76,88,12
7082,2019-06-06,89,100,11
7083,2019-06-06,76,60,-16
7084,2019-06-06,86,85,-1
7085,2019-06-06,3,3,0
7086,2019-06-06,3,3,0
7087,2019-06-06,3,5,2
7088,2019-06-06,2,1,-1
7090,2019-06-06,14,15,1
7091,2019-06-06,17,22,5
7092,2019-06-06,11,11,0
7093,2019-06-06,3,4,1
7094,2019-06-06,6,8,2
7095,2019-06-06,20,21,1
7096,2019-06-06,28,35,7
7097,2019-06-06,8,11,3
7098,2019-06-06,5,4,-1
7099,2019-06-06,4,12,8
7100,2019-06-06,4,7,3
7101,2019-06-06,7,6,-1
7102,2019-06-06,18,26,8
7103,2019-06-06,13,13,0
7104,2019-06-06,3,3,0
7105,2019-06-06,6,12,6
7106,2019-06-06,4,5,1
7107,2019-06-06,6,5,-1
7108,2019-06-06,9,17,8
7109,2019-06-06,12,15,3
7110,2019-06-06,15,18,3
7111,2019-06-06,6,5,-1
7112,2019-06-06,12,10,-2
7113,2019-06-06,78,73,-5
7114,2019-06-06,73,91,18
7115,2019-06-06,18,16,-2
7116,2019-06-06,8,11,3
7117,2019-06-06,5,4,-1
7118,2019-06-06,3,2,-1
7119,2019-06-06,5,8,3
7120,2019-06-06,9,3,-6
7121,2019-06-06,10,14,4
7122,2019-06-06,9,14,5
7123,2019-06-06,7,9,2
7124,2019-06-06,36,22,-14
7125,2019-06-06,25,23,-2
7126,2019-06-06,6,5,-1
7127,2019-06-06,37,34,-3
7128,2019-06-06,19,14,-5
7129,2019-06-06,11,9,-2
7130,2019-06-06,14,16,2
7131,2019-06-06,8,11,3
7132,2019-06-06,7,11,4
7133,2019-06-06,3,3,0
7134,2019-06-06,5,5,0
7135,2019-06-06,14,16,2
7136,2019-06-06,10,13,3
7137,2019-06-06,9,8,-1
7138,2019-06-06,3,2,-1
7140,2019-06-06,22,19,-3
7141,2019-06-06,39,45,6
7142,2019-06-06,12,14,2
7143,2019-06-06,26,19,-7
7144,2019-06-06,46,60,14
7145,2019-06-06,23,20,-3
7146,2019-06-06,17,27,10
7147,2019-06-06,34,40,6
7148,2019-06-06,7,7,0
7149,2019-06-06,14,17,3
10002,2019-06-06,132,146,14
4000,2019-06-07,64,95,31
4001,2019-06-07,17,17,0
4002,2019-06-07,25,21,-4
5002,2019-06-07,4,4,0
5003,2019-06-07,5,5,0
5004,2019-06-07,3,2,-1
5005,2019-06-07,7,8,1
5006,2019-06-07,10,12,2
5007,2019-06-07,30,32,2
6001,2019-06-07,83,106,23
6002,2019-06-07,50,65,15
6003,2019-06-07,97,103,6
6004,2019-06-07,48,63,15
6005,2019-06-07,148,134,-14
6006,2019-06-07,48,21,-27
6007,2019-06-07,42,62,20
6008,2019-06-07,53,91,38
6011,2019-06-07,67,85,18
6012,2019-06-07,150,284,134
6013,2019-06-07,74,120,46
6014,2019-06-07,73,72,-1
6015,2019-06-07,199,317,118
6016,2019-06-07,18,19,1
6017,2019-06-07,67,85,18
6018,2019-06-07,87,94,7
6019,2019-06-07,171,108,-63
6020,2019-06-07,75,110,35
6021,2019-06-07,93,65,-28
6022,2019-06-07,76,86,10
6023,2019-06-07,209,265,56
6024,2019-06-07,1,2,1
6025,2019-06-07,43,45,2
6026,2019-06-07,171,299,128
6027,2019-06-07,209,247,38
6029,2019-06-07,36,48,12
6031,2019-06-07,49,48,-1
6032,2019-06-07,63,172,109
6033,2019-06-07,21,17,-4
6034,2019-06-07,52,61,9
6035,2019-06-07,34,66,32
6036,2019-06-07,219,373,154
6037,2019-06-07,87,85,-2
6038,2019-06-07,109,108,-1
6039,2019-06-07,110,119,9
6040,2019-06-07,69,111,42
6041,2019-06-07,87,95,8
6042,2019-06-07,100,99,-1
6043,2019-06-07,219,431,212
6044,2019-06-07,120,102,-18
6046,2019-06-07,137,136,-1
6047,2019-06-07,54,20,-34
6048,2019-06-07,59,64,5
6049,2019-06-07,121,124,3
6050,2019-06-07,47,58,11
6051,2019-06-07,52,48,-4
6052,2019-06-07,245,346,101
6053,2019-06-07,177,191,14
6057,2019-06-07,106,105,-1
6058,2019-06-07,103,92,-11
6059,2019-06-07,101,96,-5
6060,2019-06-07,38,30,-8
6062,2019-06-07,68,71,3
6063,2019-06-07,133,105,-28
6064,2019-06-07,208,197,-11
6065,2019-06-07,90,78,-12
6066,2019-06-07,23,23,0
6067,2019-06-07,69,60,-9
6068,2019-06-07,16,25,9
6070,2019-06-07,213,201,-12
6072,2019-06-07,88,97,9
6073,2019-06-07,249,245,-4
6075,2019-06-07,44,2,-42
6076,2019-06-07,31,30,-1
6078,2019-06-07,25,48,23
6079,2019-06-07,86,66,-20
6080,2019-06-07,168,170,2
6081,2019-06-07,49,56,7
6082,2019-06-07,23,21,-2
6083,2019-06-07,200,262,62
6084,2019-06-07,66,90,24
6085,2019-06-07,128,183,55
6086,2019-06-07,27,58,31
6087,2019-06-07,150,186,36
6088,2019-06-07,81,97,16
6089,2019-06-07,74,86,12
6090,2019-06-07,67,57,-10
6091,2019-06-07,47,35,-12
6092,2019-06-07,88,85,-3
6093,2019-06-07,44,25,-19
6094,2019-06-07,45,65,20
6095,2019-06-07,122,116,-6
6096,2019-06-07,57,72,15
6097,2019-06-07,85,58,-27
6098,2019-06-07,65,63,-2
6099,2019-06-07,108,193,85
6100,2019-06-07,297,281,-16
6101,2019-06-07,47,10,-37
6103,2019-06-07,17,22,5
6104,2019-06-07,93,129,36
6105,2019-06-07,65,83,18
6106,2019-06-07,31,39,8
6107,2019-06-07,84,61,-23
6108,2019-06-07,63,70,7
6109,2019-06-07,12,16,4
6110,2019-06-07,44,51,7
6111,2019-06-07,60,77,17
6112,2019-06-07,131,150,19
6113,2019-06-07,84,88,4
6114,2019-06-07,202,226,24
6115,2019-06-07,14,23,9
6116,2019-06-07,76,88,12
6118,2019-06-07,78,115,37
6119,2019-06-07,102,123,21
6120,2019-06-07,74,106,32
6121,2019-06-07,44,49,5
6122,2019-06-07,29,27,-2
6123,2019-06-07,36,38,2
6124,2019-06-07,47,62,15
6125,2019-06-07,22,22,0
6126,2019-06-07,67,68,1
6127,2019-06-07,44,42,-2
6128,2019-06-07,21,26,5
6129,2019-06-07,65,67,2
6130,2019-06-07,35,27,-8
6131,2019-06-07,104,62,-42
6132,2019-06-07,78,74,-4
6133,2019-06-07,102,70,-32
6134,2019-06-07,61,58,-3
6136,2019-06-07,261,208,-53
6137,2019-06-07,116,103,-13
6138,2019-06-07,113,109,-4
6139,2019-06-07,43,30,-13
6140,2019-06-07,102,119,17
6141,2019-06-07,69,64,-5
6142,2019-06-07,199,110,-89
6143,2019-06-07,157,161,4
6145,2019-06-07,84,77,-7
6146,2019-06-07,76,59,-17
6147,2019-06-07,101,83,-18
6148,2019-06-07,167,124,-43
6149,2019-06-07,53,46,-7
6150,2019-06-07,83,84,1
6151,2019-06-07,78,75,-3
6152,2019-06-07,162,134,-28
6153,2019-06-07,63,51,-12
6154,2019-06-07,175,159,-16
6155,2019-06-07,188,146,-42
6156,2019-06-07,104,78,-26
6157,2019-06-07,147,107,-40
6158,2019-06-07,86,68,-18
6159,2019-06-07,26,26,0
6160,2019-06-07,83,67,-16
6161,2019-06-07,52,43,-9
6162,2019-06-07,9,8,-1
6163,2019-06-07,126,116,-10
6164,2019-06-07,102,114,12
6165,2019-06-07,158,151,-7
6166,2019-06-07,114,88,-26
6167,2019-06-07,57,47,-10
6168,2019-06-07,52,49,-3
6169,2019-06-07,172,127,-45
6170,2019-06-07,77,56,-21
6171,2019-06-07,72,86,14
6173,2019-06-07,141,83,-58
6174,2019-06-07,119,103,-16
6175,2019-06-07,105,55,-50
6176,2019-06-07,85,83,-2
6177,2019-06-07,90,74,-16
6178,2019-06-07,141,117,-24
6179,2019-06-07,99,85,-14
6180,2019-06-07,63,87,24
6181,2019-06-07,168,142,-26
6182,2019-06-07,80,51,-29
6183,2019-06-07,126,106,-20
6184,2019-06-07,301,256,-45
6185,2019-06-07,31,34,3
6186,2019-06-07,101,73,-28
6187,2019-06-07,124,145,21
6188,2019-06-07,79,63,-16
6189,2019-06-07,30,27,-3
6190,2019-06-07,132,115,-17
6191,2019-06-07,98,103,5
6192,2019-06-07,32,33,1
6193,2019-06-07,137,131,-6
6194,2019-06-07,177,166,-11
6195,2019-06-07,148,82,-66
6196,2019-06-07,118,106,-12
6197,2019-06-07,55,46,-9
6198,2019-06-07,31,19,-12
6199,2019-06-07,130,107,-23
6200,2019-06-07,144,119,-25
6201,2019-06-07,83,67,-16
6202,2019-06-07,135,123,-12
6203,2019-06-07,113,121,8
6204,2019-06-07,129,126,-3
6205,2019-06-07,80,81,1
6206,2019-06-07,173,150,-23
6207,2019-06-07,46,58,12
6208,2019-06-07,73,74,1
6209,2019-06-07,220,224,4
6210,2019-06-07,58,55,-3
6211,2019-06-07,235,213,-22
6212,2019-06-07,130,97,-33
6213,2019-06-07,158,156,-2
6214,2019-06-07,103,103,0
6216,2019-06-07,163,90,-73
6217,2019-06-07,141,126,-15
6218,2019-06-07,93,79,-14
6219,2019-06-07,125,95,-30
6220,2019-06-07,110,100,-10
6221,2019-06-07,247,216,-31
6222,2019-06-07,104,93,-11
6223,2019-06-07,172,86,-86
6224,2019-06-07,89,66,-23
6225,2019-06-07,91,60,-31
6226,2019-06-07,32,27,-5
6227,2019-06-07,201,184,-17
6228,2019-06-07,43,37,-6
6229,2019-06-07,77,65,-12
6230,2019-06-07,106,75,-31
6231,2019-06-07,83,78,-5
6232,2019-06-07,37,21,-16
6233,2019-06-07,100,86,-14
6234,2019-06-07,105,92,-13
6235,2019-06-07,102,70,-32
6236,2019-06-07,84,78,-6
6237,2019-06-07,75,67,-8
6240,2019-06-07,26,17,-9
6241,2019-06-07,44,41,-3
6243,2019-06-07,93,80,-13
6245,2019-06-07,50,42,-8
6246,2019-06-07,72,70,-2
6247,2019-06-07,166,157,-9
6248,2019-06-07,211,197,-14
6249,2019-06-07,60,52,-8
6250,2019-06-07,87,88,1
6251,2019-06-07,37,29,-8
6252,2019-06-07,66,57,-9
6253,2019-06-07,53,53,0
6254,2019-06-07,83,75,-8
6255,2019-06-07,108,91,-17
6257,2019-06-07,48,37,-11
6258,2019-06-07,105,74,-31
6259,2019-06-07,53,51,-2
6260,2019-06-07,60,43,-17
6261,2019-06-07,68,58,-10
6262,2019-06-07,59,56,-3
6263,2019-06-07,31,32,1
6264,2019-06-07,48,43,-5
6265,2019-06-07,47,40,-7
6266,2019-06-07,34,30,-4
6267,2019-06-07,64,63,-1
6268,2019-06-07,69,58,-11
6269,2019-06-07,29,32,3
6270,2019-06-07,63,62,-1
6271,2019-06-07,1,0,-1
6272,2019-06-07,42,27,-15
6273,2019-06-07,40,31,-9
6274,2019-06-07,61,43,-18
6275,2019-06-07,36,35,-1
6276,2019-06-07,45,32,-13
6277,2019-06-07,62,68,6
6278,2019-06-07,24,27,3
6279,2019-06-07,29,21,-8
6280,2019-06-07,107,106,-1
6281,2019-06-07,30,26,-4
6301,2019-06-07,33,36,3
6302,2019-06-07,25,13,-12
6303,2019-06-07,19,10,-9
6304,2019-06-07,20,16,-4
6305,2019-06-07,34,26,-8
6306,2019-06-07,65,29,-36
6307,2019-06-07,104,98,-6
6309,2019-06-07,28,29,1
6310,2019-06-07,80,25,-55
6311,2019-06-07,49,36,-13
6312,2019-06-07,18,31,13
6313,2019-06-07,64,87,23
6314,2019-06-07,77,62,-15
6315,2019-06-07,84,35,-49
6316,2019-06-07,52,19,-33
6321,2019-06-07,107,104,-3
6322,2019-06-07,46,44,-2
6323,2019-06-07,22,21,-1
6324,2019-06-07,33,30,-3
6327,2019-06-07,43,44,1
6328,2019-06-07,48,34,-14
6329,2019-06-07,26,20,-6
6330,2019-06-07,31,19,-12
6331,2019-06-07,29,22,-7
6332,2019-06-07,34,26,-8
6333,2019-06-07,28,28,0
6334,2019-06-07,81,88,7
6336,2019-06-07,58,53,-5
6338,2019-06-07,30,34,4
6339,2019-06-07,7,10,3
6340,2019-06-07,38,40,2
6341,2019-06-07,52,57,5
6343,2019-06-07,47,42,-5
6344,2019-06-07,75,68,-7
6345,2019-06-07,29,25,-4
6346,2019-06-07,25,17,-8
6347,2019-06-07,25,25,0
6349,2019-06-07,51,45,-6
6350,2019-06-07,42,57,15
6354,2019-06-07,38,45,7
6355,2019-06-07,41,52,11
6356,2019-06-07,42,28,-14
6357,2019-06-07,22,19,-3
6358,2019-06-07,34,25,-9
6359,2019-06-07,117,157,40
6360,2019-06-07,31,36,5
6361,2019-06-07,44,50,6
6362,2019-06-07,33,38,5
6363,2019-06-07,30,12,-18
6364,2019-06-07,75,56,-19
6366,2019-06-07,37,24,-13
6367,2019-06-07,37,31,-6
6368,2019-06-07,81,89,8
6369,2019-06-07,31,42,11
6370,2019-06-07,47,41,-6
6371,2019-06-07,104,94,-10
6372,2019-06-07,104,117,13
6373,2019-06-07,53,42,-11
6374,2019-06-07,56,55,-1
6375,2019-06-07,63,69,6
6377,2019-06-07,54,47,-7
6379,2019-06-07,32,36,4
6380,2019-06-07,50,32,-18
6381,2019-06-07,86,74,-12
6383,2019-06-07,68,58,-10
6384,2019-06-07,19,16,-3
6385,2019-06-07,70,67,-3
6386,2019-06-07,77,118,41
6387,2019-06-07,81,106,25
6388,2019-06-07,25,36,11
6389,2019-06-07,55,45,-10
6391,2019-06-07,67,91,24
6393,2019-06-07,69,99,30
6394,2019-06-07,83,116,33
6395,2019-06-07,60,79,19
6396,2019-06-07,194,237,43
6397,2019-06-07,56,75,19
6398,2019-06-07,50,48,-2
6401,2019-06-07,63,83,20
6402,2019-06-07,63,65,2
6403,2019-06-07,32,38,6
6404,2019-06-07,18,21,3
6405,2019-06-07,46,65,19
6406,2019-06-07,145,198,53
6407,2019-06-07,47,54,7
6408,2019-06-07,52,51,-1
6409,2019-06-07,15,16,1
6410,2019-06-07,48,51,3
6411,2019-06-07,208,205,-3
6412,2019-06-07,23,25,2
6413,2019-06-07,29,21,-8
6414,2019-06-07,36,38,2
6415,2019-06-07,29,29,0
6416,2019-06-07,29,14,-15
6417,2019-06-07,32,28,-4
6418,2019-06-07,8,11,3
6419,2019-06-07,11,26,15
6420,2019-06-07,29,23,-6
6421,2019-06-07,39,28,-11
6422,2019-06-07,17,19,2
6423,2019-06-07,28,14,-14
6424,2019-06-07,46,73,27
6425,2019-06-07,42,65,23
6426,2019-06-07,75,86,11
6427,2019-06-07,73,69,-4
6428,2019-06-07,19,18,-1
6429,2019-06-07,51,59,8
6432,2019-06-07,110,108,-2
6433,2019-06-07,40,32,-8
6434,2019-06-07,94,80,-14
6435,2019-06-07,49,49,0
6436,2019-06-07,30,26,-4
6501,2019-06-07,120,130,10
6502,2019-06-07,25,15,-10
6503,2019-06-07,52,43,-9
6504,2019-06-07,18,22,4
6700,2019-06-07,13,29,16
6701,2019-06-07,96,98,2
6702,2019-06-07,23,28,5
6703,2019-06-07,85,90,5
6704,2019-06-07,34,26,-8
6705,2019-06-07,12,20,8
6706,2019-06-07,21,24,3
6707,2019-06-07,29,34,5
6708,2019-06-07,85,100,15
6709,2019-06-07,33,33,0
6710,2019-06-07,22,25,3
6711,2019-06-07,15,21,6
6712,2019-06-07,21,32,11
6714,2019-06-07,7,7,0
6715,2019-06-07,28,25,-3
6716,2019-06-07,11,14,3
6717,2019-06-07,19,13,-6
6718,2019-06-07,28,26,-2
6719,2019-06-07,35,36,1
6720,2019-06-07,38,43,5
6721,2019-06-07,24,28,4
6722,2019-06-07,18,15,-3
6723,2019-06-07,28,34,6
6724,2019-06-07,81,114,33
6725,2019-06-07,45,44,-1
6726,2019-06-07,13,15,2
6727,2019-06-07,123,122,-1
6728,2019-06-07,16,12,-4
6729,2019-06-07,132,158,26
6730,2019-06-07,19,16,-3
6731,2019-06-07,20,18,-2
6732,2019-06-07,43,47,4
6733,2019-06-07,38,35,-3
6734,2019-06-07,71,57,-14
6735,2019-06-07,14,12,-2
6736,2019-06-07,11,14,3
6737,2019-06-07,22,29,7
6738,2019-06-07,91,86,-5
6739,2019-06-07,7,13,6
6741,2019-06-07,22,32,10
6742,2019-06-07,70,70,0
6743,2019-06-07,57,26,-31
6744,2019-06-07,33,33,0
6745,2019-06-07,16,12,-4
6746,2019-06-07,32,26,-6
6747,2019-06-07,50,57,7
6748,2019-06-07,106,116,10
6749,2019-06-07,56,55,-1
6750,2019-06-07,54,46,-8
6752,2019-06-07,22,29,7
6753,2019-06-07,26,22,-4
6754,2019-06-07,20,31,11
6901,2019-06-07,41,65,24
6903,2019-06-07,142,130,-12
6904,2019-06-07,68,56,-12
6905,2019-06-07,48,40,-8
6906,2019-06-07,186,114,-72
6907,2019-06-07,117,84,-33
6908,2019-06-07,51,41,-10
6910,2019-06-07,138,133,-5
6912,2019-06-07,154,117,-37
6913,2019-06-07,50,43,-7
6915,2019-06-07,110,111,1
6916,2019-06-07,60,42,-18
6917,2019-06-07,19,18,-1
6918,2019-06-07,33,18,-15
6919,2019-06-07,39,31,-8
6921,2019-06-07,91,92,1
6923,2019-06-07,45,55,10
6924,2019-06-07,20,21,1
6925,2019-06-07,45,39,-6
6926,2019-06-07,78,66,-12
6927,2019-06-07,70,38,-32
6928,2019-06-07,43,14,-29
6929,2019-06-07,41,30,-11
6930,2019-06-07,27,28,1
7001,2019-06-07,42,37,-5
7002,2019-06-07,22,23,1
7003,2019-06-07,137,109,-28
7004,2019-06-07,19,17,-2
7005,2019-06-07,10,10,0
7006,2019-06-07,20,22,2
7007,2019-06-07,10,14,4
7008,2019-06-07,31,31,0
7009,2019-06-07,94,121,27
7010,2019-06-07,11,13,2
7011,2019-06-07,72,79,7
7012,2019-06-07,43,47,4
7013,2019-06-07,26,18,-8
7014,2019-06-07,81,46,-35
7015,2019-06-07,21,19,-2
7016,2019-06-07,18,16,-2
7017,2019-06-07,47,52,5
7018,2019-06-07,26,41,15
7019,2019-06-07,120,125,5
7020,2019-06-07,39,34,-5
7021,2019-06-07,59,55,-4
7022,2019-06-07,46,38,-8
7023,2019-06-07,5,9,4
7024,2019-06-07,20,15,-5
7025,2019-06-07,75,68,-7
7027,2019-06-07,69,53,-16
7028,2019-06-07,125,116,-9
7029,2019-06-07,60,65,5
7030,2019-06-07,83,81,-2
7031,2019-06-07,77,61,-16
7032,2019-06-07,116,72,-44
7033,2019-06-07,99,90,-9
7034,2019-06-07,37,76,39
7035,2019-06-07,60,49,-11
7036,2019-06-07,43,39,-4
7037,2019-06-07,58,49,-9
7038,2019-06-07,94,110,16
7039,2019-06-07,43,40,-3
7040,2019-06-07,98,109,11
7041,2019-06-07,163,168,5
7042,2019-06-07,36,40,4
7043,2019-06-07,29,32,3
7044,2019-06-07,8,8,0
7045,2019-06-07,64,66,2
7046,2019-06-07,125,164,39
7047,2019-06-07,150,188,38
7048,2019-06-07,15,24,9
7049,2019-06-07,18,20,2
7050,2019-06-07,42,43,1
7051,2019-06-07,6,13,7
7052,2019-06-07,57,72,15
7053,2019-06-07,49,50,1
7054,2019-06-07,72,90,18
7055,2019-06-07,30,46,16
7056,2019-06-07,16,22,6
7057,2019-06-07,44,51,7
7058,2019-06-07,43,45,2
7059,2019-06-07,31,24,-7
7060,2019-06-07,29,36,7
7061,2019-06-07,24,27,3
7062,2019-06-07,48,67,19
7063,2019-06-07,31,28,-3
7064,2019-06-07,29,25,-4
7065,2019-06-07,49,40,-9
7066,2019-06-07,56,133,77
7067,2019-06-07,56,68,12
7068,2019-06-07,83,99,16
7069,2019-06-07,69,100,31
7070,2019-06-07,61,53,-8
7071,2019-06-07,78,43,-35
7072,2019-06-07,55,45,-10
7073,2019-06-07,54,58,4
7074,2019-06-07,57,61,4
7075,2019-06-07,15,14,-1
7076,2019-06-07,47,54,7
7077,2019-06-07,66,85,19
7078,2019-06-07,49,48,-1
7079,2019-06-07,46,48,2
7080,2019-06-07,110,92,-18
7081,2019-06-07,72,97,25
7082,2019-06-07,106,117,11
7083,2019-06-07,31,50,19
7084,2019-06-07,109,94,-15
7086,2019-06-07,1,1,0
7087,2019-06-07,2,3,1
7090,2019-06-07,14,15,1
7091,2019-06-07,7,12,5
7092,2019-06-07,9,6,-3
7093,2019-06-07,1,4,3
7094,2019-06-07,5,4,-1
7095,2019-06-07,28,27,-1
7096,2019-06-07,27,32,5
7097,2019-06-07,8,6,-2
7098,2019-06-07,5,6,1
7099,2019-06-07,5,4,-1
7100,2019-06-07,2,6,4
7101,2019-06-07,8,7,-1
7102,2019-06-07,19,15,-4
7103,2019-06-07,8,11,3
7105,2019-06-07,7,8,1
7106,2019-06-07,3,4,1
7107,2019-06-07,3,3,0
7108,2019-06-07,13,7,-6
7109,2019-06-07,11,12,1
7110,2019-06-07,5,9,4
7111,2019-06-07,6,2,-4
7112,2019-06-07,19,13,-6
7113,2019-06-07,68,58,-10
7114,2019-06-07,79,88,9
7115,2019-06-07,16,13,-3
7116,2019-06-07,10,13,3
7117,2019-06-07,2,2,0
7119,2019-06-07,13,15,2
7120,2019-06-07,5,6,1
7121,2019-06-07,5,12,7
7122,2019-06-07,13,9,-4
7123,2019-06-07,7,3,-4
7124,2019-06-07,26,24,-2
7125,2019-06-07,33,20,-13
7126,2019-06-07,6,1,-5
7127,2019-06-07,36,40,4
7128,2019-06-07,25,19,-6
7129,2019-06-07,8,16,8
7130,2019-06-07,14,13,-1
7131,2019-06-07,5,6,1
7132,2019-06-07,6,5,-1
7133,2019-06-07,6,10,4
7134,2019-06-07,4,6,2
7135,2019-06-07,8,8,0
7136,2019-06-07,7,5,-2
7137,2019-06-07,9,10,1
7138,2019-06-07,5,5,0
7140,2019-06-07,25,28,3
7141,2019-06-07,41,41,0
7142,2019-06-07,16,26,10
7143,2019-06-07,21,19,-2
7144,2019-06-07,45,57,12
7145,2019-06-07,18,18,0
7146,2019-06-07,6,1,-5
7147,2019-06-07,33,36,3
7148,2019-06-07,4,5,1
7149,2019-06-07,16,12,-4
10002,2019-06-07,128,130,2
4000,2019-06-08,54,71,17
4001,2019-06-08,12,10,-2
4002,2019-06-08,14,22,8
5002,2019-06-08,5,10,5
5003,2019-06-08,6,4,-2
5004,2019-06-08,1,0,-1
5005,2019-06-08,4,8,4
5006,2019-06-08,3,12,9
5007,2019-06-08,26,32,6
6001,2019-06-08,51,57,6
6002,2019-06-08,40,64,24
6003,2019-06-08,75,77,2
6004,2019-06-08,49,41,-8
6005,2019-06-08,85,91,6
6006,2019-06-08,38,27,-11
6007,2019-06-08,66,69,3
6008,2019-06-08,60,65,5
6011,2019-06-08,57,70,13
6012,2019-06-08,170,228,58
6013,2019-06-08,77,79,2
6014,2019-06-08,42,55,13
6015,2019-06-08,222,340,118
6016,2019-06-08,23,27,4
6017,2019-06-08,70,81,11
6018,2019-06-08,76,74,-2
6019,2019-06-08,159,105,-54
6020,2019-06-08,110,114,4
6021,2019-06-08,67,71,4
6022,2019-06-08,70,69,-1
6023,2019-06-08,272,362,90
6024,2019-06-08,12,11,-1
6025,2019-06-08,67,64,-3
6026,2019-06-08,370,520,150
6027,2019-06-08,153,201,48
6029,2019-06-08,24,34,10
6031,2019-06-08,36,37,1
6032,2019-06-08,67,122,55
6033,2019-06-08,11,13,2
6034,2019-06-08,60,64,4
6035,2019-06-08,23,57,34
6036,2019-06-08,297,470,173
6037,2019-06-08,75,77,2
6038,2019-06-08,110,127,17
6039,2019-06-08,101,98,-3
6040,2019-06-08,58,60,2
6041,2019-06-08,42,46,4
6042,2019-06-08,32,33,1
6043,2019-06-08,47,60,13
6044,2019-06-08,72,74,2
6046,2019-06-08,62,49,-13
6047,2019-06-08,34,19,-15
6048,2019-06-08,27,19,-8
6049,2019-06-08,44,45,1
6050,2019-06-08,31,29,-2
6051,2019-06-08,32,26,-6
6052,2019-06-08,380,457,77
6053,2019-06-08,156,159,3
6057,2019-06-08,77,78,1
6058,2019-06-08,96,86,-10
6059,2019-06-08,75,47,-28
6060,2019-06-08,24,28,4
6062,2019-06-08,86,67,-19
6063,2019-06-08,121,130,9
6064,2019-06-08,151,183,32
6065,2019-06-08,79,80,1
6066,2019-06-08,50,18,-32
6067,2019-06-08,41,36,-5
6068,2019-06-08,14,9,-5
6070,2019-06-08,116,98,-18
6072,2019-06-08,77,84,7
6073,2019-06-08,168,201,33
6075,2019-06-08,29,10,-19
6076,2019-06-08,32,27,-5
6078,2019-06-08,24,33,9
6079,2019-06-08,77,62,-15
6080,2019-06-08,119,110,-9
6081,2019-06-08,41,37,-4
6082,2019-06-08,24,25,1
6083,2019-06-08,67,71,4
6084,2019-06-08,37,55,18
6085,2019-06-08,106,177,71
6086,2019-06-08,30,41,11
6087,2019-06-08,101,115,14
6088,2019-06-08,74,95,21
6089,2019-06-08,34,29,-5
6090,2019-06-08,38,29,-9
6091,2019-06-08,59,46,-13
6092,2019-06-08,80,84,4
6093,2019-06-08,31,20,-11
6094,2019-06-08,61,60,-1
6095,2019-06-08,132,98,-34
6096,2019-06-08,57,62,5
6097,2019-06-08,100,62,-38
6098,2019-06-08,72,50,-22
6099,2019-06-08,134,173,39
6100,2019-06-08,219,220,1
6101,2019-06-08,32,17,-15
6103,2019-06-08,32,43,11
6104,2019-06-08,57,77,20
6105,2019-06-08,37,48,11
6106,2019-06-08,34,49,15
6107,2019-06-08,97,87,-10
6108,2019-06-08,48,50,2
6109,2019-06-08,45,35,-10
6110,2019-06-08,49,58,9
6111,2019-06-08,64,77,13
6112,2019-06-08,136,132,-4
6113,2019-06-08,52,64,12
6114,2019-06-08,213,246,33
6115,2019-06-08,14,23,9
6116,2019-06-08,74,89,15
6118,2019-06-08,94,99,5
6119,2019-06-08,98,112,14
6120,2019-06-08,73,90,17
6121,2019-06-08,38,56,18
6122,2019-06-08,18,25,7
6123,2019-06-08,38,45,7
6124,2019-06-08,43,71,28
6125,2019-06-08,32,19,-13
6126,2019-06-08,38,56,18
6127,2019-06-08,54,55,1
6128,2019-06-08,24,30,6
6129,2019-06-08,58,49,-9
6130,2019-06-08,28,32,4
6131,2019-06-08,116,62,-54
6132,2019-06-08,48,60,12
6133,2019-06-08,65,59,-6
6134,2019-06-08,60,52,-8
6136,2019-06-08,206,175,-31
6137,2019-06-08,129,107,-22
6138,2019-06-08,74,49,-25
6139,2019-06-08,59,48,-11
6140,2019-06-08,134,128,-6
6141,2019-06-08,68,60,-8
6142,2019-06-08,196,154,-42
6143,2019-06-08,192,179,-13
6145,2019-06-08,111,105,-6
6146,2019-06-08,102,86,-16
6147,2019-06-08,95,76,-19
6148,2019-06-08,131,116,-15
6149,2019-06-08,45,41,-4
6150,2019-06-08,96,82,-14
6151,2019-06-08,88,85,-3
6152,2019-06-08,127,143,16
6153,2019-06-08,46,41,-5
6154,2019-06-08,242,258,16
6155,2019-06-08,152,130,-22
6156,2019-06-08,71,70,-1
6157,2019-06-08,141,127,-14
6158,2019-06-08,85,83,-2
6159,2019-06-08,36,43,7
6160,2019-06-08,60,62,2
6161,2019-06-08,54,57,3
6162,2019-06-08,8,10,2
6163,2019-06-08,123,127,4
6164,2019-06-08,145,140,-5
6165,2019-06-08,190,201,11
6166,2019-06-08,105,85,-20
6167,2019-06-08,53,44,-9
6168,2019-06-08,40,30,-10
6169,2019-06-08,170,126,-44
6170,2019-06-08,116,124,8
6171,2019-06-08,51,67,16
6173,2019-06-08,129,91,-38
6174,2019-06-08,131,91,-40
6175,2019-06-08,111,55,-56
6176,2019-06-08,129,138,9
6177,2019-06-08,89,59,-30
6178,2019-06-08,134,130,-4
6179,2019-06-08,100,97,-3
6180,2019-06-08,58,53,-5
6181,2019-06-08,169,160,-9
6182,2019-06-08,110,101,-9
6183,2019-06-08,118,119,1
6184,2019-06-08,299,286,-13
6185,2019-06-08,26,17,-9
6186,2019-06-08,89,61,-28
6187,2019-06-08,132,151,19
6188,2019-06-08,62,50,-12
6189,2019-06-08,32,33,1
6190,2019-06-08,134,98,-36
6191,2019-06-08,80,83,3
6192,2019-06-08,71,54,-17
6193,2019-06-08,179,163,-16
6194,2019-06-08,142,124,-18
6195,2019-06-08,110,75,-35
6196,2019-06-08,146,116,-30
6197,2019-06-08,38,39,1
6198,2019-06-08,18,15,-3
6199,2019-06-08,86,68,-18
6200,2019-06-08,102,98,-4
6201,2019-06-08,96,88,-8
6202,2019-06-08,116,114,-2
6203,2019-06-08,116,104,-12
6204,2019-06-08,97,84,-13
6205,2019-06-08,75,75,0
6206,2019-06-08,142,118,-24
6207,2019-06-08,37,34,-3
6208,2019-06-08,49,64,15
6209,2019-06-08,251,252,1
6210,2019-06-08,30,28,-2
6211,2019-06-08,246,236,-10
6212,2019-06-08,114,113,-1
6213,2019-06-08,134,128,-6
6214,2019-06-08,143,116,-27
6216,2019-06-08,217,171,-46
6217,2019-06-08,149,137,-12
6218,2019-06-08,82,85,3
6219,2019-06-08,84,78,-6
6220,2019-06-08,105,75,-30
6221,2019-06-08,301,290,-11
6222,2019-06-08,132,116,-16
6223,2019-06-08,191,136,-55
6224,2019-06-08,95,89,-6
6225,2019-06-08,77,49,-28
6226,2019-06-08,12,5,-7
6227,2019-06-08,169,171,2
6228,2019-06-08,29,24,-5
6229,2019-06-08,85,74,-11
6230,2019-06-08,127,121,-6
6231,2019-06-08,122,97,-25
6232,2019-06-08,31,24,-7
6233,2019-06-08,126,110,-16
6234,2019-06-08,137,131,-6
6235,2019-06-08,43,45,2
6236,2019-06-08,96,95,-1
6237,2019-06-08,75,73,-2
6240,2019-06-08,21,20,-1
6241,2019-06-08,62,67,5
6243,2019-06-08,69,65,-4
6245,2019-06-08,52,43,-9
6246,2019-06-08,50,42,-8
6247,2019-06-08,209,221,12
6248,2019-06-08,199,199,0
6249,2019-06-08,61,56,-5
6250,2019-06-08,134,142,8
6251,2019-06-08,42,41,-1
6252,2019-06-08,65,66,1
6253,2019-06-08,59,40,-19
6254,2019-06-08,76,74,-2
6255,2019-06-08,128,115,-13
6257,2019-06-08,56,57,1
6258,2019-06-08,103,79,-24
6259,2019-06-08,45,33,-12
6260,2019-06-08,43,47,4
6261,2019-06-08,46,46,0
6262,2019-06-08,56,55,-1
6263,2019-06-08,12,19,7
6264,2019-06-08,50,48,-2
6265,2019-06-08,42,35,-7
6266,2019-06-08,39,25,-14
6267,2019-06-08,64,61,-3
6268,2019-06-08,40,43,3
6269,2019-06-08,29,29,0
6270,2019-06-08,51,42,-9
6271,2019-06-08,8,9,1
6272,2019-06-08,42,33,-9
6273,2019-06-08,34,38,4
6274,2019-06-08,49,42,-7
6275,2019-06-08,33,26,-7
6276,2019-06-08,52,39,-13
6277,2019-06-08,67,66,-1
6278,2019-06-08,42,33,-9
6279,2019-06-08,29,34,5
6280,2019-06-08,67,68,1
6281,2019-06-08,26,19,-7
6301,2019-06-08,41,39,-2
6302,2019-06-08,17,16,-1
6303,2019-06-08,33,39,6
6304,2019-06-08,9,10,1
6305,2019-06-08,18,17,-1
6306,2019-06-08,44,18,-26
6307,2019-06-08,109,107,-2
6309,2019-06-08,30,32,2
6310,2019-06-08,44,18,-26
6311,2019-06-08,60,51,-9
6312,2019-06-08,28,47,19
6313,2019-06-08,116,144,28
6314,2019-06-08,76,69,-7
6315,2019-06-08,72,41,-31
6316,2019-06-08,41,14,-27
6321,2019-06-08,166,145,-21
6322,2019-06-08,45,40,-5
6323,2019-06-08,18,16,-2
6324,2019-06-08,30,30,0
6327,2019-06-08,40,30,-10
6328,2019-06-08,36,26,-10
6329,2019-06-08,35,23,-12
6330,2019-06-08,32,27,-5
6331,2019-06-08,21,19,-2
6332,2019-06-08,32,32,0
6333,2019-06-08,42,36,-6
6334,2019-06-08,78,82,4
6336,2019-06-08,47,38,-9
6338,2019-06-08,48,46,-2
6339,2019-06-08,40,28,-12
6340,2019-06-08,43,35,-8
6341,2019-06-08,53,64,11
6343,2019-06-08,43,45,2
6344,2019-06-08,69,70,1
6345,2019-06-08,21,19,-2
6346,2019-06-08,14,9,-5
6347,2019-06-08,27,26,-1
6349,2019-06-08,43,36,-7
6350,2019-06-08,41,37,-4
6354,2019-06-08,44,47,3
6355,2019-06-08,35,40,5
6356,2019-06-08,25,12,-13
6357,2019-06-08,29,26,-3
6358,2019-06-08,23,26,3
6359,2019-06-08,159,164,5
6360,2019-06-08,34,37,3
6361,2019-06-08,67,70,3
6362,2019-06-08,42,38,-4
6363,2019-06-08,23,23,0
6364,2019-06-08,51,45,-6
6366,2019-06-08,40,26,-14
6367,2019-06-08,33,36,3
6368,2019-06-08,92,91,-1
6369,2019-06-08,25,38,13
6370,2019-06-08,37,26,-11
6371,2019-06-08,91,100,9
6372,2019-06-08,105,109,4
6373,2019-06-08,52,37,-15
6374,2019-06-08,57,50,-7
6375,2019-06-08,91,96,5
6377,2019-06-08,40,50,10
6379,2019-06-08,38,38,0
6380,2019-06-08,38,45,7
6381,2019-06-08,83,86,3
6383,2019-06-08,35,38,3
6384,2019-06-08,32,26,-6
6385,2019-06-08,64,60,-4
6386,2019-06-08,69,90,21
6387,2019-06-08,66,72,6
6388,2019-06-08,29,32,3
6389,2019-06-08,64,63,-1
6391,2019-06-08,82,83,1
6393,2019-06-08,65,75,10
6394,2019-06-08,70,80,10
6395,2019-06-08,53,49,-4
6396,2019-06-08,93,86,-7
6397,2019-06-08,58,80,22
6398,2019-06-08,36,43,7
6401,2019-06-08,67,75,8
6402,2019-06-08,79,87,8
6403,2019-06-08,50,40,-10
6404,2019-06-08,39,43,4
6405,2019-06-08,90,96,6
6406,2019-06-08,335,383,48
6407,2019-06-08,30,40,10
6408,2019-06-08,35,39,4
6409,2019-06-08,9,19,10
6410,2019-06-08,23,20,-3
6411,2019-06-08,197,195,-2
6412,2019-06-08,15,23,8
6413,2019-06-08,18,20,2
6414,2019-06-08,41,41,0
6415,2019-06-08,22,19,-3
6416,2019-06-08,24,11,-13
6417,2019-06-08,25,34,9
6418,2019-06-08,8,6,-2
6419,2019-06-08,15,11,-4
6420,2019-06-08,29,18,-11
6421,2019-06-08,41,23,-18
6422,2019-06-08,16,15,-1
6423,2019-06-08,15,5,-10
6424,2019-06-08,41,55,14
6425,2019-06-08,60,64,4
6426,2019-06-08,50,76,26
6427,2019-06-08,61,82,21
6428,2019-06-08,24,14,-10
6429,2019-06-08,38,52,14
6432,2019-06-08,61,65,4
6433,2019-06-08,20,29,9
6434,2019-06-08,69,74,5
6435,2019-06-08,58,51,-7
6436,2019-06-08,35,34,-1
6501,2019-06-08,189,316,127
6502,2019-06-08,29,28,-1
6503,2019-06-08,57,50,-7
6504,2019-06-08,56,46,-10
6700,2019-06-08,16,35,19
6701,2019-06-08,106,104,-2
6702,2019-06-08,25,30,5
6703,2019-06-08,77,90,13
6704,2019-06-08,33,29,-4
6705,2019-06-08,24,23,-1
6706,2019-06-08,24,20,-4
6707,2019-06-08,30,32,2
6708,2019-06-08,58,73,15
6709,2019-06-08,44,37,-7
6710,2019-06-08,21,21,0
6711,2019-06-08,22,24,2
6712,2019-06-08,38,40,2
6714,2019-06-08,23,20,-3
6715,2019-06-08,44,51,7
6716,2019-06-08,8,8,0
6717,2019-06-08,9,11,2
6718,2019-06-08,18,18,0
6719,2019-06-08,27,21,-6
6720,2019-06-08,22,31,9
6721,2019-06-08,21,22,1
6722,2019-06-08,12,24,12
6723,2019-06-08,28,29,1
6724,2019-06-08,88,122,34
6725,2019-06-08,31,30,-1
6726,2019-06-08,10,14,4
6727,2019-06-08,84,88,4
6728,2019-06-08,21,24,3
6729,2019-06-08,140,140,0
6730,2019-06-08,14,18,4
6731,2019-06-08,36,27,-9
6732,2019-06-08,38,31,-7
6733,2019-06-08,44,36,-8
6734,2019-06-08,69,60,-9
6735,2019-06-08,4,4,0
6736,2019-06-08,16,25,9
6737,2019-06-08,23,34,11
6738,2019-06-08,43,28,-15
6739,2019-06-08,10,12,2
6741,2019-06-08,24,34,10
6742,2019-06-08,101,98,-3
6743,2019-06-08,43,33,-10
6744,2019-06-08,27,30,3
6745,2019-06-08,25,26,1
6746,2019-06-08,18,18,0
6747,2019-06-08,25,25,0
6748,2019-06-08,109,123,14
6749,2019-06-08,62,62,0
6750,2019-06-08,52,50,-2
6752,2019-06-08,12,10,-2
6753,2019-06-08,7,7,0
6754,2019-06-08,19,19,0
6901,2019-06-08,45,59,14
6903,2019-06-08,143,123,-20
6904,2019-06-08,56,50,-6
6905,2019-06-08,31,32,1
6906,2019-06-08,127,80,-47
6907,2019-06-08,126,98,-28
6908,2019-06-08,57,65,8
6910,2019-06-08,148,130,-18
6912,2019-06-08,145,119,-26
6913,2019-06-08,82,52,-30
6915,2019-06-08,109,99,-10
6916,2019-06-08,34,42,8
6917,2019-06-08,21,22,1
6918,2019-06-08,37,23,-14
6919,2019-06-08,25,22,-3
6921,2019-06-08,55,63,8
6923,2019-06-08,54,46,-8
6924,2019-06-08,30,29,-1
6925,2019-06-08,32,36,4
6926,2019-06-08,73,59,-14
6927,2019-06-08,35,22,-13
6928,2019-06-08,24,6,-18
6929,2019-06-08,40,35,-5
6930,2019-06-08,21,27,6
7001,2019-06-08,49,55,6
7002,2019-06-08,11,16,5
7003,2019-06-08,109,68,-41
7004,2019-06-08,26,22,-4
7005,2019-06-08,9,10,1
7006,2019-06-08,10,13,3
7007,2019-06-08,11,15,4
7008,2019-06-08,26,31,5
7009,2019-06-08,105,124,19
7010,2019-06-08,12,11,-1
7011,2019-06-08,65,77,12
7012,2019-06-08,39,35,-4
7013,2019-06-08,11,11,0
7014,2019-06-08,47,26,-21
7015,2019-06-08,54,52,-2
7016,2019-06-08,10,14,4
7017,2019-06-08,30,40,10
7018,2019-06-08,37,45,8
7019,2019-06-08,35,24,-11
7020,2019-06-08,29,43,14
7021,2019-06-08,46,42,-4
7022,2019-06-08,59,55,-4
7023,2019-06-08,6,6,0
7024,2019-06-08,30,16,-14
7025,2019-06-08,37,28,-9
7027,2019-06-08,44,49,5
7028,2019-06-08,41,41,0
7029,2019-06-08,43,36,-7
7030,2019-06-08,66,60,-6
7031,2019-06-08,70,69,-1
7032,2019-06-08,94,67,-27
7033,2019-06-08,80,53,-27
7034,2019-06-08,60,119,59
7035,2019-06-08,34,31,-3
7036,2019-06-08,47,48,1
7037,2019-06-08,58,57,-1
7038,2019-06-08,104,103,-1
7039,2019-06-08,34,32,-2
7040,2019-06-08,95,85,-10
7041,2019-06-08,113,110,-3
7042,2019-06-08,32,34,2
7043,2019-06-08,23,15,-8
7044,2019-06-08,4,4,0
7045,2019-06-08,120,120,0
7046,2019-06-08,58,74,16
7047,2019-06-08,129,158,29
7048,2019-06-08,32,44,12
7049,2019-06-08,8,14,6
7050,2019-06-08,79,82,3
7051,2019-06-08,13,22,9
7052,2019-06-08,35,56,21
7053,2019-06-08,51,58,7
7054,2019-06-08,123,123,0
7055,2019-06-08,23,45,22
7056,2019-06-08,15,11,-4
7057,2019-06-08,61,64,3
7058,2019-06-08,54,58,4
7059,2019-06-08,34,40,6
7060,2019-06-08,42,52,10
7061,2019-06-08,36,35,-1
7062,2019-06-08,52,53,1
7063,2019-06-08,33,32,-1
7064,2019-06-08,13,22,9
7065,2019-06-08,52,57,5
7066,2019-06-08,55,100,45
7067,2019-06-08,41,56,15
7068,2019-06-08,142,175,33
7069,2019-06-08,58,72,14
7070,2019-06-08,57,60,3
7071,2019-06-08,69,53,-16
7072,2019-06-08,68,64,-4
7073,2019-06-08,62,61,-1
7074,2019-06-08,42,51,9
7075,2019-06-08,5,7,2
7076,2019-06-08,63,45,-18
7077,2019-06-08,114,115,1
7078,2019-06-08,32,42,10
7079,2019-06-08,23,28,5
7080,2019-06-08,50,50,0
7081,2019-06-08,66,71,5
7082,2019-06-08,68,73,5
7083,2019-06-08,58,49,-9
7084,2019-06-08,85,89,4
7086,2019-06-08,9,9,0
7087,2019-06-08,8,6,-2
7088,2019-06-08,3,2,-1
7089,2019-06-08,4,5,1
7090,2019-06-08,18,19,1
7091,2019-06-08,17,11,-6
7092,2019-06-08,4,6,2
7093,2019-06-08,6,7,1
7094,2019-06-08,3,6,3
7095,2019-06-08,5,10,5
7096,2019-06-08,13,14,1
7097,2019-06-08,9,12,3
7098,2019-06-08,4,4,0
7099,2019-06-08,16,13,-3
7100,2019-06-08,4,5,1
7101,2019-06-08,3,7,4
7102,2019-06-08,9,23,14
7103,2019-06-08,58,65,7
7104,2019-06-08,3,3,0
7105,2019-06-08,26,23,-3
7106,2019-06-08,9,8,-1
7107,2019-06-08,13,15,2
7108,2019-06-08,59,57,-2
7109,2019-06-08,3,4,1
7110,2019-06-08,25,25,0
7111,2019-06-08,4,4,0
7112,2019-06-08,17,12,-5
7113,2019-06-08,29,28,-1
7114,2019-06-08,123,134,11
7115,2019-06-08,15,15,0
7116,2019-06-08,16,15,-1
7117,2019-06-08,4,6,2
7119,2019-06-08,21,29,8
7120,2019-06-08,13,10,-3
7121,2019-06-08,4,12,8
7122,2019-06-08,5,8,3
7123,2019-06-08,11,8,-3
7124,2019-06-08,15,11,-4
7125,2019-06-08,51,49,-2
7126,2019-06-08,11,8,-3
7127,2019-06-08,30,27,-3
7128,2019-06-08,14,10,-4
7129,2019-06-08,8,14,6
7130,2019-06-08,8,12,4
7131,2019-06-08,9,5,-4
7132,2019-06-08,7,4,-3
7133,2019-06-08,7,11,4
7134,2019-06-08,8,8,0
7135,2019-06-08,7,7,0
7136,2019-06-08,4,4,0
7137,2019-06-08,5,6,1
7138,2019-06-08,8,6,-2
7140,2019-06-08,11,19,8
7141,2019-06-08,59,68,9
7142,2019-06-08,21,21,0
7143,2019-06-08,44,37,-7
7144,2019-06-08,53,55,2
7145,2019-06-08,20,22,2
7147,2019-06-08,27,24,-3
7148,2019-06-08,22,21,-1
7149,2019-06-08,13,8,-5
10002,2019-06-08,129,125,-4
4000,2019-06-09,51,58,7
4001,2019-06-09,9,14,5
4002,2019-06-09,20,16,-4
5002,2019-06-09,6,6,0
5003,2019-06-09,2,5,3
5004,2019-06-09,4,2,-2
5005,2019-06-09,7,8,1
5006,2019-06-09,6,7,1
5007,2019-06-09,14,20,6
6001,2019-06-09,48,47,-1
6002,2019-06-09,37,46,9
6003,2019-06-09,55,55,0
6004,2019-06-09,25,38,13
6005,2019-06-09,62,59,-3
6006,2019-06-09,21,22,1
6007,2019-06-09,57,35,-22
6008,2019-06-09,33,50,17
6011,2019-06-09,40,39,-1
6012,2019-06-09,105,170,65
6013,2019-06-09,53,81,28
6014,2019-06-09,53,63,10
6015,2019-06-09,168,272,104
6016,2019-06-09,14,19,5
6017,2019-06-09,69,84,15
6018,2019-06-09,63,85,22
6019,2019-06-09,110,71,-39
6020,2019-06-09,71,94,23
6021,2019-06-09,87,60,-27
6022,2019-06-09,59,57,-2
6023,2019-06-09,243,332,89
6024,2019-06-09,7,10,3
6025,2019-06-09,41,49,8
6026,2019-06-09,316,386,70
6027,2019-06-09,107,102,-5
6029,2019-06-09,18,22,4
6031,2019-06-09,32,32,0
6032,2019-06-09,70,105,35
6033,2019-06-09,12,10,-2
6034,2019-06-09,57,53,-4
6035,2019-06-09,13,25,12
6036,2019-06-09,304,413,109
6037,2019-06-09,56,78,22
6038,2019-06-09,92,92,0
6039,2019-06-09,54,65,11
6040,2019-06-09,36,43,7
6041,2019-06-09,22,28,6
6042,2019-06-09,26,25,-1
6043,2019-06-09,45,58,13
6044,2019-06-09,87,94,7
6046,2019-06-09,46,40,-6
6047,2019-06-09,38,20,-18
6048,2019-06-09,10,13,3
6049,2019-06-09,52,52,0
6050,2019-06-09,20,21,1
6051,2019-06-09,35,46,11
6052,2019-06-09,304,357,53
6053,2019-06-09,96,101,5
6057,2019-06-09,45,46,1
6058,2019-06-09,40,40,0
6059,2019-06-09,15,14,-1
6060,2019-06-09,34,23,-11
6062,2019-06-09,46,52,6
6063,2019-06-09,108,64,-44
6064,2019-06-09,127,95,-32
6065,2019-06-09,52,45,-7
6066,2019-06-09,11,13,2
6067,2019-06-09,37,41,4
6068,2019-06-09,3,7,4
6070,2019-06-09,101,100,-1
6072,2019-06-09,53,50,-3
6073,2019-06-09,109,124,15
6075,2019-06-09,23,14,-9
6076,2019-06-09,24,26,2
6078,2019-06-09,38,45,7
6079,2019-06-09,45,50,5
6080,2019-06-09,111,106,-5
6081,2019-06-09,27,30,3
6082,2019-06-09,27,29,2
6083,2019-06-09,54,50,-4
6084,2019-06-09,23,15,-8
6085,2019-06-09,57,100,43
6086,2019-06-09,48,82,34
6087,2019-06-09,115,139,24
6088,2019-06-09,60,63,3
6089,2019-06-09,44,36,-8
6090,2019-06-09,42,44,2
6091,2019-06-09,36,37,1
6092,2019-06-09,72,76,4
6093,2019-06-09,37,18,-19
6094,2019-06-09,45,44,-1
6095,2019-06-09,120,112,-8
6096,2019-06-09,50,54,4
6097,2019-06-09,87,53,-34
6098,2019-06-09,47,41,-6
6099,2019-06-09,123,138,15
6100,2019-06-09,175,184,9
6101,2019-06-09,46,16,-30
6103,2019-06-09,21,29,8
6104,2019-06-09,53,72,19
6105,2019-06-09,40,44,4
6106,2019-06-09,27,31,4
6107,2019-06-09,68,62,-6
6108,2019-06-09,33,45,12
6109,2019-06-09,51,47,-4
6110,2019-06-09,36,39,3
6111,2019-06-09,52,62,10
6112,2019-06-09,98,106,8
6113,2019-06-09,73,81,8
6114,2019-06-09,177,221,44
6115,2019-06-09,24,23,-1
6116,2019-06-09,51,64,13
6118,2019-06-09,73,78,5
6119,2019-06-09,83,116,33
6120,2019-06-09,52,55,3
6121,2019-06-09,24,44,20
6122,2019-06-09,14,25,11
6123,2019-06-09,40,41,1
6124,2019-06-09,26,52,26
6125,2019-06-09,16,17,1
6126,2019-06-09,35,34,-1
6127,2019-06-09,60,53,-7
6128,2019-06-09,21,21,0
6129,2019-06-09,63,57,-6
6130,2019-06-09,36,31,-5
6131,2019-06-09,80,65,-15
6132,2019-06-09,57,59,2
6133,2019-06-09,65,62,-3
6134,2019-06-09,44,47,3
6136,2019-06-09,222,168,-54
6137,2019-06-09,113,117,4
6138,2019-06-09,80,81,1
6139,2019-06-09,33,42,9
6140,2019-06-09,134,132,-2
6141,2019-06-09,61,65,4
6142,2019-06-09,180,170,-10
6143,2019-06-09,188,181,-7
6145,2019-06-09,129,121,-8
6146,2019-06-09,120,113,-7
6147,2019-06-09,130,86,-44
6148,2019-06-09,142,102,-40
6149,2019-06-09,29,38,9
6150,2019-06-09,75,87,12
6151,2019-06-09,78,84,6
6152,2019-06-09,144,128,-16
6153,2019-06-09,44,46,2
6154,2019-06-09,201,197,-4
6155,2019-06-09,143,127,-16
6156,2019-06-09,57,67,10
6157,2019-06-09,170,168,-2
6158,2019-06-09,63,68,5
6159,2019-06-09,28,24,-4
6160,2019-06-09,47,51,4
6161,2019-06-09,44,36,-8
6162,2019-06-09,7,8,1
6163,2019-06-09,125,124,-1
6164,2019-06-09,108,107,-1
6165,2019-06-09,203,205,2
6166,2019-06-09,132,135,3
6167,2019-06-09,46,54,8
6168,2019-06-09,22,22,0
6169,2019-06-09,151,150,-1
6170,2019-06-09,151,147,-4
6171,2019-06-09,48,65,17
6173,2019-06-09,125,78,-47
6174,2019-06-09,116,93,-23
6175,2019-06-09,97,71,-26
6176,2019-06-09,124,116,-8
6177,2019-06-09,75,77,2
6178,2019-06-09,123,110,-13
6179,2019-06-09,72,77,5
6180,2019-06-09,52,64,12
6181,2019-06-09,140,114,-26
6182,2019-06-09,84,71,-13
6183,2019-06-09,110,103,-7
6184,2019-06-09,280,242,-38
6185,2019-06-09,18,19,1
6186,2019-06-09,83,65,-18
6187,2019-06-09,113,99,-14
6188,2019-06-09,65,61,-4
6189,2019-06-09,27,29,2
6190,2019-06-09,97,81,-16
6191,2019-06-09,60,60,0
6192,2019-06-09,45,46,1
6193,2019-06-09,176,174,-2
6194,2019-06-09,137,133,-4
6195,2019-06-09,98,67,-31
6196,2019-06-09,153,135,-18
6197,2019-06-09,38,39,1
6198,2019-06-09,38,22,-16
6199,2019-06-09,70,48,-22
6200,2019-06-09,118,95,-23
6201,2019-06-09,92,81,-11
6202,2019-06-09,83,64,-19
6203,2019-06-09,82,77,-5
6204,2019-06-09,71,71,0
6205,2019-06-09,90,77,-13
6206,2019-06-09,142,126,-16
6207,2019-06-09,40,43,3
6208,2019-06-09,60,57,-3
6209,2019-06-09,172,149,-23
6210,2019-06-09,29,27,-2
6211,2019-06-09,193,176,-17
6212,2019-06-09,115,87,-28
6213,2019-06-09,134,124,-10
6214,2019-06-09,120,94,-26
6216,2019-06-09,368,285,-83
6217,2019-06-09,121,95,-26
6218,2019-06-09,65,59,-6
6219,2019-06-09,75,65,-10
6220,2019-06-09,94,87,-7
6221,2019-06-09,278,238,-40
6222,2019-06-09,110,76,-34
6223,2019-06-09,193,151,-42
6224,2019-06-09,81,77,-4
6225,2019-06-09,62,54,-8
6226,2019-06-09,5,4,-1
6227,2019-06-09,173,159,-14
6228,2019-06-09,43,41,-2
6229,2019-06-09,119,114,-5
6230,2019-06-09,98,100,2
6231,2019-06-09,94,91,-3
6232,2019-06-09,35,30,-5
6233,2019-06-09,139,118,-21
6234,2019-06-09,111,104,-7
6235,2019-06-09,46,23,-23
6236,2019-06-09,68,59,-9
6237,2019-06-09,63,67,4
6240,2019-06-09,23,31,8
6241,2019-06-09,42,44,2
6243,2019-06-09,30,32,2
6245,2019-06-09,56,57,1
6246,2019-06-09,61,59,-2
6247,2019-06-09,185,178,-7
6248,2019-06-09,203,168,-35
6249,2019-06-09,80,81,1
6250,2019-06-09,131,115,-16
6251,2019-06-09,36,32,-4
6252,2019-06-09,55,56,1
6253,2019-06-09,51,38,-13
6254,2019-06-09,72,64,-8
6255,2019-06-09,95,102,7
6257,2019-06-09,42,36,-6
6258,2019-06-09,100,85,-15
6259,2019-06-09,36,27,-9
6260,2019-06-09,53,42,-11
6261,2019-06-09,28,42,14
6262,2019-06-09,58,52,-6
6263,2019-06-09,17,21,4
6264,2019-06-09,31,34,3
6265,2019-06-09,29,35,6
6266,2019-06-09,30,26,-4
6267,2019-06-09,59,57,-2
6268,2019-06-09,48,50,2
6269,2019-06-09,30,30,0
6270,2019-06-09,42,45,3
6271,2019-06-09,3,3,0
6272,2019-06-09,26,28,2
6273,2019-06-09,41,54,13
6274,2019-06-09,52,55,3
6275,2019-06-09,34,39,5
6276,2019-06-09,49,48,-1
6277,2019-06-09,70,68,-2
6278,2019-06-09,28,30,2
6279,2019-06-09,36,27,-9
6280,2019-06-09,77,78,1
6281,2019-06-09,39,24,-15
6301,2019-06-09,14,17,3
6302,2019-06-09,16,13,-3
6303,2019-06-09,28,20,-8
6304,2019-06-09,5,8,3
6305,2019-06-09,20,13,-7
6306,2019-06-09,39,18,-21
6307,2019-06-09,115,102,-13
6309,2019-06-09,23,29,6
6310,2019-06-09,33,23,-10
6311,2019-06-09,40,38,-2
6312,2019-06-09,31,35,4
6313,2019-06-09,82,86,4
6314,2019-06-09,64,65,1
6315,2019-06-09,69,45,-24
6316,2019-06-09,38,14,-24
6321,2019-06-09,145,137,-8
6322,2019-06-09,58,55,-3
6323,2019-06-09,9,14,5
6324,2019-06-09,32,30,-2
6327,2019-06-09,27,30,3
6328,2019-06-09,41,40,-1
6329,2019-06-09,30,21,-9
6330,2019-06-09,21,23,2
6331,2019-06-09,21,27,6
6332,2019-06-09,17,20,3
6333,2019-06-09,20,26,6
6334,2019-06-09,66,61,-5
6336,2019-06-09,21,27,6
6338,2019-06-09,42,40,-2
6339,2019-06-09,37,29,-8
6340,2019-06-09,20,22,2
6341,2019-06-09,56,64,8
6343,2019-06-09,25,32,7
6344,2019-06-09,78,66,-12
6345,2019-06-09,24,26,2
6346,2019-06-09,26,13,-13
6347,2019-06-09,17,13,-4
6349,2019-06-09,31,44,13
6350,2019-06-09,50,58,8
6354,2019-06-09,37,35,-2
6355,2019-06-09,16,25,9
6356,2019-06-09,17,23,6
6357,2019-06-09,21,22,1
6358,2019-06-09,20,24,4
6359,2019-06-09,121,109,-12
6360,2019-06-09,38,36,-2
6361,2019-06-09,54,57,3
6362,2019-06-09,37,38,1
6363,2019-06-09,12,18,6
6364,2019-06-09,54,41,-13
6366,2019-06-09,32,29,-3
6367,2019-06-09,34,36,2
6368,2019-06-09,72,81,9
6369,2019-06-09,25,37,12
6370,2019-06-09,27,34,7
6371,2019-06-09,84,66,-18
6372,2019-06-09,112,113,1
6373,2019-06-09,38,33,-5
6374,2019-06-09,46,35,-11
6375,2019-06-09,59,82,23
6377,2019-06-09,30,39,9
6379,2019-06-09,21,25,4
6380,2019-06-09,25,23,-2
6381,2019-06-09,79,78,-1
6383,2019-06-09,44,25,-19
6384,2019-06-09,31,28,-3
6385,2019-06-09,51,57,6
6386,2019-06-09,68,82,14
6387,2019-06-09,78,84,6
6388,2019-06-09,25,43,18
6389,2019-06-09,56,48,-8
6391,2019-06-09,56,70,14
6393,2019-06-09,46,74,28
6394,2019-06-09,97,113,16
6395,2019-06-09,64,66,2
6396,2019-06-09,108,104,-4
6397,2019-06-09,55,78,23
6398,2019-06-09,27,40,13
6401,2019-06-09,68,74,6
6402,2019-06-09,80,94,14
6403,2019-06-09,34,34,0
6404,2019-06-09,22,35,13
6405,2019-06-09,118,128,10
6406,2019-06-09,271,355,84
6407,2019-06-09,30,45,15
6408,2019-06-09,44,44,0
6409,2019-06-09,9,16,7
6410,2019-06-09,25,27,2
6411,2019-06-09,186,156,-30
6412,2019-06-09,26,20,-6
6413,2019-06-09,16,16,0
6414,2019-06-09,30,39,9
6415,2019-06-09,22,19,-3
6416,2019-06-09,23,11,-12
6417,2019-06-09,23,26,3
6418,2019-06-09,9,10,1
6419,2019-06-09,7,13,6
6420,2019-06-09,46,24,-22
6421,2019-06-09,22,28,6
6422,2019-06-09,15,13,-2
6423,2019-06-09,15,6,-9
6424,2019-06-09,68,45,-23
6425,2019-06-09,69,73,4
6426,2019-06-09,60,70,10
6427,2019-06-09,72,71,-1
6428,2019-06-09,18,26,8
6429,2019-06-09,51,57,6
6432,2019-06-09,54,52,-2
6433,2019-06-09,32,25,-7
6434,2019-06-09,63,59,-4
6435,2019-06-09,45,39,-6
6436,2019-06-09,16,22,6
6501,2019-06-09,268,274,6
6502,2019-06-09,17,17,0
6503,2019-06-09,53,51,-2
6504,2019-06-09,40,39,-1
6700,2019-06-09,28,39,11
6701,2019-06-09,77,63,-14
6702,2019-06-09,15,16,1
6703,2019-06-09,86,85,-1
6704,2019-06-09,23,28,5
6705,2019-06-09,11,18,7
6706,2019-06-09,16,19,3
6707,2019-06-09,28,21,-7
6708,2019-06-09,47,61,14
6709,2019-06-09,34,43,9
6710,2019-06-09,26,25,-1
6711,2019-06-09,12,12,0
6712,2019-06-09,40,36,-4
6714,2019-06-09,32,38,6
6715,2019-06-09,63,58,-5
6716,2019-06-09,8,9,1
6717,2019-06-09,11,11,0
6718,2019-06-09,25,18,-7
6719,2019-06-09,28,37,9
6720,2019-06-09,28,38,10
6721,2019-06-09,23,26,3
6722,2019-06-09,14,17,3
6723,2019-06-09,32,32,0
6724,2019-06-09,108,132,24
6725,2019-06-09,30,39,9
6726,2019-06-09,17,17,0
6727,2019-06-09,66,71,5
6728,2019-06-09,16,14,-2
6729,2019-06-09,145,145,0
6730,2019-06-09,15,17,2
6731,2019-06-09,30,33,3
6732,2019-06-09,41,51,10
6733,2019-06-09,46,43,-3
6734,2019-06-09,50,55,5
6735,2019-06-09,11,12,1
6736,2019-06-09,15,15,0
6737,2019-06-09,27,27,0
6738,2019-06-09,29,18,-11
6739,2019-06-09,6,6,0
6741,2019-06-09,19,17,-2
6742,2019-06-09,67,70,3
6743,2019-06-09,40,36,-4
6744,2019-06-09,55,56,1
6745,2019-06-09,13,14,1
6746,2019-06-09,7,7,0
6747,2019-06-09,26,28,2
6748,2019-06-09,82,102,20
6749,2019-06-09,47,52,5
6750,2019-06-09,48,55,7
6752,2019-06-09,12,11,-1
6753,2019-06-09,14,16,2
6754,2019-06-09,15,18,3
6901,2019-06-09,45,51,6
6903,2019-06-09,124,106,-18
6904,2019-06-09,47,57,10
6905,2019-06-09,30,21,-9
6906,2019-06-09,123,77,-46
6907,2019-06-09,115,85,-30
6908,2019-06-09,66,56,-10
6910,2019-06-09,106,109,3
6912,2019-06-09,137,82,-55
6913,2019-06-09,44,29,-15
6915,2019-06-09,92,93,1
6916,2019-06-09,32,33,1
6917,2019-06-09,12,12,0
6918,2019-06-09,32,22,-10
6919,2019-06-09,16,19,3
6921,2019-06-09,42,63,21
6923,2019-06-09,33,34,1
6924,2019-06-09,17,23,6
6925,2019-06-09,29,28,-1
6926,2019-06-09,62,62,0
6927,2019-06-09,54,36,-18
6928,2019-06-09,21,11,-10
6929,2019-06-09,34,27,-7
6930,2019-06-09,29,25,-4
7001,2019-06-09,30,30,0
7002,2019-06-09,13,14,1
7003,2019-06-09,93,62,-31
7004,2019-06-09,16,18,2
7005,2019-06-09,8,10,2
7006,2019-06-09,17,20,3
7007,2019-06-09,3,12,9
7008,2019-06-09,24,19,-5
7009,2019-06-09,77,88,11
7010,2019-06-09,17,12,-5
7011,2019-06-09,71,69,-2
7012,2019-06-09,34,36,2
7013,2019-06-09,15,20,5
7014,2019-06-09,43,22,-21
7015,2019-06-09,91,86,-5
7016,2019-06-09,9,10,1
7017,2019-06-09,51,50,-1
7018,2019-06-09,20,38,18
7019,2019-06-09,14,12,-2
7020,2019-06-09,22,22,0
7021,2019-06-09,36,40,4
7022,2019-06-09,17,25,8
7023,2019-06-09,1,2,1
7024,2019-06-09,25,25,0
7025,2019-06-09,48,24,-24
7027,2019-06-09,46,45,-1
7028,2019-06-09,32,37,5
7029,2019-06-09,41,49,8
7030,2019-06-09,43,53,10
7031,2019-06-09,54,50,-4
7032,2019-06-09,98,54,-44
7033,2019-06-09,55,57,2
7034,2019-06-09,65,165,100
7035,2019-06-09,49,50,1
7036,2019-06-09,41,51,10
7037,2019-06-09,45,41,-4
7038,2019-06-09,116,103,-13
7039,2019-06-09,37,39,2
7040,2019-06-09,58,60,2
7041,2019-06-09,117,125,8
7042,2019-06-09,23,29,6
7043,2019-06-09,28,28,0
7044,2019-06-09,5,3,-2
7045,2019-06-09,92,92,0
7046,2019-06-09,56,57,1
7047,2019-06-09,150,189,39
7048,2019-06-09,30,42,12
7049,2019-06-09,15,10,-5
7050,2019-06-09,70,63,-7
7051,2019-06-09,25,19,-6
7052,2019-06-09,28,49,21
7053,2019-06-09,49,44,-5
7054,2019-06-09,138,134,-4
7055,2019-06-09,28,66,38
7056,2019-06-09,19,19,0
7057,2019-06-09,49,54,5
7058,2019-06-09,36,43,7
7059,2019-06-09,27,31,4
7060,2019-06-09,40,45,5
7061,2019-06-09,38,35,-3
7062,2019-06-09,43,36,-7
7063,2019-06-09,18,19,1
7064,2019-06-09,16,16,0
7065,2019-06-09,44,38,-6
7066,2019-06-09,56,94,38
7067,2019-06-09,31,37,6
7068,2019-06-09,113,140,27
7069,2019-06-09,54,47,-7
7070,2019-06-09,56,67,11
7071,2019-06-09,46,34,-12
7072,2019-06-09,66,55,-11
7073,2019-06-09,33,46,13
7074,2019-06-09,41,53,12
7075,2019-06-09,8,4,-4
7076,2019-06-09,43,56,13
7077,2019-06-09,85,87,2
7078,2019-06-09,48,45,-3
7079,2019-06-09,22,22,0
7080,2019-06-09,42,39,-3
7081,2019-06-09,34,35,1
7082,2019-06-09,68,81,13
7083,2019-06-09,65,56,-9
7084,2019-06-09,75,78,3
7086,2019-06-09,5,5,0
7087,2019-06-09,1,3,2
7088,2019-06-09,3,3,0
7090,2019-06-09,18,12,-6
7091,2019-06-09,6,7,1
7092,2019-06-09,2,5,3
7093,2019-06-09,7,8,1
7094,2019-06-09,8,10,2
7095,2019-06-09,2,9,7
7096,2019-06-09,11,17,6
7097,2019-06-09,5,9,4
7098,2019-06-09,2,3,1
7099,2019-06-09,5,5,0
7100,2019-06-09,2,0,-2
7101,2019-06-09,5,2,-3
7102,2019-06-09,20,22,2
7103,2019-06-09,93,87,-6
7104,2019-06-09,6,9,3
7105,2019-06-09,34,30,-4
7106,2019-06-09,12,10,-2
7107,2019-06-09,16,17,1
7108,2019-06-09,41,52,11
7109,2019-06-09,7,11,4
7110,2019-06-09,33,32,-1
7111,2019-06-09,5,9,4
7112,2019-06-09,21,21,0
7113,2019-06-09,34,29,-5
7114,2019-06-09,109,130,21
7115,2019-06-09,20,16,-4
7116,2019-06-09,9,13,4
7117,2019-06-09,4,4,0
7118,2019-06-09,1,2,1
7119,2019-06-09,21,20,-1
7120,2019-06-09,6,7,1
7121,2019-06-09,5,8,3
7122,2019-06-09,3,5,2
7123,2019-06-09,8,10,2
7124,2019-06-09,28,26,-2
7125,2019-06-09,70,69,-1
7126,2019-06-09,9,8,-1
7127,2019-06-09,24,25,1
7128,2019-06-09,16,15,-1
7129,2019-06-09,15,9,-6
7130,2019-06-09,8,8,0
7131,2019-06-09,7,7,0
7132,2019-06-09,8,11,3
7133,2019-06-09,15,20,5
7134,2019-06-09,4,9,5
7135,2019-06-09,5,3,-2
7136,2019-06-09,4,3,-1
7137,2019-06-09,4,7,3
7138,2019-06-09,6,4,-2
7141,2019-06-09,35,41,6
7142,2019-06-09,15,19,4
7143,2019-06-09,44,52,8
7144,2019-06-09,68,80,12
7145,2019-06-09,16,19,3
7147,2019-06-09,40,41,1
7148,2019-06-09,16,23,7
7149,2019-06-09,11,15,4
10002,2019-06-09,119,132,13
4000,2019-06-10,56,67,11
4001,2019-06-10,17,19,2
4002,2019-06-10,9,22,13
5002,2019-06-10,4,5,1
5003,2019-06-10,6,7,1
5004,2019-06-10,3,6,3
5005,2019-06-10,5,3,-2
5006,2019-06-10,7,8,1
5007,2019-06-10,20,25,5
6001,2019-06-10,62,112,50
6002,2019-06-10,47,71,24
6003,2019-06-10,82,91,9
6004,2019-06-10,62,63,1
6005,2019-06-10,126,111,-15
6006,2019-06-10,40,24,-16
6007,2019-06-10,57,55,-2
6008,2019-06-10,60,99,39
6011,2019-06-10,81,82,1
6012,2019-06-10,129,221,92
6013,2019-06-10,78,98,20
6014,2019-06-10,92,89,-3
6015,2019-06-10,143,217,74
6016,2019-06-10,19,26,7
6017,2019-06-10,65,83,18
6018,2019-06-10,44,62,18
6019,2019-06-10,162,71,-91
6020,2019-06-10,69,107,38
6021,2019-06-10,89,51,-38
6022,2019-06-10,84,79,-5
6023,2019-06-10,198,226,28
6024,2019-06-10,3,3,0
6025,2019-06-10,46,37,-9
6026,2019-06-10,126,201,75
6027,2019-06-10,184,203,19
6029,2019-06-10,34,46,12
6031,2019-06-10,51,60,9
6032,2019-06-10,56,137,81
6033,2019-06-10,19,21,2
6034,2019-06-10,65,88,23
6035,2019-06-10,31,58,27
6036,2019-06-10,163,225,62
6037,2019-06-10,67,80,13
6038,2019-06-10,116,110,-6
6039,2019-06-10,107,109,2
6040,2019-06-10,66,83,17
6041,2019-06-10,76,69,-7
6042,2019-06-10,102,88,-14
6043,2019-06-10,237,440,203
6044,2019-06-10,92,82,-10
6046,2019-06-10,128,128,0
6047,2019-06-10,89,65,-24
6048,2019-06-10,60,52,-8
6049,2019-06-10,113,102,-11
6050,2019-06-10,55,51,-4
6051,2019-06-10,51,45,-6
6052,2019-06-10,261,358,97
6053,2019-06-10,148,152,4
6057,2019-06-10,107,88,-19
6058,2019-06-10,99,99,0
6059,2019-06-10,75,76,1
6060,2019-06-10,31,31,0
6062,2019-06-10,67,62,-5
6063,2019-06-10,137,120,-17
6064,2019-06-10,236,228,-8
6065,2019-06-10,62,52,-10
6066,2019-06-10,33,23,-10
6067,2019-06-10,50,55,5
6068,2019-06-10,17,15,-2
6070,2019-06-10,206,171,-35
6072,2019-06-10,88,88,0
6073,2019-06-10,242,200,-42
6075,2019-06-10,38,14,-24
6076,2019-06-10,19,24,5
6078,2019-06-10,39,64,25
6079,2019-06-10,92,82,-10
6080,2019-06-10,163,158,-5
6081,2019-06-10,31,28,-3
6082,2019-06-10,24,23,-1
6083,2019-06-10,168,239,71
6084,2019-06-10,56,86,30
6085,2019-06-10,103,161,58
6086,2019-06-10,23,37,14
6087,2019-06-10,125,153,28
6088,2019-06-10,64,93,29
6089,2019-06-10,73,78,5
6090,2019-06-10,42,38,-4
6091,2019-06-10,42,41,-1
6092,2019-06-10,101,94,-7
6093,2019-06-10,44,31,-13
6094,2019-06-10,32,28,-4
6095,2019-06-10,158,137,-21
6096,2019-06-10,60,87,27
6097,2019-06-10,91,59,-32
6098,2019-06-10,50,31,-19
6099,2019-06-10,123,141,18
6100,2019-06-10,298,291,-7
6101,2019-06-10,39,12,-27
6103,2019-06-10,21,34,13
6104,2019-06-10,86,115,29
6105,2019-06-10,50,73,23
6106,2019-06-10,32,48,16
6107,2019-06-10,75,78,3
6108,2019-06-10,59,68,9
6109,2019-06-10,17,26,9
6110,2019-06-10,44,43,-1
6111,2019-06-10,56,62,6
6112,2019-06-10,104,108,4
6113,2019-06-10,63,67,4
6114,2019-06-10,192,234,42
6115,2019-06-10,21,26,5
6116,2019-06-10,79,95,16
6118,2019-06-10,79,97,18
6119,2019-06-10,80,100,20
6120,2019-06-10,76,99,23
6121,2019-06-10,42,58,16
6122,2019-06-10,26,29,3
6123,2019-06-10,24,29,5
6124,2019-06-10,40,80,40
6125,2019-06-10,31,25,-6
6126,2019-06-10,49,56,7
6127,2019-06-10,58,50,-8
6128,2019-06-10,26,26,0
6129,2019-06-10,70,67,-3
6130,2019-06-10,33,21,-12
6131,2019-06-10,95,52,-43
6132,2019-06-10,53,70,17
6133,2019-06-10,53,48,-5
6134,2019-06-10,56,55,-1
6136,2019-06-10,285,188,-97
6137,2019-06-10,120,106,-14
6138,2019-06-10,81,68,-13
6139,2019-06-10,40,50,10
6140,2019-06-10,111,119,8
6141,2019-06-10,64,59,-5
6142,2019-06-10,106,111,5
6143,2019-06-10,133,98,-35
6145,2019-06-10,62,58,-4
6146,2019-06-10,79,65,-14
6147,2019-06-10,127,78,-49
6148,2019-06-10,146,109,-37
6149,2019-06-10,55,38,-17
6150,2019-06-10,78,74,-4
6151,2019-06-10,103,85,-18
6152,2019-06-10,104,99,-5
6153,2019-06-10,51,53,2
6154,2019-06-10,176,180,4
6155,2019-06-10,190,163,-27
6156,2019-06-10,71,74,3
6157,2019-06-10,110,107,-3
6158,2019-06-10,58,74,16
6159,2019-06-10,24,33,9
6160,2019-06-10,67,55,-12
6161,2019-06-10,41,48,7
6162,2019-06-10,12,11,-1
6163,2019-06-10,91,88,-3
6164,2019-06-10,65,75,10
6165,2019-06-10,100,109,9
6166,2019-06-10,89,59,-30
6167,2019-06-10,40,37,-3
6168,2019-06-10,53,50,-3
6169,2019-06-10,144,129,-15
6170,2019-06-10,71,58,-13
6171,2019-06-10,52,60,8
6173,2019-06-10,141,70,-71
6174,2019-06-10,88,82,-6
6175,2019-06-10,97,57,-40
6176,2019-06-10,77,88,11
6177,2019-06-10,66,67,1
6178,2019-06-10,90,90,0
6179,2019-06-10,68,66,-2
6180,2019-06-10,64,71,7
6181,2019-06-10,119,100,-19
6182,2019-06-10,99,56,-43
6183,2019-06-10,96,69,-27
6184,2019-06-10,240,214,-26
6185,2019-06-10,16,20,4
6186,2019-06-10,86,62,-24
6187,2019-06-10,144,141,-3
6188,2019-06-10,66,48,-18
6189,2019-06-10,22,24,2
6190,2019-06-10,118,114,-4
6191,2019-06-10,67,68,1
6192,2019-06-10,54,37,-17
6193,2019-06-10,124,121,-3
6194,2019-06-10,173,151,-22
6195,2019-06-10,73,58,-15
6196,2019-06-10,113,96,-17
6197,2019-06-10,56,41,-15
6198,2019-06-10,24,17,-7
6199,2019-06-10,124,96,-28
6200,2019-06-10,95,96,1
6201,2019-06-10,88,61,-27
6202,2019-06-10,130,119,-11
6203,2019-06-10,119,113,-6
6204,2019-06-10,113,110,-3
6205,2019-06-10,100,83,-17
6206,2019-06-10,162,147,-15
6207,2019-06-10,61,58,-3
6208,2019-06-10,68,54,-14
6209,2019-06-10,140,133,-7
6210,2019-06-10,56,40,-16
6211,2019-06-10,177,157,-20
6212,2019-06-10,86,73,-13
6213,2019-06-10,151,151,0
6214,2019-06-10,109,71,-38
6216,2019-06-10,146,69,-77
6217,2019-06-10,78,79,1
6218,2019-06-10,63,58,-5
6219,2019-06-10,63,71,8
6220,2019-06-10,118,96,-22
6221,2019-06-10,243,180,-63
6222,2019-06-10,87,59,-28
6223,2019-06-10,123,66,-57
6224,2019-06-10,77,65,-12
6225,2019-06-10,52,41,-11
6226,2019-06-10,38,30,-8
6227,2019-06-10,157,128,-29
6228,2019-06-10,37,35,-2
6229,2019-06-10,66,48,-18
6230,2019-06-10,112,104,-8
6231,2019-06-10,113,106,-7
6232,2019-06-10,41,31,-10
6233,2019-06-10,115,92,-23
6234,2019-06-10,96,84,-12
6235,2019-06-10,71,69,-2
6236,2019-06-10,71,60,-11
6237,2019-06-10,52,57,5
6240,2019-06-10,29,25,-4
6241,2019-06-10,36,32,-4
6243,2019-06-10,71,68,-3
6245,2019-06-10,28,34,6
6246,2019-06-10,63,63,0
6247,2019-06-10,122,118,-4
6248,2019-06-10,176,154,-22
6249,2019-06-10,61,56,-5
6250,2019-06-10,86,88,2
6251,2019-06-10,18,25,7
6252,2019-06-10,41,42,1
6253,2019-06-10,64,41,-23
6254,2019-06-10,48,60,12
6255,2019-06-10,80,81,1
6257,2019-06-10,42,36,-6
6258,2019-06-10,94,85,-9
6259,2019-06-10,45,40,-5
6260,2019-06-10,40,50,10
6261,2019-06-10,52,51,-1
6262,2019-06-10,43,45,2
6263,2019-06-10,31,31,0
6264,2019-06-10,42,40,-2
6265,2019-06-10,56,51,-5
6266,2019-06-10,28,22,-6
6267,2019-06-10,42,40,-2
6268,2019-06-10,59,60,1
6269,2019-06-10,35,35,0
6270,2019-06-10,30,33,3
6271,2019-06-10,4,2,-2
6272,2019-06-10,34,34,0
6273,2019-06-10,45,29,-16
6274,2019-06-10,35,39,4
6275,2019-06-10,34,33,-1
6276,2019-06-10,49,39,-10
6277,2019-06-10,63,64,1
6278,2019-06-10,21,19,-2
6279,2019-06-10,21,20,-1
6280,2019-06-10,99,92,-7
6281,2019-06-10,1,0,-1
6301,2019-06-10,26,23,-3
6302,2019-06-10,17,14,-3
6303,2019-06-10,22,17,-5
6304,2019-06-10,18,10,-8
6305,2019-06-10,27,20,-7
6306,2019-06-10,59,23,-36
6307,2019-06-10,67,69,2
6309,2019-06-10,30,30,0
6310,2019-06-10,72,34,-38
6311,2019-06-10,26,30,4
6312,2019-06-10,27,48,21
6313,2019-06-10,61,67,6
6314,2019-06-10,74,59,-15
6315,2019-06-10,92,44,-48
6316,2019-06-10,40,20,-20
6321,2019-06-10,103,82,-21
6322,2019-06-10,19,22,3
6323,2019-06-10,20,14,-6
6324,2019-06-10,26,30,4
6327,2019-06-10,39,35,-4
6328,2019-06-10,33,30,-3
6329,2019-06-10,30,28,-2
6330,2019-06-10,36,35,-1
6331,2019-06-10,30,25,-5
6332,2019-06-10,40,39,-1
6333,2019-06-10,19,23,4
6334,2019-06-10,82,87,5
6336,2019-06-10,46,43,-3
6338,2019-06-10,29,43,14
6339,2019-06-10,12,23,11
6340,2019-06-10,30,29,-1
6341,2019-06-10,50,63,13
6343,2019-06-10,40,35,-5
6344,2019-06-10,30,15,-15
6345,2019-06-10,18,21,3
6346,2019-06-10,21,22,1
6347,2019-06-10,22,23,1
6349,2019-06-10,37,58,21
6350,2019-06-10,51,70,19
6354,2019-06-10,41,37,-4
6355,2019-06-10,43,39,-4
6356,2019-06-10,39,17,-22
6357,2019-06-10,24,19,-5
6358,2019-06-10,31,32,1
6359,2019-06-10,93,84,-9
6360,2019-06-10,37,36,-1
6361,2019-06-10,57,51,-6
6362,2019-06-10,32,30,-2
6363,2019-06-10,27,19,-8
6364,2019-06-10,61,53,-8
6366,2019-06-10,31,18,-13
6367,2019-06-10,34,39,5
6368,2019-06-10,73,70,-3
6369,2019-06-10,36,42,6
6370,2019-06-10,41,36,-5
6371,2019-06-10,61,71,10
6372,2019-06-10,83,84,1
6373,2019-06-10,28,35,7
6374,2019-06-10,28,43,15
6375,2019-06-10,73,75,2
6377,2019-06-10,45,51,6
6379,2019-06-10,31,34,3
6380,2019-06-10,40,34,-6
6381,2019-06-10,68,66,-2
6383,2019-06-10,32,34,2
6384,2019-06-10,27,26,-1
6385,2019-06-10,56,58,2
6386,2019-06-10,60,71,11
6387,2019-06-10,75,95,20
6388,2019-06-10,18,23,5
6389,2019-06-10,62,50,-12
6391,2019-06-10,60,89,29
6393,2019-06-10,74,80,6
6394,2019-06-10,72,98,26
6395,2019-06-10,67,71,4
6396,2019-06-10,85,93,8
6397,2019-06-10,43,64,21
6398,2019-06-10,36,46,10
6401,2019-06-10,59,64,5
6402,2019-06-10,52,71,19
6403,2019-06-10,15,31,16
6404,2019-06-10,20,32,12
6405,2019-06-10,43,68,25
6406,2019-06-10,110,141,31
6407,2019-06-10,25,31,6
6408,2019-06-10,51,46,-5
6409,2019-06-10,13,18,5
6410,2019-06-10,55,55,0
6411,2019-06-10,204,188,-16
6412,2019-06-10,23,28,5
6413,2019-06-10,40,73,33
6414,2019-06-10,20,33,13
6415,2019-06-10,29,31,2
6416,2019-06-10,14,9,-5
6417,2019-06-10,24,31,7
6418,2019-06-10,9,10,1
6419,2019-06-10,14,12,-2
6420,2019-06-10,21,17,-4
6421,2019-06-10,29,29,0
6422,2019-06-10,17,24,7
6423,2019-06-10,31,25,-6
6424,2019-06-10,32,70,38
6425,2019-06-10,57,60,3
6426,2019-06-10,76,95,19
6427,2019-06-10,75,72,-3
6428,2019-06-10,17,22,5
6429,2019-06-10,48,56,8
6432,2019-06-10,121,115,-6
6433,2019-06-10,26,32,6
6434,2019-06-10,68,73,5
6435,2019-06-10,32,40,8
6436,2019-06-10,34,27,-7
6501,2019-06-10,59,58,-1
6502,2019-06-10,18,23,5
6503,2019-06-10,79,81,2
6504,2019-06-10,15,16,1
6700,2019-06-10,37,52,15
6701,2019-06-10,86,86,0
6702,2019-06-10,25,26,1
6703,2019-06-10,55,56,1
6704,2019-06-10,24,21,-3
6705,2019-06-10,28,28,0
6706,2019-06-10,18,27,9
6707,2019-06-10,37,42,5
6708,2019-06-10,51,110,59
6709,2019-06-10,41,34,-7
6710,2019-06-10,14,18,4
6711,2019-06-10,24,29,5
6712,2019-06-10,13,18,5
6714,2019-06-10,5,5,0
6715,2019-06-10,28,34,6
6716,2019-06-10,16,15,-1
6717,2019-06-10,26,19,-7
6718,2019-06-10,24,23,-1
6719,2019-06-10,21,22,1
6720,2019-06-10,26,36,10
6721,2019-06-10,20,22,2
6722,2019-06-10,15,15,0
6723,2019-06-10,28,27,-1
6724,2019-06-10,83,98,15
6725,2019-06-10,50,46,-4
6726,2019-06-10,11,21,10
6727,2019-06-10,109,108,-1
6728,2019-06-10,12,16,4
6729,2019-06-10,142,145,3
6730,2019-06-10,19,14,-5
6731,2019-06-10,19,15,-4
6732,2019-06-10,39,35,-4
6733,2019-06-10,34,33,-1
6734,2019-06-10,48,54,6
6735,2019-06-10,8,10,2
6736,2019-06-10,11,16,5
6737,2019-06-10,18,25,7
6738,2019-06-10,92,86,-6
6739,2019-06-10,6,6,0
6741,2019-06-10,28,27,-1
6742,2019-06-10,64,73,9
6743,2019-06-10,57,30,-27
6744,2019-06-10,21,30,9
6745,2019-06-10,19,20,1
6746,2019-06-10,21,21,0
6747,2019-06-10,46,50,4
6748,2019-06-10,88,115,27
6749,2019-06-10,46,40,-6
6750,2019-06-10,56,47,-9
6752,2019-06-10,20,19,-1
6753,2019-06-10,23,25,2
6754,2019-06-10,21,27,6
6901,2019-06-10,39,56,17
6903,2019-06-10,88,83,-5
6904,2019-06-10,50,51,1
6905,2019-06-10,44,39,-5
6906,2019-06-10,165,91,-74
6907,2019-06-10,94,58,-36
6908,2019-06-10,63,52,-11
6910,2019-06-10,88,87,-1
6912,2019-06-10,173,110,-63
6913,2019-06-10,87,51,-36
6915,2019-06-10,102,88,-14
6916,2019-06-10,43,40,-3
6917,2019-06-10,14,14,0
6918,2019-06-10,47,17,-30
6919,2019-06-10,25,21,-4
6921,2019-06-10,75,66,-9
6923,2019-06-10,45,41,-4
6924,2019-06-10,20,17,-3
6925,2019-06-10,45,44,-1
6926,2019-06-10,66,65,-1
6927,2019-06-10,66,41,-25
6928,2019-06-10,61,25,-36
6929,2019-06-10,39,28,-11
6930,2019-06-10,27,32,5
7001,2019-06-10,35,32,-3
7002,2019-06-10,12,20,8
7003,2019-06-10,129,105,-24
7004,2019-06-10,17,27,10
7005,2019-06-10,8,12,4
7006,2019-06-10,21,22,1
7007,2019-06-10,9,9,0
7008,2019-06-10,31,36,5
7009,2019-06-10,80,111,31
7010,2019-06-10,15,17,2
7011,2019-06-10,77,84,7
7012,2019-06-10,38,51,13
7013,2019-06-10,22,22,0
7014,2019-06-10,81,55,-26
7015,2019-06-10,12,16,4
7016,2019-06-10,16,17,1
7017,2019-06-10,22,33,11
7018,2019-06-10,36,40,4
7019,2019-06-10,98,98,0
7020,2019-06-10,21,29,8
7021,2019-06-10,43,44,1
7022,2019-06-10,44,37,-7
7023,2019-06-10,4,7,3
7024,2019-06-10,21,15,-6
7025,2019-06-10,36,33,-3
7027,2019-06-10,53,45,-8
7028,2019-06-10,94,109,15
7029,2019-06-10,49,42,-7
7030,2019-06-10,70,71,1
7031,2019-06-10,67,61,-6
7032,2019-06-10,133,72,-61
7033,2019-06-10,70,62,-8
7034,2019-06-10,23,43,20
7035,2019-06-10,56,50,-6
7036,2019-06-10,45,34,-11
7037,2019-06-10,59,53,-6
7038,2019-06-10,84,81,-3
7039,2019-06-10,28,28,0
7040,2019-06-10,80,88,8
7041,2019-06-10,192,168,-24
7042,2019-06-10,42,47,5
7043,2019-06-10,24,25,1
7044,2019-06-10,13,14,1
7045,2019-06-10,71,71,0
7046,2019-06-10,140,142,2
7047,2019-06-10,133,200,67
7048,2019-06-10,18,21,3
7049,2019-06-10,11,21,10
7050,2019-06-10,37,43,6
7051,2019-06-10,15,16,1
7052,2019-06-10,67,63,-4
7053,2019-06-10,40,43,3
7054,2019-06-10,34,58,24
7055,2019-06-10,24,30,6
7056,2019-06-10,17,21,4
7057,2019-06-10,35,45,10
7058,2019-06-10,37,45,8
7059,2019-06-10,29,29,0
7060,2019-06-10,35,42,7
7061,2019-06-10,31,27,-4
7062,2019-06-10,57,58,1
7063,2019-06-10,25,22,-3
7064,2019-06-10,30,25,-5
7065,2019-06-10,43,36,-7
7066,2019-06-10,69,123,54
7067,2019-06-10,45,45,0
7068,2019-06-10,70,101,31
7069,2019-06-10,82,97,15
7070,2019-06-10,44,50,6
7071,2019-06-10,70,40,-30
7072,2019-06-10,34,30,-4
7073,2019-06-10,41,48,7
7074,2019-06-10,44,48,4
7075,2019-06-10,9,15,6
7076,2019-06-10,64,50,-14
7077,2019-06-10,36,42,6
7078,2019-06-10,36,39,3
7079,2019-06-10,32,48,16
7080,2019-06-10,106,132,26
7081,2019-06-10,79,79,0
7082,2019-06-10,81,91,10
7083,2019-06-10,52,45,-7
7084,2019-06-10,93,92,-1
7087,2019-06-10,3,4,1
7088,2019-06-10,2,3,1
7089,2019-06-10,3,2,-1
7090,2019-06-10,14,15,1
7091,2019-06-10,6,5,-1
7092,2019-06-10,7,10,3
7093,2019-06-10,2,4,2
7094,2019-06-10,2,2,0
7095,2019-06-10,20,22,2
7096,2019-06-10,29,31,2
7097,2019-06-10,13,8,-5
7098,2019-06-10,5,6,1
7099,2019-06-10,5,6,1
7100,2019-06-10,5,2,-3
7101,2019-06-10,12,11,-1
7102,2019-06-10,17,15,-2
7103,2019-06-10,21,24,3
7104,2019-06-10,4,3,-1
7105,2019-06-10,4,3,-1
7106,2019-06-10,4,3,-1
7107,2019-06-10,5,3,-2
7108,2019-06-10,9,8,-1
7109,2019-06-10,23,21,-2
7110,2019-06-10,7,5,-2
7111,2019-06-10,8,7,-1
7112,2019-06-10,14,17,3
7113,2019-06-10,43,54,11
7114,2019-06-10,76,92,16
7115,2019-06-10,18,16,-2
7116,2019-06-10,12,9,-3
7117,2019-06-10,7,8,1
7118,2019-06-10,2,2,0
7119,2019-06-10,14,22,8
7120,2019-06-10,9,10,1
7121,2019-06-10,2,8,6
7122,2019-06-10,9,8,-1
7123,2019-06-10,5,6,1
7124,2019-06-10,20,13,-7
7125,2019-06-10,17,19,2
7126,2019-06-10,7,6,-1
7127,2019-06-10,31,35,4
7128,2019-06-10,13,13,0
7129,2019-06-10,8,12,4
7130,2019-06-10,19,8,-11
7131,2019-06-10,4,6,2
7132,2019-06-10,4,6,2
7133,2019-06-10,10,8,-2
7134,2019-06-10,7,6,-1
7135,2019-06-10,3,5,2
7136,2019-06-10,7,6,-1
7137,2019-06-10,12,15,3
7138,2019-06-10,4,3,-1
7140,2019-06-10,13,19,6
7141,2019-06-10,34,41,7
7142,2019-06-10,13,16,3
7143,2019-06-10,13,17,4
7144,2019-06-10,37,45,8
7145,2019-06-10,22,18,-4
7147,2019-06-10,42,41,-1
7148,2019-06-10,6,6,0
7149,2019-06-10,15,10,-5
10002,2019-06-10,104,111,7
4000,2019-06-11,50,66,16
4001,2019-06-11,4,9,5
4002,2019-06-11,13,17,4
5002,2019-06-11,3,4,1
5003,2019-06-11,4,7,3
5004,2019-06-11,1,1,0
5005,2019-06-11,3,8,5
5006,2019-06-11,7,6,-1
5007,2019-06-11,13,14,1
6001,2019-06-11,62,72,10
6002,2019-06-11,39,53,14
6003,2019-06-11,49,62,13
6004,2019-06-11,40,45,5
6005,2019-06-11,103,81,-22
6006,2019-06-11,31,25,-6
6007,2019-06-11,39,49,10
6008,2019-06-11,55,87,32
6011,2019-06-11,55,66,11
6012,2019-06-11,149,197,48
6013,2019-06-11,66,97,31
6014,2019-06-11,57,53,-4
6015,2019-06-11,166,225,59
6016,2019-06-11,13,19,6
6017,2019-06-11,44,94,50
6018,2019-06-11,50,59,9
6019,2019-06-11,125,79,-46
6020,2019-06-11,64,92,28
6021,2019-06-11,95,60,-35
6022,2019-06-11,37,47,10
6023,2019-06-11,117,140,23
6024,2019-06-11,1,3,2
6025,2019-06-11,30,30,0
6026,2019-06-11,91,128,37
6027,2019-06-11,143,142,-1
6029,2019-06-11,20,32,12
6031,2019-06-11,34,37,3
6032,2019-06-11,70,136,66
6033,2019-06-11,11,8,-3
6034,2019-06-11,60,81,21
6035,2019-06-11,22,35,13
6036,2019-06-11,85,112,27
6037,2019-06-11,51,54,3
6038,2019-06-11,87,92,5
6039,2019-06-11,52,65,13
6040,2019-06-11,26,44,18
6041,2019-06-11,71,69,-2
6042,2019-06-11,63,64,1
6043,2019-06-11,187,164,-23
6044,2019-06-11,101,94,-7
6046,2019-06-11,105,94,-11
6047,2019-06-11,49,41,-8
6048,2019-06-11,38,45,7
6049,2019-06-11,74,102,28
6050,2019-06-11,33,32,-1
6051,2019-06-11,56,51,-5
6052,2019-06-11,171,169,-2
6053,2019-06-11,122,149,27
6057,2019-06-11,84,72,-12
6058,2019-06-11,70,58,-12
6059,2019-06-11,73,52,-21
6060,2019-06-11,20,13,-7
6062,2019-06-11,60,60,0
6063,2019-06-11,99,53,-46
6064,2019-06-11,203,121,-82
6065,2019-06-11,78,53,-25
6066,2019-06-11,33,14,-19
6067,2019-06-11,40,44,4
6068,2019-06-11,9,11,2
6070,2019-06-11,180,149,-31
6072,2019-06-11,96,57,-39
6073,2019-06-11,248,158,-90
6075,2019-06-11,31,10,-21
6076,2019-06-11,13,22,9
6078,2019-06-11,28,48,20
6079,2019-06-11,80,58,-22
6080,2019-06-11,125,130,5
6081,2019-06-11,27,25,-2
6082,2019-06-11,21,11,-10
6083,2019-06-11,161,114,-47
6084,2019-06-11,48,59,11
6085,2019-06-11,103,154,51
6086,2019-06-11,10,13,3
6087,2019-06-11,100,137,37
6088,2019-06-11,47,71,24
6089,2019-06-11,53,53,0
6090,2019-06-11,39,38,-1
6091,2019-06-11,59,47,-12
6092,2019-06-11,72,89,17
6093,2019-06-11,27,22,-5
6094,2019-06-11,32,32,0
6095,2019-06-11,111,101,-10
6096,2019-06-11,52,69,17
6097,2019-06-11,52,34,-18
6098,2019-06-11,53,22,-31
6099,2019-06-11,100,126,26
6100,2019-06-11,257,222,-35
6101,2019-06-11,55,20,-35
6103,2019-06-11,21,19,-2
6104,2019-06-11,51,75,24
6105,2019-06-11,45,55,10
6106,2019-06-11,22,23,1
6107,2019-06-11,73,63,-10
6108,2019-06-11,48,54,6
6109,2019-06-11,5,4,-1
6110,2019-06-11,26,32,6
6111,2019-06-11,44,54,10
6112,2019-06-11,73,87,14
6113,2019-06-11,67,69,2
6114,2019-06-11,120,187,67
6115,2019-06-11,15,32,17
6116,2019-06-11,56,81,25
6118,2019-06-11,65,98,33
6119,2019-06-11,81,95,14
6120,2019-06-11,58,74,16
6121,2019-06-11,18,35,17
6122,2019-06-11,21,24,3
6123,2019-06-11,27,38,11
6124,2019-06-11,38,73,35
6125,2019-06-11,24,20,-4
6126,2019-06-11,44,55,11
6127,2019-06-11,55,46,-9
6128,2019-06-11,15,16,1
6129,2019-06-11,66,68,2
6130,2019-06-11,22,15,-7
6131,2019-06-11,54,35,-19
6132,2019-06-11,48,58,10
6133,2019-06-11,43,41,-2
6134,2019-06-11,45,41,-4
6136,2019-06-11,268,197,-71
6137,2019-06-11,100,85,-15
6138,2019-06-11,76,86,10
6139,2019-06-11,44,47,3
6140,2019-06-11,83,79,-4
6141,2019-06-11,46,47,1
6142,2019-06-11,84,68,-16
6143,2019-06-11,63,79,16
6145,2019-06-11,61,56,-5
6146,2019-06-11,57,40,-17
6147,2019-06-11,88,61,-27
6148,2019-06-11,97,75,-22
6149,2019-06-11,44,36,-8
6150,2019-06-11,67,64,-3
6151,2019-06-11,65,65,0
6152,2019-06-11,126,138,12
6153,2019-06-11,54,59,5
6154,2019-06-11,132,145,13
6155,2019-06-11,94,101,7
6156,2019-06-11,66,56,-10
6157,2019-06-11,97,90,-7
6158,2019-06-11,66,72,6
6159,2019-06-11,24,33,9
6160,2019-06-11,46,45,-1
6161,2019-06-11,38,42,4
6162,2019-06-11,10,9,-1
6163,2019-06-11,97,101,4
6164,2019-06-11,77,102,25
6165,2019-06-11,67,104,37
6166,2019-06-11,61,54,-7
6167,2019-06-11,35,49,14
6168,2019-06-11,45,43,-2
6169,2019-06-11,123,97,-26
6170,2019-06-11,37,34,-3
6171,2019-06-11,40,55,15
6173,2019-06-11,93,47,-46
6174,2019-06-11,82,75,-7
6175,2019-06-11,84,53,-31
6176,2019-06-11,66,65,-1
6177,2019-06-11,52,45,-7
6178,2019-06-11,95,95,0
6179,2019-06-11,58,53,-5
6180,2019-06-11,46,49,3
6181,2019-06-11,89,70,-19
6182,2019-06-11,63,49,-14
6183,2019-06-11,51,50,-1
6184,2019-06-11,215,183,-32
6185,2019-06-11,15,17,2
6186,2019-06-11,74,52,-22
6187,2019-06-11,84,94,10
6188,2019-06-11,44,54,10
6189,2019-06-11,15,21,6
6190,2019-06-11,127,104,-23
6191,2019-06-11,48,38,-10
6192,2019-06-11,32,34,2
6193,2019-06-11,124,111,-13
6194,2019-06-11,167,156,-11
6195,2019-06-11,98,56,-42
6196,2019-06-11,105,76,-29
6197,2019-06-11,35,48,13
6198,2019-06-11,19,9,-10
6199,2019-06-11,78,66,-12
6200,2019-06-11,78,74,-4
6201,2019-06-11,72,58,-14
6202,2019-06-11,110,96,-14
6203,2019-06-11,86,65,-21
6204,2019-06-11,81,68,-13
6205,2019-06-11,103,97,-6
6206,2019-06-11,107,89,-18
6207,2019-06-11,40,48,8
6208,2019-06-11,72,72,0
6209,2019-06-11,153,132,-21
6210,2019-06-11,36,29,-7
6211,2019-06-11,135,132,-3
6212,2019-06-11,86,49,-37
6213,2019-06-11,122,116,-6
6214,2019-06-11,89,63,-26
6216,2019-06-11,98,45,-53
6217,2019-06-11,69,51,-18
6218,2019-06-11,73,48,-25
6219,2019-06-11,67,63,-4
6220,2019-06-11,90,82,-8
6221,2019-06-11,183,163,-20
6222,2019-06-11,84,50,-34
6223,2019-06-11,90,41,-49
6224,2019-06-11,56,58,2
6225,2019-06-11,71,52,-19
6226,2019-06-11,28,28,0
6227,2019-06-11,129,119,-10
6228,2019-06-11,27,21,-6
6229,2019-06-11,64,55,-9
6230,2019-06-11,69,78,9
6231,2019-06-11,94,83,-11
6232,2019-06-11,15,19,4
6233,2019-06-11,88,79,-9
6234,2019-06-11,82,80,-2
6235,2019-06-11,59,54,-5
6236,2019-06-11,67,63,-4
6237,2019-06-11,64,70,6
6240,2019-06-11,21,20,-1
6241,2019-06-11,41,34,-7
6243,2019-06-11,61,70,9
6245,2019-06-11,30,37,7
6246,2019-06-11,55,48,-7
6247,2019-06-11,101,81,-20
6248,2019-06-11,160,126,-34
6249,2019-06-11,41,44,3
6250,2019-06-11,47,39,-8
6251,2019-06-11,15,18,3
6252,2019-06-11,50,42,-8
6253,2019-06-11,49,38,-11
6254,2019-06-11,53,45,-8
6255,2019-06-11,72,75,3
6257,2019-06-11,34,31,-3
6258,2019-06-11,65,71,6
6259,2019-06-11,32,31,-1
6260,2019-06-11,51,59,8
6261,2019-06-11,44,44,0
6262,2019-06-11,35,39,4
6263,2019-06-11,12,21,9
6264,2019-06-11,31,39,8
6265,2019-06-11,48,50,2
6266,2019-06-11,18,21,3
6267,2019-06-11,45,45,0
6268,2019-06-11,43,38,-5
6269,2019-06-11,23,29,6
6270,2019-06-11,42,46,4
6271,2019-06-11,1,2,1
6272,2019-06-11,28,29,1
6273,2019-06-11,21,23,2
6274,2019-06-11,39,42,3
6275,2019-06-11,25,26,1
6276,2019-06-11,32,30,-2
6277,2019-06-11,65,57,-8
6278,2019-06-11,12,24,12
6279,2019-06-11,21,27,6
6280,2019-06-11,91,94,3
6301,2019-06-11,21,20,-1
6302,2019-06-11,19,12,-7
6303,2019-06-11,15,11,-4
6304,2019-06-11,7,6,-1
6305,2019-06-11,23,11,-12
6306,2019-06-11,53,22,-31
6307,2019-06-11,68,75,7
6309,2019-06-11,22,27,5
6310,2019-06-11,77,36,-41
6311,2019-06-11,38,34,-4
6312,2019-06-11,19,33,14
6313,2019-06-11,54,60,6
6314,2019-06-11,69,58,-11
6315,2019-06-11,90,34,-56
6316,2019-06-11,37,13,-24
6321,2019-06-11,75,77,2
6322,2019-06-11,26,27,1
6323,2019-06-11,19,21,2
6324,2019-06-11,22,28,6
6327,2019-06-11,37,30,-7
6328,2019-06-11,29,35,6
6329,2019-06-11,20,29,9
6330,2019-06-11,26,33,7
6331,2019-06-11,9,13,4
6332,2019-06-11,24,28,4
6333,2019-06-11,19,21,2
6334,2019-06-11,70,60,-10
6336,2019-06-11,39,38,-1
6338,2019-06-11,31,33,2
6339,2019-06-11,22,20,-2
6340,2019-06-11,32,26,-6
6341,2019-06-11,26,54,28
6343,2019-06-11,31,37,6
6345,2019-06-11,18,16,-2
6346,2019-06-11,20,13,-7
6347,2019-06-11,15,14,-1
6349,2019-06-11,27,31,4
6350,2019-06-11,43,43,0
6354,2019-06-11,22,34,12
6355,2019-06-11,23,40,17
6356,2019-06-11,31,28,-3
6357,2019-06-11,12,14,2
6358,2019-06-11,20,23,3
6359,2019-06-11,76,92,16
6360,2019-06-11,21,25,4
6361,2019-06-11,46,50,4
6362,2019-06-11,35,35,0
6363,2019-06-11,18,33,15
6364,2019-06-11,42,33,-9
6366,2019-06-11,28,17,-11
6367,2019-06-11,32,29,-3
6368,2019-06-11,57,57,0
6369,2019-06-11,32,50,18
6370,2019-06-11,26,27,1
6371,2019-06-11,52,58,6
6372,2019-06-11,50,91,41
6373,2019-06-11,42,41,-1
6374,2019-06-11,25,28,3
6375,2019-06-11,57,58,1
6376,2019-06-11,7,15,8
6377,2019-06-11,36,40,4
6379,2019-06-11,21,24,3
6380,2019-06-11,16,26,10
6381,2019-06-11,43,44,1
6383,2019-06-11,21,26,5
6384,2019-06-11,12,18,6
6385,2019-06-11,42,49,7
6386,2019-06-11,53,67,14
6387,2019-06-11,63,78,15
6388,2019-06-11,16,23,7
6389,2019-06-11,50,39,-11
6391,2019-06-11,58,96,38
6393,2019-06-11,50,85,35
6394,2019-06-11,51,75,24
6395,2019-06-11,62,55,-7
6396,2019-06-11,95,70,-25
6397,2019-06-11,31,55,24
6398,2019-06-11,28,48,20
6401,2019-06-11,50,69,19
6402,2019-06-11,37,37,0
6403,2019-06-11,22,29,7
6404,2019-06-11,11,20,9
6405,2019-06-11,38,44,6
6406,2019-06-11,49,69,20
6407,2019-06-11,8,18,10
6408,2019-06-11,51,51,0
6409,2019-06-11,9,13,4
6410,2019-06-11,32,31,-1
6411,2019-06-11,135,134,-1
6412,2019-06-11,22,23,1
6413,2019-06-11,20,28,8
6414,2019-06-11,16,31,15
6415,2019-06-11,25,23,-2
6416,2019-06-11,22,11,-11
6417,2019-06-11,15,20,5
6418,2019-06-11,9,6,-3
6419,2019-06-11,13,15,2
6420,2019-06-11,24,21,-3
6421,2019-06-11,40,27,-13
6422,2019-06-11,4,8,4
6423,2019-06-11,21,9,-12
6424,2019-06-11,39,65,26
6425,2019-06-11,35,35,0
6426,2019-06-11,72,84,12
6427,2019-06-11,62,52,-10
6428,2019-06-11,5,14,9
6429,2019-06-11,26,44,18
6432,2019-06-11,61,71,10
6433,2019-06-11,35,28,-7
6434,2019-06-11,65,56,-9
6435,2019-06-11,44,43,-1
6436,2019-06-11,19,21,2
6501,2019-06-11,38,44,6
6502,2019-06-11,15,15,0
6503,2019-06-11,60,50,-10
6504,2019-06-11,15,14,-1
6700,2019-06-11,22,47,25
6701,2019-06-11,80,54,-26
6702,2019-06-11,19,19,0
6703,2019-06-11,33,33,0
6704,2019-06-11,24,24,0
6705,2019-06-11,4,17,13
6706,2019-06-11,18,21,3
6707,2019-06-11,34,28,-6
6708,2019-06-11,28,58,30
6709,2019-06-11,21,30,9
6710,2019-06-11,9,15,6
6711,2019-06-11,12,11,-1
6712,2019-06-11,6,15,9
6713,2019-06-11,4,6,2
6714,2019-06-11,7,8,1
6715,2019-06-11,27,37,10
6716,2019-06-11,6,10,4
6717,2019-06-11,14,14,0
6718,2019-06-11,20,24,4
6719,2019-06-11,10,13,3
6720,2019-06-11,24,35,11
6721,2019-06-11,17,21,4
6722,2019-06-11,18,18,0
6723,2019-06-11,16,20,4
6724,2019-06-11,35,48,13
6725,2019-06-11,27,24,-3
6726,2019-06-11,11,15,4
6727,2019-06-11,91,94,3
6728,2019-06-11,11,10,-1
6729,2019-06-11,101,117,16
6730,2019-06-11,6,10,4
6731,2019-06-11,15,14,-1
6732,2019-06-11,24,43,19
6733,2019-06-11,33,39,6
6734,2019-06-11,40,42,2
6735,2019-06-11,9,6,-3
6736,2019-06-11,19,21,2
6737,2019-06-11,19,20,1
6738,2019-06-11,78,80,2
6739,2019-06-11,7,12,5
6741,2019-06-11,16,17,1
6742,2019-06-11,48,49,1
6743,2019-06-11,36,22,-14
6744,2019-06-11,17,20,3
6745,2019-06-11,14,17,3
6746,2019-06-11,18,13,-5
6747,2019-06-11,48,49,1
6748,2019-06-11,71,86,15
6749,2019-06-11,40,41,1
6750,2019-06-11,58,44,-14
6752,2019-06-11,18,18,0
6753,2019-06-11,18,15,-3
6754,2019-06-11,8,25,17
6901,2019-06-11,35,41,6
6903,2019-06-11,89,74,-15
6904,2019-06-11,49,40,-9
6905,2019-06-11,39,36,-3
6906,2019-06-11,146,77,-69
6907,2019-06-11,73,53,-20
6908,2019-06-11,55,53,-2
6910,2019-06-11,97,76,-21
6912,2019-06-11,130,93,-37
6913,2019-06-11,53,36,-17
6915,2019-06-11,75,67,-8
6916,2019-06-11,20,25,5
6917,2019-06-11,17,21,4
6918,2019-06-11,27,25,-2
6919,2019-06-11,20,21,1
6921,2019-06-11,61,69,8
6923,2019-06-11,44,48,4
6924,2019-06-11,23,23,0
6925,2019-06-11,25,30,5
6926,2019-06-11,57,54,-3
6927,2019-06-11,86,44,-42
6928,2019-06-11,45,15,-30
6929,2019-06-11,32,24,-8
6930,2019-06-11,14,15,1
7001,2019-06-11,29,26,-3
7002,2019-06-11,7,15,8
7003,2019-06-11,94,76,-18
7004,2019-06-11,14,13,-1
7005,2019-06-11,9,10,1
7006,2019-06-11,16,23,7
7007,2019-06-11,5,11,6
7008,2019-06-11,16,14,-2
7009,2019-06-11,76,91,15
7010,2019-06-11,8,13,5
7011,2019-06-11,55,56,1
7012,2019-06-11,34,43,9
7013,2019-06-11,15,15,0
7014,2019-06-11,65,39,-26
7015,2019-06-11,11,13,2
7016,2019-06-11,14,9,-5
7017,2019-06-11,30,41,11
7018,2019-06-11,19,38,19
7019,2019-06-11,119,89,-30
7020,2019-06-11,14,17,3
7021,2019-06-11,31,32,1
7022,2019-06-11,18,25,7
7023,2019-06-11,7,2,-5
7024,2019-06-11,25,25,0
7025,2019-06-11,36,22,-14
7026,2019-06-11,40,40,0
7027,2019-06-11,42,45,3
7028,2019-06-11,79,69,-10
7029,2019-06-11,38,46,8
7030,2019-06-11,58,65,7
7031,2019-06-11,33,51,18
7032,2019-06-11,87,60,-27
7033,2019-06-11,83,63,-20
7034,2019-06-11,19,30,11
7035,2019-06-11,36,40,4
7036,2019-06-11,29,25,-4
7037,2019-06-11,43,38,-5
7038,2019-06-11,64,66,2
7039,2019-06-11,20,20,0
7040,2019-06-11,59,71,12
7041,2019-06-11,116,93,-23
7042,2019-06-11,34,39,5
7043,2019-06-11,22,26,4
7044,2019-06-11,7,6,-1
7045,2019-06-11,45,54,9
7046,2019-06-11,142,107,-35
7047,2019-06-11,122,178,56
7048,2019-06-11,19,16,-3
7049,2019-06-11,3,16,13
7050,2019-06-11,25,24,-1
7051,2019-06-11,8,14,6
7052,2019-06-11,47,45,-2
7053,2019-06-11,34,36,2
7054,2019-06-11,28,53,25
7055,2019-06-11,9,23,14
7056,2019-06-11,11,20,9
7057,2019-06-11,32,42,10
7058,2019-06-11,26,20,-6
7059,2019-06-11,13,29,16
7060,2019-06-11,24,27,3
7061,2019-06-11,20,27,7
7062,2019-06-11,46,40,-6
7063,2019-06-11,9,16,7
7064,2019-06-11,21,19,-2
7065,2019-06-11,31,32,1
7066,2019-06-11,42,77,35
7067,2019-06-11,47,42,-5
7068,2019-06-11,59,84,25
7069,2019-06-11,51,59,8
7070,2019-06-11,30,37,7
7071,2019-06-11,65,43,-22
7072,2019-06-11,36,27,-9
7073,2019-06-11,26,41,15
7074,2019-06-11,23,37,14
7075,2019-06-11,7,7,0
7076,2019-06-11,68,53,-15
7077,2019-06-11,22,33,11
7078,2019-06-11,23,31,8
7079,2019-06-11,33,35,2
7080,2019-06-11,66,75,9
7081,2019-06-11,54,51,-3
7082,2019-06-11,61,79,18
7083,2019-06-11,44,42,-2
7084,2019-06-11,79,82,3
7085,2019-06-11,2,1,-1
7087,2019-06-11,2,3,1
7088,2019-06-11,2,3,1
7090,2019-06-11,6,12,6
7091,2019-06-11,4,2,-2
7092,2019-06-11,6,6,0
7093,2019-06-11,2,2,0
7094,2019-06-11,8,7,-1
7095,2019-06-11,15,15,0
7096,2019-06-11,23,22,-1
7097,2019-06-11,8,5,-3
7098,2019-06-11,5,4,-1
7099,2019-06-11,4,6,2
7100,2019-06-11,2,0,-2
7101,2019-06-11,6,9,3
7102,2019-06-11,10,21,11
7103,2019-06-11,8,9,1
7104,2019-06-11,2,4,2
7105,2019-06-11,1,1,0
7106,2019-06-11,8,3,-5
7107,2019-06-11,5,3,-2
7108,2019-06-11,12,10,-2
7109,2019-06-11,11,9,-2
7110,2019-06-11,6,9,3
7111,2019-06-11,7,6,-1
7112,2019-06-11,8,9,1
7113,2019-06-11,39,60,21
7114,2019-06-11,48,81,33
7115,2019-06-11,10,7,-3
7116,2019-06-11,13,5,-8
7117,2019-06-11,6,8,2
7118,2019-06-11,2,2,0
7119,2019-06-11,3,4,1
7120,2019-06-11,3,3,0
7122,2019-06-11,4,7,3
7123,2019-06-11,3,3,0
7124,2019-06-11,12,18,6
7125,2019-06-11,14,12,-2
7126,2019-06-11,5,6,1
7127,2019-06-11,27,27,0
7128,2019-06-11,12,8,-4
7129,2019-06-11,11,9,-2
7130,2019-06-11,15,8,-7
7131,2019-06-11,3,7,4
7132,2019-06-11,4,2,-2
7133,2019-06-11,1,3,2
7134,2019-06-11,1,4,3
7135,2019-06-11,5,8,3
7136,2019-06-11,5,5,0
7137,2019-06-11,4,9,5
7138,2019-06-11,2,3,1
7140,2019-06-11,14,30,16
7141,2019-06-11,18,27,9
7142,2019-06-11,5,18,13
7143,2019-06-11,16,25,9
7144,2019-06-11,33,33,0
7145,2019-06-11,15,19,4
7147,2019-06-11,37,38,1
7148,2019-06-11,13,17,4
7149,2019-06-11,7,10,3
10002,2019-06-11,93,105,12
4000,2019-06-12,71,69,-2
4001,2019-06-12,9,13,4
4002,2019-06-12,22,30,8
5002,2019-06-12,3,4,1
5003,2019-06-12,3,5,2
5004,2019-06-12,1,4,3
5005,2019-06-12,6,9,3
5006,2019-06-12,9,11,2
5007,2019-06-12,26,24,-2
6001,2019-06-12,65,119,54
6002,2019-06-12,46,59,13
6003,2019-06-12,96,96,0
6004,2019-06-12,65,77,12
6005,2019-06-12,100,117,17
6006,2019-06-12,48,33,-15
6007,2019-06-12,55,58,3
6008,2019-06-12,58,99,41
6009,2019-06-12,60,60,0
6011,2019-06-12,57,85,28
6012,2019-06-12,206,318,112
6013,2019-06-12,91,117,26
6014,2019-06-12,74,69,-5
6015,2019-06-12,210,309,99
6016,2019-06-12,30,35,5
6017,2019-06-12,88,94,6
6018,2019-06-12,83,79,-4
6019,2019-06-12,184,112,-72
6020,2019-06-12,81,109,28
6021,2019-06-12,84,53,-31
6022,2019-06-12,71,67,-4
6023,2019-06-12,167,208,41
6025,2019-06-12,40,40,0
6026,2019-06-12,187,252,65
6027,2019-06-12,186,183,-3
6029,2019-06-12,35,48,13
6031,2019-06-12,50,53,3
6032,2019-06-12,64,147,83
6033,2019-06-12,23,19,-4
6034,2019-06-12,54,77,23
6035,2019-06-12,31,57,26
6036,2019-06-12,224,293,69
6037,2019-06-12,56,66,10
6038,2019-06-12,127,142,15
6039,2019-06-12,91,89,-2
6040,2019-06-12,84,84,0
6041,2019-06-12,64,79,15
6042,2019-06-12,118,112,-6
6043,2019-06-12,242,419,177
6044,2019-06-12,95,91,-4
6046,2019-06-12,176,140,-36
6047,2019-06-12,64,55,-9
6048,2019-06-12,57,62,5
6049,2019-06-12,124,111,-13
6050,2019-06-12,52,62,10
6051,2019-06-12,57,51,-6
6052,2019-06-12,264,371,107
6053,2019-06-12,188,214,26
6057,2019-06-12,89,80,-9
6058,2019-06-12,73,64,-9
6059,2019-06-12,77,75,-2
6060,2019-06-12,50,38,-12
6062,2019-06-12,90,61,-29
6063,2019-06-12,133,114,-19
6064,2019-06-12,215,181,-34
6065,2019-06-12,83,70,-13
6066,2019-06-12,49,19,-30
6067,2019-06-12,70,60,-10
6068,2019-06-12,19,17,-2
6070,2019-06-12,151,153,2
6072,2019-06-12,94,80,-14
6073,2019-06-12,265,198,-67
6075,2019-06-12,48,20,-28
6076,2019-06-12,19,32,13
6078,2019-06-12,41,54,13
6079,2019-06-12,85,66,-19
6080,2019-06-12,214,199,-15
6081,2019-06-12,34,34,0
6082,2019-06-12,20,16,-4
6083,2019-06-12,187,198,11
6084,2019-06-12,30,50,20
6085,2019-06-12,101,160,59
6086,2019-06-12,19,50,31
6087,2019-06-12,106,147,41
6088,2019-06-12,83,98,15
6089,2019-06-12,44,60,16
6090,2019-06-12,48,46,-2
6091,2019-06-12,54,39,-15
6092,2019-06-12,93,88,-5
6093,2019-06-12,33,22,-11
6094,2019-06-12,48,47,-1
6095,2019-06-12,128,120,-8
6096,2019-06-12,71,91,20
6097,2019-06-12,70,34,-36
6098,2019-06-12,74,30,-44
6099,2019-06-12,100,145,45
6100,2019-06-12,291,306,15
6101,2019-06-12,65,34,-31
6103,2019-06-12,26,33,7
6104,2019-06-12,83,111,28
6105,2019-06-12,64,85,21
6106,2019-06-12,46,50,4
6107,2019-06-12,86,65,-21
6108,2019-06-12,68,66,-2
6109,2019-06-12,24,33,9
6110,2019-06-12,37,42,5
6111,2019-06-12,43,58,15
6112,2019-06-12,104,112,8
6113,2019-06-12,67,76,9
6114,2019-06-12,174,201,27
6115,2019-06-12,22,27,5
6116,2019-06-12,70,77,7
6118,2019-06-12,71,73,2
6119,2019-06-12,101,113,12
6120,2019-06-12,74,96,22
6121,2019-06-12,35,55,20
6122,2019-06-12,24,35,11
6123,2019-06-12,44,45,1
6124,2019-06-12,55,80,25
6125,2019-06-12,34,19,-15
6126,2019-06-12,59,61,2
6127,2019-06-12,64,66,2
6128,2019-06-12,22,24,2
6129,2019-06-12,62,62,0
6130,2019-06-12,46,35,-11
6131,2019-06-12,72,60,-12
6132,2019-06-12,71,91,20
6133,2019-06-12,74,79,5
6134,2019-06-12,55,53,-2
6136,2019-06-12,221,194,-27
6137,2019-06-12,109,109,0
6138,2019-06-12,98,80,-18
6139,2019-06-12,49,54,5
6140,2019-06-12,114,115,1
6141,2019-06-12,52,55,3
6142,2019-06-12,145,100,-45
6143,2019-06-12,168,135,-33
6145,2019-06-12,74,73,-1
6146,2019-06-12,91,72,-19
6147,2019-06-12,116,92,-24
6148,2019-06-12,118,116,-2
6149,2019-06-12,53,57,4
6150,2019-06-12,70,73,3
6151,2019-06-12,97,101,4
6152,2019-06-12,128,126,-2
6153,2019-06-12,54,59,5
6154,2019-06-12,181,178,-3
6155,2019-06-12,146,139,-7
6156,2019-06-12,92,88,-4
6157,2019-06-12,126,102,-24
6158,2019-06-12,89,82,-7
6159,2019-06-12,34,34,0
6160,2019-06-12,63,61,-2
6161,2019-06-12,44,50,6
6162,2019-06-12,12,25,13
6163,2019-06-12,91,104,13
6164,2019-06-12,113,112,-1
6165,2019-06-12,119,121,2
6166,2019-06-12,119,70,-49
6167,2019-06-12,40,37,-3
6168,2019-06-12,57,55,-2
6169,2019-06-12,182,139,-43
6170,2019-06-12,95,78,-17
6171,2019-06-12,60,79,19
6173,2019-06-12,130,79,-51
6174,2019-06-12,102,91,-11
6175,2019-06-12,95,70,-25
6176,2019-06-12,105,103,-2
6177,2019-06-12,97,82,-15
6178,2019-06-12,131,118,-13
6179,2019-06-12,82,79,-3
6180,2019-06-12,51,69,18
6181,2019-06-12,139,109,-30
6182,2019-06-12,99,65,-34
6183,2019-06-12,108,87,-21
6184,2019-06-12,257,233,-24
6185,2019-06-12,33,26,-7
6186,2019-06-12,94,84,-10
6187,2019-06-12,145,133,-12
6188,2019-06-12,63,62,-1
6189,2019-06-12,25,27,2
6190,2019-06-12,109,102,-7
6191,2019-06-12,80,72,-8
6192,2019-06-12,53,30,-23
6193,2019-06-12,115,117,2
6194,2019-06-12,198,172,-26
6195,2019-06-12,99,66,-33
6196,2019-06-12,119,94,-25
6197,2019-06-12,69,60,-9
6198,2019-06-12,13,13,0
6199,2019-06-12,119,107,-12
6200,2019-06-12,110,112,2
6201,2019-06-12,103,63,-40
6202,2019-06-12,144,133,-11
6203,2019-06-12,90,75,-15
6204,2019-06-12,125,128,3
6205,2019-06-12,95,68,-27
6206,2019-06-12,156,140,-16
6207,2019-06-12,74,78,4
6208,2019-06-12,73,83,10
6209,2019-06-12,181,162,-19
6210,2019-06-12,51,41,-10
6211,2019-06-12,177,175,-2
6212,2019-06-12,122,85,-37
6213,2019-06-12,141,138,-3
6214,2019-06-12,151,107,-44
6216,2019-06-12,158,91,-67
6217,2019-06-12,70,66,-4
6218,2019-06-12,91,71,-20
6219,2019-06-12,97,84,-13
6220,2019-06-12,91,73,-18
6221,2019-06-12,217,175,-42
6222,2019-06-12,106,84,-22
6223,2019-06-12,124,96,-28
6224,2019-06-12,90,83,-7
6225,2019-06-12,81,62,-19
6226,2019-06-12,36,38,2
6227,2019-06-12,154,161,7
6228,2019-06-12,44,34,-10
6229,2019-06-12,76,59,-17
6230,2019-06-12,95,86,-9
6231,2019-06-12,123,118,-5
6232,2019-06-12,43,27,-16
6233,2019-06-12,106,92,-14
6234,2019-06-12,90,70,-20
6235,2019-06-12,78,72,-6
6236,2019-06-12,78,82,4
6237,2019-06-12,84,70,-14
6240,2019-06-12,21,13,-8
6241,2019-06-12,61,66,5
6243,2019-06-12,70,64,-6
6245,2019-06-12,63,44,-19
6246,2019-06-12,84,73,-11
6247,2019-06-12,162,140,-22
6248,2019-06-12,191,157,-34
6249,2019-06-12,86,67,-19
6250,2019-06-12,87,75,-12
6251,2019-06-12,46,29,-17
6252,2019-06-12,61,49,-12
6253,2019-06-12,50,38,-12
6254,2019-06-12,76,62,-14
6255,2019-06-12,76,82,6
6257,2019-06-12,49,55,6
6258,2019-06-12,101,74,-27
6259,2019-06-12,53,39,-14
6260,2019-06-12,53,52,-1
6261,2019-06-12,51,54,3
6262,2019-06-12,55,56,1
6263,2019-06-12,32,33,1
6264,2019-06-12,49,38,-11
6265,2019-06-12,60,55,-5
6266,2019-06-12,35,29,-6
6267,2019-06-12,56,55,-1
6268,2019-06-12,63,58,-5
6269,2019-06-12,18,19,1
6270,2019-06-12,47,41,-6
6272,2019-06-12,43,47,4
6273,2019-06-12,36,36,0
6274,2019-06-12,58,52,-6
6275,2019-06-12,34,35,1
6276,2019-06-12,38,52,14
6277,2019-06-12,62,58,-4
6278,2019-06-12,26,20,-6
6279,2019-06-12,22,20,-2
6280,2019-06-12,117,118,1
6301,2019-06-12,27,23,-4
6302,2019-06-12,22,18,-4
6303,2019-06-12,21,19,-2
6304,2019-06-12,17,12,-5
6305,2019-06-12,27,22,-5
6306,2019-06-12,49,21,-28
6307,2019-06-12,88,91,3
6309,2019-06-12,34,35,1
6310,2019-06-12,89,56,-33
6311,2019-06-12,59,45,-14
6312,2019-06-12,18,37,19
6313,2019-06-12,65,82,17
6314,2019-06-12,81,66,-15
6315,2019-06-12,96,60,-36
6316,2019-06-12,73,19,-54
6321,2019-06-12,125,105,-20
6322,2019-06-12,31,37,6
6323,2019-06-12,18,16,-2
6324,2019-06-12,45,44,-1
6327,2019-06-12,50,37,-13
6328,2019-06-12,38,34,-4
6329,2019-06-12,37,37,0
6330,2019-06-12,35,27,-8
6331,2019-06-12,35,21,-14
6332,2019-06-12,45,43,-2
6333,2019-06-12,20,26,6
6334,2019-06-12,78,78,0
6336,2019-06-12,37,32,-5
6338,2019-06-12,44,49,5
6339,2019-06-12,37,30,-7
6340,2019-06-12,32,41,9
6341,2019-06-12,20,3,-17
6343,2019-06-12,42,41,-1
6345,2019-06-12,24,27,3
6346,2019-06-12,25,16,-9
6347,2019-06-12,33,35,2
6349,2019-06-12,38,52,14
6350,2019-06-12,64,73,9
6354,2019-06-12,38,32,-6
6355,2019-06-12,28,47,19
6356,2019-06-12,47,35,-12
6357,2019-06-12,26,22,-4
6358,2019-06-12,21,24,3
6359,2019-06-12,114,107,-7
6360,2019-06-12,36,38,2
6361,2019-06-12,61,58,-3
6362,2019-06-12,36,42,6
6363,2019-06-12,36,28,-8
6364,2019-06-12,55,45,-10
6366,2019-06-12,39,28,-11
6367,2019-06-12,39,36,-3
6368,2019-06-12,63,65,2
6369,2019-06-12,36,55,19
6370,2019-06-12,40,35,-5
6371,2019-06-12,92,78,-14
6372,2019-06-12,95,110,15
6373,2019-06-12,53,40,-13
6374,2019-06-12,48,44,-4
6375,2019-06-12,91,98,7
6376,2019-06-12,21,26,5
6377,2019-06-12,49,50,1
6379,2019-06-12,36,37,1
6380,2019-06-12,34,36,2
6381,2019-06-12,70,69,-1
6383,2019-06-12,32,29,-3
6384,2019-06-12,24,24,0
6385,2019-06-12,59,56,-3
6386,2019-06-12,71,97,26
6387,2019-06-12,65,93,28
6388,2019-06-12,32,39,7
6389,2019-06-12,65,54,-11
6391,2019-06-12,70,94,24
6393,2019-06-12,58,91,33
6394,2019-06-12,65,96,31
6395,2019-06-12,72,79,7
6396,2019-06-12,97,98,1
6397,2019-06-12,67,89,22
6398,2019-06-12,43,53,10
6401,2019-06-12,72,97,25
6402,2019-06-12,47,68,21
6403,2019-06-12,43,39,-4
6404,2019-06-12,10,22,12
6405,2019-06-12,38,60,22
6406,2019-06-12,177,224,47
6407,2019-06-12,24,40,16
6408,2019-06-12,63,67,4
6409,2019-06-12,24,25,1
6410,2019-06-12,35,44,9
6411,2019-06-12,204,185,-19
6412,2019-06-12,26,34,8
6413,2019-06-12,28,75,47
6414,2019-06-12,19,31,12
6415,2019-06-12,30,32,2
6416,2019-06-12,37,19,-18
6417,2019-06-12,25,22,-3
6418,2019-06-12,8,16,8
6419,2019-06-12,17,16,-1
6420,2019-06-12,21,23,2
6421,2019-06-12,50,41,-9
6422,2019-06-12,9,12,3
6423,2019-06-12,25,13,-12
6424,2019-06-12,51,92,41
6425,2019-06-12,42,59,17
6426,2019-06-12,84,104,20
6427,2019-06-12,79,93,14
6428,2019-06-12,18,17,-1
6429,2019-06-12,47,57,10
6432,2019-06-12,127,118,-9
6433,2019-06-12,42,44,2
6434,2019-06-12,86,78,-8
6435,2019-06-12,68,59,-9
6436,2019-06-12,34,26,-8
6501,2019-06-12,76,78,2
6502,2019-06-12,23,27,4
6503,2019-06-12,81,69,-12
6504,2019-06-12,21,29,8
6700,2019-06-12,32,48,16
6701,2019-06-12,69,65,-4
6702,2019-06-12,20,19,-1
6703,2019-06-12,45,46,1
6704,2019-06-12,39,30,-9
6705,2019-06-12,16,19,3
6706,2019-06-12,31,37,6
6707,2019-06-12,42,41,-1
6708,2019-06-12,51,118,67
6709,2019-06-12,35,38,3
6710,2019-06-12,15,20,5
6711,2019-06-12,15,23,8
6712,2019-06-12,18,28,10
6713,2019-06-12,19,12,-7
6714,2019-06-12,4,5,1
6715,2019-06-12,37,33,-4
6716,2019-06-12,8,8,0
6717,2019-06-12,16,20,4
6718,2019-06-12,28,26,-2
6719,2019-06-12,29,33,4
6720,2019-06-12,31,40,9
6721,2019-06-12,24,22,-2
6722,2019-06-12,13,22,9
6723,2019-06-12,36,37,1
6724,2019-06-12,90,107,17
6725,2019-06-12,47,52,5
6726,2019-06-12,17,17,0
6727,2019-06-12,107,107,0
6728,2019-06-12,17,16,-1
6729,2019-06-12,145,147,2
6730,2019-06-12,16,12,-4
6731,2019-06-12,23,19,-4
6732,2019-06-12,33,36,3
6733,2019-06-12,47,48,1
6734,2019-06-12,49,50,1
6735,2019-06-12,13,16,3
6736,2019-06-12,25,29,4
6737,2019-06-12,27,22,-5
6738,2019-06-12,123,132,9
6739,2019-06-12,14,13,-1
6741,2019-06-12,23,22,-1
6742,2019-06-12,89,100,11
6743,2019-06-12,48,23,-25
6744,2019-06-12,23,28,5
6745,2019-06-12,18,20,2
6746,2019-06-12,30,21,-9
6747,2019-06-12,75,81,6
6748,2019-06-12,90,108,18
6749,2019-06-12,44,44,0
6750,2019-06-12,62,52,-10
6752,2019-06-12,25,23,-2
6753,2019-06-12,29,27,-2
6754,2019-06-12,17,29,12
6901,2019-06-12,36,49,13
6903,2019-06-12,132,131,-1
6904,2019-06-12,49,44,-5
6905,2019-06-12,51,42,-9
6906,2019-06-12,154,105,-49
6907,2019-06-12,107,84,-23
6908,2019-06-12,56,49,-7
6910,2019-06-12,130,115,-15
6912,2019-06-12,140,113,-27
6913,2019-06-12,87,59,-28
6915,2019-06-12,93,83,-10
6916,2019-06-12,37,41,4
6917,2019-06-12,21,26,5
6918,2019-06-12,37,25,-12
6919,2019-06-12,44,38,-6
6921,2019-06-12,85,87,2
6923,2019-06-12,35,43,8
6924,2019-06-12,30,30,0
6925,2019-06-12,49,40,-9
6926,2019-06-12,79,71,-8
6927,2019-06-12,84,58,-26
6928,2019-06-12,47,23,-24
6929,2019-06-12,70,39,-31
6930,2019-06-12,30,29,-1
7001,2019-06-12,34,40,6
7002,2019-06-12,10,17,7
7003,2019-06-12,127,101,-26
7004,2019-06-12,26,19,-7
7005,2019-06-12,7,10,3
7006,2019-06-12,31,35,4
7007,2019-06-12,10,18,8
7008,2019-06-12,32,34,2
7009,2019-06-12,76,114,38
7010,2019-06-12,21,13,-8
7011,2019-06-12,68,81,13
7012,2019-06-12,40,46,6
7013,2019-06-12,21,17,-4
7014,2019-06-12,66,45,-21
7015,2019-06-12,21,29,8
7016,2019-06-12,7,11,4
7017,2019-06-12,37,51,14
7018,2019-06-12,22,38,16
7019,2019-06-12,126,118,-8
7020,2019-06-12,25,28,3
7021,2019-06-12,54,48,-6
7022,2019-06-12,49,37,-12
7023,2019-06-12,11,13,2
7024,2019-06-12,30,31,1
7025,2019-06-12,65,57,-8
7026,2019-06-12,47,59,12
7027,2019-06-12,54,53,-1
7028,2019-06-12,118,116,-2
7029,2019-06-12,47,48,1
7030,2019-06-12,61,72,11
7031,2019-06-12,54,47,-7
7032,2019-06-12,126,82,-44
7033,2019-06-12,64,69,5
7034,2019-06-12,25,68,43
7035,2019-06-12,67,59,-8
7036,2019-06-12,6,1,-5
7037,2019-06-12,45,47,2
7038,2019-06-12,88,97,9
7039,2019-06-12,46,44,-2
7040,2019-06-12,98,104,6
7041,2019-06-12,140,136,-4
7042,2019-06-12,48,45,-3
7043,2019-06-12,29,23,-6
7044,2019-06-12,17,17,0
7045,2019-06-12,74,69,-5
7046,2019-06-12,99,133,34
7047,2019-06-12,139,179,40
7048,2019-06-12,26,24,-2
7049,2019-06-12,12,17,5
7050,2019-06-12,47,48,1
7051,2019-06-12,18,23,5
7052,2019-06-12,63,69,6
7053,2019-06-12,62,68,6
7054,2019-06-12,69,75,6
7055,2019-06-12,21,29,8
7056,2019-06-12,16,13,-3
7057,2019-06-12,37,54,17
7058,2019-06-12,46,57,11
7059,2019-06-12,20,27,7
7060,2019-06-12,45,49,4
7061,2019-06-12,36,28,-8
7062,2019-06-12,51,63,12
7063,2019-06-12,27,23,-4
7064,2019-06-12,23,29,6
7065,2019-06-12,39,33,-6
7066,2019-06-12,76,103,27
7067,2019-06-12,67,76,9
7068,2019-06-12,94,102,8
7069,2019-06-12,83,85,2
7070,2019-06-12,40,43,3
7071,2019-06-12,80,56,-24
7072,2019-06-12,47,49,2
7073,2019-06-12,48,53,5
7074,2019-06-12,52,60,8
7075,2019-06-12,18,14,-4
7076,2019-06-12,79,60,-19
7077,2019-06-12,26,34,8
7078,2019-06-12,35,45,10
7079,2019-06-12,45,49,4
7080,2019-06-12,86,77,-9
7081,2019-06-12,80,93,13
7082,2019-06-12,84,98,14
7083,2019-06-12,77,65,-12
7084,2019-06-12,87,77,-10
7085,2019-06-12,1,0,-1
7086,2019-06-12,1,0,-1
7087,2019-06-12,1,0,-1
7090,2019-06-12,18,14,-4
7091,2019-06-12,3,8,5
7092,2019-06-12,16,14,-2
7093,2019-06-12,6,8,2
7094,2019-06-12,1,2,1
7095,2019-06-12,25,15,-10
7096,2019-06-12,29,28,-1
7097,2019-06-12,9,7,-2
7098,2019-06-12,4,5,1
7099,2019-06-12,7,8,1
7100,2019-06-12,9,9,0
7101,2019-06-12,17,10,-7
7102,2019-06-12,24,30,6
7103,2019-06-12,16,21,5
7104,2019-06-12,2,6,4
7105,2019-06-12,10,11,1
7106,2019-06-12,2,7,5
7107,2019-06-12,11,6,-5
7108,2019-06-12,22,20,-2
7109,2019-06-12,12,13,1
7110,2019-06-12,19,18,-1
7111,2019-06-12,9,8,-1
7112,2019-06-12,17,22,5
7113,2019-06-12,58,67,9
7114,2019-06-12,89,116,27
7115,2019-06-12,10,10,0
7116,2019-06-12,8,9,1
7117,2019-06-12,1,1,0
7118,2019-06-12,1,4,3
7119,2019-06-12,7,9,2
7120,2019-06-12,4,3,-1
7121,2019-06-12,5,6,1
7122,2019-06-12,7,6,-1
7123,2019-06-12,2,4,2
7124,2019-06-12,25,22,-3
7125,2019-06-12,24,27,3
7126,2019-06-12,6,5,-1
7127,2019-06-12,38,36,-2
7128,2019-06-12,13,13,0
7129,2019-06-12,17,19,2
7130,2019-06-12,10,9,-1
7131,2019-06-12,6,3,-3
7132,2019-06-12,6,9,3
7133,2019-06-12,7,8,1
7134,2019-06-12,8,7,-1
7135,2019-06-12,3,8,5
7136,2019-06-12,8,4,-4
7137,2019-06-12,7,11,4
7138,2019-06-12,4,4,0
7140,2019-06-12,26,28,2
7141,2019-06-12,40,44,4
7142,2019-06-12,15,25,10
7143,2019-06-12,27,29,2
7144,2019-06-12,49,56,7
7145,2019-06-12,15,18,3
7147,2019-06-12,50,58,8
7148,2019-06-12,9,10,1
7149,2019-06-12,19,23,4
10002,2019-06-12,130,138,8
4000,2019-06-13,59,70,11
4001,2019-06-13,10,12,2
4002,2019-06-13,23,18,-5
5002,2019-06-13,3,2,-1
5003,2019-06-13,2,1,-1
5005,2019-06-13,5,7,2
5006,2019-06-13,6,9,3
5007,2019-06-13,10,9,-1
6001,2019-06-13,63,90,27
6002,2019-06-13,44,41,-3
6003,2019-06-13,73,84,11
6004,2019-06-13,55,65,10
6005,2019-06-13,89,131,42
6006,2019-06-13,36,16,-20
6007,2019-06-13,46,52,6
6008,2019-06-13,35,86,51
6009,2019-06-13,76,85,9
6011,2019-06-13,67,73,6
6012,2019-06-13,137,252,115
6013,2019-06-13,84,99,15
6014,2019-06-13,42,54,12
6015,2019-06-13,138,253,115
6016,2019-06-13,19,18,-1
6017,2019-06-13,63,77,14
6018,2019-06-13,52,64,12
6019,2019-06-13,134,97,-37
6020,2019-06-13,77,86,9
6021,2019-06-13,77,55,-22
6022,2019-06-13,55,58,3
6023,2019-06-13,101,141,40
6025,2019-06-13,46,45,-1
6026,2019-06-13,83,143,60
6027,2019-06-13,158,195,37
6029,2019-06-13,24,28,4
6031,2019-06-13,33,46,13
6032,2019-06-13,59,141,82
6033,2019-06-13,15,12,-3
6034,2019-06-13,65,89,24
6035,2019-06-13,21,49,28
6036,2019-06-13,128,208,80
6037,2019-06-13,57,71,14
6038,2019-06-13,100,110,10
6039,2019-06-13,83,97,14
6040,2019-06-13,72,76,4
6041,2019-06-13,87,87,0
6042,2019-06-13,97,98,1
6043,2019-06-13,169,361,192
6044,2019-06-13,83,76,-7
6046,2019-06-13,123,106,-17
6047,2019-06-13,65,53,-12
6048,2019-06-13,49,56,7
6049,2019-06-13,108,108,0
6050,2019-06-13,49,46,-3
6051,2019-06-13,59,49,-10
6052,2019-06-13,171,236,65
6053,2019-06-13,128,158,30
6057,2019-06-13,102,94,-8
6058,2019-06-13,52,52,0
6059,2019-06-13,69,72,3
6060,2019-06-13,27,25,-2
6062,2019-06-13,49,53,4
6063,2019-06-13,93,78,-15
6064,2019-06-13,155,183,28
6065,2019-06-13,75,52,-23
6066,2019-06-13,25,10,-15
6067,2019-06-13,53,87,34
6068,2019-06-13,14,14,0
6070,2019-06-13,138,139,1
6072,2019-06-13,77,88,11
6073,2019-06-13,224,180,-44
6075,2019-06-13,40,7,-33
6076,2019-06-13,12,12,0
6078,2019-06-13,24,36,12
6079,2019-06-13,83,63,-20
6080,2019-06-13,135,142,7
6081,2019-06-13,21,23,2
6082,2019-06-13,16,14,-2
6083,2019-06-13,133,248,115
6084,2019-06-13,41,68,27
6085,2019-06-13,102,175,73
6086,2019-06-13,19,41,22
6087,2019-06-13,104,139,35
6088,2019-06-13,75,88,13
6089,2019-06-13,58,53,-5
6090,2019-06-13,41,42,1
6091,2019-06-13,43,36,-7
6092,2019-06-13,66,64,-2
6093,2019-06-13,37,32,-5
6094,2019-06-13,30,26,-4
6095,2019-06-13,105,85,-20
6096,2019-06-13,52,66,14
6097,2019-06-13,63,35,-28
6098,2019-06-13,49,39,-10
6099,2019-06-13,63,123,60
6100,2019-06-13,268,270,2
6101,2019-06-13,58,23,-35
6103,2019-06-13,22,21,-1
6104,2019-06-13,74,122,48
6105,2019-06-13,55,66,11
6106,2019-06-13,28,32,4
6107,2019-06-13,71,55,-16
6108,2019-06-13,52,48,-4
6109,2019-06-13,3,6,3
6110,2019-06-13,22,40,18
6111,2019-06-13,44,43,-1
6112,2019-06-13,86,91,5
6113,2019-06-13,70,64,-6
6114,2019-06-13,139,170,31
6115,2019-06-13,14,22,8
6116,2019-06-13,72,76,4
6118,2019-06-13,72,78,6
6119,2019-06-13,71,83,12
6120,2019-06-13,60,88,28
6121,2019-06-13,16,28,12
6122,2019-06-13,19,20,1
6123,2019-06-13,20,31,11
6124,2019-06-13,33,52,19
6125,2019-06-13,22,21,-1
6126,2019-06-13,52,42,-10
6127,2019-06-13,44,45,1
6128,2019-06-13,15,24,9
6129,2019-06-13,60,48,-12
6130,2019-06-13,23,18,-5
6131,2019-06-13,87,54,-33
6132,2019-06-13,60,70,10
6133,2019-06-13,61,48,-13
6134,2019-06-13,39,47,8
6136,2019-06-13,239,199,-40
6137,2019-06-13,73,76,3
6138,2019-06-13,93,80,-13
6139,2019-06-13,35,34,-1
6140,2019-06-13,81,85,4
6141,2019-06-13,51,45,-6
6142,2019-06-13,79,40,-39
6143,2019-06-13,115,84,-31
6145,2019-06-13,56,59,3
6146,2019-06-13,35,28,-7
6147,2019-06-13,72,55,-17
6148,2019-06-13,112,84,-28
6149,2019-06-13,57,47,-10
6150,2019-06-13,74,79,5
6151,2019-06-13,67,75,8
6152,2019-06-13,104,99,-5
6153,2019-06-13,61,58,-3
6154,2019-06-13,182,158,-24
6155,2019-06-13,138,122,-16
6156,2019-06-13,63,60,-3
6157,2019-06-13,98,95,-3
6158,2019-06-13,65,70,5
6159,2019-06-13,30,31,1
6160,2019-06-13,72,49,-23
6161,2019-06-13,48,46,-2
6162,2019-06-13,12,10,-2
6163,2019-06-13,85,89,4
6164,2019-06-13,79,85,6
6165,2019-06-13,83,85,2
6166,2019-06-13,86,48,-38
6167,2019-06-13,41,41,0
6168,2019-06-13,53,39,-14
6169,2019-06-13,137,112,-25
6170,2019-06-13,47,28,-19
6171,2019-06-13,57,67,10
6173,2019-06-13,95,59,-36
6174,2019-06-13,94,75,-19
6175,2019-06-13,68,53,-15
6176,2019-06-13,86,90,4
6177,2019-06-13,70,70,0
6178,2019-06-13,86,74,-12
6179,2019-06-13,59,56,-3
6180,2019-06-13,43,53,10
6181,2019-06-13,118,80,-38
6182,2019-06-13,69,46,-23
6183,2019-06-13,94,82,-12
6184,2019-06-13,231,211,-20
6185,2019-06-13,19,22,3
6186,2019-06-13,89,67,-22
6187,2019-06-13,131,125,-6
6188,2019-06-13,48,47,-1
6189,2019-06-13,25,23,-2
6190,2019-06-13,111,113,2
6191,2019-06-13,59,55,-4
6192,2019-06-13,31,32,1
6193,2019-06-13,101,99,-2
6194,2019-06-13,154,133,-21
6195,2019-06-13,87,46,-41
6196,2019-06-13,126,93,-33
6197,2019-06-13,47,48,1
6198,2019-06-13,24,11,-13
6199,2019-06-13,119,60,-59
6200,2019-06-13,110,94,-16
6201,2019-06-13,82,54,-28
6202,2019-06-13,99,85,-14
6203,2019-06-13,106,96,-10
6204,2019-06-13,109,113,4
6205,2019-06-13,100,65,-35
6206,2019-06-13,148,95,-53
6207,2019-06-13,52,56,4
6208,2019-06-13,69,58,-11
6209,2019-06-13,121,109,-12
6210,2019-06-13,42,43,1
6211,2019-06-13,132,137,5
6212,2019-06-13,76,51,-25
6213,2019-06-13,129,131,2
6214,2019-06-13,95,71,-24
6216,2019-06-13,81,28,-53
6217,2019-06-13,79,67,-12
6218,2019-06-13,71,53,-18
6219,2019-06-13,69,71,2
6220,2019-06-13,92,71,-21
6221,2019-06-13,200,166,-34
6222,2019-06-13,62,50,-12
6223,2019-06-13,119,51,-68
6224,2019-06-13,88,74,-14
6225,2019-06-13,51,32,-19
6226,2019-06-13,23,26,3
6227,2019-06-13,168,146,-22
6228,2019-06-13,29,27,-2
6229,2019-06-13,84,57,-27
6230,2019-06-13,85,78,-7
6231,2019-06-13,109,108,-1
6232,2019-06-13,43,42,-1
6233,2019-06-13,119,77,-42
6234,2019-06-13,65,52,-13
6235,2019-06-13,74,75,1
6236,2019-06-13,82,66,-16
6237,2019-06-13,61,48,-13
6240,2019-06-13,17,20,3
6241,2019-06-13,54,49,-5
6243,2019-06-13,77,68,-9
6245,2019-06-13,47,39,-8
6246,2019-06-13,73,56,-17
6247,2019-06-13,87,78,-9
6248,2019-06-13,188,144,-44
6249,2019-06-13,63,40,-23
6250,2019-06-13,70,68,-2
6251,2019-06-13,30,24,-6
6252,2019-06-13,52,49,-3
6253,2019-06-13,57,41,-16
6254,2019-06-13,61,51,-10
6255,2019-06-13,87,65,-22
6257,2019-06-13,40,33,-7
6258,2019-06-13,70,58,-12
6259,2019-06-13,51,43,-8
6260,2019-06-13,51,36,-15
6261,2019-06-13,43,39,-4
6262,2019-06-13,34,27,-7
6263,2019-06-13,21,22,1
6264,2019-06-13,30,36,6
6265,2019-06-13,58,62,4
6266,2019-06-13,26,21,-5
6267,2019-06-13,42,41,-1
6268,2019-06-13,51,32,-19
6269,2019-06-13,21,23,2
6270,2019-06-13,32,24,-8
6272,2019-06-13,30,29,-1
6273,2019-06-13,24,22,-2
6274,2019-06-13,37,29,-8
6275,2019-06-13,33,29,-4
6276,2019-06-13,44,30,-14
6277,2019-06-13,52,57,5
6278,2019-06-13,22,19,-3
6279,2019-06-13,20,17,-3
6280,2019-06-13,91,91,0
6301,2019-06-13,24,23,-1
6302,2019-06-13,11,10,-1
6303,2019-06-13,13,9,-4
6304,2019-06-13,16,9,-7
6305,2019-06-13,15,12,-3
6306,2019-06-13,45,27,-18
6307,2019-06-13,64,62,-2
6309,2019-06-13,25,24,-1
6310,2019-06-13,68,39,-29
6311,2019-06-13,42,35,-7
6312,2019-06-13,17,16,-1
6313,2019-06-13,58,74,16
6314,2019-06-13,72,60,-12
6315,2019-06-13,69,31,-38
6316,2019-06-13,42,19,-23
6321,2019-06-13,80,63,-17
6322,2019-06-13,22,21,-1
6323,2019-06-13,22,18,-4
6324,2019-06-13,23,20,-3
6327,2019-06-13,30,24,-6
6328,2019-06-13,37,32,-5
6329,2019-06-13,23,23,0
6330,2019-06-13,27,21,-6
6331,2019-06-13,14,15,1
6332,2019-06-13,23,31,8
6333,2019-06-13,24,20,-4
6334,2019-06-13,71,81,10
6336,2019-06-13,45,41,-4
6338,2019-06-13,30,26,-4
6339,2019-06-13,33,23,-10
6340,2019-06-13,31,32,1
6343,2019-06-13,42,35,-7
6345,2019-06-13,10,14,4
6346,2019-06-13,14,16,2
6347,2019-06-13,29,23,-6
6349,2019-06-13,37,29,-8
6350,2019-06-13,34,54,20
6354,2019-06-13,33,27,-6
6355,2019-06-13,33,38,5
6356,2019-06-13,37,18,-19
6357,2019-06-13,10,6,-4
6358,2019-06-13,24,17,-7
6359,2019-06-13,71,85,14
6360,2019-06-13,28,19,-9
6361,2019-06-13,45,38,-7
6362,2019-06-13,43,41,-2
6363,2019-06-13,17,16,-1
6364,2019-06-13,44,37,-7
6366,2019-06-13,25,24,-1
6367,2019-06-13,26,28,2
6368,2019-06-13,62,57,-5
6369,2019-06-13,33,35,2
6370,2019-06-13,39,30,-9
6371,2019-06-13,69,66,-3
6372,2019-06-13,73,75,2
6373,2019-06-13,52,36,-16
6374,2019-06-13,31,29,-2
6375,2019-06-13,74,71,-3
6376,2019-06-13,14,15,1
6377,2019-06-13,41,49,8
6379,2019-06-13,28,35,7
6380,2019-06-13,33,22,-11
6381,2019-06-13,53,53,0
6383,2019-06-13,26,19,-7
6384,2019-06-13,21,11,-10
6385,2019-06-13,43,47,4
6386,2019-06-13,50,65,15
6387,2019-06-13,63,82,19
6388,2019-06-13,19,24,5
6389,2019-06-13,51,37,-14
6391,2019-06-13,64,92,28
6393,2019-06-13,50,72,22
6394,2019-06-13,62,77,15
6395,2019-06-13,57,54,-3
6396,2019-06-13,65,79,14
6397,2019-06-13,50,63,13
6398,2019-06-13,42,40,-2
6401,2019-06-13,65,76,11
6402,2019-06-13,35,36,1
6403,2019-06-13,28,30,2
6404,2019-06-13,17,19,2
6405,2019-06-13,36,41,5
6406,2019-06-13,75,103,28
6407,2019-06-13,17,26,9
6408,2019-06-13,48,51,3
6409,2019-06-13,18,19,1
6410,2019-06-13,46,43,-3
6411,2019-06-13,147,154,7
6412,2019-06-13,27,23,-4
6413,2019-06-13,25,15,-10
6414,2019-06-13,20,24,4
6415,2019-06-13,24,22,-2
6416,2019-06-13,11,7,-4
6417,2019-06-13,24,22,-2
6418,2019-06-13,5,6,1
6419,2019-06-13,10,15,5
6420,2019-06-13,21,25,4
6421,2019-06-13,30,36,6
6422,2019-06-13,13,14,1
6423,2019-06-13,18,12,-6
6424,2019-06-13,37,74,37
6425,2019-06-13,31,33,2
6426,2019-06-13,74,86,12
6427,2019-06-13,56,57,1
6428,2019-06-13,22,22,0
6429,2019-06-13,38,47,9
6432,2019-06-13,79,80,1
6433,2019-06-13,43,33,-10
6434,2019-06-13,63,52,-11
6435,2019-06-13,40,33,-7
6436,2019-06-13,29,33,4
6501,2019-06-13,24,28,4
6502,2019-06-13,7,10,3
6503,2019-06-13,45,38,-7
6504,2019-06-13,14,17,3
6700,2019-06-13,24,42,18
6701,2019-06-13,64,66,2
6702,2019-06-13,13,16,3
6703,2019-06-13,25,25,0
6704,2019-06-13,28,30,2
6705,2019-06-13,15,16,1
6706,2019-06-13,29,29,0
6707,2019-06-13,33,31,-2
6708,2019-06-13,60,97,37
6709,2019-06-13,26,26,0
6710,2019-06-13,18,21,3
6711,2019-06-13,21,24,3
6712,2019-06-13,9,9,0
6713,2019-06-13,5,5,0
6714,2019-06-13,3,4,1
6715,2019-06-13,28,29,1
6716,2019-06-13,12,16,4
6717,2019-06-13,17,19,2
6718,2019-06-13,29,22,-7
6719,2019-06-13,16,13,-3
6720,2019-06-13,32,34,2
6721,2019-06-13,19,27,8
6722,2019-06-13,8,12,4
6723,2019-06-13,26,27,1
6724,2019-06-13,44,69,25
6725,2019-06-13,36,32,-4
6726,2019-06-13,8,16,8
6727,2019-06-13,84,109,25
6728,2019-06-13,8,5,-3
6729,2019-06-13,103,105,2
6730,2019-06-13,16,14,-2
6731,2019-06-13,15,9,-6
6732,2019-06-13,30,30,0
6733,2019-06-13,43,36,-7
6734,2019-06-13,56,48,-8
6735,2019-06-13,8,8,0
6736,2019-06-13,17,12,-5
6737,2019-06-13,17,18,1
6738,2019-06-13,94,82,-12
6739,2019-06-13,7,10,3
6741,2019-06-13,17,21,4
6742,2019-06-13,64,63,-1
6743,2019-06-13,44,27,-17
6744,2019-06-13,22,22,0
6745,2019-06-13,11,20,9
6746,2019-06-13,19,20,1
6747,2019-06-13,52,56,4
6748,2019-06-13,59,76,17
6749,2019-06-13,45,46,1
6750,2019-06-13,40,39,-1
6752,2019-06-13,18,24,6
6753,2019-06-13,25,21,-4
6754,2019-06-13,11,23,12
6901,2019-06-13,42,46,4
6903,2019-06-13,114,106,-8
6904,2019-06-13,42,37,-5
6905,2019-06-13,43,39,-4
6906,2019-06-13,143,85,-58
6907,2019-06-13,89,64,-25
6908,2019-06-13,61,64,3
6910,2019-06-13,123,115,-8
6912,2019-06-13,105,100,-5
6913,2019-06-13,62,42,-20
6915,2019-06-13,89,69,-20
6916,2019-06-13,30,25,-5
6917,2019-06-13,16,18,2
6918,2019-06-13,33,14,-19
6919,2019-06-13,22,22,0
6921,2019-06-13,76,86,10
6923,2019-06-13,40,42,2
6924,2019-06-13,23,18,-5
6925,2019-06-13,40,44,4
6926,2019-06-13,67,59,-8
6927,2019-06-13,75,26,-49
6928,2019-06-13,39,14,-25
6929,2019-06-13,45,29,-16
6930,2019-06-13,21,21,0
7001,2019-06-13,33,30,-3
7002,2019-06-13,9,17,8
7003,2019-06-13,101,81,-20
7004,2019-06-13,11,16,5
7005,2019-06-13,4,7,3
7006,2019-06-13,14,14,0
7007,2019-06-13,4,8,4
7008,2019-06-13,23,21,-2
7009,2019-06-13,76,128,52
7010,2019-06-13,13,14,1
7011,2019-06-13,65,75,10
7012,2019-06-13,29,38,9
7013,2019-06-13,21,21,0
7014,2019-06-13,63,41,-22
7015,2019-06-13,11,15,4
7016,2019-06-13,12,10,-2
7017,2019-06-13,28,27,-1
7018,2019-06-13,22,30,8
7019,2019-06-13,52,103,51
7020,2019-06-13,26,25,-1
7021,2019-06-13,45,28,-17
7022,2019-06-13,33,23,-10
7023,2019-06-13,9,11,2
7024,2019-06-13,14,14,0
7025,2019-06-13,50,50,0
7026,2019-06-13,63,62,-1
7027,2019-06-13,43,35,-8
7028,2019-06-13,93,93,0
7029,2019-06-13,46,33,-13
7030,2019-06-13,43,44,1
7031,2019-06-13,42,54,12
7032,2019-06-13,85,52,-33
7033,2019-06-13,79,58,-21
7034,2019-06-13,22,42,20
7035,2019-06-13,59,66,7
7037,2019-06-13,38,40,2
7038,2019-06-13,65,77,12
7039,2019-06-13,22,26,4
7040,2019-06-13,75,80,5
7041,2019-06-13,137,130,-7
7042,2019-06-13,35,39,4
7043,2019-06-13,21,20,-1
7044,2019-06-13,12,11,-1
7045,2019-06-13,45,51,6
7046,2019-06-13,91,106,15
7047,2019-06-13,126,165,39
7048,2019-06-13,12,20,8
7049,2019-06-13,9,10,1
7050,2019-06-13,32,32,0
7051,2019-06-13,15,17,2
7052,2019-06-13,52,55,3
7053,2019-06-13,34,38,4
7054,2019-06-13,29,33,4
7055,2019-06-13,15,27,12
7056,2019-06-13,12,12,0
7057,2019-06-13,43,44,1
7058,2019-06-13,31,43,12
7059,2019-06-13,23,19,-4
7060,2019-06-13,30,35,5
7061,2019-06-13,35,18,-17
7062,2019-06-13,48,48,0
7063,2019-06-13,28,21,-7
7064,2019-06-13,23,32,9
7065,2019-06-13,31,27,-4
7066,2019-06-13,35,89,54
7067,2019-06-13,51,76,25
7068,2019-06-13,65,81,16
7069,2019-06-13,64,103,39
7070,2019-06-13,31,31,0
7071,2019-06-13,69,35,-34
7072,2019-06-13,56,47,-9
7073,2019-06-13,35,40,5
7074,2019-06-13,37,39,2
7075,2019-06-13,3,9,6
7076,2019-06-13,72,49,-23
7077,2019-06-13,32,34,2
7078,2019-06-13,40,41,1
7079,2019-06-13,42,45,3
7080,2019-06-13,74,90,16
7081,2019-06-13,64,80,16
7082,2019-06-13,66,79,13
7083,2019-06-13,42,50,8
7084,2019-06-13,97,88,-9
7087,2019-06-13,1,2,1
7088,2019-06-13,1,0,-1
7089,2019-06-13,2,2,0
7090,2019-06-13,16,12,-4
7091,2019-06-13,5,6,1
7092,2019-06-13,9,11,2
7094,2019-06-13,1,2,1
7095,2019-06-13,19,20,1
7096,2019-06-13,22,24,2
7097,2019-06-13,6,4,-2
7098,2019-06-13,7,6,-1
7099,2019-06-13,2,8,6
7100,2019-06-13,7,6,-1
7101,2019-06-13,4,10,6
7102,2019-06-13,15,18,3
7103,2019-06-13,10,11,1
7105,2019-06-13,4,3,-1
7106,2019-06-13,1,2,1
7107,2019-06-13,1,1,0
7108,2019-06-13,3,2,-1
7109,2019-06-13,8,6,-2
7110,2019-06-13,3,5,2
7111,2019-06-13,5,4,-1
7112,2019-06-13,19,9,-10
7113,2019-06-13,52,53,1
7114,2019-06-13,57,66,9
7115,2019-06-13,9,13,4
7116,2019-06-13,5,4,-1
7118,2019-06-13,3,4,1
7119,2019-06-13,6,7,1
7120,2019-06-13,6,2,-4
7121,2019-06-13,1,3,2
7122,2019-06-13,10,10,0
7123,2019-06-13,3,5,2
7124,2019-06-13,20,16,-4
7125,2019-06-13,27,20,-7
7126,2019-06-13,6,5,-1
7127,2019-06-13,30,35,5
7128,2019-06-13,12,13,1
7129,2019-06-13,10,11,1
7130,2019-06-13,13,18,5
7131,2019-06-13,10,6,-4
7132,2019-06-13,5,4,-1
7133,2019-06-13,4,7,3
7134,2019-06-13,3,6,3
7135,2019-06-13,4,6,2
7136,2019-06-13,7,5,-2
7137,2019-06-13,10,8,-2
7138,2019-06-13,5,5,0
7140,2019-06-13,13,12,-1
7141,2019-06-13,30,32,2
7142,2019-06-13,10,19,9
7143,2019-06-13,12,13,1
7144,2019-06-13,30,38,8
7145,2019-06-13,18,17,-1
7147,2019-06-13,37,37,0
7148,2019-06-13,5,4,-1
7149,2019-06-13,12,10,-2
10002,2019-06-13,108,106,-2
4000,2019-06-14,44,53,9
4001,2019-06-14,9,15,6
4002,2019-06-14,13,24,11
5002,2019-06-14,1,6,5
5003,2019-06-14,4,2,-2
5004,2019-06-14,2,2,0
5005,2019-06-14,2,3,1
5006,2019-06-14,7,6,-1
5007,2019-06-14,11,18,7
6001,2019-06-14,42,60,18
6002,2019-06-14,20,31,11
6003,2019-06-14,78,92,14
6004,2019-06-14,36,39,3
6005,2019-06-14,90,74,-16
6006,2019-06-14,24,20,-4
6007,2019-06-14,40,30,-10
6008,2019-06-14,45,58,13
6009,2019-06-14,74,73,-1
6011,2019-06-14,53,69,16
6012,2019-06-14,133,265,132
6013,2019-06-14,55,89,34
6014,2019-06-14,50,47,-3
6015,2019-06-14,122,191,69
6016,2019-06-14,13,15,2
6017,2019-06-14,54,72,18
6018,2019-06-14,47,74,27
6019,2019-06-14,119,90,-29
6020,2019-06-14,61,86,25
6021,2019-06-14,61,47,-14
6022,2019-06-14,30,36,6
6023,2019-06-14,83,115,32
6025,2019-06-14,31,32,1
6026,2019-06-14,53,125,72
6027,2019-06-14,155,109,-46
6029,2019-06-14,21,25,4
6031,2019-06-14,26,25,-1
6032,2019-06-14,36,74,38
6033,2019-06-14,7,8,1
6034,2019-06-14,53,74,21
6035,2019-06-14,16,25,9
6036,2019-06-14,79,135,56
6037,2019-06-14,45,53,8
6038,2019-06-14,75,82,7
6039,2019-06-14,61,66,5
6040,2019-06-14,42,46,4
6041,2019-06-14,66,79,13
6042,2019-06-14,76,63,-13
6043,2019-06-14,146,216,70
6044,2019-06-14,80,68,-12
6046,2019-06-14,98,76,-22
6047,2019-06-14,54,31,-23
6048,2019-06-14,41,44,3
6049,2019-06-14,86,86,0
6050,2019-06-14,26,29,3
6051,2019-06-14,30,35,5
6052,2019-06-14,116,164,48
6053,2019-06-14,149,187,38
6057,2019-06-14,77,60,-17
6058,2019-06-14,55,52,-3
6059,2019-06-14,53,43,-10
6060,2019-06-14,22,22,0
6062,2019-06-14,37,41,4
6063,2019-06-14,75,51,-24
6064,2019-06-14,134,111,-23
6065,2019-06-14,59,35,-24
6066,2019-06-14,29,7,-22
6067,2019-06-14,38,39,1
6068,2019-06-14,6,5,-1
6070,2019-06-14,124,96,-28
6072,2019-06-14,67,45,-22
6073,2019-06-14,145,132,-13
6075,2019-06-14,24,8,-16
6076,2019-06-14,6,6,0
6078,2019-06-14,22,37,15
6079,2019-06-14,61,56,-5
6080,2019-06-14,10,17,7
6081,2019-06-14,32,25,-7
6082,2019-06-14,12,13,1
6083,2019-06-14,143,100,-43
6084,2019-06-14,41,40,-1
6085,2019-06-14,82,116,34
6086,2019-06-14,10,19,9
6087,2019-06-14,88,133,45
6088,2019-06-14,61,62,1
6089,2019-06-14,41,42,1
6090,2019-06-14,31,34,3
6091,2019-06-14,44,36,-8
6092,2019-06-14,65,65,0
6093,2019-06-14,18,19,1
6094,2019-06-14,37,36,-1
6095,2019-06-14,102,80,-22
6096,2019-06-14,46,55,9
6097,2019-06-14,64,56,-8
6098,2019-06-14,48,27,-21
6099,2019-06-14,54,76,22
6100,2019-06-14,187,195,8
6101,2019-06-14,43,14,-29
6103,2019-06-14,6,21,15
6104,2019-06-14,49,75,26
6105,2019-06-14,36,50,14
6106,2019-06-14,21,19,-2
6107,2019-06-14,69,58,-11
6108,2019-06-14,32,44,12
6109,2019-06-14,2,2,0
6110,2019-06-14,24,31,7
6111,2019-06-14,34,43,9
6112,2019-06-14,63,94,31
6113,2019-06-14,42,54,12
6114,2019-06-14,106,117,11
6115,2019-06-14,16,24,8
6116,2019-06-14,74,78,4
6118,2019-06-14,49,70,21
6119,2019-06-14,62,88,26
6120,2019-06-14,43,57,14
6121,2019-06-14,11,32,21
6122,2019-06-14,17,20,3
6123,2019-06-14,20,30,10
6124,2019-06-14,23,48,25
6125,2019-06-14,14,14,0
6126,2019-06-14,37,48,11
6127,2019-06-14,36,39,3
6128,2019-06-14,11,12,1
6129,2019-06-14,52,56,4
6130,2019-06-14,22,18,-4
6131,2019-06-14,48,44,-4
6132,2019-06-14,43,50,7
6133,2019-06-14,47,45,-2
6134,2019-06-14,44,32,-12
6136,2019-06-14,226,169,-57
6137,2019-06-14,98,87,-11
6138,2019-06-14,64,60,-4
6139,2019-06-14,33,33,0
6140,2019-06-14,69,70,1
6141,2019-06-14,46,41,-5
6142,2019-06-14,58,40,-18
6143,2019-06-14,55,52,-3
6145,2019-06-14,45,37,-8
6146,2019-06-14,35,27,-8
6147,2019-06-14,56,44,-12
6148,2019-06-14,77,52,-25
6149,2019-06-14,37,40,3
6150,2019-06-14,50,53,3
6151,2019-06-14,64,70,6
6152,2019-06-14,105,99,-6
6153,2019-06-14,36,39,3
6154,2019-06-14,142,132,-10
6155,2019-06-14,97,100,3
6156,2019-06-14,55,51,-4
6157,2019-06-14,105,107,2
6158,2019-06-14,57,50,-7
6159,2019-06-14,20,24,4
6160,2019-06-14,44,40,-4
6161,2019-06-14,43,43,0
6162,2019-06-14,12,9,-3
6163,2019-06-14,74,103,29
6164,2019-06-14,81,87,6
6165,2019-06-14,67,74,7
6166,2019-06-14,52,32,-20
6167,2019-06-14,22,36,14
6168,2019-06-14,45,40,-5
6169,2019-06-14,121,110,-11
6170,2019-06-14,35,32,-3
6171,2019-06-14,44,66,22
6173,2019-06-14,64,43,-21
6174,2019-06-14,67,49,-18
6175,2019-06-14,66,47,-19
6176,2019-06-14,80,79,-1
6177,2019-06-14,70,70,0
6178,2019-06-14,97,93,-4
6179,2019-06-14,73,69,-4
6180,2019-06-14,40,50,10
6181,2019-06-14,111,85,-26
6182,2019-06-14,53,46,-7
6183,2019-06-14,81,69,-12
6184,2019-06-14,214,170,-44
6185,2019-06-14,15,14,-1
6186,2019-06-14,60,49,-11
6187,2019-06-14,102,100,-2
6188,2019-06-14,34,41,7
6189,2019-06-14,20,19,-1
6190,2019-06-14,100,77,-23
6191,2019-06-14,56,51,-5
6192,2019-06-14,33,18,-15
6193,2019-06-14,88,95,7
6194,2019-06-14,143,131,-12
6195,2019-06-14,84,59,-25
6196,2019-06-14,110,73,-37
6197,2019-06-14,40,35,-5
6198,2019-06-14,7,8,1
6199,2019-06-14,108,77,-31
6200,2019-06-14,73,83,10
6201,2019-06-14,60,57,-3
6202,2019-06-14,104,80,-24
6203,2019-06-14,81,59,-22
6204,2019-06-14,92,68,-24
6205,2019-06-14,80,68,-12
6206,2019-06-14,103,97,-6
6207,2019-06-14,32,35,3
6208,2019-06-14,65,61,-4
6209,2019-06-14,142,100,-42
6210,2019-06-14,29,14,-15
6211,2019-06-14,134,120,-14
6212,2019-06-14,60,46,-14
6213,2019-06-14,130,114,-16
6214,2019-06-14,85,58,-27
6216,2019-06-14,98,27,-71
6217,2019-06-14,76,56,-20
6218,2019-06-14,54,39,-15
6219,2019-06-14,71,54,-17
6220,2019-06-14,89,89,0
6221,2019-06-14,179,142,-37
6222,2019-06-14,67,59,-8
6223,2019-06-14,94,52,-42
6224,2019-06-14,5,6,1
6225,2019-06-14,81,67,-14
6226,2019-06-14,26,15,-11
6227,2019-06-14,151,137,-14
6228,2019-06-14,28,24,-4
6229,2019-06-14,68,54,-14
6230,2019-06-14,73,60,-13
6231,2019-06-14,87,84,-3
6232,2019-06-14,38,16,-22
6233,2019-06-14,91,65,-26
6234,2019-06-14,62,67,5
6235,2019-06-14,67,53,-14
6236,2019-06-14,72,76,4
6237,2019-06-14,45,45,0
6240,2019-06-14,18,12,-6
6241,2019-06-14,51,50,-1
6243,2019-06-14,62,54,-8
6245,2019-06-14,26,32,6
6246,2019-06-14,54,53,-1
6247,2019-06-14,79,92,13
6248,2019-06-14,143,115,-28
6249,2019-06-14,53,43,-10
6250,2019-06-14,65,74,9
6251,2019-06-14,17,19,2
6252,2019-06-14,43,41,-2
6253,2019-06-14,46,34,-12
6254,2019-06-14,50,41,-9
6255,2019-06-14,66,81,15
6257,2019-06-14,46,34,-12
6258,2019-06-14,58,51,-7
6259,2019-06-14,37,34,-3
6260,2019-06-14,28,28,0
6261,2019-06-14,30,26,-4
6262,2019-06-14,48,52,4
6263,2019-06-14,13,17,4
6264,2019-06-14,23,26,3
6265,2019-06-14,47,36,-11
6266,2019-06-14,13,19,6
6267,2019-06-14,26,22,-4
6268,2019-06-14,49,42,-7
6269,2019-06-14,22,24,2
6270,2019-06-14,31,31,0
6271,2019-06-14,2,3,1
6272,2019-06-14,19,23,4
6273,2019-06-14,23,24,1
6274,2019-06-14,26,24,-2
6275,2019-06-14,19,20,1
6276,2019-06-14,22,19,-3
6277,2019-06-14,51,45,-6
6278,2019-06-14,11,12,1
6279,2019-06-14,18,14,-4
6280,2019-06-14,81,78,-3
6301,2019-06-14,15,16,1
6302,2019-06-14,14,13,-1
6303,2019-06-14,10,10,0
6304,2019-06-14,16,11,-5
6305,2019-06-14,12,6,-6
6306,2019-06-14,47,25,-22
6307,2019-06-14,77,74,-3
6309,2019-06-14,21,13,-8
6310,2019-06-14,38,20,-18
6311,2019-06-14,36,35,-1
6312,2019-06-14,16,17,1
6313,2019-06-14,36,53,17
6314,2019-06-14,70,50,-20
6315,2019-06-14,63,27,-36
6316,2019-06-14,22,11,-11
6321,2019-06-14,39,52,13
6322,2019-06-14,23,18,-5
6323,2019-06-14,12,10,-2
6324,2019-06-14,15,22,7
6327,2019-06-14,28,27,-1
6328,2019-06-14,24,21,-3
6329,2019-06-14,18,24,6
6330,2019-06-14,13,23,10
6331,2019-06-14,8,8,0
6332,2019-06-14,13,22,9
6333,2019-06-14,12,21,9
6334,2019-06-14,55,69,14
6336,2019-06-14,20,19,-1
6338,2019-06-14,18,22,4
6339,2019-06-14,19,17,-2
6340,2019-06-14,18,16,-2
6343,2019-06-14,35,43,8
6345,2019-06-14,11,9,-2
6346,2019-06-14,12,10,-2
6347,2019-06-14,18,16,-2
6349,2019-06-14,22,18,-4
6350,2019-06-14,24,29,5
6354,2019-06-14,37,25,-12
6355,2019-06-14,13,32,19
6356,2019-06-14,36,23,-13
6357,2019-06-14,5,5,0
6358,2019-06-14,9,9,0
6359,2019-06-14,60,63,3
6360,2019-06-14,15,23,8
6361,2019-06-14,33,43,10
6362,2019-06-14,29,28,-1
6363,2019-06-14,20,18,-2
6364,2019-06-14,35,30,-5
6366,2019-06-14,25,17,-8
6367,2019-06-14,17,20,3
6368,2019-06-14,37,51,14
6369,2019-06-14,13,22,9
6370,2019-06-14,21,28,7
6371,2019-06-14,57,61,4
6372,2019-06-14,51,67,16
6373,2019-06-14,25,33,8
6374,2019-06-14,28,22,-6
6375,2019-06-14,55,65,10
6376,2019-06-14,13,17,4
6377,2019-06-14,31,36,5
6379,2019-06-14,22,24,2
6380,2019-06-14,9,10,1
6381,2019-06-14,30,27,-3
6383,2019-06-14,18,12,-6
6384,2019-06-14,13,9,-4
6385,2019-06-14,49,44,-5
6386,2019-06-14,52,55,3
6387,2019-06-14,50,57,7
6388,2019-06-14,16,26,10
6389,2019-06-14,30,30,0
6391,2019-06-14,53,67,14
6393,2019-06-14,36,53,17
6394,2019-06-14,56,75,19
6395,2019-06-14,30,38,8
6396,2019-06-14,67,64,-3
6397,2019-06-14,25,35,10
6398,2019-06-14,14,21,7
6401,2019-06-14,47,76,29
6402,2019-06-14,29,60,31
6403,2019-06-14,24,22,-2
6404,2019-06-14,16,11,-5
6405,2019-06-14,38,44,6
6406,2019-06-14,62,75,13
6407,2019-06-14,16,24,8
6408,2019-06-14,40,45,5
6409,2019-06-14,13,17,4
6410,2019-06-14,28,37,9
6411,2019-06-14,145,145,0
6412,2019-06-14,10,13,3
6413,2019-06-14,15,16,1
6414,2019-06-14,11,20,9
6415,2019-06-14,16,16,0
6416,2019-06-14,11,5,-6
6417,2019-06-14,14,17,3
6418,2019-06-14,2,1,-1
6419,2019-06-14,3,12,9
6420,2019-06-14,12,15,3
6421,2019-06-14,39,29,-10
6422,2019-06-14,10,8,-2
6423,2019-06-14,9,3,-6
6424,2019-06-14,37,55,18
6425,2019-06-14,27,30,3
6426,2019-06-14,41,41,0
6427,2019-06-14,31,47,16
6428,2019-06-14,9,15,6
6429,2019-06-14,21,28,7
6432,2019-06-14,54,45,-9
6433,2019-06-14,26,27,1
6434,2019-06-14,72,74,2
6435,2019-06-14,33,32,-1
6436,2019-06-14,13,13,0
6501,2019-06-14,12,15,3
6502,2019-06-14,3,6,3
6503,2019-06-14,49,37,-12
6504,2019-06-14,9,6,-3
6700,2019-06-14,7,19,12
6701,2019-06-14,52,51,-1
6702,2019-06-14,15,20,5
6703,2019-06-14,25,17,-8
6704,2019-06-14,16,16,0
6705,2019-06-14,9,17,8
6706,2019-06-14,18,19,1
6707,2019-06-14,28,32,4
6708,2019-06-14,31,62,31
6709,2019-06-14,25,26,1
6710,2019-06-14,11,19,8
6711,2019-06-14,10,17,7
6712,2019-06-14,8,8,0
6713,2019-06-14,5,12,7
6714,2019-06-14,4,4,0
6715,2019-06-14,11,10,-1
6716,2019-06-14,9,11,2
6717,2019-06-14,5,13,8
6718,2019-06-14,17,22,5
6719,2019-06-14,9,11,2
6720,2019-06-14,25,28,3
6721,2019-06-14,16,14,-2
6722,2019-06-14,6,11,5
6723,2019-06-14,12,11,-1
6724,2019-06-14,64,60,-4
6725,2019-06-14,25,32,7
6726,2019-06-14,7,10,3
6727,2019-06-14,56,75,19
6728,2019-06-14,10,8,-2
6729,2019-06-14,113,122,9
6730,2019-06-14,5,12,7
6731,2019-06-14,4,2,-2
6732,2019-06-14,25,27,2
6733,2019-06-14,21,23,2
6734,2019-06-14,40,35,-5
6735,2019-06-14,5,7,2
6736,2019-06-14,10,13,3
6737,2019-06-14,10,11,1
6738,2019-06-14,84,67,-17
6739,2019-06-14,4,11,7
6741,2019-06-14,11,13,2
6742,2019-06-14,37,41,4
6743,2019-06-14,35,21,-14
6744,2019-06-14,26,32,6
6745,2019-06-14,18,12,-6
6746,2019-06-14,18,17,-1
6747,2019-06-14,37,28,-9
6748,2019-06-14,67,73,6
6749,2019-06-14,33,32,-1
6750,2019-06-14,43,28,-15
6752,2019-06-14,15,15,0
6753,2019-06-14,12,8,-4
6754,2019-06-14,11,22,11
6901,2019-06-14,26,54,28
6903,2019-06-14,99,91,-8
6904,2019-06-14,21,31,10
6905,2019-06-14,32,23,-9
6906,2019-06-14,134,76,-58
6907,2019-06-14,65,57,-8
6908,2019-06-14,37,37,0
6910,2019-06-14,5,5,0
6912,2019-06-14,149,106,-43
6913,2019-06-14,39,32,-7
6915,2019-06-14,67,49,-18
6916,2019-06-14,14,19,5
6917,2019-06-14,14,9,-5
6918,2019-06-14,20,13,-7
6919,2019-06-14,27,14,-13
6921,2019-06-14,47,55,8
6923,2019-06-14,26,25,-1
6924,2019-06-14,14,19,5
6925,2019-06-14,18,18,0
6926,2019-06-14,41,42,1
6927,2019-06-14,46,27,-19
6928,2019-06-14,15,3,-12
6929,2019-06-14,23,13,-10
6930,2019-06-14,8,10,2
7001,2019-06-14,26,34,8
7002,2019-06-14,5,7,2
7003,2019-06-14,106,72,-34
7004,2019-06-14,14,11,-3
7005,2019-06-14,5,2,-3
7006,2019-06-14,6,18,12
7007,2019-06-14,6,11,5
7008,2019-06-14,18,18,0
7009,2019-06-14,59,68,9
7010,2019-06-14,8,9,1
7011,2019-06-14,46,52,6
7012,2019-06-14,20,23,3
7013,2019-06-14,15,21,6
7014,2019-06-14,49,25,-24
7015,2019-06-14,10,9,-1
7016,2019-06-14,12,8,-4
7017,2019-06-14,21,31,10
7018,2019-06-14,16,29,13
7019,2019-06-14,108,73,-35
7020,2019-06-14,17,18,1
7021,2019-06-14,29,33,4
7022,2019-06-14,36,24,-12
7023,2019-06-14,2,4,2
7024,2019-06-14,28,19,-9
7025,2019-06-14,62,49,-13
7026,2019-06-14,39,44,5
7027,2019-06-14,29,35,6
7028,2019-06-14,96,76,-20
7029,2019-06-14,50,57,7
7030,2019-06-14,51,52,1
7031,2019-06-14,40,49,9
7032,2019-06-14,71,45,-26
7033,2019-06-14,69,43,-26
7034,2019-06-14,21,35,14
7035,2019-06-14,37,27,-10
7036,2019-06-14,17,14,-3
7037,2019-06-14,41,31,-10
7038,2019-06-14,77,82,5
7039,2019-06-14,13,13,0
7040,2019-06-14,65,57,-8
7041,2019-06-14,91,74,-17
7042,2019-06-14,20,21,1
7043,2019-06-14,13,13,0
7044,2019-06-14,7,7,0
7045,2019-06-14,43,48,5
7046,2019-06-14,93,74,-19
7047,2019-06-14,120,198,78
7048,2019-06-14,9,13,4
7049,2019-06-14,4,7,3
7050,2019-06-14,35,37,2
7051,2019-06-14,12,16,4
7052,2019-06-14,46,53,7
7053,2019-06-14,30,29,-1
7054,2019-06-14,28,39,11
7055,2019-06-14,14,29,15
7056,2019-06-14,11,15,4
7057,2019-06-14,38,41,3
7058,2019-06-14,27,34,7
7059,2019-06-14,16,21,5
7060,2019-06-14,27,39,12
7061,2019-06-14,21,20,-1
7062,2019-06-14,31,37,6
7063,2019-06-14,16,23,7
7064,2019-06-14,17,20,3
7065,2019-06-14,31,19,-12
7066,2019-06-14,32,71,39
7067,2019-06-14,48,43,-5
7068,2019-06-14,47,60,13
7069,2019-06-14,83,82,-1
7070,2019-06-14,25,29,4
7071,2019-06-14,37,38,1
7072,2019-06-14,40,30,-10
7073,2019-06-14,37,40,3
7074,2019-06-14,28,26,-2
7075,2019-06-14,6,7,1
7076,2019-06-14,59,45,-14
7077,2019-06-14,22,28,6
7078,2019-06-14,24,30,6
7079,2019-06-14,24,31,7
7080,2019-06-14,76,72,-4
7081,2019-06-14,50,53,3
7082,2019-06-14,66,78,12
7083,2019-06-14,45,44,-1
7084,2019-06-14,53,43,-10
7087,2019-06-14,1,2,1
7089,2019-06-14,3,0,-3
7090,2019-06-14,5,6,1
7092,2019-06-14,10,8,-2
7093,2019-06-14,2,1,-1
7095,2019-06-14,11,8,-3
7096,2019-06-14,24,23,-1
7097,2019-06-14,3,6,3
7098,2019-06-14,2,2,0
7099,2019-06-14,2,6,4
7101,2019-06-14,3,5,2
7102,2019-06-14,9,13,4
7103,2019-06-14,4,9,5
7104,2019-06-14,1,1,0
7105,2019-06-14,1,1,0
7106,2019-06-14,4,1,-3
7107,2019-06-14,3,2,-1
7108,2019-06-14,6,3,-3
7109,2019-06-14,8,8,0
7110,2019-06-14,4,6,2
7111,2019-06-14,5,3,-2
7112,2019-06-14,7,8,1
7113,2019-06-14,50,51,1
7114,2019-06-14,66,63,-3
7115,2019-06-14,6,3,-3
7116,2019-06-14,9,10,1
7117,2019-06-14,2,5,3
7118,2019-06-14,2,0,-2
7119,2019-06-14,3,3,0
7120,2019-06-14,1,2,1
7121,2019-06-14,5,5,0
7122,2019-06-14,4,6,2
7123,2019-06-14,3,3,0
7124,2019-06-14,7,9,2
7125,2019-06-14,10,10,0
7126,2019-06-14,3,3,0
7127,2019-06-14,27,28,1
7128,2019-06-14,8,9,1
7129,2019-06-14,4,4,0
7130,2019-06-14,13,8,-5
7131,2019-06-14,2,1,-1
7132,2019-06-14,2,4,2
7133,2019-06-14,3,3,0
7134,2019-06-14,6,3,-3
7135,2019-06-14,4,2,-2
7136,2019-06-14,5,8,3
7137,2019-06-14,8,14,6
7138,2019-06-14,3,5,2
7140,2019-06-14,18,20,2
7141,2019-06-14,22,27,5
7142,2019-06-14,8,7,-1
7143,2019-06-14,9,12,3
7144,2019-06-14,27,42,15
7145,2019-06-14,15,17,2
7147,2019-06-14,36,26,-10
7148,2019-06-14,2,3,1
7149,2019-06-14,5,8,3
10002,2019-06-14,92,95,3
4000,2019-06-15,25,34,9
4001,2019-06-15,8,2,-6
4002,2019-06-15,8,11,3
5002,2019-06-15,1,2,1
5003,2019-06-15,1,1,0
5004,2019-06-15,1,1,0
5005,2019-06-15,4,4,0
5006,2019-06-15,5,4,-1
5007,2019-06-15,9,17,8
6001,2019-06-15,14,20,6
6002,2019-06-15,20,24,4
6003,2019-06-15,34,43,9
6004,2019-06-15,21,22,1
6005,2019-06-15,30,38,8
6006,2019-06-15,21,16,-5
6007,2019-06-15,22,24,2
6008,2019-06-15,22,37,15
6009,2019-06-15,42,45,3
6011,2019-06-15,26,23,-3
6012,2019-06-15,140,151,11
6013,2019-06-15,34,46,12
6014,2019-06-15,26,40,14
6015,2019-06-15,88,139,51
6016,2019-06-15,8,8,0
6017,2019-06-15,42,46,4
6018,2019-06-15,44,44,0
6019,2019-06-15,94,58,-36
6020,2019-06-15,72,73,1
6021,2019-06-15,55,33,-22
6022,2019-06-15,14,16,2
6023,2019-06-15,60,96,36
6024,2019-06-15,3,3,0
6025,2019-06-15,15,10,-5
6026,2019-06-15,79,128,49
6027,2019-06-15,41,66,25
6029,2019-06-15,12,13,1
6031,2019-06-15,16,30,14
6032,2019-06-15,22,83,61
6033,2019-06-15,5,9,4
6034,2019-06-15,18,37,19
6035,2019-06-15,9,17,8
6036,2019-06-15,83,112,29
6037,2019-06-15,18,30,12
6038,2019-06-15,48,56,8
6039,2019-06-15,27,29,2
6040,2019-06-15,26,23,-3
6041,2019-06-15,14,13,-1
6042,2019-06-15,15,17,2
6043,2019-06-15,29,36,7
6044,2019-06-15,57,45,-12
6046,2019-06-15,20,25,5
6047,2019-06-15,13,11,-2
6048,2019-06-15,7,11,4
6049,2019-06-15,14,22,8
6050,2019-06-15,7,10,3
6051,2019-06-15,26,28,2
6052,2019-06-15,81,72,-9
6053,2019-06-15,53,85,32
6057,2019-06-15,17,22,5
6058,2019-06-15,25,18,-7
6059,2019-06-15,17,15,-2
6060,2019-06-15,5,14,9
6062,2019-06-15,35,21,-14
6063,2019-06-15,47,42,-5
6064,2019-06-15,60,67,7
6065,2019-06-15,34,36,2
6066,2019-06-15,27,9,-18
6067,2019-06-15,15,17,2
6068,2019-06-15,1,6,5
6070,2019-06-15,59,60,1
6072,2019-06-15,22,16,-6
6073,2019-06-15,67,104,37
6075,2019-06-15,13,2,-11
6076,2019-06-15,9,15,6
6078,2019-06-15,18,26,8
6079,2019-06-15,36,38,2
6081,2019-06-15,17,11,-6
6082,2019-06-15,10,6,-4
6083,2019-06-15,43,42,-1
6084,2019-06-15,12,9,-3
6085,2019-06-15,23,45,22
6086,2019-06-15,4,13,9
6087,2019-06-15,65,82,17
6088,2019-06-15,23,38,15
6089,2019-06-15,17,11,-6
6090,2019-06-15,25,18,-7
6091,2019-06-15,28,24,-4
6092,2019-06-15,34,36,2
6093,2019-06-15,14,8,-6
6094,2019-06-15,25,20,-5
6095,2019-06-15,54,46,-8
6096,2019-06-15,14,24,10
6097,2019-06-15,43,38,-5
6098,2019-06-15,22,13,-9
6099,2019-06-15,26,53,27
6100,2019-06-15,95,113,18
6101,2019-06-15,30,13,-17
6103,2019-06-15,10,14,4
6104,2019-06-15,34,35,1
6105,2019-06-15,19,23,4
6106,2019-06-15,19,16,-3
6107,2019-06-15,52,36,-16
6108,2019-06-15,22,26,4
6109,2019-06-15,3,10,7
6110,2019-06-15,29,26,-3
6111,2019-06-15,19,28,9
6112,2019-06-15,53,75,22
6113,2019-06-15,31,42,11
6114,2019-06-15,78,116,38
6115,2019-06-15,6,12,6
6116,2019-06-15,53,60,7
6118,2019-06-15,44,62,18
6119,2019-06-15,55,61,6
6120,2019-06-15,34,47,13
6121,2019-06-15,12,19,7
6122,2019-06-15,4,5,1
6123,2019-06-15,15,24,9
6124,2019-06-15,17,36,19
6125,2019-06-15,8,8,0
6126,2019-06-15,21,29,8
6127,2019-06-15,34,39,5
6128,2019-06-15,9,11,2
6129,2019-06-15,35,34,-1
6130,2019-06-15,21,13,-8
6131,2019-06-15,34,33,-1
6132,2019-06-15,19,22,3
6133,2019-06-15,32,19,-13
6134,2019-06-15,22,15,-7
6136,2019-06-15,155,124,-31
6137,2019-06-15,69,58,-11
6138,2019-06-15,48,46,-2
6139,2019-06-15,32,25,-7
6140,2019-06-15,60,53,-7
6141,2019-06-15,19,15,-4
6142,2019-06-15,44,33,-11
6143,2019-06-15,60,45,-15
6145,2019-06-15,40,33,-7
6146,2019-06-15,34,26,-8
6147,2019-06-15,49,29,-20
6148,2019-06-15,52,36,-16
6149,2019-06-15,14,23,9
6150,2019-06-15,44,44,0
6151,2019-06-15,48,54,6
6152,2019-06-15,72,76,4
6153,2019-06-15,30,31,1
6154,2019-06-15,133,130,-3
6155,2019-06-15,99,90,-9
6156,2019-06-15,35,34,-1
6157,2019-06-15,87,75,-12
6158,2019-06-15,37,29,-8
6159,2019-06-15,15,18,3
6160,2019-06-15,29,38,9
6161,2019-06-15,33,29,-4
6162,2019-06-15,4,7,3
6163,2019-06-15,77,71,-6
6164,2019-06-15,54,55,1
6165,2019-06-15,47,68,21
6166,2019-06-15,34,39,5
6167,2019-06-15,31,18,-13
6168,2019-06-15,21,12,-9
6169,2019-06-15,99,88,-11
6170,2019-06-15,34,33,-1
6171,2019-06-15,44,40,-4
6173,2019-06-15,46,39,-7
6174,2019-06-15,70,59,-11
6175,2019-06-15,64,37,-27
6176,2019-06-15,88,73,-15
6177,2019-06-15,52,56,4
6178,2019-06-15,85,78,-7
6179,2019-06-15,44,43,-1
6180,2019-06-15,31,37,6
6181,2019-06-15,61,50,-11
6182,2019-06-15,34,29,-5
6183,2019-06-15,54,43,-11
6184,2019-06-15,173,143,-30
6185,2019-06-15,17,9,-8
6186,2019-06-15,52,44,-8
6187,2019-06-15,74,85,11
6188,2019-06-15,37,20,-17
6189,2019-06-15,22,17,-5
6190,2019-06-15,76,57,-19
6191,2019-06-15,31,26,-5
6192,2019-06-15,27,13,-14
6193,2019-06-15,78,75,-3
6194,2019-06-15,91,83,-8
6195,2019-06-15,41,30,-11
6196,2019-06-15,83,75,-8
6197,2019-06-15,19,21,2
6198,2019-06-15,8,8,0
6199,2019-06-15,58,35,-23
6200,2019-06-15,49,60,11
6201,2019-06-15,59,53,-6
6202,2019-06-15,43,33,-10
6203,2019-06-15,57,40,-17
6204,2019-06-15,48,37,-11
6205,2019-06-15,48,33,-15
6206,2019-06-15,94,76,-18
6207,2019-06-15,23,18,-5
6208,2019-06-15,43,32,-11
6209,2019-06-15,96,87,-9
6210,2019-06-15,9,10,1
6211,2019-06-15,100,93,-7
6212,2019-06-15,44,34,-10
6213,2019-06-15,87,96,9
6214,2019-06-15,72,56,-16
6216,2019-06-15,47,42,-5
6217,2019-06-15,55,41,-14
6218,2019-06-15,29,35,6
6219,2019-06-15,43,36,-7
6220,2019-06-15,43,48,5
6221,2019-06-15,135,119,-16
6222,2019-06-15,42,38,-4
6223,2019-06-15,94,66,-28
6225,2019-06-15,39,33,-6
6226,2019-06-15,4,12,8
6227,2019-06-15,91,74,-17
6228,2019-06-15,15,12,-3
6229,2019-06-15,44,39,-5
6230,2019-06-15,46,52,6
6231,2019-06-15,81,72,-9
6232,2019-06-15,17,11,-6
6233,2019-06-15,77,61,-16
6234,2019-06-15,58,55,-3
6235,2019-06-15,32,22,-10
6236,2019-06-15,48,46,-2
6237,2019-06-15,36,37,1
6240,2019-06-15,15,5,-10
6241,2019-06-15,24,24,0
6243,2019-06-15,28,28,0
6245,2019-06-15,16,25,9
6246,2019-06-15,19,22,3
6247,2019-06-15,57,49,-8
6248,2019-06-15,108,100,-8
6249,2019-06-15,48,49,1
6250,2019-06-15,79,103,24
6251,2019-06-15,13,13,0
6252,2019-06-15,40,29,-11
6253,2019-06-15,23,22,-1
6254,2019-06-15,47,32,-15
6255,2019-06-15,82,80,-2
6257,2019-06-15,24,22,-2
6258,2019-06-15,35,49,14
6259,2019-06-15,16,23,7
6260,2019-06-15,25,28,3
6261,2019-06-15,29,27,-2
6262,2019-06-15,42,34,-8
6263,2019-06-15,16,13,-3
6264,2019-06-15,19,25,6
6265,2019-06-15,25,27,2
6266,2019-06-15,10,11,1
6267,2019-06-15,38,34,-4
6268,2019-06-15,46,44,-2
6269,2019-06-15,15,20,5
6270,2019-06-15,27,17,-10
6271,2019-06-15,1,1,0
6272,2019-06-15,14,15,1
6273,2019-06-15,17,16,-1
6274,2019-06-15,25,17,-8
6275,2019-06-15,15,13,-2
6276,2019-06-15,20,23,3
6277,2019-06-15,30,45,15
6278,2019-06-15,10,7,-3
6279,2019-06-15,6,6,0
6280,2019-06-15,57,51,-6
6301,2019-06-15,4,10,6
6302,2019-06-15,6,9,3
6303,2019-06-15,8,5,-3
6304,2019-06-15,4,7,3
6305,2019-06-15,9,11,2
6306,2019-06-15,17,7,-10
6307,2019-06-15,41,52,11
6309,2019-06-15,10,14,4
6310,2019-06-15,24,6,-18
6311,2019-06-15,23,22,-1
6312,2019-06-15,6,11,5
6313,2019-06-15,37,32,-5
6314,2019-06-15,24,26,2
6315,2019-06-15,39,22,-17
6316,2019-06-15,19,9,-10
6321,2019-06-15,48,44,-4
6322,2019-06-15,7,8,1
6323,2019-06-15,3,2,-1
6324,2019-06-15,19,21,2
6327,2019-06-15,28,16,-12
6328,2019-06-15,38,31,-7
6329,2019-06-15,17,12,-5
6330,2019-06-15,9,11,2
6331,2019-06-15,10,12,2
6332,2019-06-15,20,24,4
6333,2019-06-15,9,11,2
6334,2019-06-15,38,31,-7
6336,2019-06-15,26,23,-3
6338,2019-06-15,15,15,0
6339,2019-06-15,13,13,0
6340,2019-06-15,21,21,0
6343,2019-06-15,28,28,0
6345,2019-06-15,12,18,6
6346,2019-06-15,9,5,-4
6347,2019-06-15,9,10,1
6349,2019-06-15,23,19,-4
6350,2019-06-15,12,15,3
6354,2019-06-15,21,25,4
6355,2019-06-15,24,18,-6
6356,2019-06-15,12,12,0
6357,2019-06-15,17,12,-5
6358,2019-06-15,15,19,4
6359,2019-06-15,36,48,12
6360,2019-06-15,17,14,-3
6361,2019-06-15,20,23,3
6362,2019-06-15,21,20,-1
6363,2019-06-15,10,9,-1
6364,2019-06-15,15,13,-2
6366,2019-06-15,22,10,-12
6367,2019-06-15,18,11,-7
6368,2019-06-15,27,27,0
6369,2019-06-15,2,8,6
6370,2019-06-15,22,20,-2
6371,2019-06-15,33,36,3
6372,2019-06-15,39,55,16
6373,2019-06-15,25,25,0
6374,2019-06-15,19,26,7
6375,2019-06-15,33,34,1
6376,2019-06-15,14,12,-2
6377,2019-06-15,22,26,4
6379,2019-06-15,19,19,0
6380,2019-06-15,16,7,-9
6381,2019-06-15,30,33,3
6383,2019-06-15,17,18,1
6384,2019-06-15,9,9,0
6385,2019-06-15,30,25,-5
6386,2019-06-15,25,43,18
6387,2019-06-15,36,42,6
6388,2019-06-15,8,6,-2
6389,2019-06-15,34,27,-7
6391,2019-06-15,44,56,12
6393,2019-06-15,30,40,10
6394,2019-06-15,55,60,5
6395,2019-06-15,26,29,3
6396,2019-06-15,47,31,-16
6397,2019-06-15,26,31,5
6398,2019-06-15,17,19,2
6401,2019-06-15,45,62,17
6402,2019-06-15,29,30,1
6403,2019-06-15,17,13,-4
6404,2019-06-15,9,14,5
6405,2019-06-15,38,46,8
6406,2019-06-15,82,82,0
6407,2019-06-15,10,13,3
6408,2019-06-15,20,29,9
6409,2019-06-15,10,4,-6
6410,2019-06-15,20,16,-4
6411,2019-06-15,81,90,9
6412,2019-06-15,8,7,-1
6413,2019-06-15,7,6,-1
6414,2019-06-15,13,17,4
6415,2019-06-15,15,7,-8
6416,2019-06-15,12,8,-4
6417,2019-06-15,8,15,7
6418,2019-06-15,1,2,1
6419,2019-06-15,5,8,3
6420,2019-06-15,7,14,7
6421,2019-06-15,19,19,0
6422,2019-06-15,4,8,4
6423,2019-06-15,8,5,-3
6424,2019-06-15,9,20,11
6425,2019-06-15,18,19,1
6426,2019-06-15,32,37,5
6427,2019-06-15,24,19,-5
6428,2019-06-15,3,3,0
6429,2019-06-15,11,15,4
6432,2019-06-15,37,28,-9
6433,2019-06-15,12,9,-3
6434,2019-06-15,65,63,-2
6435,2019-06-15,25,23,-2
6436,2019-06-15,13,10,-3
6501,2019-06-15,31,36,5
6502,2019-06-15,26,16,-10
6503,2019-06-15,27,26,-1
6504,2019-06-15,7,15,8
6700,2019-06-15,11,26,15
6701,2019-06-15,20,21,1
6702,2019-06-15,11,8,-3
6703,2019-06-15,13,22,9
6704,2019-06-15,12,15,3
6705,2019-06-15,8,6,-2
6706,2019-06-15,10,13,3
6707,2019-06-15,24,21,-3
6708,2019-06-15,27,44,17
6709,2019-06-15,17,19,2
6710,2019-06-15,11,8,-3
6711,2019-06-15,4,5,1
6712,2019-06-15,6,7,1
6713,2019-06-15,10,4,-6
6714,2019-06-15,3,3,0
6715,2019-06-15,6,6,0
6716,2019-06-15,6,5,-1
6717,2019-06-15,4,10,6
6718,2019-06-15,5,9,4
6719,2019-06-15,12,7,-5
6720,2019-06-15,18,19,1
6721,2019-06-15,6,16,10
6722,2019-06-15,5,6,1
6723,2019-06-15,15,13,-2
6724,2019-06-15,47,54,7
6725,2019-06-15,21,25,4
6726,2019-06-15,2,2,0
6727,2019-06-15,30,31,1
6728,2019-06-15,8,4,-4
6729,2019-06-15,84,98,14
6730,2019-06-15,4,7,3
6731,2019-06-15,4,4,0
6732,2019-06-15,17,17,0
6733,2019-06-15,18,23,5
6734,2019-06-15,26,23,-3
6735,2019-06-15,2,3,1
6736,2019-06-15,4,2,-2
6737,2019-06-15,5,9,4
6738,2019-06-15,18,10,-8
6739,2019-06-15,10,10,0
6741,2019-06-15,7,10,3
6742,2019-06-15,14,19,5
6743,2019-06-15,22,16,-6
6744,2019-06-15,18,14,-4
6745,2019-06-15,10,11,1
6746,2019-06-15,4,7,3
6747,2019-06-15,13,14,1
6748,2019-06-15,33,47,14
6749,2019-06-15,17,16,-1
6750,2019-06-15,28,22,-6
6752,2019-06-15,9,9,0
6753,2019-06-15,5,4,-1
6754,2019-06-15,11,14,3
6901,2019-06-15,22,24,2
6903,2019-06-15,61,68,7
6904,2019-06-15,24,21,-3
6905,2019-06-15,18,17,-1
6906,2019-06-15,77,54,-23
6907,2019-06-15,73,47,-26
6908,2019-06-15,44,29,-15
6912,2019-06-15,94,88,-6
6913,2019-06-15,34,18,-16
6915,2019-06-15,67,54,-13
6916,2019-06-15,18,13,-5
6917,2019-06-15,10,16,6
6918,2019-06-15,21,18,-3
6919,2019-06-15,13,6,-7
6921,2019-06-15,18,16,-2
6923,2019-06-15,19,28,9
6924,2019-06-15,14,8,-6
6925,2019-06-15,15,15,0
6926,2019-06-15,33,41,8
6927,2019-06-15,24,19,-5
6928,2019-06-15,6,5,-1
6929,2019-06-15,22,13,-9
6930,2019-06-15,30,32,2
7001,2019-06-15,21,15,-6
7002,2019-06-15,5,5,0
7003,2019-06-15,58,47,-11
7004,2019-06-15,4,7,3
7005,2019-06-15,3,6,3
7006,2019-06-15,5,9,4
7007,2019-06-15,3,6,3
7008,2019-06-15,16,15,-1
7009,2019-06-15,37,48,11
7010,2019-06-15,14,13,-1
7011,2019-06-15,39,41,2
7012,2019-06-15,24,25,1
7013,2019-06-15,7,11,4
7014,2019-06-15,24,9,-15
7015,2019-06-15,8,10,2
7016,2019-06-15,6,9,3
7017,2019-06-15,14,22,8
7018,2019-06-15,24,22,-2
7019,2019-06-15,19,17,-2
7020,2019-06-15,8,8,0
7021,2019-06-15,25,18,-7
7022,2019-06-15,21,13,-8
7023,2019-06-15,4,5,1
7024,2019-06-15,21,19,-2
7025,2019-06-15,55,52,-3
7026,2019-06-15,22,16,-6
7027,2019-06-15,14,19,5
7028,2019-06-15,23,32,9
7029,2019-06-15,31,27,-4
7030,2019-06-15,29,25,-4
7031,2019-06-15,50,41,-9
7032,2019-06-15,35,30,-5
7033,2019-06-15,38,30,-8
7034,2019-06-15,17,37,20
7035,2019-06-15,24,26,2
7036,2019-06-15,22,21,-1
7037,2019-06-15,35,33,-2
7038,2019-06-15,51,46,-5
7039,2019-06-15,9,4,-5
7040,2019-06-15,26,23,-3
7041,2019-06-15,44,43,-1
7042,2019-06-15,15,21,6
7043,2019-06-15,13,12,-1
7045,2019-06-15,52,55,3
7046,2019-06-15,32,42,10
7047,2019-06-15,61,84,23
7048,2019-06-15,8,13,5
7049,2019-06-15,6,6,0
7050,2019-06-15,16,16,0
7051,2019-06-15,6,12,6
7052,2019-06-15,16,16,0
7053,2019-06-15,21,16,-5
7054,2019-06-15,18,29,11
7055,2019-06-15,8,11,3
7056,2019-06-15,11,9,-2
7057,2019-06-15,20,21,1
7058,2019-06-15,12,17,5
7059,2019-06-15,11,18,7
7060,2019-06-15,16,22,6
7061,2019-06-15,16,12,-4
7062,2019-06-15,21,17,-4
7063,2019-06-15,16,18,2
7064,2019-06-15,8,9,1
7065,2019-06-15,23,19,-4
7066,2019-06-15,17,23,6
7067,2019-06-15,25,15,-10
7068,2019-06-15,33,39,6
7069,2019-06-15,22,34,12
7070,2019-06-15,19,16,-3
7071,2019-06-15,34,19,-15
7072,2019-06-15,19,13,-6
7073,2019-06-15,18,25,7
7074,2019-06-15,29,27,-2
7075,2019-06-15,1,4,3
7076,2019-06-15,45,27,-18
7077,2019-06-15,8,6,-2
7078,2019-06-15,16,23,7
7079,2019-06-15,12,10,-2
7080,2019-06-15,23,38,15
7081,2019-06-15,34,34,0
7082,2019-06-15,41,49,8
7083,2019-06-15,36,36,0
7084,2019-06-15,32,44,12
7090,2019-06-15,3,4,1
7091,2019-06-15,1,2,1
7092,2019-06-15,2,3,1
7094,2019-06-15,1,0,-1
7095,2019-06-15,2,2,0
7096,2019-06-15,11,15,4
7097,2019-06-15,7,7,0
7098,2019-06-15,6,4,-2
7099,2019-06-15,1,3,2
7100,2019-06-15,2,2,0
7101,2019-06-15,1,0,-1
7102,2019-06-15,7,5,-2
7103,2019-06-15,8,9,1
7104,2019-06-15,1,0,-1
7105,2019-06-15,4,2,-2
7107,2019-06-15,1,0,-1
7108,2019-06-15,3,3,0
7109,2019-06-15,1,0,-1
7110,2019-06-15,6,5,-1
7111,2019-06-15,1,0,-1
7112,2019-06-15,5,5,0
7113,2019-06-15,17,26,9
7114,2019-06-15,44,52,8
7115,2019-06-15,6,7,1
7116,2019-06-15,7,5,-2
7119,2019-06-15,2,8,6
7121,2019-06-15,3,5,2
7124,2019-06-15,8,7,-1
7125,2019-06-15,6,3,-3
7126,2019-06-15,1,1,0
7127,2019-06-15,11,15,4
7128,2019-06-15,5,12,7
7129,2019-06-15,3,2,-1
7130,2019-06-15,4,6,2
7132,2019-06-15,3,2,-1
7133,2019-06-15,1,2,1
7134,2019-06-15,2,4,2
7136,2019-06-15,2,0,-2
7137,2019-06-15,4,8,4
7138,2019-06-15,1,2,1
7140,2019-06-15,4,10,6
7141,2019-06-15,23,15,-8
7142,2019-06-15,2,3,1
7143,2019-06-15,9,11,2
7144,2019-06-15,21,28,7
7145,2019-06-15,3,7,4
7147,2019-06-15,22,12,-10
7148,2019-06-15,2,5,3
7149,2019-06-15,9,8,-1
10002,2019-06-15,57,58,1
4000,2019-06-16,46,56,10
4001,2019-06-16,8,9,1
4002,2019-06-16,11,16,5
5002,2019-06-16,2,1,-1
5003,2019-06-16,2,2,0
5004,2019-06-16,2,5,3
5005,2019-06-16,8,3,-5
5006,2019-06-16,1,4,3
5007,2019-06-16,18,23,5
6001,2019-06-16,37,49,12
6002,2019-06-16,42,64,22
6003,2019-06-16,61,68,7
6004,2019-06-16,29,24,-5
6005,2019-06-16,60,51,-9
6006,2019-06-16,34,24,-10
6007,2019-06-16,37,35,-2
6008,2019-06-16,44,42,-2
6009,2019-06-16,75,64,-11
6011,2019-06-16,38,59,21
6012,2019-06-16,205,387,182
6013,2019-06-16,64,100,36
6014,2019-06-16,32,44,12
6015,2019-06-16,130,201,71
6016,2019-06-16,14,15,1
6017,2019-06-16,63,90,27
6018,2019-06-16,60,66,6
6019,2019-06-16,106,51,-55
6020,2019-06-16,71,89,18
6021,2019-06-16,79,46,-33
6022,2019-06-16,30,33,3
6023,2019-06-16,165,220,55
6024,2019-06-16,11,12,1
6025,2019-06-16,28,23,-5
6026,2019-06-16,247,360,113
6027,2019-06-16,106,105,-1
6029,2019-06-16,10,14,4
6031,2019-06-16,19,32,13
6032,2019-06-16,58,100,42
6033,2019-06-16,9,11,2
6034,2019-06-16,30,55,25
6035,2019-06-16,11,14,3
6036,2019-06-16,247,292,45
6037,2019-06-16,34,35,1
6038,2019-06-16,80,89,9
6039,2019-06-16,38,50,12
6040,2019-06-16,29,27,-2
6041,2019-06-16,19,18,-1
6042,2019-06-16,17,20,3
6043,2019-06-16,50,64,14
6044,2019-06-16,91,105,14
6046,2019-06-16,30,27,-3
6047,2019-06-16,41,13,-28
6048,2019-06-16,14,14,0
6049,2019-06-16,37,31,-6
6050,2019-06-16,12,12,0
6051,2019-06-16,32,35,3
6052,2019-06-16,283,323,40
6053,2019-06-16,149,201,52
6057,2019-06-16,36,27,-9
6058,2019-06-16,30,23,-7
6059,2019-06-16,17,14,-3
6060,2019-06-16,17,14,-3
6062,2019-06-16,39,38,-1
6063,2019-06-16,59,54,-5
6064,2019-06-16,97,84,-13
6065,2019-06-16,38,37,-1
6066,2019-06-16,25,16,-9
6067,2019-06-16,27,30,3
6068,2019-06-16,31,24,-7
6070,2019-06-16,100,87,-13
6072,2019-06-16,14,13,-1
6073,2019-06-16,132,140,8
6075,2019-06-16,23,16,-7
6076,2019-06-16,9,8,-1
6078,2019-06-16,51,66,15
6079,2019-06-16,54,35,-19
6080,2019-06-16,60,53,-7
6081,2019-06-16,23,20,-3
6082,2019-06-16,23,20,-3
6083,2019-06-16,62,61,-1
6084,2019-06-16,32,22,-10
6085,2019-06-16,50,66,16
6086,2019-06-16,48,60,12
6087,2019-06-16,80,111,31
6088,2019-06-16,40,45,5
6089,2019-06-16,26,31,5
6090,2019-06-16,28,25,-3
6091,2019-06-16,37,27,-10
6092,2019-06-16,59,41,-18
6093,2019-06-16,33,16,-17
6094,2019-06-16,38,36,-2
6095,2019-06-16,109,116,7
6096,2019-06-16,18,29,11
6097,2019-06-16,64,64,0
6098,2019-06-16,32,22,-10
6099,2019-06-16,83,104,21
6100,2019-06-16,146,165,19
6101,2019-06-16,48,11,-37
6103,2019-06-16,16,23,7
6104,2019-06-16,51,54,3
6105,2019-06-16,33,38,5
6106,2019-06-16,31,30,-1
6107,2019-06-16,77,65,-12
6108,2019-06-16,22,35,13
6109,2019-06-16,52,60,8
6110,2019-06-16,29,40,11
6111,2019-06-16,43,43,0
6112,2019-06-16,95,107,12
6113,2019-06-16,51,57,6
6114,2019-06-16,175,195,20
6115,2019-06-16,26,26,0
6116,2019-06-16,60,67,7
6118,2019-06-16,66,85,19
6119,2019-06-16,87,93,6
6120,2019-06-16,59,69,10
6121,2019-06-16,28,36,8
6122,2019-06-16,8,20,12
6123,2019-06-16,30,36,6
6124,2019-06-16,42,67,25
6125,2019-06-16,11,15,4
6126,2019-06-16,27,37,10
6127,2019-06-16,61,60,-1
6128,2019-06-16,23,30,7
6129,2019-06-16,57,50,-7
6130,2019-06-16,25,14,-11
6131,2019-06-16,71,50,-21
6132,2019-06-16,31,35,4
6133,2019-06-16,63,63,0
6134,2019-06-16,27,26,-1
6136,2019-06-16,235,179,-56
6137,2019-06-16,97,92,-5
6138,2019-06-16,56,52,-4
6139,2019-06-16,41,31,-10
6140,2019-06-16,108,110,2
6141,2019-06-16,47,43,-4
6142,2019-06-16,148,113,-35
6143,2019-06-16,113,128,15
6145,2019-06-16,82,81,-1
6146,2019-06-16,81,76,-5
6147,2019-06-16,71,45,-26
6148,2019-06-16,94,76,-18
6149,2019-06-16,25,21,-4
6150,2019-06-16,63,76,13
6151,2019-06-16,91,100,9
6152,2019-06-16,136,134,-2
6153,2019-06-16,28,32,4
6154,2019-06-16,178,178,0
6155,2019-06-16,115,112,-3
6156,2019-06-16,64,55,-9
6157,2019-06-16,132,143,11
6158,2019-06-16,52,58,6
6159,2019-06-16,23,24,1
6160,2019-06-16,53,52,-1
6161,2019-06-16,41,42,1
6162,2019-06-16,7,6,-1
6163,2019-06-16,119,122,3
6164,2019-06-16,107,121,14
6165,2019-06-16,129,149,20
6166,2019-06-16,88,76,-12
6167,2019-06-16,47,42,-5
6168,2019-06-16,34,26,-8
6169,2019-06-16,162,132,-30
6170,2019-06-16,72,67,-5
6171,2019-06-16,48,65,17
6173,2019-06-16,95,47,-48
6174,2019-06-16,88,74,-14
6175,2019-06-16,70,45,-25
6176,2019-06-16,94,103,9
6177,2019-06-16,77,75,-2
6178,2019-06-16,110,106,-4
6179,2019-06-16,73,59,-14
6180,2019-06-16,44,54,10
6181,2019-06-16,126,112,-14
6182,2019-06-16,80,56,-24
6183,2019-06-16,103,81,-22
6184,2019-06-16,197,193,-4
6185,2019-06-16,20,21,1
6186,2019-06-16,87,66,-21
6187,2019-06-16,90,96,6
6188,2019-06-16,41,53,12
6189,2019-06-16,21,18,-3
6190,2019-06-16,123,85,-38
6191,2019-06-16,46,34,-12
6192,2019-06-16,40,31,-9
6193,2019-06-16,124,122,-2
6194,2019-06-16,135,124,-11
6195,2019-06-16,85,62,-23
6196,2019-06-16,130,104,-26
6197,2019-06-16,45,46,1
6198,2019-06-16,22,16,-6
6199,2019-06-16,87,78,-9
6200,2019-06-16,101,106,5
6201,2019-06-16,88,70,-18
6202,2019-06-16,80,51,-29
6203,2019-06-16,90,81,-9
6204,2019-06-16,64,66,2
6205,2019-06-16,70,73,3
6206,2019-06-16,105,100,-5
6207,2019-06-16,26,29,3
6208,2019-06-16,64,65,1
6209,2019-06-16,180,166,-14
6210,2019-06-16,30,15,-15
6211,2019-06-16,181,163,-18
6212,2019-06-16,96,68,-28
6213,2019-06-16,124,103,-21
6214,2019-06-16,114,85,-29
6216,2019-06-16,281,209,-72
6217,2019-06-16,111,79,-32
6218,2019-06-16,46,53,7
6219,2019-06-16,61,46,-15
6220,2019-06-16,96,87,-9
6221,2019-06-16,227,179,-48
6222,2019-06-16,81,64,-17
6223,2019-06-16,161,144,-17
6225,2019-06-16,78,68,-10
6226,2019-06-16,11,13,2
6227,2019-06-16,138,128,-10
6228,2019-06-16,29,17,-12
6229,2019-06-16,72,43,-29
6230,2019-06-16,119,106,-13
6231,2019-06-16,133,134,1
6232,2019-06-16,21,17,-4
6233,2019-06-16,93,87,-6
6234,2019-06-16,118,105,-13
6235,2019-06-16,39,63,24
6236,2019-06-16,64,56,-8
6237,2019-06-16,47,44,-3
6240,2019-06-16,15,11,-4
6241,2019-06-16,39,41,2
6243,2019-06-16,64,77,13
6245,2019-06-16,38,45,7
6246,2019-06-16,52,32,-20
6247,2019-06-16,114,95,-19
6248,2019-06-16,168,148,-20
6249,2019-06-16,69,79,10
6250,2019-06-16,139,148,9
6251,2019-06-16,34,35,1
6252,2019-06-16,59,49,-10
6253,2019-06-16,46,37,-9
6254,2019-06-16,62,53,-9
6255,2019-06-16,133,124,-9
6257,2019-06-16,37,35,-2
6258,2019-06-16,69,70,1
6259,2019-06-16,37,23,-14
6260,2019-06-16,52,49,-3
6261,2019-06-16,31,30,-1
6262,2019-06-16,58,39,-19
6263,2019-06-16,20,18,-2
6264,2019-06-16,44,30,-14
6265,2019-06-16,27,31,4
6266,2019-06-16,32,21,-11
6267,2019-06-16,49,47,-2
6268,2019-06-16,58,48,-10
6269,2019-06-16,19,30,11
6270,2019-06-16,30,28,-2
6271,2019-06-16,5,5,0
6272,2019-06-16,26,34,8
6273,2019-06-16,40,41,1
6274,2019-06-16,26,26,0
6275,2019-06-16,36,30,-6
6276,2019-06-16,31,28,-3
6277,2019-06-16,57,56,-1
6278,2019-06-16,15,20,5
6279,2019-06-16,18,10,-8
6280,2019-06-16,88,94,6
6301,2019-06-16,22,19,-3
6302,2019-06-16,26,16,-10
6303,2019-06-16,21,9,-12
6304,2019-06-16,17,12,-5
6305,2019-06-16,21,8,-13
6306,2019-06-16,40,25,-15
6307,2019-06-16,94,87,-7
6309,2019-06-16,18,28,10
6310,2019-06-16,33,17,-16
6311,2019-06-16,38,41,3
6312,2019-06-16,27,23,-4
6313,2019-06-16,63,83,20
6314,2019-06-16,56,43,-13
6315,2019-06-16,65,41,-24
6316,2019-06-16,46,23,-23
6321,2019-06-16,113,106,-7
6322,2019-06-16,24,34,10
6323,2019-06-16,14,16,2
6324,2019-06-16,30,22,-8
6327,2019-06-16,47,32,-15
6328,2019-06-16,46,33,-13
6329,2019-06-16,23,21,-2
6330,2019-06-16,24,17,-7
6331,2019-06-16,22,21,-1
6332,2019-06-16,25,32,7
6333,2019-06-16,18,16,-2
6334,2019-06-16,57,55,-2
6336,2019-06-16,28,32,4
6338,2019-06-16,23,29,6
6339,2019-06-16,20,22,2
6340,2019-06-16,28,29,1
6343,2019-06-16,36,40,4
6345,2019-06-16,22,22,0
6346,2019-06-16,22,19,-3
6347,2019-06-16,18,9,-9
6349,2019-06-16,27,29,2
6350,2019-06-16,21,25,4
6354,2019-06-16,34,29,-5
6355,2019-06-16,29,27,-2
6356,2019-06-16,30,25,-5
6357,2019-06-16,17,10,-7
6358,2019-06-16,28,24,-4
6359,2019-06-16,82,76,-6
6360,2019-06-16,32,32,0
6361,2019-06-16,55,57,2
6362,2019-06-16,39,28,-11
6363,2019-06-16,18,14,-4
6364,2019-06-16,45,44,-1
6366,2019-06-16,37,29,-8
6367,2019-06-16,23,20,-3
6368,2019-06-16,74,71,-3
6369,2019-06-16,24,36,12
6370,2019-06-16,37,33,-4
6371,2019-06-16,63,77,14
6372,2019-06-16,85,105,20
6373,2019-06-16,44,39,-5
6374,2019-06-16,22,25,3
6375,2019-06-16,50,60,10
6376,2019-06-16,28,23,-5
6377,2019-06-16,31,31,0
6379,2019-06-16,22,19,-3
6380,2019-06-16,17,23,6
6381,2019-06-16,66,55,-11
6383,2019-06-16,22,25,3
6384,2019-06-16,20,25,5
6385,2019-06-16,50,49,-1
6386,2019-06-16,42,52,10
6387,2019-06-16,49,56,7
6388,2019-06-16,28,27,-1
6389,2019-06-16,39,34,-5
6391,2019-06-16,56,84,28
6393,2019-06-16,51,56,5
6394,2019-06-16,74,86,12
6395,2019-06-16,51,39,-12
6396,2019-06-16,91,105,14
6397,2019-06-16,66,65,-1
6398,2019-06-16,33,34,1
6401,2019-06-16,54,51,-3
6402,2019-06-16,66,73,7
6403,2019-06-16,28,34,6
6404,2019-06-16,16,15,-1
6405,2019-06-16,61,58,-3
6406,2019-06-16,292,350,58
6407,2019-06-16,14,25,11
6408,2019-06-16,22,26,4
6409,2019-06-16,7,11,4
6410,2019-06-16,15,16,1
6411,2019-06-16,104,105,1
6412,2019-06-16,23,22,-1
6413,2019-06-16,8,9,1
6414,2019-06-16,26,29,3
6415,2019-06-16,14,19,5
6416,2019-06-16,12,9,-3
6417,2019-06-16,22,26,4
6418,2019-06-16,10,10,0
6419,2019-06-16,10,10,0
6420,2019-06-16,30,20,-10
6421,2019-06-16,30,16,-14
6422,2019-06-16,11,10,-1
6423,2019-06-16,17,9,-8
6424,2019-06-16,21,32,11
6425,2019-06-16,32,34,2
6426,2019-06-16,50,49,-1
6427,2019-06-16,66,76,10
6428,2019-06-16,18,22,4
6429,2019-06-16,44,41,-3
6432,2019-06-16,75,61,-14
6433,2019-06-16,24,27,3
6434,2019-06-16,60,69,9
6435,2019-06-16,31,39,8
6436,2019-06-16,18,13,-5
6501,2019-06-16,209,266,57
6502,2019-06-16,67,69,2
6503,2019-06-16,44,31,-13
6504,2019-06-16,45,35,-10
6700,2019-06-16,25,31,6
6701,2019-06-16,49,39,-10
6702,2019-06-16,14,16,2
6703,2019-06-16,109,104,-5
6704,2019-06-16,30,24,-6
6705,2019-06-16,15,17,2
6706,2019-06-16,18,24,6
6707,2019-06-16,24,23,-1
6708,2019-06-16,47,61,14
6709,2019-06-16,21,20,-1
6710,2019-06-16,21,24,3
6711,2019-06-16,18,12,-6
6712,2019-06-16,40,39,-1
6713,2019-06-16,10,13,3
6714,2019-06-16,19,19,0
6715,2019-06-16,36,32,-4
6716,2019-06-16,27,17,-10
6717,2019-06-16,5,16,11
6718,2019-06-16,15,17,2
6719,2019-06-16,18,19,1
6720,2019-06-16,23,34,11
6721,2019-06-16,9,8,-1
6722,2019-06-16,13,17,4
6723,2019-06-16,24,18,-6
6724,2019-06-16,159,188,29
6725,2019-06-16,31,30,-1
6726,2019-06-16,9,12,3
6727,2019-06-16,66,68,2
6728,2019-06-16,18,20,2
6729,2019-06-16,129,139,10
6730,2019-06-16,11,8,-3
6731,2019-06-16,32,21,-11
6732,2019-06-16,29,29,0
6733,2019-06-16,40,36,-4
6734,2019-06-16,46,48,2
6735,2019-06-16,12,12,0
6736,2019-06-16,20,20,0
6737,2019-06-16,21,26,5
6738,2019-06-16,18,16,-2
6739,2019-06-16,7,14,7
6741,2019-06-16,21,15,-6
6742,2019-06-16,75,84,9
6743,2019-06-16,20,23,3
6744,2019-06-16,29,29,0
6745,2019-06-16,25,29,4
6746,2019-06-16,14,13,-1
6747,2019-06-16,23,25,2
6748,2019-06-16,69,79,10
6749,2019-06-16,35,34,-1
6750,2019-06-16,42,28,-14
6752,2019-06-16,25,21,-4
6753,2019-06-16,9,17,8
6754,2019-06-16,22,27,5
6901,2019-06-16,33,39,6
6903,2019-06-16,97,82,-15
6904,2019-06-16,32,32,0
6905,2019-06-16,21,21,0
6906,2019-06-16,114,81,-33
6907,2019-06-16,125,110,-15
6908,2019-06-16,52,48,-4
6912,2019-06-16,156,119,-37
6913,2019-06-16,57,48,-9
6915,2019-06-16,83,85,2
6916,2019-06-16,22,28,6
6917,2019-06-16,15,16,1
6918,2019-06-16,38,21,-17
6919,2019-06-16,27,18,-9
6921,2019-06-16,29,33,4
6923,2019-06-16,34,38,4
6924,2019-06-16,29,25,-4
6925,2019-06-16,32,27,-5
6926,2019-06-16,66,58,-8
6927,2019-06-16,39,23,-16
6928,2019-06-16,10,5,-5
6929,2019-06-16,30,19,-11
6930,2019-06-16,22,19,-3
7001,2019-06-16,36,33,-3
7002,2019-06-16,11,9,-2
7003,2019-06-16,65,66,1
7004,2019-06-16,5,10,5
7005,2019-06-16,15,14,-1
7006,2019-06-16,10,18,8
7007,2019-06-16,13,15,2
7008,2019-06-16,22,17,-5
7009,2019-06-16,72,85,13
7010,2019-06-16,15,14,-1
7011,2019-06-16,78,83,5
7012,2019-06-16,28,31,3
7013,2019-06-16,25,19,-6
7014,2019-06-16,35,27,-8
7015,2019-06-16,64,65,1
7016,2019-06-16,10,9,-1
7017,2019-06-16,23,25,2
7018,2019-06-16,24,31,7
7019,2019-06-16,48,49,1
7020,2019-06-16,24,22,-2
7021,2019-06-16,39,44,5
7022,2019-06-16,42,41,-1
7023,2019-06-16,4,8,4
7024,2019-06-16,28,24,-4
7025,2019-06-16,105,93,-12
7026,2019-06-16,32,30,-2
7027,2019-06-16,30,31,1
7028,2019-06-16,47,66,19
7029,2019-06-16,41,40,-1
7030,2019-06-16,49,55,6
7031,2019-06-16,48,49,1
7032,2019-06-16,80,44,-36
7033,2019-06-16,64,62,-2
7034,2019-06-16,40,92,52
7035,2019-06-16,30,31,1
7036,2019-06-16,56,61,5
7037,2019-06-16,34,32,-2
7038,2019-06-16,91,86,-5
7039,2019-06-16,30,30,0
7040,2019-06-16,51,48,-3
7041,2019-06-16,85,86,1
7042,2019-06-16,20,24,4
7043,2019-06-16,20,14,-6
7044,2019-06-16,10,9,-1
7045,2019-06-16,98,105,7
7046,2019-06-16,56,59,3
7047,2019-06-16,106,144,38
7048,2019-06-16,36,26,-10
7049,2019-06-16,10,9,-1
7050,2019-06-16,30,39,9
7051,2019-06-16,21,16,-5
7052,2019-06-16,13,18,5
7053,2019-06-16,31,35,4
7054,2019-06-16,73,76,3
7055,2019-06-16,20,28,8
7056,2019-06-16,21,22,1
7057,2019-06-16,45,54,9
7058,2019-06-16,37,42,5
7059,2019-06-16,32,30,-2
7060,2019-06-16,40,41,1
7061,2019-06-16,27,27,0
7062,2019-06-16,29,31,2
7063,2019-06-16,31,26,-5
7064,2019-06-16,9,14,5
7065,2019-06-16,34,27,-7
7066,2019-06-16,48,81,33
7067,2019-06-16,12,29,17
7068,2019-06-16,70,80,10
7069,2019-06-16,53,56,3
7070,2019-06-16,27,36,9
7071,2019-06-16,49,42,-7
7072,2019-06-16,29,25,-4
7073,2019-06-16,33,37,4
7074,2019-06-16,33,44,11
7075,2019-06-16,5,4,-1
7076,2019-06-16,64,47,-17
7077,2019-06-16,29,37,8
7078,2019-06-16,33,38,5
7079,2019-06-16,9,14,5
7080,2019-06-16,48,51,3
7081,2019-06-16,48,50,2
7082,2019-06-16,58,87,29
7083,2019-06-16,45,37,-8
7084,2019-06-16,78,68,-10
7086,2019-06-16,6,6,0
7087,2019-06-16,4,4,0
7088,2019-06-16,4,3,-1
7089,2019-06-16,1,2,1
7090,2019-06-16,7,17,10
7091,2019-06-16,9,6,-3
7092,2019-06-16,3,4,1
7093,2019-06-16,10,10,0
7094,2019-06-16,9,4,-5
7095,2019-06-16,6,6,0
7096,2019-06-16,9,14,5
7097,2019-06-16,4,4,0
7098,2019-06-16,4,3,-1
7099,2019-06-16,2,3,1
7100,2019-06-16,9,10,1
7101,2019-06-16,4,5,1
7102,2019-06-16,16,18,2
7103,2019-06-16,63,64,1
7104,2019-06-16,3,3,0
7105,2019-06-16,26,30,4
7106,2019-06-16,7,4,-3
7107,2019-06-16,14,12,-2
7108,2019-06-16,46,53,7
7109,2019-06-16,5,6,1
7110,2019-06-16,43,40,-3
7111,2019-06-16,2,1,-1
7112,2019-06-16,28,26,-2
7113,2019-06-16,34,26,-8
7114,2019-06-16,99,120,21
7115,2019-06-16,15,15,0
7116,2019-06-16,11,5,-6
7117,2019-06-16,4,6,2
7118,2019-06-16,2,2,0
7119,2019-06-16,19,17,-2
7120,2019-06-16,5,6,1
7121,2019-06-16,3,9,6
7122,2019-06-16,2,0,-2
7123,2019-06-16,4,5,1
7124,2019-06-16,13,16,3
7125,2019-06-16,46,40,-6
7126,2019-06-16,12,11,-1
7127,2019-06-16,24,24,0
7128,2019-06-16,16,14,-2
7129,2019-06-16,6,8,2
7130,2019-06-16,6,4,-2
7131,2019-06-16,1,6,5
7132,2019-06-16,4,3,-1
7133,2019-06-16,6,6,0
7134,2019-06-16,3,4,1
7135,2019-06-16,7,6,-1
7137,2019-06-16,8,13,5
7138,2019-06-16,5,3,-2
7140,2019-06-16,12,16,4
7141,2019-06-16,36,36,0
7142,2019-06-16,12,19,7
7143,2019-06-16,41,43,2
7144,2019-06-16,42,51,9
7145,2019-06-16,8,12,4
7147,2019-06-16,41,43,2
7148,2019-06-16,19,17,-2
7149,2019-06-16,17,11,-6
10002,2019-06-16,108,101,-7
4000,2019-06-17,47,69,22
4001,2019-06-17,9,16,7
4002,2019-06-17,24,30,6
5002,2019-06-17,8,3,-5
5003,2019-06-17,4,2,-2
5004,2019-06-17,1,0,-1
5005,2019-06-17,5,5,0
5006,2019-06-17,6,13,7
5007,2019-06-17,21,22,1
6001,2019-06-17,55,90,35
6002,2019-06-17,49,71,22
6003,2019-06-17,85,105,20
6004,2019-06-17,62,66,4
6005,2019-06-17,114,127,13
6006,2019-06-17,43,38,-5
6007,2019-06-17,45,49,4
6008,2019-06-17,50,90,40
6009,2019-06-17,64,66,2
6011,2019-06-17,81,84,3
6012,2019-06-17,208,353,145
6013,2019-06-17,90,108,18
6014,2019-06-17,90,91,1
6015,2019-06-17,160,249,89
6016,2019-06-17,25,29,4
6017,2019-06-17,87,100,13
6018,2019-06-17,58,82,24
6019,2019-06-17,149,79,-70
6020,2019-06-17,76,96,20
6021,2019-06-17,88,55,-33
6022,2019-06-17,72,75,3
6023,2019-06-17,174,199,25
6024,2019-06-17,4,2,-2
6025,2019-06-17,48,57,9
6026,2019-06-17,181,231,50
6027,2019-06-17,197,214,17
6029,2019-06-17,29,47,18
6031,2019-06-17,44,45,1
6032,2019-06-17,57,148,91
6033,2019-06-17,25,24,-1
6034,2019-06-17,55,91,36
6035,2019-06-17,21,56,35
6036,2019-06-17,163,227,64
6037,2019-06-17,52,60,8
6038,2019-06-17,106,114,8
6039,2019-06-17,108,102,-6
6040,2019-06-17,79,80,1
6041,2019-06-17,75,73,-2
6042,2019-06-17,104,98,-6
6043,2019-06-17,225,403,178
6044,2019-06-17,87,83,-4
6046,2019-06-17,150,127,-23
6047,2019-06-17,75,55,-20
6048,2019-06-17,54,60,6
6049,2019-06-17,100,111,11
6050,2019-06-17,57,63,6
6051,2019-06-17,61,51,-10
6052,2019-06-17,237,374,137
6053,2019-06-17,254,274,20
6057,2019-06-17,101,103,2
6058,2019-06-17,87,69,-18
6059,2019-06-17,80,70,-10
6060,2019-06-17,35,26,-9
6062,2019-06-17,75,62,-13
6063,2019-06-17,105,88,-17
6064,2019-06-17,209,159,-50
6065,2019-06-17,73,46,-27
6066,2019-06-17,53,30,-23
6067,2019-06-17,42,66,24
6068,2019-06-17,21,14,-7
6070,2019-06-17,161,153,-8
6072,2019-06-17,86,87,1
6073,2019-06-17,251,206,-45
6075,2019-06-17,45,15,-30
6076,2019-06-17,21,29,8
6078,2019-06-17,33,63,30
6079,2019-06-17,80,71,-9
6080,2019-06-17,171,170,-1
6081,2019-06-17,40,38,-2
6082,2019-06-17,32,15,-17
6083,2019-06-17,184,223,39
6084,2019-06-17,57,65,8
6085,2019-06-17,93,179,86
6086,2019-06-17,26,44,18
6087,2019-06-17,132,156,24
6088,2019-06-17,87,92,5
6089,2019-06-17,53,50,-3
6090,2019-06-17,45,43,-2
6091,2019-06-17,56,35,-21
6092,2019-06-17,73,73,0
6093,2019-06-17,43,34,-9
6094,2019-06-17,42,42,0
6095,2019-06-17,131,122,-9
6096,2019-06-17,50,72,22
6097,2019-06-17,81,62,-19
6098,2019-06-17,54,29,-25
6099,2019-06-17,112,147,35
6100,2019-06-17,274,270,-4
6101,2019-06-17,67,24,-43
6103,2019-06-17,15,18,3
6104,2019-06-17,74,102,28
6105,2019-06-17,56,70,14
6106,2019-06-17,34,37,3
6107,2019-06-17,95,97,2
6108,2019-06-17,68,73,5
6109,2019-06-17,38,48,10
6110,2019-06-17,45,49,4
6111,2019-06-17,53,61,8
6112,2019-06-17,93,102,9
6113,2019-06-17,104,94,-10
6114,2019-06-17,174,234,60
6115,2019-06-17,24,36,12
6116,2019-06-17,78,110,32
6118,2019-06-17,75,88,13
6119,2019-06-17,100,118,18
6120,2019-06-17,76,104,28
6121,2019-06-17,35,65,30
6122,2019-06-17,23,30,7
6123,2019-06-17,34,48,14
6124,2019-06-17,47,73,26
6125,2019-06-17,33,28,-5
6126,2019-06-17,41,62,21
6127,2019-06-17,70,57,-13
6128,2019-06-17,21,22,1
6129,2019-06-17,68,71,3
6130,2019-06-17,20,22,2
6131,2019-06-17,94,56,-38
6132,2019-06-17,70,82,12
6133,2019-06-17,68,60,-8
6134,2019-06-17,56,55,-1
6136,2019-06-17,281,204,-77
6137,2019-06-17,107,97,-10
6138,2019-06-17,98,80,-18
6139,2019-06-17,64,48,-16
6140,2019-06-17,94,93,-1
6141,2019-06-17,51,49,-2
6142,2019-06-17,127,93,-34
6143,2019-06-17,131,124,-7
6145,2019-06-17,73,66,-7
6146,2019-06-17,69,42,-27
6147,2019-06-17,155,86,-69
6148,2019-06-17,155,112,-43
6149,2019-06-17,40,45,5
6150,2019-06-17,73,73,0
6151,2019-06-17,82,76,-6
6152,2019-06-17,143,150,7
6153,2019-06-17,50,56,6
6154,2019-06-17,178,183,5
6155,2019-06-17,152,130,-22
6156,2019-06-17,60,54,-6
6157,2019-06-17,123,105,-18
6158,2019-06-17,50,67,17
6159,2019-06-17,29,33,4
6160,2019-06-17,61,47,-14
6161,2019-06-17,39,49,10
6162,2019-06-17,10,11,1
6163,2019-06-17,114,97,-17
6164,2019-06-17,73,89,16
6165,2019-06-17,110,122,12
6166,2019-06-17,94,71,-23
6167,2019-06-17,36,40,4
6168,2019-06-17,56,54,-2
6169,2019-06-17,170,160,-10
6170,2019-06-17,76,59,-17
6171,2019-06-17,63,72,9
6173,2019-06-17,125,65,-60
6174,2019-06-17,109,84,-25
6175,2019-06-17,116,80,-36
6176,2019-06-17,100,99,-1
6177,2019-06-17,61,58,-3
6178,2019-06-17,128,104,-24
6179,2019-06-17,78,67,-11
6180,2019-06-17,60,65,5
6181,2019-06-17,95,72,-23
6182,2019-06-17,65,48,-17
6183,2019-06-17,93,81,-12
6184,2019-06-17,262,213,-49
6185,2019-06-17,24,27,3
6186,2019-06-17,94,58,-36
6187,2019-06-17,128,129,1
6188,2019-06-17,61,61,0
6189,2019-06-17,26,28,2
6190,2019-06-17,132,91,-41
6191,2019-06-17,51,47,-4
6192,2019-06-17,46,38,-8
6193,2019-06-17,131,137,6
6194,2019-06-17,178,165,-13
6195,2019-06-17,114,76,-38
6196,2019-06-17,128,109,-19
6197,2019-06-17,62,51,-11
6198,2019-06-17,32,23,-9
6199,2019-06-17,128,100,-28
6200,2019-06-17,99,81,-18
6201,2019-06-17,95,61,-34
6202,2019-06-17,121,112,-9
6203,2019-06-17,114,100,-14
6204,2019-06-17,123,98,-25
6205,2019-06-17,103,85,-18
6206,2019-06-17,130,133,3
6207,2019-06-17,50,46,-4
6208,2019-06-17,81,72,-9
6209,2019-06-17,141,89,-52
6210,2019-06-17,59,55,-4
6211,2019-06-17,147,142,-5
6212,2019-06-17,104,62,-42
6213,2019-06-17,118,117,-1
6214,2019-06-17,123,87,-36
6216,2019-06-17,138,71,-67
6217,2019-06-17,76,61,-15
6218,2019-06-17,69,52,-17
6219,2019-06-17,78,74,-4
6220,2019-06-17,127,88,-39
6221,2019-06-17,203,182,-21
6222,2019-06-17,100,81,-19
6223,2019-06-17,109,86,-23
6225,2019-06-17,120,79,-41
6226,2019-06-17,44,45,1
6227,2019-06-17,180,182,2
6228,2019-06-17,37,38,1
6229,2019-06-17,78,64,-14
6230,2019-06-17,105,100,-5
6231,2019-06-17,126,106,-20
6232,2019-06-17,49,34,-15
6233,2019-06-17,126,89,-37
6234,2019-06-17,75,73,-2
6235,2019-06-17,69,58,-11
6236,2019-06-17,79,74,-5
6237,2019-06-17,54,67,13
6240,2019-06-17,25,23,-2
6241,2019-06-17,67,48,-19
6243,2019-06-17,62,67,5
6245,2019-06-17,54,48,-6
6246,2019-06-17,61,56,-5
6247,2019-06-17,110,87,-23
6248,2019-06-17,132,107,-25
6249,2019-06-17,57,43,-14
6250,2019-06-17,95,73,-22
6251,2019-06-17,23,19,-4
6252,2019-06-17,72,56,-16
6253,2019-06-17,74,56,-18
6254,2019-06-17,72,66,-6
6255,2019-06-17,102,98,-4
6257,2019-06-17,39,40,1
6258,2019-06-17,105,97,-8
6259,2019-06-17,32,30,-2
6260,2019-06-17,58,48,-10
6261,2019-06-17,45,45,0
6262,2019-06-17,39,42,3
6263,2019-06-17,17,23,6
6264,2019-06-17,25,36,11
6265,2019-06-17,48,43,-5
6266,2019-06-17,32,27,-5
6267,2019-06-17,37,46,9
6268,2019-06-17,59,60,1
6269,2019-06-17,25,31,6
6270,2019-06-17,38,43,5
6271,2019-06-17,3,3,0
6272,2019-06-17,34,32,-2
6273,2019-06-17,20,30,10
6274,2019-06-17,50,56,6
6275,2019-06-17,43,44,1
6276,2019-06-17,41,34,-7
6277,2019-06-17,51,47,-4
6278,2019-06-17,21,17,-4
6279,2019-06-17,34,23,-11
6280,2019-06-17,80,89,9
6301,2019-06-17,40,29,-11
6302,2019-06-17,22,14,-8
6303,2019-06-17,24,19,-5
6304,2019-06-17,16,13,-3
6305,2019-06-17,18,19,1
6306,2019-06-17,69,26,-43
6307,2019-06-17,83,70,-13
6309,2019-06-17,36,34,-2
6310,2019-06-17,92,42,-50
6311,2019-06-17,45,31,-14
6312,2019-06-17,15,33,18
6313,2019-06-17,47,63,16
6314,2019-06-17,80,70,-10
6315,2019-06-17,97,46,-51
6316,2019-06-17,51,27,-24
6321,2019-06-17,127,120,-7
6322,2019-06-17,26,27,1
6323,2019-06-17,21,27,6
6324,2019-06-17,21,31,10
6327,2019-06-17,46,38,-8
6328,2019-06-17,27,38,11
6329,2019-06-17,25,26,1
6330,2019-06-17,27,24,-3
6331,2019-06-17,30,16,-14
6332,2019-06-17,34,41,7
6333,2019-06-17,25,21,-4
6334,2019-06-17,100,84,-16
6335,2019-06-17,13,23,10
6336,2019-06-17,37,34,-3
6338,2019-06-17,32,36,4
6339,2019-06-17,32,29,-3
6340,2019-06-17,20,28,8
6343,2019-06-17,45,44,-1
6345,2019-06-17,23,28,5
6346,2019-06-17,29,19,-10
6347,2019-06-17,32,32,0
6349,2019-06-17,32,36,4
6350,2019-06-17,50,69,19
6354,2019-06-17,31,38,7
6355,2019-06-17,25,50,25
6356,2019-06-17,44,25,-19
6357,2019-06-17,8,17,9
6358,2019-06-17,23,25,2
6359,2019-06-17,84,94,10
6360,2019-06-17,38,38,0
6361,2019-06-17,53,44,-9
6362,2019-06-17,37,32,-5
6363,2019-06-17,29,27,-2
6364,2019-06-17,48,45,-3
6366,2019-06-17,40,31,-9
6367,2019-06-17,36,35,-1
6368,2019-06-17,71,79,8
6369,2019-06-17,33,43,10
6370,2019-06-17,39,34,-5
6371,2019-06-17,69,58,-11
6372,2019-06-17,86,105,19
6373,2019-06-17,40,49,9
6374,2019-06-17,48,49,1
6375,2019-06-17,59,84,25
6376,2019-06-17,26,34,8
6377,2019-06-17,49,62,13
6379,2019-06-17,34,40,6
6380,2019-06-17,39,32,-7
6381,2019-06-17,51,76,25
6383,2019-06-17,32,35,3
6384,2019-06-17,27,21,-6
6385,2019-06-17,42,47,5
6386,2019-06-17,73,73,0
6387,2019-06-17,86,102,16
6388,2019-06-17,26,41,15
6389,2019-06-17,52,42,-10
6391,2019-06-17,62,91,29
6393,2019-06-17,72,112,40
6394,2019-06-17,83,115,32
6395,2019-06-17,73,79,6
6396,2019-06-17,113,99,-14
6397,2019-06-17,46,55,9
6398,2019-06-17,35,41,6
6401,2019-06-17,49,68,19
6402,2019-06-17,47,53,6
6403,2019-06-17,31,40,9
6404,2019-06-17,19,28,9
6405,2019-06-17,32,54,22
6406,2019-06-17,133,149,16
6407,2019-06-17,17,24,7
6408,2019-06-17,59,77,18
6409,2019-06-17,20,21,1
6410,2019-06-17,51,52,1
6411,2019-06-17,143,118,-25
6412,2019-06-17,35,37,2
6413,2019-06-17,30,29,-1
6414,2019-06-17,16,29,13
6415,2019-06-17,23,22,-1
6416,2019-06-17,32,20,-12
6417,2019-06-17,24,30,6
6418,2019-06-17,9,9,0
6419,2019-06-17,13,25,12
6420,2019-06-17,23,19,-4
6421,2019-06-17,44,33,-11
6422,2019-06-17,21,23,2
6423,2019-06-17,29,17,-12
6424,2019-06-17,41,79,38
6425,2019-06-17,42,55,13
6426,2019-06-17,93,101,8
6427,2019-06-17,76,83,7
6428,2019-06-17,16,16,0
6429,2019-06-17,51,58,7
6432,2019-06-17,122,113,-9
6433,2019-06-17,35,36,1
6434,2019-06-17,95,90,-5
6435,2019-06-17,62,50,-12
6436,2019-06-17,40,32,-8
6501,2019-06-17,119,128,9
6502,2019-06-17,53,47,-6
6503,2019-06-17,86,69,-17
6504,2019-06-17,31,37,6
6700,2019-06-17,47,63,16
6701,2019-06-17,76,74,-2
6702,2019-06-17,14,20,6
6703,2019-06-17,48,49,1
6704,2019-06-17,32,32,0
6705,2019-06-17,18,26,8
6706,2019-06-17,25,32,7
6707,2019-06-17,38,43,5
6708,2019-06-17,83,114,31
6709,2019-06-17,36,44,8
6710,2019-06-17,20,17,-3
6711,2019-06-17,22,22,0
6712,2019-06-17,21,31,10
6713,2019-06-17,14,17,3
6714,2019-06-17,11,12,1
6715,2019-06-17,34,31,-3
6716,2019-06-17,12,19,7
6717,2019-06-17,15,18,3
6718,2019-06-17,20,27,7
6719,2019-06-17,24,31,7
6720,2019-06-17,42,43,1
6721,2019-06-17,27,33,6
6722,2019-06-17,17,20,3
6723,2019-06-17,31,29,-2
6724,2019-06-17,90,87,-3
6725,2019-06-17,43,40,-3
6726,2019-06-17,12,12,0
6727,2019-06-17,93,109,16
6728,2019-06-17,15,18,3
6729,2019-06-17,118,134,16
6730,2019-06-17,20,16,-4
6731,2019-06-17,16,17,1
6732,2019-06-17,34,45,11
6733,2019-06-17,33,42,9
6734,2019-06-17,40,41,1
6735,2019-06-17,7,13,6
6736,2019-06-17,24,26,2
6737,2019-06-17,23,34,11
6738,2019-06-17,79,94,15
6739,2019-06-17,14,10,-4
6741,2019-06-17,20,18,-2
6742,2019-06-17,81,93,12
6743,2019-06-17,40,29,-11
6744,2019-06-17,31,36,5
6745,2019-06-17,21,20,-1
6746,2019-06-17,30,26,-4
6747,2019-06-17,57,66,9
6748,2019-06-17,87,105,18
6749,2019-06-17,36,45,9
6750,2019-06-17,45,43,-2
6752,2019-06-17,24,25,1
6753,2019-06-17,30,14,-16
6754,2019-06-17,29,36,7
6901,2019-06-17,39,50,11
6903,2019-06-17,97,91,-6
6904,2019-06-17,39,36,-3
6905,2019-06-17,40,34,-6
6906,2019-06-17,164,72,-92
6907,2019-06-17,110,80,-30
6908,2019-06-17,61,49,-12
6912,2019-06-17,189,138,-51
6913,2019-06-17,53,44,-9
6915,2019-06-17,79,64,-15
6916,2019-06-17,42,41,-1
6917,2019-06-17,15,23,8
6918,2019-06-17,25,17,-8
6919,2019-06-17,23,25,2
6921,2019-06-17,73,70,-3
6923,2019-06-17,39,33,-6
6924,2019-06-17,26,26,0
6925,2019-06-17,48,51,3
6926,2019-06-17,68,70,2
6927,2019-06-17,88,48,-40
6928,2019-06-17,58,27,-31
6929,2019-06-17,45,33,-12
6930,2019-06-17,21,26,5
7001,2019-06-17,36,37,1
7002,2019-06-17,18,21,3
7003,2019-06-17,117,79,-38
7004,2019-06-17,26,22,-4
7005,2019-06-17,5,7,2
7006,2019-06-17,28,33,5
7007,2019-06-17,10,21,11
7008,2019-06-17,28,33,5
7009,2019-06-17,101,126,25
7010,2019-06-17,21,21,0
7011,2019-06-17,69,74,5
7012,2019-06-17,46,56,10
7013,2019-06-17,29,32,3
7014,2019-06-17,86,39,-47
7015,2019-06-17,20,22,2
7016,2019-06-17,14,14,0
7017,2019-06-17,29,48,19
7018,2019-06-17,38,50,12
7019,2019-06-17,122,123,1
7020,2019-06-17,27,34,7
7021,2019-06-17,45,46,1
7022,2019-06-17,41,40,-1
7023,2019-06-17,9,11,2
7024,2019-06-17,31,21,-10
7025,2019-06-17,43,37,-6
7026,2019-06-17,65,68,3
7027,2019-06-17,48,55,7
7028,2019-06-17,100,107,7
7029,2019-06-17,50,48,-2
7030,2019-06-17,67,67,0
7031,2019-06-17,52,57,5
7032,2019-06-17,96,68,-28
7033,2019-06-17,69,60,-9
7034,2019-06-17,31,46,15
7035,2019-06-17,45,47,2
7036,2019-06-17,29,32,3
7037,2019-06-17,54,58,4
7038,2019-06-17,72,71,-1
7039,2019-06-17,30,36,6
7040,2019-06-17,79,92,13
7041,2019-06-17,155,134,-21
7042,2019-06-17,40,37,-3
7043,2019-06-17,30,20,-10
7044,2019-06-17,9,12,3
7045,2019-06-17,69,65,-4
7046,2019-06-17,171,129,-42
7047,2019-06-17,127,190,63
7048,2019-06-17,23,28,5
7049,2019-06-17,17,22,5
7050,2019-06-17,50,50,0
7051,2019-06-17,15,17,2
7052,2019-06-17,45,40,-5
7053,2019-06-17,53,54,1
7054,2019-06-17,65,68,3
7055,2019-06-17,25,36,11
7056,2019-06-17,13,17,4
7057,2019-06-17,34,52,18
7058,2019-06-17,44,54,10
7059,2019-06-17,21,38,17
7060,2019-06-17,22,38,16
7061,2019-06-17,30,28,-2
7062,2019-06-17,68,63,-5
7063,2019-06-17,30,23,-7
7064,2019-06-17,35,24,-11
7065,2019-06-17,39,35,-4
7066,2019-06-17,53,99,46
7067,2019-06-17,68,76,8
7068,2019-06-17,89,109,20
7069,2019-06-17,100,117,17
7070,2019-06-17,26,35,9
7071,2019-06-17,60,23,-37
7072,2019-06-17,57,56,-1
7073,2019-06-17,49,48,-1
7074,2019-06-17,50,55,5
7075,2019-06-17,10,16,6
7076,2019-06-17,77,64,-13
7077,2019-06-17,57,59,2
7078,2019-06-17,31,37,6
7079,2019-06-17,37,52,15
7080,2019-06-17,75,72,-3
7081,2019-06-17,83,90,7
7082,2019-06-17,74,93,19
7083,2019-06-17,65,58,-7
7084,2019-06-17,74,75,1
7085,2019-06-17,4,3,-1
7086,2019-06-17,3,4,1
7087,2019-06-17,3,1,-2
7088,2019-06-17,1,0,-1
7090,2019-06-17,15,15,0
7091,2019-06-17,7,8,1
7092,2019-06-17,8,13,5
7093,2019-06-17,4,5,1
7095,2019-06-17,17,10,-7
7096,2019-06-17,30,36,6
7097,2019-06-17,10,14,4
7098,2019-06-17,3,11,8
7099,2019-06-17,12,9,-3
7100,2019-06-17,3,2,-1
7101,2019-06-17,11,8,-3
7102,2019-06-17,22,21,-1
7103,2019-06-17,21,22,1
7104,2019-06-17,4,4,0
7105,2019-06-17,10,11,1
7106,2019-06-17,4,2,-2
7107,2019-06-17,3,2,-1
7108,2019-06-17,14,17,3
7109,2019-06-17,14,13,-1
7110,2019-06-17,7,4,-3
7111,2019-06-17,6,8,2
7112,2019-06-17,15,17,2
7113,2019-06-17,52,59,7
7114,2019-06-17,81,108,27
7115,2019-06-17,19,14,-5
7116,2019-06-17,19,18,-1
7117,2019-06-17,6,6,0
7118,2019-06-17,3,3,0
7119,2019-06-17,12,20,8
7120,2019-06-17,10,11,1
7121,2019-06-17,4,7,3
7122,2019-06-17,3,5,2
7123,2019-06-17,1,4,3
7124,2019-06-17,32,24,-8
7125,2019-06-17,25,20,-5
7126,2019-06-17,8,7,-1
7127,2019-06-17,30,40,10
7128,2019-06-17,19,15,-4
7129,2019-06-17,9,8,-1
7130,2019-06-17,14,15,1
7131,2019-06-17,5,5,0
7132,2019-06-17,4,6,2
7133,2019-06-17,13,10,-3
7134,2019-06-17,4,5,1
7135,2019-06-17,3,4,1
7136,2019-06-17,8,7,-1
7137,2019-06-17,10,8,-2
7138,2019-06-17,5,6,1
7140,2019-06-17,27,30,3
7141,2019-06-17,31,35,4
7142,2019-06-17,17,25,8
7143,2019-06-17,22,29,7
7144,2019-06-17,42,51,9
7145,2019-06-17,16,17,1
7147,2019-06-17,43,41,-2
7148,2019-06-17,10,9,-1
7149,2019-06-17,14,20,6
10002,2019-06-17,101,118,17
4000,2019-06-18,61,84,23
4001,2019-06-18,10,9,-1
4002,2019-06-18,23,28,5
5002,2019-06-18,6,10,4
5003,2019-06-18,5,5,0
5004,2019-06-18,5,5,0
5005,2019-06-18,5,5,0
5006,2019-06-18,8,10,2
5007,2019-06-18,31,29,-2
6001,2019-06-18,59,106,47
6002,2019-06-18,58,89,31
6003,2019-06-18,77,119,42
6004,2019-06-18,53,52,-1
6005,2019-06-18,163,154,-9
6006,2019-06-18,51,30,-21
6007,2019-06-18,51,65,14
6008,2019-06-18,61,100,39
6009,2019-06-18,64,74,10
6011,2019-06-18,77,88,11
6012,2019-06-18,247,501,254
6013,2019-06-18,103,159,56
6014,2019-06-18,81,100,19
6015,2019-06-18,230,290,60
6016,2019-06-18,25,30,5
6017,2019-06-18,73,92,19
6018,2019-06-18,57,82,25
6019,2019-06-18,164,120,-44
6020,2019-06-18,80,124,44
6021,2019-06-18,87,68,-19
6022,2019-06-18,74,69,-5
6023,2019-06-18,167,194,27
6024,2019-06-18,7,5,-2
6025,2019-06-18,48,46,-2
6026,2019-06-18,161,224,63
6027,2019-06-18,198,169,-29
6029,2019-06-18,40,56,16
6031,2019-06-18,61,65,4
6032,2019-06-18,70,158,88
6033,2019-06-18,30,17,-13
6034,2019-06-18,68,106,38
6035,2019-06-18,32,55,23
6036,2019-06-18,185,235,50
6037,2019-06-18,56,61,5
6038,2019-06-18,112,131,19
6039,2019-06-18,103,114,11
6040,2019-06-18,77,90,13
6041,2019-06-18,74,85,11
6042,2019-06-18,119,122,3
6043,2019-06-18,270,448,178
6044,2019-06-18,110,105,-5
6046,2019-06-18,144,120,-24
6047,2019-06-18,92,69,-23
6048,2019-06-18,44,54,10
6049,2019-06-18,104,124,20
6050,2019-06-18,49,51,2
6051,2019-06-18,51,42,-9
6052,2019-06-18,251,355,104
6053,2019-06-18,258,281,23
6057,2019-06-18,106,93,-13
6058,2019-06-18,74,71,-3
6059,2019-06-18,90,77,-13
6060,2019-06-18,32,31,-1
6062,2019-06-18,83,84,1
6063,2019-06-18,135,108,-27
6064,2019-06-18,241,202,-39
6065,2019-06-18,58,47,-11
6066,2019-06-18,33,14,-19
6067,2019-06-18,48,77,29
6068,2019-06-18,20,20,0
6070,2019-06-18,206,190,-16
6072,2019-06-18,109,105,-4
6073,2019-06-18,262,212,-50
6075,2019-06-18,43,12,-31
6076,2019-06-18,20,33,13
6078,2019-06-18,44,75,31
6079,2019-06-18,91,74,-17
6080,2019-06-18,200,185,-15
6081,2019-06-18,27,30,3
6082,2019-06-18,17,21,4
6083,2019-06-18,193,199,6
6084,2019-06-18,63,72,9
6085,2019-06-18,129,189,60
6086,2019-06-18,34,44,10
6087,2019-06-18,138,163,25
6088,2019-06-18,90,88,-2
6089,2019-06-18,61,62,1
6090,2019-06-18,46,48,2
6091,2019-06-18,47,47,0
6092,2019-06-18,75,75,0
6093,2019-06-18,55,52,-3
6094,2019-06-18,51,42,-9
6095,2019-06-18,158,133,-25
6096,2019-06-18,75,84,9
6097,2019-06-18,103,70,-33
6098,2019-06-18,50,31,-19
6099,2019-06-18,148,170,22
6100,2019-06-18,301,276,-25
6101,2019-06-18,69,26,-43
6103,2019-06-18,33,32,-1
6104,2019-06-18,75,101,26
6105,2019-06-18,52,88,36
6106,2019-06-18,41,55,14
6107,2019-06-18,111,67,-44
6108,2019-06-18,74,91,17
6109,2019-06-18,27,25,-2
6110,2019-06-18,48,48,0
6111,2019-06-18,39,60,21
6112,2019-06-18,97,103,6
6113,2019-06-18,63,80,17
6114,2019-06-18,197,223,26
6115,2019-06-18,23,30,7
6116,2019-06-18,78,95,17
6118,2019-06-18,66,91,25
6119,2019-06-18,101,122,21
6120,2019-06-18,61,121,60
6121,2019-06-18,28,46,18
6122,2019-06-18,27,29,2
6123,2019-06-18,32,38,6
6124,2019-06-18,48,73,25
6125,2019-06-18,38,28,-10
6126,2019-06-18,51,64,13
6127,2019-06-18,62,52,-10
6128,2019-06-18,22,22,0
6129,2019-06-18,92,81,-11
6130,2019-06-18,26,28,2
6131,2019-06-18,100,62,-38
6132,2019-06-18,68,87,19
6133,2019-06-18,83,55,-28
6134,2019-06-18,64,63,-1
6136,2019-06-18,294,231,-63
6137,2019-06-18,92,107,15
6138,2019-06-18,105,97,-8
6139,2019-06-18,55,53,-2
6140,2019-06-18,127,126,-1
6141,2019-06-18,60,56,-4
6142,2019-06-18,148,110,-38
6143,2019-06-18,129,120,-9
6145,2019-06-18,78,82,4
6146,2019-06-18,96,93,-3
6147,2019-06-18,160,82,-78
6148,2019-06-18,170,118,-52
6149,2019-06-18,64,54,-10
6150,2019-06-18,94,82,-12
6151,2019-06-18,72,79,7
6152,2019-06-18,136,132,-4
6153,2019-06-18,66,70,4
6154,2019-06-18,176,169,-7
6155,2019-06-18,167,154,-13
6156,2019-06-18,79,89,10
6157,2019-06-18,148,123,-25
6158,2019-06-18,84,92,8
6159,2019-06-18,36,40,4
6160,2019-06-18,53,54,1
6161,2019-06-18,56,56,0
6162,2019-06-18,17,12,-5
6163,2019-06-18,99,115,16
6164,2019-06-18,104,129,25
6165,2019-06-18,125,138,13
6166,2019-06-18,73,64,-9
6167,2019-06-18,37,52,15
6168,2019-06-18,59,45,-14
6169,2019-06-18,167,142,-25
6170,2019-06-18,80,73,-7
6171,2019-06-18,60,69,9
6173,2019-06-18,121,77,-44
6174,2019-06-18,111,91,-20
6175,2019-06-18,130,74,-56
6176,2019-06-18,84,81,-3
6177,2019-06-18,72,64,-8
6178,2019-06-18,117,95,-22
6179,2019-06-18,94,84,-10
6180,2019-06-18,70,77,7
6181,2019-06-18,107,84,-23
6182,2019-06-18,71,49,-22
6183,2019-06-18,90,82,-8
6184,2019-06-18,292,245,-47
6185,2019-06-18,33,28,-5
6186,2019-06-18,99,62,-37
6187,2019-06-18,127,122,-5
6188,2019-06-18,69,53,-16
6189,2019-06-18,31,31,0
6190,2019-06-18,154,94,-60
6191,2019-06-18,83,71,-12
6192,2019-06-18,47,32,-15
6193,2019-06-18,136,119,-17
6194,2019-06-18,196,170,-26
6195,2019-06-18,117,76,-41
6196,2019-06-18,119,92,-27
6197,2019-06-18,59,52,-7
6198,2019-06-18,22,17,-5
6199,2019-06-18,110,83,-27
6200,2019-06-18,101,100,-1
6201,2019-06-18,96,81,-15
6202,2019-06-18,156,137,-19
6203,2019-06-18,155,124,-31
6204,2019-06-18,103,101,-2
6205,2019-06-18,94,70,-24
6206,2019-06-18,170,143,-27
6207,2019-06-18,59,58,-1
6208,2019-06-18,97,85,-12
6209,2019-06-18,148,113,-35
6210,2019-06-18,59,51,-8
6211,2019-06-18,163,145,-18
6212,2019-06-18,124,88,-36
6213,2019-06-18,137,122,-15
6214,2019-06-18,101,77,-24
6216,2019-06-18,164,99,-65
6217,2019-06-18,111,56,-55
6218,2019-06-18,73,58,-15
6219,2019-06-18,83,72,-11
6220,2019-06-18,121,84,-37
6221,2019-06-18,220,180,-40
6222,2019-06-18,109,67,-42
6223,2019-06-18,155,90,-65
6225,2019-06-18,90,81,-9
6226,2019-06-18,39,37,-2
6227,2019-06-18,208,180,-28
6228,2019-06-18,45,37,-8
6229,2019-06-18,67,55,-12
6230,2019-06-18,113,109,-4
6231,2019-06-18,127,107,-20
6232,2019-06-18,39,27,-12
6233,2019-06-18,112,89,-23
6234,2019-06-18,92,67,-25
6235,2019-06-18,75,65,-10
6236,2019-06-18,78,71,-7
6237,2019-06-18,50,61,11
6240,2019-06-18,23,29,6
6241,2019-06-18,69,62,-7
6243,2019-06-18,91,80,-11
6245,2019-06-18,39,43,4
6246,2019-06-18,69,73,4
6247,2019-06-18,178,144,-34
6248,2019-06-18,179,122,-57
6249,2019-06-18,69,47,-22
6250,2019-06-18,69,73,4
6251,2019-06-18,22,26,4
6252,2019-06-18,72,62,-10
6253,2019-06-18,66,46,-20
6254,2019-06-18,61,60,-1
6255,2019-06-18,111,112,1
6257,2019-06-18,45,47,2
6258,2019-06-18,97,87,-10
6259,2019-06-18,52,45,-7
6260,2019-06-18,61,49,-12
6261,2019-06-18,56,57,1
6262,2019-06-18,47,54,7
6263,2019-06-18,25,25,0
6264,2019-06-18,46,48,2
6265,2019-06-18,57,66,9
6266,2019-06-18,47,33,-14
6267,2019-06-18,52,51,-1
6268,2019-06-18,76,60,-16
6269,2019-06-18,25,28,3
6270,2019-06-18,42,43,1
6271,2019-06-18,1,3,2
6272,2019-06-18,34,32,-2
6273,2019-06-18,36,34,-2
6274,2019-06-18,57,57,0
6275,2019-06-18,35,36,1
6276,2019-06-18,48,29,-19
6277,2019-06-18,70,73,3
6278,2019-06-18,21,24,3
6279,2019-06-18,22,22,0
6280,2019-06-18,103,105,2
6281,2019-06-18,23,12,-11
6301,2019-06-18,27,30,3
6302,2019-06-18,32,20,-12
6303,2019-06-18,29,21,-8
6304,2019-06-18,15,14,-1
6305,2019-06-18,33,26,-7
6306,2019-06-18,77,26,-51
6307,2019-06-18,92,86,-6
6309,2019-06-18,26,34,8
6310,2019-06-18,94,41,-53
6311,2019-06-18,40,34,-6
6312,2019-06-18,34,36,2
6313,2019-06-18,69,79,10
6314,2019-06-18,82,70,-12
6315,2019-06-18,93,49,-44
6316,2019-06-18,65,16,-49
6321,2019-06-18,127,116,-11
6322,2019-06-18,37,33,-4
6323,2019-06-18,24,16,-8
6324,2019-06-18,35,44,9
6327,2019-06-18,47,33,-14
6328,2019-06-18,54,42,-12
6329,2019-06-18,30,31,1
6330,2019-06-18,35,28,-7
6331,2019-06-18,19,23,4
6332,2019-06-18,32,40,8
6333,2019-06-18,26,27,1
6334,2019-06-18,84,83,-1
6335,2019-06-18,31,26,-5
6336,2019-06-18,47,39,-8
6338,2019-06-18,33,25,-8
6339,2019-06-18,28,22,-6
6340,2019-06-18,52,48,-4
6343,2019-06-18,47,47,0
6345,2019-06-18,24,24,0
6346,2019-06-18,30,17,-13
6347,2019-06-18,30,30,0
6349,2019-06-18,27,47,20
6350,2019-06-18,62,68,6
6354,2019-06-18,36,37,1
6355,2019-06-18,34,36,2
6356,2019-06-18,35,25,-10
6357,2019-06-18,23,17,-6
6358,2019-06-18,28,29,1
6359,2019-06-18,134,161,27
6360,2019-06-18,29,33,4
6361,2019-06-18,48,49,1
6362,2019-06-18,35,38,3
6363,2019-06-18,29,33,4
6364,2019-06-18,55,51,-4
6366,2019-06-18,35,28,-7
6367,2019-06-18,31,39,8
6368,2019-06-18,62,70,8
6369,2019-06-18,35,42,7
6370,2019-06-18,38,38,0
6371,2019-06-18,67,65,-2
6372,2019-06-18,89,95,6
6373,2019-06-18,42,42,0
6374,2019-06-18,49,46,-3
6375,2019-06-18,80,91,11
6376,2019-06-18,24,25,1
6377,2019-06-18,38,47,9
6379,2019-06-18,32,41,9
6380,2019-06-18,25,29,4
6381,2019-06-18,81,84,3
6383,2019-06-18,27,24,-3
6384,2019-06-18,27,18,-9
6385,2019-06-18,61,64,3
6386,2019-06-18,63,85,22
6387,2019-06-18,88,102,14
6388,2019-06-18,34,45,11
6389,2019-06-18,73,56,-17
6391,2019-06-18,77,108,31
6393,2019-06-18,81,105,24
6394,2019-06-18,70,104,34
6395,2019-06-18,100,85,-15
6396,2019-06-18,85,93,8
6397,2019-06-18,52,84,32
6398,2019-06-18,28,42,14
6401,2019-06-18,63,80,17
6402,2019-06-18,56,70,14
6403,2019-06-18,19,31,12
6404,2019-06-18,18,36,18
6405,2019-06-18,30,58,28
6406,2019-06-18,116,155,39
6407,2019-06-18,26,28,2
6408,2019-06-18,57,64,7
6409,2019-06-18,23,19,-4
6410,2019-06-18,45,57,12
6411,2019-06-18,139,121,-18
6412,2019-06-18,31,37,6
6413,2019-06-18,31,66,35
6414,2019-06-18,18,33,15
6415,2019-06-18,36,43,7
6416,2019-06-18,18,10,-8
6417,2019-06-18,40,42,2
6418,2019-06-18,13,12,-1
6419,2019-06-18,11,18,7
6420,2019-06-18,30,32,2
6421,2019-06-18,43,40,-3
6422,2019-06-18,19,15,-4
6423,2019-06-18,35,25,-10
6424,2019-06-18,40,72,32
6425,2019-06-18,53,71,18
6426,2019-06-18,88,102,14
6427,2019-06-18,64,81,17
6428,2019-06-18,19,26,7
6429,2019-06-18,48,52,4
6432,2019-06-18,110,107,-3
6433,2019-06-18,42,37,-5
6434,2019-06-18,83,84,1
6435,2019-06-18,55,45,-10
6436,2019-06-18,35,34,-1
6501,2019-06-18,100,109,9
6502,2019-06-18,29,40,11
6503,2019-06-18,76,76,0
6504,2019-06-18,31,33,2
6700,2019-06-18,43,59,16
6701,2019-06-18,75,76,1
6702,2019-06-18,18,20,2
6703,2019-06-18,45,45,0
6704,2019-06-18,35,32,-3
6705,2019-06-18,19,28,9
6706,2019-06-18,25,31,6
6707,2019-06-18,30,30,0
6708,2019-06-18,76,107,31
6709,2019-06-18,34,34,0
6710,2019-06-18,21,20,-1
6711,2019-06-18,24,30,6
6712,2019-06-18,20,21,1
6713,2019-06-18,19,15,-4
6714,2019-06-18,4,3,-1
6715,2019-06-18,34,33,-1
6716,2019-06-18,14,16,2
6717,2019-06-18,16,25,9
6718,2019-06-18,32,34,2
6719,2019-06-18,24,27,3
6720,2019-06-18,38,34,-4
6721,2019-06-18,24,25,1
6722,2019-06-18,15,18,3
6723,2019-06-18,26,31,5
6724,2019-06-18,58,93,35
6725,2019-06-18,41,46,5
6726,2019-06-18,13,15,2
6727,2019-06-18,115,122,7
6728,2019-06-18,13,14,1
6729,2019-06-18,145,157,12
6730,2019-06-18,11,21,10
6731,2019-06-18,13,17,4
6732,2019-06-18,45,44,-1
6733,2019-06-18,36,29,-7
6734,2019-06-18,48,54,6
6735,2019-06-18,14,10,-4
6736,2019-06-18,27,27,0
6737,2019-06-18,25,24,-1
6738,2019-06-18,84,103,19
6739,2019-06-18,12,13,1
6741,2019-06-18,25,28,3
6742,2019-06-18,70,64,-6
6743,2019-06-18,53,35,-18
6744,2019-06-18,31,34,3
6745,2019-06-18,26,21,-5
6746,2019-06-18,22,30,8
6747,2019-06-18,70,74,4
6748,2019-06-18,99,118,19
6749,2019-06-18,38,39,1
6750,2019-06-18,60,47,-13
6752,2019-06-18,23,26,3
6753,2019-06-18,25,27,2
6754,2019-06-18,23,24,1
6901,2019-06-18,37,56,19
6902,2019-06-18,36,58,22
6903,2019-06-18,90,91,1
6904,2019-06-18,51,43,-8
6905,2019-06-18,47,39,-8
6906,2019-06-18,187,83,-104
6907,2019-06-18,110,82,-28
6908,2019-06-18,55,55,0
6912,2019-06-18,241,162,-79
6913,2019-06-18,79,53,-26
6915,2019-06-18,79,77,-2
6916,2019-06-18,44,41,-3
6917,2019-06-18,11,19,8
6918,2019-06-18,50,28,-22
6919,2019-06-18,30,22,-8
6921,2019-06-18,92,97,5
6923,2019-06-18,43,52,9
6924,2019-06-18,27,24,-3
6925,2019-06-18,51,45,-6
6926,2019-06-18,79,72,-7
6927,2019-06-18,86,49,-37
6928,2019-06-18,49,17,-32
6929,2019-06-18,41,32,-9
6930,2019-06-18,32,30,-2
7001,2019-06-18,47,47,0
7002,2019-06-18,16,23,7
7003,2019-06-18,99,82,-17
7004,2019-06-18,20,25,5
7005,2019-06-18,5,12,7
7006,2019-06-18,23,30,7
7007,2019-06-18,10,16,6
7008,2019-06-18,31,28,-3
7009,2019-06-18,93,123,30
7010,2019-06-18,19,21,2
7011,2019-06-18,64,81,17
7012,2019-06-18,51,61,10
7013,2019-06-18,30,35,5
7014,2019-06-18,72,34,-38
7015,2019-06-18,19,24,5
7016,2019-06-18,25,24,-1
7017,2019-06-18,39,48,9
7018,2019-06-18,37,46,9
7019,2019-06-18,127,131,4
7020,2019-06-18,34,41,7
7021,2019-06-18,53,51,-2
7022,2019-06-18,50,36,-14
7023,2019-06-18,7,10,3
7024,2019-06-18,37,29,-8
7025,2019-06-18,50,52,2
7026,2019-06-18,76,81,5
7027,2019-06-18,47,42,-5
7028,2019-06-18,96,90,-6
7029,2019-06-18,41,56,15
7030,2019-06-18,63,69,6
7031,2019-06-18,55,57,2
7032,2019-06-18,130,66,-64
7033,2019-06-18,72,66,-6
7034,2019-06-18,33,51,18
7035,2019-06-18,54,55,1
7036,2019-06-18,51,36,-15
7037,2019-06-18,73,55,-18
7038,2019-06-18,66,72,6
7039,2019-06-18,32,34,2
7040,2019-06-18,83,98,15
7041,2019-06-18,141,127,-14
7042,2019-06-18,37,50,13
7043,2019-06-18,28,33,5
7044,2019-06-18,18,17,-1
7045,2019-06-18,77,78,1
7046,2019-06-18,123,112,-11
7047,2019-06-18,127,198,71
7048,2019-06-18,22,22,0
7049,2019-06-18,13,34,21
7050,2019-06-18,47,44,-3
7051,2019-06-18,17,27,10
7052,2019-06-18,63,63,0
7053,2019-06-18,45,50,5
7054,2019-06-18,71,82,11
7055,2019-06-18,21,33,12
7056,2019-06-18,25,20,-5
7057,2019-06-18,44,58,14
7058,2019-06-18,51,47,-4
7059,2019-06-18,31,39,8
7060,2019-06-18,25,41,16
7061,2019-06-18,29,30,1
7062,2019-06-18,63,67,4
7063,2019-06-18,32,17,-15
7064,2019-06-18,33,37,4
7065,2019-06-18,53,48,-5
7066,2019-06-18,55,117,62
7067,2019-06-18,73,83,10
7068,2019-06-18,79,110,31
7069,2019-06-18,96,112,16
7070,2019-06-18,34,39,5
7071,2019-06-18,54,50,-4
7072,2019-06-18,63,52,-11
7073,2019-06-18,47,51,4
7074,2019-06-18,46,44,-2
7075,2019-06-18,9,14,5
7076,2019-06-18,78,71,-7
7077,2019-06-18,44,47,3
7078,2019-06-18,32,42,10
7079,2019-06-18,30,39,9
7080,2019-06-18,90,101,11
7081,2019-06-18,88,88,0
7082,2019-06-18,83,107,24
7083,2019-06-18,68,56,-12
7084,2019-06-18,87,88,1
7085,2019-06-18,1,1,0
7086,2019-06-18,1,1,0
7087,2019-06-18,6,6,0
7090,2019-06-18,16,19,3
7091,2019-06-18,9,15,6
7092,2019-06-18,18,18,0
7093,2019-06-18,4,6,2
7094,2019-06-18,4,6,2
7095,2019-06-18,21,18,-3
7096,2019-06-18,35,37,2
7097,2019-06-18,9,9,0
7098,2019-06-18,4,7,3
7099,2019-06-18,3,9,6
7100,2019-06-18,1,2,1
7101,2019-06-18,18,9,-9
7102,2019-06-18,18,23,5
7103,2019-06-18,17,15,-2
7104,2019-06-18,5,2,-3
7105,2019-06-18,15,13,-2
7106,2019-06-18,2,4,2
7107,2019-06-18,9,11,2
7108,2019-06-18,16,18,2
7109,2019-06-18,8,10,2
7110,2019-06-18,14,15,1
7111,2019-06-18,2,2,0
7112,2019-06-18,11,14,3
7113,2019-06-18,58,60,2
7114,2019-06-18,91,103,12
7115,2019-06-18,19,15,-4
7116,2019-06-18,22,17,-5
7117,2019-06-18,5,4,-1
7118,2019-06-18,1,1,0
7119,2019-06-18,12,16,4
7120,2019-06-18,6,16,10
7121,2019-06-18,11,10,-1
7122,2019-06-18,8,4,-4
7123,2019-06-18,2,1,-1
7124,2019-06-18,24,16,-8
7125,2019-06-18,23,19,-4
7126,2019-06-18,9,5,-4
7127,2019-06-18,30,40,10
7128,2019-06-18,20,12,-8
7129,2019-06-18,7,15,8
7130,2019-06-18,16,12,-4
7131,2019-06-18,5,4,-1
7132,2019-06-18,8,6,-2
7133,2019-06-18,6,7,1
7134,2019-06-18,8,8,0
7135,2019-06-18,4,9,5
7136,2019-06-18,6,7,1
7137,2019-06-18,9,7,-2
7138,2019-06-18,2,3,1
7140,2019-06-18,27,27,0
7141,2019-06-18,29,38,9
7142,2019-06-18,13,17,4
7143,2019-06-18,16,20,4
7144,2019-06-18,42,60,18
7145,2019-06-18,18,25,7
7147,2019-06-18,43,55,12
7148,2019-06-18,13,12,-1
7149,2019-06-18,12,10,-2
10002,2019-06-18,87,105,18
4000,2019-06-19,71,93,22
4001,2019-06-19,7,15,8
4002,2019-06-19,21,21,0
5002,2019-06-19,4,2,-2
5003,2019-06-19,4,5,1
5004,2019-06-19,6,5,-1
5005,2019-06-19,4,6,2
5006,2019-06-19,7,10,3
5007,2019-06-19,25,27,2
6001,2019-06-19,64,93,29
6002,2019-06-19,65,76,11
6003,2019-06-19,89,136,47
6004,2019-06-19,81,90,9
6005,2019-06-19,123,136,13
6006,2019-06-19,49,32,-17
6007,2019-06-19,59,49,-10
6008,2019-06-19,72,102,30
6009,2019-06-19,124,125,1
6011,2019-06-19,77,95,18
6012,2019-06-19,335,556,221
6013,2019-06-19,98,143,45
6014,2019-06-19,94,117,23
6015,2019-06-19,214,339,125
6016,2019-06-19,25,20,-5
6017,2019-06-19,54,82,28
6018,2019-06-19,57,72,15
6019,2019-06-19,162,93,-69
6020,2019-06-19,75,127,52
6021,2019-06-19,94,66,-28
6022,2019-06-19,88,90,2
6023,2019-06-19,158,202,44
6024,2019-06-19,4,8,4
6025,2019-06-19,44,43,-1
6026,2019-06-19,162,186,24
6027,2019-06-19,182,188,6
6029,2019-06-19,32,58,26
6031,2019-06-19,40,57,17
6032,2019-06-19,70,169,99
6033,2019-06-19,25,21,-4
6034,2019-06-19,60,97,37
6035,2019-06-19,24,61,37
6036,2019-06-19,198,331,133
6037,2019-06-19,69,69,0
6038,2019-06-19,120,138,18
6039,2019-06-19,100,106,6
6040,2019-06-19,82,82,0
6041,2019-06-19,76,86,10
6042,2019-06-19,114,116,2
6043,2019-06-19,251,440,189
6044,2019-06-19,91,93,2
6046,2019-06-19,130,137,7
6047,2019-06-19,77,49,-28
6048,2019-06-19,66,68,2
6049,2019-06-19,119,121,2
6050,2019-06-19,51,63,12
6051,2019-06-19,56,45,-11
6052,2019-06-19,281,401,120
6053,2019-06-19,276,284,8
6057,2019-06-19,97,96,-1
6058,2019-06-19,95,71,-24
6059,2019-06-19,79,79,0
6060,2019-06-19,35,35,0
6061,2019-06-19,46,38,-8
6062,2019-06-19,51,54,3
6063,2019-06-19,124,95,-29
6064,2019-06-19,214,190,-24
6065,2019-06-19,77,59,-18
6066,2019-06-19,43,23,-20
6067,2019-06-19,46,63,17
6068,2019-06-19,16,15,-1
6070,2019-06-19,200,146,-54
6072,2019-06-19,83,72,-11
6073,2019-06-19,311,259,-52
6075,2019-06-19,34,16,-18
6076,2019-06-19,24,31,7
6078,2019-06-19,41,68,27
6079,2019-06-19,91,71,-20
6080,2019-06-19,185,177,-8
6081,2019-06-19,127,126,-1
6082,2019-06-19,31,25,-6
6083,2019-06-19,216,250,34
6084,2019-06-19,63,71,8
6085,2019-06-19,112,180,68
6086,2019-06-19,26,51,25
6087,2019-06-19,136,161,25
6088,2019-06-19,83,90,7
6089,2019-06-19,56,56,0
6090,2019-06-19,49,42,-7
6091,2019-06-19,38,33,-5
6092,2019-06-19,80,80,0
6093,2019-06-19,40,28,-12
6094,2019-06-19,39,38,-1
6095,2019-06-19,159,147,-12
6096,2019-06-19,52,87,35
6097,2019-06-19,90,53,-37
6098,2019-06-19,76,64,-12
6099,2019-06-19,133,144,11
6100,2019-06-19,8,9,1
6101,2019-06-19,64,27,-37
6103,2019-06-19,24,29,5
6104,2019-06-19,100,119,19
6105,2019-06-19,62,78,16
6106,2019-06-19,31,37,6
6107,2019-06-19,116,118,2
6108,2019-06-19,70,71,1
6109,2019-06-19,22,28,6
6110,2019-06-19,43,48,5
6111,2019-06-19,59,73,14
6112,2019-06-19,113,118,5
6113,2019-06-19,78,82,4
6114,2019-06-19,186,226,40
6115,2019-06-19,25,38,13
6116,2019-06-19,73,104,31
6118,2019-06-19,95,116,21
6119,2019-06-19,90,105,15
6120,2019-06-19,63,105,42
6121,2019-06-19,40,73,33
6122,2019-06-19,21,33,12
6123,2019-06-19,37,45,8
6124,2019-06-19,59,86,27
6125,2019-06-19,36,28,-8
6126,2019-06-19,53,71,18
6127,2019-06-19,72,69,-3
6128,2019-06-19,26,29,3
6129,2019-06-19,76,66,-10
6130,2019-06-19,39,35,-4
6131,2019-06-19,95,64,-31
6132,2019-06-19,83,91,8
6133,2019-06-19,87,75,-12
6134,2019-06-19,50,51,1
6136,2019-06-19,295,214,-81
6137,2019-06-19,108,111,3
6138,2019-06-19,111,101,-10
6139,2019-06-19,60,53,-7
6140,2019-06-19,109,117,8
6141,2019-06-19,61,62,1
6142,2019-06-19,134,103,-31
6143,2019-06-19,182,145,-37
6145,2019-06-19,102,91,-11
6146,2019-06-19,77,63,-14
6147,2019-06-19,140,75,-65
6148,2019-06-19,169,117,-52
6149,2019-06-19,48,46,-2
6150,2019-06-19,72,75,3
6151,2019-06-19,82,90,8
6152,2019-06-19,167,153,-14
6153,2019-06-19,78,69,-9
6154,2019-06-19,195,198,3
6155,2019-06-19,190,155,-35
6156,2019-06-19,80,73,-7
6157,2019-06-19,156,119,-37
6158,2019-06-19,104,90,-14
6159,2019-06-19,30,31,1
6160,2019-06-19,73,55,-18
6161,2019-06-19,52,46,-6
6162,2019-06-19,14,21,7
6163,2019-06-19,117,127,10
6164,2019-06-19,101,128,27
6165,2019-06-19,133,156,23
6166,2019-06-19,119,75,-44
6167,2019-06-19,49,48,-1
6168,2019-06-19,49,44,-5
6169,2019-06-19,194,141,-53
6170,2019-06-19,111,104,-7
6171,2019-06-19,58,64,6
6173,2019-06-19,107,64,-43
6174,2019-06-19,118,92,-26
6175,2019-06-19,96,46,-50
6176,2019-06-19,108,105,-3
6177,2019-06-19,91,84,-7
6178,2019-06-19,129,123,-6
6179,2019-06-19,102,101,-1
6180,2019-06-19,69,64,-5
6181,2019-06-19,133,89,-44
6182,2019-06-19,75,55,-20
6183,2019-06-19,100,84,-16
6184,2019-06-19,231,235,4
6185,2019-06-19,22,23,1
6186,2019-06-19,84,56,-28
6187,2019-06-19,127,123,-4
6188,2019-06-19,69,60,-9
6189,2019-06-19,23,17,-6
6190,2019-06-19,129,108,-21
6191,2019-06-19,72,72,0
6192,2019-06-19,49,43,-6
6193,2019-06-19,131,126,-5
6194,2019-06-19,223,178,-45
6195,2019-06-19,104,65,-39
6196,2019-06-19,155,117,-38
6197,2019-06-19,61,51,-10
6198,2019-06-19,25,20,-5
6199,2019-06-19,149,101,-48
6200,2019-06-19,106,96,-10
6201,2019-06-19,86,73,-13
6202,2019-06-19,145,117,-28
6203,2019-06-19,128,114,-14
6204,2019-06-19,111,111,0
6205,2019-06-19,102,90,-12
6206,2019-06-19,159,146,-13
6207,2019-06-19,52,50,-2
6208,2019-06-19,78,81,3
6209,2019-06-19,168,129,-39
6210,2019-06-19,64,59,-5
6211,2019-06-19,167,153,-14
6212,2019-06-19,117,86,-31
6213,2019-06-19,134,127,-7
6214,2019-06-19,99,70,-29
6216,2019-06-19,136,74,-62
6217,2019-06-19,135,96,-39
6218,2019-06-19,87,79,-8
6219,2019-06-19,77,67,-10
6220,2019-06-19,124,94,-30
6221,2019-06-19,207,166,-41
6222,2019-06-19,130,82,-48
6223,2019-06-19,84,84,0
6225,2019-06-19,99,81,-18
6226,2019-06-19,42,42,0
6227,2019-06-19,157,169,12
6228,2019-06-19,22,20,-2
6229,2019-06-19,74,64,-10
6230,2019-06-19,92,77,-15
6231,2019-06-19,112,109,-3
6232,2019-06-19,37,34,-3
6233,2019-06-19,118,91,-27
6234,2019-06-19,75,76,1
6235,2019-06-19,96,86,-10
6236,2019-06-19,102,97,-5
6237,2019-06-19,72,63,-9
6240,2019-06-19,29,32,3
6241,2019-06-19,70,64,-6
6243,2019-06-19,86,72,-14
6245,2019-06-19,57,50,-7
6246,2019-06-19,80,67,-13
6247,2019-06-19,141,113,-28
6248,2019-06-19,136,113,-23
6249,2019-06-19,70,58,-12
6250,2019-06-19,117,99,-18
6251,2019-06-19,27,25,-2
6252,2019-06-19,58,54,-4
6253,2019-06-19,72,54,-18
6254,2019-06-19,71,64,-7
6255,2019-06-19,118,121,3
6257,2019-06-19,57,53,-4
6258,2019-06-19,123,93,-30
6259,2019-06-19,53,41,-12
6260,2019-06-19,63,57,-6
6261,2019-06-19,48,51,3
6262,2019-06-19,56,57,1
6263,2019-06-19,22,22,0
6264,2019-06-19,49,48,-1
6265,2019-06-19,62,58,-4
6266,2019-06-19,38,31,-7
6267,2019-06-19,50,50,0
6268,2019-06-19,77,69,-8
6269,2019-06-19,32,34,2
6270,2019-06-19,51,43,-8
6271,2019-06-19,1,1,0
6272,2019-06-19,36,37,1
6273,2019-06-19,49,46,-3
6274,2019-06-19,61,42,-19
6275,2019-06-19,43,40,-3
6276,2019-06-19,48,44,-4
6277,2019-06-19,62,62,0
6278,2019-06-19,22,23,1
6279,2019-06-19,31,23,-8
6280,2019-06-19,92,90,-2
6281,2019-06-19,28,19,-9
6301,2019-06-19,35,25,-10
6302,2019-06-19,23,17,-6
6303,2019-06-19,30,26,-4
6304,2019-06-19,18,16,-2
6305,2019-06-19,24,20,-4
6306,2019-06-19,52,15,-37
6307,2019-06-19,99,88,-11
6309,2019-06-19,29,30,1
6310,2019-06-19,100,45,-55
6311,2019-06-19,40,29,-11
6312,2019-06-19,32,36,4
6313,2019-06-19,66,78,12
6314,2019-06-19,66,76,10
6315,2019-06-19,103,55,-48
6316,2019-06-19,66,29,-37
6321,2019-06-19,132,114,-18
6322,2019-06-19,38,34,-4
6323,2019-06-19,24,16,-8
6324,2019-06-19,27,33,6
6327,2019-06-19,53,32,-21
6328,2019-06-19,53,47,-6
6329,2019-06-19,37,42,5
6330,2019-06-19,32,33,1
6331,2019-06-19,32,25,-7
6332,2019-06-19,48,42,-6
6333,2019-06-19,22,24,2
6334,2019-06-19,86,104,18
6335,2019-06-19,37,43,6
6336,2019-06-19,38,33,-5
6338,2019-06-19,41,37,-4
6339,2019-06-19,40,37,-3
6340,2019-06-19,39,33,-6
6343,2019-06-19,43,42,-1
6345,2019-06-19,25,21,-4
6346,2019-06-19,22,17,-5
6347,2019-06-19,35,34,-1
6349,2019-06-19,39,45,6
6350,2019-06-19,61,68,7
6354,2019-06-19,45,40,-5
6355,2019-06-19,39,46,7
6356,2019-06-19,48,24,-24
6357,2019-06-19,16,22,6
6358,2019-06-19,31,31,0
6359,2019-06-19,82,108,26
6360,2019-06-19,36,34,-2
6361,2019-06-19,58,59,1
6362,2019-06-19,46,36,-10
6363,2019-06-19,38,37,-1
6364,2019-06-19,65,62,-3
6366,2019-06-19,45,43,-2
6367,2019-06-19,26,27,1
6368,2019-06-19,58,73,15
6369,2019-06-19,31,49,18
6370,2019-06-19,34,29,-5
6371,2019-06-19,72,85,13
6372,2019-06-19,122,125,3
6373,2019-06-19,56,51,-5
6374,2019-06-19,55,55,0
6375,2019-06-19,77,92,15
6376,2019-06-19,27,19,-8
6377,2019-06-19,35,43,8
6379,2019-06-19,30,37,7
6380,2019-06-19,30,28,-2
6381,2019-06-19,72,70,-2
6383,2019-06-19,36,33,-3
6384,2019-06-19,25,19,-6
6385,2019-06-19,60,64,4
6386,2019-06-19,87,107,20
6387,2019-06-19,89,100,11
6388,2019-06-19,40,34,-6
6389,2019-06-19,50,36,-14
6391,2019-06-19,74,93,19
6393,2019-06-19,76,97,21
6394,2019-06-19,85,126,41
6395,2019-06-19,73,72,-1
6396,2019-06-19,115,122,7
6397,2019-06-19,64,77,13
6398,2019-06-19,33,46,13
6401,2019-06-19,77,82,5
6402,2019-06-19,60,59,-1
6403,2019-06-19,23,39,16
6404,2019-06-19,21,33,12
6405,2019-06-19,33,41,8
6406,2019-06-19,130,162,32
6407,2019-06-19,20,35,15
6408,2019-06-19,58,60,2
6409,2019-06-19,22,31,9
6410,2019-06-19,57,52,-5
6411,2019-06-19,148,133,-15
6412,2019-06-19,29,33,4
6413,2019-06-19,37,57,20
6414,2019-06-19,30,36,6
6415,2019-06-19,28,28,0
6416,2019-06-19,32,14,-18
6417,2019-06-19,31,31,0
6418,2019-06-19,11,8,-3
6419,2019-06-19,8,17,9
6420,2019-06-19,31,29,-2
6421,2019-06-19,37,27,-10
6422,2019-06-19,15,27,12
6423,2019-06-19,23,14,-9
6424,2019-06-19,55,86,31
6425,2019-06-19,38,57,19
6426,2019-06-19,72,81,9
6427,2019-06-19,64,74,10
6428,2019-06-19,18,21,3
6429,2019-06-19,41,51,10
6432,2019-06-19,105,106,1
6433,2019-06-19,36,33,-3
6434,2019-06-19,88,85,-3
6435,2019-06-19,48,50,2
6436,2019-06-19,37,30,-7
6501,2019-06-19,113,106,-7
6502,2019-06-19,26,34,8
6503,2019-06-19,81,74,-7
6504,2019-06-19,29,28,-1
6700,2019-06-19,30,45,15
6701,2019-06-19,81,76,-5
6702,2019-06-19,22,24,2
6703,2019-06-19,56,56,0
6704,2019-06-19,30,22,-8
6705,2019-06-19,18,25,7
6706,2019-06-19,32,32,0
6707,2019-06-19,46,38,-8
6708,2019-06-19,56,123,67
6709,2019-06-19,32,33,1
6710,2019-06-19,19,22,3
6711,2019-06-19,26,27,1
6712,2019-06-19,24,25,1
6713,2019-06-19,26,27,1
6714,2019-06-19,9,8,-1
6715,2019-06-19,29,34,5
6716,2019-06-19,19,10,-9
6717,2019-06-19,16,21,5
6718,2019-06-19,33,37,4
6719,2019-06-19,31,31,0
6720,2019-06-19,34,37,3
6721,2019-06-19,19,28,9
6722,2019-06-19,15,21,6
6723,2019-06-19,23,24,1
6724,2019-06-19,76,91,15
6725,2019-06-19,44,43,-1
6726,2019-06-19,9,16,7
6727,2019-06-19,113,112,-1
6728,2019-06-19,23,13,-10
6729,2019-06-19,132,136,4
6730,2019-06-19,25,16,-9
6731,2019-06-19,25,15,-10
6732,2019-06-19,48,53,5
6733,2019-06-19,45,45,0
6734,2019-06-19,53,47,-6
6735,2019-06-19,13,13,0
6736,2019-06-19,30,29,-1
6737,2019-06-19,29,34,5
6738,2019-06-19,114,92,-22
6739,2019-06-19,15,13,-2
6741,2019-06-19,22,25,3
6742,2019-06-19,68,73,5
6743,2019-06-19,65,32,-33
6744,2019-06-19,36,33,-3
6745,2019-06-19,28,24,-4
6746,2019-06-19,26,19,-7
6747,2019-06-19,50,61,11
6748,2019-06-19,81,107,26
6749,2019-06-19,50,51,1
6750,2019-06-19,37,33,-4
6752,2019-06-19,16,29,13
6753,2019-06-19,19,19,0
6754,2019-06-19,21,30,9
6901,2019-06-19,39,58,19
6902,2019-06-19,70,92,22
6903,2019-06-19,115,87,-28
6904,2019-06-19,43,42,-1
6905,2019-06-19,53,55,2
6906,2019-06-19,174,99,-75
6907,2019-06-19,130,94,-36
6908,2019-06-19,67,59,-8
6912,2019-06-19,221,165,-56
6913,2019-06-19,56,38,-18
6915,2019-06-19,97,83,-14
6916,2019-06-19,35,40,5
6917,2019-06-19,25,24,-1
6918,2019-06-19,40,26,-14
6919,2019-06-19,31,19,-12
6921,2019-06-19,74,76,2
6923,2019-06-19,54,50,-4
6924,2019-06-19,22,22,0
6925,2019-06-19,46,45,-1
6926,2019-06-19,76,69,-7
6927,2019-06-19,98,61,-37
6928,2019-06-19,62,18,-44
6929,2019-06-19,42,26,-16
6930,2019-06-19,33,27,-6
7001,2019-06-19,33,40,7
7002,2019-06-19,18,25,7
7003,2019-06-19,148,132,-16
7004,2019-06-19,24,22,-2
7005,2019-06-19,8,9,1
7006,2019-06-19,25,27,2
7007,2019-06-19,10,25,15
7008,2019-06-19,32,32,0
7009,2019-06-19,96,109,13
7010,2019-06-19,20,22,2
7011,2019-06-19,75,88,13
7012,2019-06-19,51,62,11
7013,2019-06-19,25,27,2
7014,2019-06-19,88,46,-42
7015,2019-06-19,17,16,-1
7016,2019-06-19,14,22,8
7017,2019-06-19,44,55,11
7018,2019-06-19,32,52,20
7019,2019-06-19,117,111,-6
7020,2019-06-19,27,30,3
7021,2019-06-19,58,50,-8
7022,2019-06-19,49,43,-6
7023,2019-06-19,7,7,0
7024,2019-06-19,26,19,-7
7025,2019-06-19,53,43,-10
7026,2019-06-19,73,83,10
7027,2019-06-19,46,51,5
7028,2019-06-19,98,95,-3
7029,2019-06-19,49,64,15
7030,2019-06-19,59,65,6
7031,2019-06-19,58,50,-8
7032,2019-06-19,105,70,-35
7033,2019-06-19,85,65,-20
7034,2019-06-19,43,46,3
7035,2019-06-19,59,57,-2
7036,2019-06-19,61,51,-10
7037,2019-06-19,58,50,-8
7038,2019-06-19,87,74,-13
7039,2019-06-19,40,33,-7
7040,2019-06-19,80,91,11
7041,2019-06-19,180,174,-6
7042,2019-06-19,42,42,0
7043,2019-06-19,34,23,-11
7044,2019-06-19,17,15,-2
7045,2019-06-19,64,62,-2
7046,2019-06-19,126,124,-2
7047,2019-06-19,145,189,44
7048,2019-06-19,23,34,11
7049,2019-06-19,14,17,3
7050,2019-06-19,35,41,6
7051,2019-06-19,14,16,2
7052,2019-06-19,69,72,3
7053,2019-06-19,33,41,8
7054,2019-06-19,65,85,20
7055,2019-06-19,19,27,8
7056,2019-06-19,12,19,7
7057,2019-06-19,41,57,16
7058,2019-06-19,43,47,4
7059,2019-06-19,34,43,9
7060,2019-06-19,32,37,5
7061,2019-06-19,36,31,-5
7062,2019-06-19,51,60,9
7063,2019-06-19,26,31,5
7064,2019-06-19,24,37,13
7065,2019-06-19,49,39,-10
7066,2019-06-19,73,136,63
7067,2019-06-19,69,78,9
7068,2019-06-19,76,97,21
7069,2019-06-19,119,146,27
7070,2019-06-19,44,46,2
7071,2019-06-19,66,45,-21
7072,2019-06-19,47,38,-9
7073,2019-06-19,49,59,10
7074,2019-06-19,56,59,3
7075,2019-06-19,14,16,2
7076,2019-06-19,85,74,-11
7077,2019-06-19,37,50,13
7078,2019-06-19,24,30,6
7079,2019-06-19,44,55,11
7080,2019-06-19,73,69,-4
7081,2019-06-19,102,121,19
7082,2019-06-19,85,105,20
7083,2019-06-19,64,71,7
7084,2019-06-19,69,68,-1
7086,2019-06-19,1,1,0
7087,2019-06-19,2,0,-2
7088,2019-06-19,1,3,2
7090,2019-06-19,21,25,4
7091,2019-06-19,6,8,2
7092,2019-06-19,12,11,-1
7093,2019-06-19,8,7,-1
7094,2019-06-19,3,9,6
7095,2019-06-19,28,28,0
7096,2019-06-19,31,38,7
7097,2019-06-19,5,12,7
7098,2019-06-19,4,6,2
7099,2019-06-19,5,7,2
7100,2019-06-19,4,5,1
7101,2019-06-19,8,8,0
7102,2019-06-19,14,19,5
7103,2019-06-19,7,5,-2
7104,2019-06-19,2,5,3
7105,2019-06-19,8,9,1
7106,2019-06-19,4,10,6
7107,2019-06-19,5,4,-1
7108,2019-06-19,23,24,1
7109,2019-06-19,8,11,3
7110,2019-06-19,10,9,-1
7111,2019-06-19,3,3,0
7112,2019-06-19,13,11,-2
7113,2019-06-19,53,54,1
7114,2019-06-19,110,130,20
7115,2019-06-19,15,15,0
7116,2019-06-19,17,16,-1
7117,2019-06-19,5,7,2
7118,2019-06-19,4,5,1
7119,2019-06-19,11,16,5
7120,2019-06-19,5,8,3
7121,2019-06-19,9,9,0
7122,2019-06-19,7,9,2
7123,2019-06-19,3,3,0
7124,2019-06-19,27,19,-8
7125,2019-06-19,20,23,3
7126,2019-06-19,9,11,2
7127,2019-06-19,32,31,-1
7128,2019-06-19,18,22,4
7129,2019-06-19,19,22,3
7130,2019-06-19,18,16,-2
7131,2019-06-19,10,6,-4
7132,2019-06-19,5,8,3
7133,2019-06-19,6,8,2
7134,2019-06-19,5,4,-1
7135,2019-06-19,3,3,0
7136,2019-06-19,11,5,-6
7137,2019-06-19,9,9,0
7138,2019-06-19,6,6,0
7140,2019-06-19,23,23,0
7141,2019-06-19,45,48,3
7142,2019-06-19,5,18,13
7143,2019-06-19,19,23,4
7144,2019-06-19,36,46,10
7145,2019-06-19,14,19,5
7147,2019-06-19,45,47,2
7148,2019-06-19,11,12,1
7149,2019-06-19,14,18,4
10002,2019-06-19,117,137,20
4000,2019-06-20,35,42,7
4001,2019-06-20,4,5,1
4002,2019-06-20,20,14,-6
5002,2019-06-20,1,3,2
5003,2019-06-20,1,1,0
5004,2019-06-20,2,2,0
5005,2019-06-20,2,0,-2
5006,2019-06-20,6,6,0
5007,2019-06-20,9,15,6
6001,2019-06-20,40,78,38
6002,2019-06-20,26,29,3
6003,2019-06-20,54,74,20
6004,2019-06-20,27,48,21
6005,2019-06-20,41,73,32
6006,2019-06-20,32,18,-14
6007,2019-06-20,28,29,1
6008,2019-06-20,40,60,20
6009,2019-06-20,68,67,-1
6011,2019-06-20,51,62,11
6012,2019-06-20,96,196,100
6013,2019-06-20,52,65,13
6014,2019-06-20,49,61,12
6015,2019-06-20,85,144,59
6016,2019-06-20,8,16,8
6017,2019-06-20,26,37,11
6018,2019-06-20,49,42,-7
6019,2019-06-20,107,72,-35
6020,2019-06-20,50,57,7
6021,2019-06-20,61,35,-26
6022,2019-06-20,26,34,8
6023,2019-06-20,56,62,6
6024,2019-06-20,2,2,0
6025,2019-06-20,16,30,14
6026,2019-06-20,43,73,30
6027,2019-06-20,65,113,48
6029,2019-06-20,15,30,15
6031,2019-06-20,17,38,21
6032,2019-06-20,22,113,91
6033,2019-06-20,17,17,0
6034,2019-06-20,33,58,25
6035,2019-06-20,9,39,30
6036,2019-06-20,39,97,58
6037,2019-06-20,31,48,17
6038,2019-06-20,66,90,24
6039,2019-06-20,55,79,24
6040,2019-06-20,32,60,28
6041,2019-06-20,44,64,20
6042,2019-06-20,69,70,1
6043,2019-06-20,94,334,240
6044,2019-06-20,70,63,-7
6046,2019-06-20,81,80,-1
6047,2019-06-20,50,44,-6
6048,2019-06-20,41,44,3
6049,2019-06-20,62,81,19
6050,2019-06-20,24,48,24
6051,2019-06-20,26,32,6
6052,2019-06-20,73,168,95
6053,2019-06-20,101,153,52
6057,2019-06-20,64,65,1
6058,2019-06-20,35,54,19
6059,2019-06-20,37,56,19
6060,2019-06-20,23,23,0
6061,2019-06-20,38,43,5
6062,2019-06-20,44,41,-3
6063,2019-06-20,50,50,0
6064,2019-06-20,61,149,88
6065,2019-06-20,48,35,-13
6066,2019-06-20,26,10,-16
6067,2019-06-20,34,43,9
6068,2019-06-20,8,13,5
6070,2019-06-20,106,103,-3
6072,2019-06-20,42,65,23
6073,2019-06-20,91,184,93
6075,2019-06-20,21,9,-12
6076,2019-06-20,16,14,-2
6078,2019-06-20,23,33,10
6079,2019-06-20,54,39,-15
6080,2019-06-20,91,104,13
6081,2019-06-20,56,57,1
6082,2019-06-20,22,16,-6
6083,2019-06-20,48,136,88
6084,2019-06-20,27,46,19
6085,2019-06-20,63,131,68
6086,2019-06-20,9,7,-2
6087,2019-06-20,84,85,1
6088,2019-06-20,54,46,-8
6089,2019-06-20,33,39,6
6090,2019-06-20,29,31,2
6091,2019-06-20,21,17,-4
6092,2019-06-20,32,50,18
6093,2019-06-20,22,10,-12
6094,2019-06-20,27,23,-4
6095,2019-06-20,82,54,-28
6096,2019-06-20,41,51,10
6097,2019-06-20,47,29,-18
6098,2019-06-20,43,43,0
6099,2019-06-20,59,80,21
6101,2019-06-20,44,10,-34
6102,2019-06-20,3,5,2
6103,2019-06-20,11,20,9
6104,2019-06-20,43,81,38
6105,2019-06-20,31,49,18
6106,2019-06-20,20,27,7
6107,2019-06-20,76,63,-13
6108,2019-06-20,33,41,8
6109,2019-06-20,1,1,0
6110,2019-06-20,22,32,10
6111,2019-06-20,31,37,6
6112,2019-06-20,75,65,-10
6113,2019-06-20,52,42,-10
6114,2019-06-20,86,105,19
6115,2019-06-20,15,20,5
6116,2019-06-20,47,49,2
6118,2019-06-20,54,47,-7
6119,2019-06-20,59,76,17
6120,2019-06-20,39,48,9
6121,2019-06-20,23,28,5
6122,2019-06-20,12,16,4
6123,2019-06-20,15,15,0
6124,2019-06-20,38,51,13
6125,2019-06-20,15,10,-5
6126,2019-06-20,37,27,-10
6127,2019-06-20,34,31,-3
6128,2019-06-20,15,17,2
6129,2019-06-20,39,49,10
6130,2019-06-20,24,17,-7
6131,2019-06-20,64,36,-28
6132,2019-06-20,69,60,-9
6133,2019-06-20,42,36,-6
6134,2019-06-20,32,33,1
6136,2019-06-20,189,160,-29
6137,2019-06-20,55,47,-8
6138,2019-06-20,57,50,-7
6139,2019-06-20,47,23,-24
6140,2019-06-20,57,58,1
6141,2019-06-20,37,13,-24
6142,2019-06-20,63,37,-26
6143,2019-06-20,54,41,-13
6145,2019-06-20,32,28,-4
6146,2019-06-20,32,28,-4
6147,2019-06-20,78,57,-21
6148,2019-06-20,86,72,-14
6149,2019-06-20,26,32,6
6150,2019-06-20,53,43,-10
6151,2019-06-20,54,36,-18
6152,2019-06-20,96,72,-24
6153,2019-06-20,47,55,8
6154,2019-06-20,124,122,-2
6155,2019-06-20,123,72,-51
6156,2019-06-20,51,41,-10
6157,2019-06-20,87,49,-38
6158,2019-06-20,65,49,-16
6159,2019-06-20,21,22,1
6160,2019-06-20,66,40,-26
6161,2019-06-20,20,35,15
6162,2019-06-20,8,9,1
6163,2019-06-20,80,57,-23
6164,2019-06-20,57,70,13
6165,2019-06-20,62,62,0
6166,2019-06-20,49,38,-11
6167,2019-06-20,30,26,-4
6168,2019-06-20,31,29,-2
6169,2019-06-20,102,88,-14
6170,2019-06-20,23,24,1
6171,2019-06-20,25,26,1
6173,2019-06-20,63,30,-33
6174,2019-06-20,61,61,0
6175,2019-06-20,74,34,-40
6176,2019-06-20,59,58,-1
6177,2019-06-20,45,34,-11
6178,2019-06-20,79,65,-14
6179,2019-06-20,64,56,-8
6180,2019-06-20,28,33,5
6181,2019-06-20,79,60,-19
6182,2019-06-20,49,38,-11
6183,2019-06-20,56,39,-17
6184,2019-06-20,154,135,-19
6185,2019-06-20,16,13,-3
6186,2019-06-20,60,41,-19
6187,2019-06-20,88,93,5
6188,2019-06-20,37,28,-9
6189,2019-06-20,19,16,-3
6190,2019-06-20,85,65,-20
6191,2019-06-20,54,39,-15
6192,2019-06-20,40,24,-16
6193,2019-06-20,68,59,-9
6194,2019-06-20,107,76,-31
6195,2019-06-20,90,38,-52
6196,2019-06-20,83,47,-36
6197,2019-06-20,35,46,11
6198,2019-06-20,15,13,-2
6199,2019-06-20,80,76,-4
6200,2019-06-20,78,77,-1
6201,2019-06-20,46,43,-3
6202,2019-06-20,80,74,-6
6203,2019-06-20,75,80,5
6204,2019-06-20,71,73,2
6205,2019-06-20,79,55,-24
6206,2019-06-20,108,90,-18
6207,2019-06-20,39,40,1
6208,2019-06-20,52,56,4
6209,2019-06-20,109,83,-26
6210,2019-06-20,28,41,13
6211,2019-06-20,125,98,-27
6212,2019-06-20,46,24,-22
6213,2019-06-20,77,78,1
6214,2019-06-20,91,40,-51
6216,2019-06-20,67,17,-50
6217,2019-06-20,53,38,-15
6218,2019-06-20,52,34,-18
6219,2019-06-20,43,38,-5
6220,2019-06-20,48,59,11
6221,2019-06-20,148,103,-45
6222,2019-06-20,44,41,-3
6223,2019-06-20,51,25,-26
6225,2019-06-20,59,49,-10
6226,2019-06-20,20,26,6
6227,2019-06-20,92,85,-7
6228,2019-06-20,29,18,-11
6229,2019-06-20,48,33,-15
6230,2019-06-20,52,49,-3
6231,2019-06-20,69,87,18
6232,2019-06-20,40,21,-19
6233,2019-06-20,70,58,-12
6234,2019-06-20,61,50,-11
6235,2019-06-20,59,60,1
6236,2019-06-20,64,48,-16
6237,2019-06-20,38,35,-3
6240,2019-06-20,22,19,-3
6241,2019-06-20,40,29,-11
6243,2019-06-20,71,52,-19
6245,2019-06-20,32,22,-10
6246,2019-06-20,47,41,-6
6247,2019-06-20,74,69,-5
6248,2019-06-20,120,83,-37
6249,2019-06-20,38,32,-6
6250,2019-06-20,44,34,-10
6251,2019-06-20,18,15,-3
6252,2019-06-20,36,23,-13
6253,2019-06-20,38,44,6
6254,2019-06-20,43,28,-15
6255,2019-06-20,72,66,-6
6257,2019-06-20,37,30,-7
6258,2019-06-20,56,41,-15
6259,2019-06-20,23,22,-1
6260,2019-06-20,49,28,-21
6261,2019-06-20,41,28,-13
6262,2019-06-20,35,36,1
6263,2019-06-20,18,20,2
6264,2019-06-20,31,26,-5
6265,2019-06-20,44,31,-13
6266,2019-06-20,15,15,0
6267,2019-06-20,35,34,-1
6268,2019-06-20,51,42,-9
6269,2019-06-20,21,23,2
6270,2019-06-20,29,21,-8
6271,2019-06-20,1,0,-1
6272,2019-06-20,27,20,-7
6273,2019-06-20,19,19,0
6274,2019-06-20,42,28,-14
6275,2019-06-20,25,20,-5
6276,2019-06-20,25,15,-10
6277,2019-06-20,47,46,-1
6278,2019-06-20,15,15,0
6279,2019-06-20,17,16,-1
6280,2019-06-20,78,79,1
6281,2019-06-20,21,11,-10
6301,2019-06-20,16,12,-4
6302,2019-06-20,12,6,-6
6303,2019-06-20,13,9,-4
6304,2019-06-20,11,6,-5
6305,2019-06-20,20,13,-7
6306,2019-06-20,40,15,-25
6307,2019-06-20,45,32,-13
6309,2019-06-20,22,20,-2
6310,2019-06-20,31,13,-18
6311,2019-06-20,30,26,-4
6312,2019-06-20,12,19,7
6313,2019-06-20,33,38,5
6314,2019-06-20,47,42,-5
6315,2019-06-20,44,27,-17
6316,2019-06-20,25,13,-12
6321,2019-06-20,45,44,-1
6322,2019-06-20,20,23,3
6323,2019-06-20,13,17,4
6324,2019-06-20,13,17,4
6327,2019-06-20,29,27,-2
6328,2019-06-20,23,15,-8
6329,2019-06-20,20,17,-3
6330,2019-06-20,13,7,-6
6331,2019-06-20,18,10,-8
6332,2019-06-20,18,22,4
6333,2019-06-20,11,12,1
6334,2019-06-20,65,58,-7
6335,2019-06-20,27,17,-10
6336,2019-06-20,26,19,-7
6338,2019-06-20,15,9,-6
6339,2019-06-20,25,19,-6
6340,2019-06-20,18,12,-6
6343,2019-06-20,30,32,2
6345,2019-06-20,12,12,0
6346,2019-06-20,10,9,-1
6347,2019-06-20,22,21,-1
6349,2019-06-20,32,20,-12
6350,2019-06-20,32,29,-3
6354,2019-06-20,35,14,-21
6355,2019-06-20,30,31,1
6356,2019-06-20,26,15,-11
6357,2019-06-20,9,5,-4
6358,2019-06-20,24,15,-9
6359,2019-06-20,59,69,10
6360,2019-06-20,29,20,-9
6361,2019-06-20,36,26,-10
6362,2019-06-20,27,25,-2
6363,2019-06-20,23,20,-3
6364,2019-06-20,32,21,-11
6366,2019-06-20,20,13,-7
6367,2019-06-20,20,18,-2
6368,2019-06-20,42,38,-4
6369,2019-06-20,20,27,7
6370,2019-06-20,38,18,-20
6371,2019-06-20,53,48,-5
6372,2019-06-20,50,46,-4
6373,2019-06-20,39,17,-22
6374,2019-06-20,35,29,-6
6375,2019-06-20,52,45,-7
6376,2019-06-20,14,10,-4
6377,2019-06-20,27,30,3
6379,2019-06-20,21,20,-1
6380,2019-06-20,22,15,-7
6381,2019-06-20,34,35,1
6383,2019-06-20,26,17,-9
6384,2019-06-20,11,14,3
6385,2019-06-20,39,45,6
6386,2019-06-20,41,70,29
6387,2019-06-20,48,62,14
6388,2019-06-20,24,18,-6
6389,2019-06-20,36,24,-12
6391,2019-06-20,40,49,9
6393,2019-06-20,33,58,25
6394,2019-06-20,42,51,9
6395,2019-06-20,40,64,24
6396,2019-06-20,50,66,16
6397,2019-06-20,28,39,11
6398,2019-06-20,26,27,1
6401,2019-06-20,34,46,12
6402,2019-06-20,25,23,-2
6403,2019-06-20,21,15,-6
6404,2019-06-20,15,17,2
6405,2019-06-20,22,26,4
6406,2019-06-20,41,39,-2
6407,2019-06-20,11,23,12
6408,2019-06-20,54,49,-5
6409,2019-06-20,17,18,1
6410,2019-06-20,37,41,4
6411,2019-06-20,127,97,-30
6412,2019-06-20,19,17,-2
6413,2019-06-20,12,28,16
6414,2019-06-20,14,16,2
6415,2019-06-20,17,6,-11
6416,2019-06-20,10,8,-2
6417,2019-06-20,31,23,-8
6418,2019-06-20,2,6,4
6419,2019-06-20,2,9,7
6420,2019-06-20,16,16,0
6421,2019-06-20,31,18,-13
6422,2019-06-20,11,7,-4
6423,2019-06-20,17,8,-9
6424,2019-06-20,25,51,26
6425,2019-06-20,26,25,-1
6426,2019-06-20,55,51,-4
6427,2019-06-20,34,31,-3
6428,2019-06-20,15,15,0
6429,2019-06-20,23,22,-1
6432,2019-06-20,50,49,-1
6433,2019-06-20,23,14,-9
6434,2019-06-20,24,28,4
6435,2019-06-20,19,15,-4
6436,2019-06-20,22,15,-7
6501,2019-06-20,15,13,-2
6502,2019-06-20,9,8,-1
6503,2019-06-20,35,29,-6
6504,2019-06-20,10,14,4
6700,2019-06-20,22,32,10
6701,2019-06-20,54,54,0
6702,2019-06-20,9,13,4
6703,2019-06-20,10,10,0
6704,2019-06-20,23,17,-6
6705,2019-06-20,13,12,-1
6706,2019-06-20,19,18,-1
6707,2019-06-20,24,22,-2
6708,2019-06-20,34,79,45
6709,2019-06-20,18,14,-4
6710,2019-06-20,11,5,-6
6711,2019-06-20,6,16,10
6712,2019-06-20,5,3,-2
6713,2019-06-20,10,9,-1
6714,2019-06-20,3,5,2
6715,2019-06-20,13,18,5
6716,2019-06-20,7,9,2
6717,2019-06-20,11,8,-3
6718,2019-06-20,21,17,-4
6719,2019-06-20,17,18,1
6720,2019-06-20,19,24,5
6721,2019-06-20,16,15,-1
6722,2019-06-20,16,14,-2
6723,2019-06-20,13,6,-7
6724,2019-06-20,28,34,6
6725,2019-06-20,29,26,-3
6726,2019-06-20,2,7,5
6727,2019-06-20,59,77,18
6728,2019-06-20,11,9,-2
6729,2019-06-20,70,82,12
6730,2019-06-20,7,8,1
6731,2019-06-20,13,4,-9
6732,2019-06-20,29,22,-7
6733,2019-06-20,31,26,-5
6734,2019-06-20,41,28,-13
6735,2019-06-20,6,8,2
6736,2019-06-20,13,15,2
6737,2019-06-20,15,15,0
6738,2019-06-20,66,63,-3
6739,2019-06-20,10,3,-7
6741,2019-06-20,10,7,-3
6742,2019-06-20,28,37,9
6743,2019-06-20,32,15,-17
6744,2019-06-20,19,20,1
6745,2019-06-20,14,12,-2
6746,2019-06-20,15,16,1
6747,2019-06-20,45,54,9
6748,2019-06-20,61,71,10
6749,2019-06-20,32,32,0
6750,2019-06-20,37,23,-14
6752,2019-06-20,9,19,10
6753,2019-06-20,15,11,-4
6754,2019-06-20,16,13,-3
6901,2019-06-20,36,33,-3
6902,2019-06-20,53,44,-9
6903,2019-06-20,56,55,-1
6904,2019-06-20,32,25,-7
6905,2019-06-20,27,22,-5
6906,2019-06-20,110,67,-43
6907,2019-06-20,62,43,-19
6908,2019-06-20,45,26,-19
6912,2019-06-20,112,101,-11
6913,2019-06-20,42,25,-17
6915,2019-06-20,61,44,-17
6916,2019-06-20,23,26,3
6917,2019-06-20,14,13,-1
6918,2019-06-20,16,11,-5
6919,2019-06-20,18,9,-9
6921,2019-06-20,53,62,9
6923,2019-06-20,42,46,4
6924,2019-06-20,15,11,-4
6925,2019-06-20,39,32,-7
6926,2019-06-20,61,44,-17
6927,2019-06-20,49,27,-22
6928,2019-06-20,20,14,-6
6929,2019-06-20,27,14,-13
6930,2019-06-20,11,18,7
7001,2019-06-20,21,22,1
7002,2019-06-20,10,8,-2
7003,2019-06-20,85,85,0
7004,2019-06-20,10,16,6
7005,2019-06-20,2,2,0
7006,2019-06-20,17,9,-8
7007,2019-06-20,3,9,6
7008,2019-06-20,17,22,5
7009,2019-06-20,27,45,18
7010,2019-06-20,10,7,-3
7011,2019-06-20,44,39,-5
7012,2019-06-20,24,34,10
7013,2019-06-20,19,13,-6
7014,2019-06-20,33,27,-6
7015,2019-06-20,4,6,2
7016,2019-06-20,6,10,4
7017,2019-06-20,18,21,3
7018,2019-06-20,19,20,1
7019,2019-06-20,37,76,39
7020,2019-06-20,22,20,-2
7021,2019-06-20,28,23,-5
7022,2019-06-20,31,19,-12
7023,2019-06-20,5,2,-3
7024,2019-06-20,18,14,-4
7025,2019-06-20,44,32,-12
7026,2019-06-20,57,57,0
7027,2019-06-20,32,42,10
7028,2019-06-20,59,77,18
7029,2019-06-20,38,35,-3
7030,2019-06-20,33,36,3
7031,2019-06-20,40,43,3
7032,2019-06-20,82,44,-38
7033,2019-06-20,50,60,10
7034,2019-06-20,6,16,10
7035,2019-06-20,36,43,7
7036,2019-06-20,18,21,3
7037,2019-06-20,38,35,-3
7038,2019-06-20,43,45,2
7039,2019-06-20,22,20,-2
7040,2019-06-20,42,52,10
7041,2019-06-20,61,85,24
7042,2019-06-20,20,36,16
7043,2019-06-20,27,11,-16
7044,2019-06-20,5,5,0
7045,2019-06-20,29,32,3
7046,2019-06-20,46,81,35
7047,2019-06-20,66,95,29
7048,2019-06-20,12,6,-6
7049,2019-06-20,14,15,1
7050,2019-06-20,26,21,-5
7051,2019-06-20,15,9,-6
7052,2019-06-20,42,50,8
7053,2019-06-20,23,27,4
7054,2019-06-20,21,32,11
7055,2019-06-20,14,19,5
7056,2019-06-20,15,12,-3
7057,2019-06-20,26,24,-2
7058,2019-06-20,18,22,4
7059,2019-06-20,23,18,-5
7060,2019-06-20,22,23,1
7061,2019-06-20,27,17,-10
7062,2019-06-20,23,32,9
7063,2019-06-20,10,10,0
7064,2019-06-20,7,18,11
7065,2019-06-20,26,24,-2
7066,2019-06-20,24,63,39
7067,2019-06-20,50,53,3
7068,2019-06-20,40,51,11
7069,2019-06-20,37,66,29
7070,2019-06-20,25,22,-3
7071,2019-06-20,36,29,-7
7072,2019-06-20,27,19,-8
7073,2019-06-20,28,19,-9
7074,2019-06-20,39,36,-3
7075,2019-06-20,1,7,6
7076,2019-06-20,56,46,-10
7077,2019-06-20,18,23,5
7078,2019-06-20,16,21,5
7079,2019-06-20,24,38,14
7080,2019-06-20,47,66,19
7081,2019-06-20,45,60,15
7082,2019-06-20,42,49,7
7083,2019-06-20,46,42,-4
7084,2019-06-20,42,42,0
7090,2019-06-20,12,8,-4
7091,2019-06-20,1,2,1
7092,2019-06-20,3,6,3
7093,2019-06-20,1,2,1
7094,2019-06-20,1,1,0
7095,2019-06-20,5,16,11
7096,2019-06-20,12,22,10
7097,2019-06-20,7,9,2
7098,2019-06-20,2,0,-2
7099,2019-06-20,2,3,1
7100,2019-06-20,2,2,0
7101,2019-06-20,3,4,1
7102,2019-06-20,9,15,6
7103,2019-06-20,1,2,1
7104,2019-06-20,3,3,0
7105,2019-06-20,1,1,0
7107,2019-06-20,1,1,0
7108,2019-06-20,4,3,-1
7109,2019-06-20,5,8,3
7110,2019-06-20,3,3,0
7111,2019-06-20,3,1,-2
7112,2019-06-20,4,6,2
7113,2019-06-20,43,42,-1
7114,2019-06-20,42,46,4
7115,2019-06-20,6,7,1
7116,2019-06-20,10,8,-2
7117,2019-06-20,1,2,1
7118,2019-06-20,3,6,3
7120,2019-06-20,7,4,-3
7121,2019-06-20,4,5,1
7122,2019-06-20,2,2,0
7123,2019-06-20,2,1,-1
7124,2019-06-20,15,9,-6
7125,2019-06-20,11,7,-4
7126,2019-06-20,6,5,-1
7127,2019-06-20,25,31,6
7128,2019-06-20,11,8,-3
7129,2019-06-20,5,6,1
7130,2019-06-20,7,8,1
7131,2019-06-20,1,5,4
7132,2019-06-20,5,3,-2
7133,2019-06-20,4,3,-1
7134,2019-06-20,1,2,1
7135,2019-06-20,1,3,2
7136,2019-06-20,5,4,-1
7137,2019-06-20,3,3,0
7138,2019-06-20,1,2,1
7140,2019-06-20,17,17,0
7141,2019-06-20,27,17,-10
7142,2019-06-20,13,14,1
7143,2019-06-20,7,9,2
7144,2019-06-20,27,30,3
7145,2019-06-20,10,9,-1
7147,2019-06-20,26,32,6
7148,2019-06-20,5,5,0
7149,2019-06-20,7,5,-2
10002,2019-06-20,81,80,-1
4000,2019-06-21,75,76,1
4001,2019-06-21,13,16,3
4002,2019-06-21,17,23,6
5002,2019-06-21,3,5,2
5004,2019-06-21,4,3,-1
5005,2019-06-21,3,7,4
5006,2019-06-21,7,8,1
5007,2019-06-21,16,20,4
6001,2019-06-21,68,109,41
6002,2019-06-21,49,66,17
6003,2019-06-21,85,82,-3
6004,2019-06-21,52,63,11
6005,2019-06-21,118,118,0
6006,2019-06-21,33,25,-8
6007,2019-06-21,5,3,-2
6008,2019-06-21,66,103,37
6009,2019-06-21,153,151,-2
6011,2019-06-21,79,88,9
6012,2019-06-21,220,528,308
6013,2019-06-21,85,133,48
6014,2019-06-21,68,80,12
6015,2019-06-21,167,267,100
6016,2019-06-21,23,10,-13
6017,2019-06-21,55,58,3
6018,2019-06-21,71,99,28
6019,2019-06-21,143,112,-31
6020,2019-06-21,65,108,43
6021,2019-06-21,94,68,-26
6022,2019-06-21,61,61,0
6023,2019-06-21,182,284,102
6025,2019-06-21,45,51,6
6026,2019-06-21,193,303,110
6027,2019-06-21,140,126,-14
6029,2019-06-21,39,50,11
6031,2019-06-21,46,62,16
6032,2019-06-21,64,143,79
6033,2019-06-21,15,11,-4
6034,2019-06-21,15,38,23
6035,2019-06-21,22,56,34
6036,2019-06-21,198,291,93
6037,2019-06-21,65,68,3
6038,2019-06-21,108,112,4
6039,2019-06-21,107,117,10
6040,2019-06-21,90,122,32
6041,2019-06-21,66,70,4
6042,2019-06-21,114,109,-5
6043,2019-06-21,193,383,190
6044,2019-06-21,76,81,5
6046,2019-06-21,120,113,-7
6047,2019-06-21,69,34,-35
6048,2019-06-21,43,40,-3
6049,2019-06-21,109,109,0
6050,2019-06-21,37,48,11
6051,2019-06-21,50,44,-6
6052,2019-06-21,261,389,128
6053,2019-06-21,206,241,35
6057,2019-06-21,113,90,-23
6058,2019-06-21,72,64,-8
6059,2019-06-21,92,69,-23
6060,2019-06-21,39,28,-11
6061,2019-06-21,97,59,-38
6062,2019-06-21,74,68,-6
6063,2019-06-21,110,81,-29
6064,2019-06-21,146,148,2
6065,2019-06-21,82,62,-20
6066,2019-06-21,40,19,-21
6067,2019-06-21,55,73,18
6068,2019-06-21,9,11,2
6070,2019-06-21,167,159,-8
6072,2019-06-21,97,83,-14
6073,2019-06-21,221,264,43
6075,2019-06-21,32,9,-23
6076,2019-06-21,20,21,1
6078,2019-06-21,45,60,15
6079,2019-06-21,74,60,-14
6080,2019-06-21,8,3,-5
6081,2019-06-21,129,134,5
6082,2019-06-21,31,15,-16
6083,2019-06-21,204,204,0
6084,2019-06-21,48,65,17
6085,2019-06-21,107,163,56
6086,2019-06-21,24,38,14
6087,2019-06-21,103,151,48
6088,2019-06-21,93,91,-2
6089,2019-06-21,59,63,4
6090,2019-06-21,37,36,-1
6091,2019-06-21,34,38,4
6092,2019-06-21,60,68,8
6093,2019-06-21,35,27,-8
6094,2019-06-21,53,55,2
6095,2019-06-21,127,112,-15
6096,2019-06-21,60,83,23
6097,2019-06-21,74,77,3
6098,2019-06-21,38,31,-7
6099,2019-06-21,95,153,58
6101,2019-06-21,44,30,-14
6102,2019-06-21,7,11,4
6103,2019-06-21,5,7,2
6104,2019-06-21,65,95,30
6105,2019-06-21,54,81,27
6106,2019-06-21,33,46,13
6107,2019-06-21,110,97,-13
6108,2019-06-21,70,78,8
6109,2019-06-21,13,18,5
6110,2019-06-21,41,49,8
6111,2019-06-21,57,67,10
6112,2019-06-21,115,127,12
6113,2019-06-21,54,65,11
6114,2019-06-21,186,233,47
6115,2019-06-21,14,15,1
6116,2019-06-21,73,84,11
6117,2019-06-21,32,33,1
6118,2019-06-21,94,120,26
6119,2019-06-21,95,98,3
6120,2019-06-21,60,89,29
6121,2019-06-21,47,60,13
6122,2019-06-21,22,27,5
6123,2019-06-21,36,34,-2
6124,2019-06-21,42,80,38
6125,2019-06-21,25,14,-11
6126,2019-06-21,45,52,7
6127,2019-06-21,76,62,-14
6128,2019-06-21,33,34,1
6129,2019-06-21,62,56,-6
6130,2019-06-21,39,25,-14
6131,2019-06-21,99,56,-43
6132,2019-06-21,60,68,8
6133,2019-06-21,68,60,-8
6134,2019-06-21,51,52,1
6136,2019-06-21,263,221,-42
6137,2019-06-21,120,109,-11
6138,2019-06-21,101,87,-14
6139,2019-06-21,60,44,-16
6140,2019-06-21,97,89,-8
6141,2019-06-21,68,59,-9
6142,2019-06-21,159,125,-34
6143,2019-06-21,118,105,-13
6145,2019-06-21,96,95,-1
6146,2019-06-21,86,77,-9
6147,2019-06-21,119,79,-40
6148,2019-06-21,130,87,-43
6149,2019-06-21,60,40,-20
6150,2019-06-21,81,67,-14
6151,2019-06-21,84,67,-17
6152,2019-06-21,138,134,-4
6153,2019-06-21,68,56,-12
6154,2019-06-21,193,197,4
6155,2019-06-21,182,159,-23
6156,2019-06-21,87,61,-26
6157,2019-06-21,137,119,-18
6158,2019-06-21,89,84,-5
6159,2019-06-21,31,34,3
6160,2019-06-21,70,54,-16
6161,2019-06-21,49,32,-17
6162,2019-06-21,10,8,-2
6163,2019-06-21,129,134,5
6164,2019-06-21,98,104,6
6165,2019-06-21,147,136,-11
6166,2019-06-21,94,81,-13
6167,2019-06-21,65,54,-11
6168,2019-06-21,45,44,-1
6169,2019-06-21,145,118,-27
6170,2019-06-21,71,66,-5
6171,2019-06-21,50,57,7
6173,2019-06-21,133,93,-40
6174,2019-06-21,124,97,-27
6175,2019-06-21,104,49,-55
6176,2019-06-21,102,105,3
6177,2019-06-21,68,72,4
6178,2019-06-21,144,135,-9
6179,2019-06-21,90,97,7
6180,2019-06-21,96,108,12
6181,2019-06-21,148,78,-70
6182,2019-06-21,81,54,-27
6183,2019-06-21,97,77,-20
6184,2019-06-21,256,237,-19
6185,2019-06-21,29,28,-1
6186,2019-06-21,74,62,-12
6187,2019-06-21,122,135,13
6188,2019-06-21,74,47,-27
6189,2019-06-21,24,19,-5
6190,2019-06-21,115,85,-30
6191,2019-06-21,76,77,1
6192,2019-06-21,25,8,-17
6193,2019-06-21,143,138,-5
6194,2019-06-21,194,180,-14
6195,2019-06-21,110,74,-36
6196,2019-06-21,146,109,-37
6197,2019-06-21,60,51,-9
6198,2019-06-21,25,19,-6
6199,2019-06-21,130,113,-17
6200,2019-06-21,93,91,-2
6201,2019-06-21,101,81,-20
6202,2019-06-21,143,119,-24
6203,2019-06-21,102,95,-7
6204,2019-06-21,115,101,-14
6205,2019-06-21,99,90,-9
6206,2019-06-21,132,122,-10
6207,2019-06-21,41,45,4
6208,2019-06-21,54,73,19
6209,2019-06-21,187,125,-62
6210,2019-06-21,54,41,-13
6211,2019-06-21,218,192,-26
6212,2019-06-21,100,58,-42
6213,2019-06-21,141,136,-5
6214,2019-06-21,103,74,-29
6216,2019-06-21,172,69,-103
6217,2019-06-21,119,92,-27
6218,2019-06-21,79,58,-21
6219,2019-06-21,83,75,-8
6220,2019-06-21,92,66,-26
6221,2019-06-21,207,165,-42
6222,2019-06-21,123,72,-51
6223,2019-06-21,140,110,-30
6225,2019-06-21,90,56,-34
6226,2019-06-21,26,25,-1
6227,2019-06-21,193,182,-11
6228,2019-06-21,41,33,-8
6229,2019-06-21,66,50,-16
6230,2019-06-21,84,73,-11
6231,2019-06-21,132,94,-38
6232,2019-06-21,36,31,-5
6233,2019-06-21,133,102,-31
6234,2019-06-21,96,94,-2
6235,2019-06-21,70,71,1
6236,2019-06-21,92,70,-22
6237,2019-06-21,69,68,-1
6240,2019-06-21,19,22,3
6241,2019-06-21,61,58,-3
6243,2019-06-21,85,77,-8
6245,2019-06-21,41,42,1
6246,2019-06-21,80,66,-14
6247,2019-06-21,150,132,-18
6248,2019-06-21,168,138,-30
6249,2019-06-21,74,61,-13
6250,2019-06-21,109,102,-7
6251,2019-06-21,39,27,-12
6252,2019-06-21,82,62,-20
6253,2019-06-21,62,54,-8
6254,2019-06-21,91,79,-12
6255,2019-06-21,108,104,-4
6257,2019-06-21,51,58,7
6258,2019-06-21,91,75,-16
6259,2019-06-21,48,35,-13
6260,2019-06-21,58,34,-24
6261,2019-06-21,52,40,-12
6262,2019-06-21,57,54,-3
6263,2019-06-21,28,29,1
6264,2019-06-21,40,38,-2
6265,2019-06-21,48,36,-12
6266,2019-06-21,33,23,-10
6267,2019-06-21,50,41,-9
6268,2019-06-21,81,77,-4
6269,2019-06-21,36,35,-1
6270,2019-06-21,37,46,9
6272,2019-06-21,38,29,-9
6273,2019-06-21,43,31,-12
6274,2019-06-21,63,48,-15
6275,2019-06-21,29,30,1
6276,2019-06-21,51,36,-15
6277,2019-06-21,68,73,5
6278,2019-06-21,24,16,-8
6279,2019-06-21,21,19,-2
6280,2019-06-21,94,84,-10
6281,2019-06-21,38,19,-19
6301,2019-06-21,25,21,-4
6302,2019-06-21,29,18,-11
6303,2019-06-21,12,11,-1
6304,2019-06-21,10,11,1
6305,2019-06-21,15,17,2
6306,2019-06-21,39,19,-20
6307,2019-06-21,95,91,-4
6309,2019-06-21,41,35,-6
6310,2019-06-21,57,24,-33
6311,2019-06-21,64,43,-21
6312,2019-06-21,27,31,4
6313,2019-06-21,72,95,23
6314,2019-06-21,72,64,-8
6315,2019-06-21,71,42,-29
6316,2019-06-21,44,15,-29
6321,2019-06-21,140,118,-22
6322,2019-06-21,38,22,-16
6323,2019-06-21,20,16,-4
6324,2019-06-21,29,34,5
6327,2019-06-21,53,34,-19
6328,2019-06-21,60,53,-7
6329,2019-06-21,26,25,-1
6330,2019-06-21,17,22,5
6331,2019-06-21,22,18,-4
6332,2019-06-21,22,28,6
6333,2019-06-21,26,18,-8
6334,2019-06-21,95,95,0
6335,2019-06-21,39,45,6
6336,2019-06-21,37,26,-11
6338,2019-06-21,31,27,-4
6339,2019-06-21,45,31,-14
6340,2019-06-21,39,39,0
6343,2019-06-21,51,50,-1
6345,2019-06-21,22,24,2
6346,2019-06-21,18,12,-6
6347,2019-06-21,28,29,1
6349,2019-06-21,38,36,-2
6350,2019-06-21,45,40,-5
6354,2019-06-21,39,46,7
6355,2019-06-21,44,46,2
6356,2019-06-21,36,27,-9
6357,2019-06-21,22,16,-6
6358,2019-06-21,30,35,5
6359,2019-06-21,127,113,-14
6360,2019-06-21,36,39,3
6361,2019-06-21,50,41,-9
6362,2019-06-21,37,35,-2
6363,2019-06-21,34,20,-14
6364,2019-06-21,56,43,-13
6366,2019-06-21,25,20,-5
6367,2019-06-21,37,28,-9
6368,2019-06-21,78,92,14
6369,2019-06-21,31,45,14
6370,2019-06-21,43,31,-12
6371,2019-06-21,77,76,-1
6372,2019-06-21,84,109,25
6373,2019-06-21,48,32,-16
6374,2019-06-21,49,32,-17
6375,2019-06-21,82,103,21
6376,2019-06-21,31,31,0
6377,2019-06-21,44,44,0
6379,2019-06-21,28,30,2
6380,2019-06-21,29,26,-3
6381,2019-06-21,71,64,-7
6383,2019-06-21,38,22,-16
6384,2019-06-21,21,24,3
6385,2019-06-21,73,68,-5
6386,2019-06-21,98,98,0
6387,2019-06-21,87,107,20
6388,2019-06-21,29,36,7
6389,2019-06-21,49,36,-13
6391,2019-06-21,80,84,4
6393,2019-06-21,79,81,2
6394,2019-06-21,79,124,45
6395,2019-06-21,61,59,-2
6396,2019-06-21,81,79,-2
6397,2019-06-21,50,60,10
6398,2019-06-21,42,50,8
6401,2019-06-21,64,82,18
6402,2019-06-21,40,54,14
6403,2019-06-21,28,27,-1
6404,2019-06-21,17,22,5
6405,2019-06-21,63,71,8
6406,2019-06-21,190,240,50
6407,2019-06-21,27,44,17
6408,2019-06-21,44,44,0
6409,2019-06-21,24,23,-1
6410,2019-06-21,51,44,-7
6411,2019-06-21,138,140,2
6412,2019-06-21,22,23,1
6413,2019-06-21,21,22,1
6414,2019-06-21,20,31,11
6415,2019-06-21,20,22,2
6416,2019-06-21,22,19,-3
6417,2019-06-21,22,29,7
6418,2019-06-21,9,8,-1
6419,2019-06-21,10,9,-1
6420,2019-06-21,33,23,-10
6421,2019-06-21,40,36,-4
6422,2019-06-21,19,22,3
6423,2019-06-21,11,11,0
6424,2019-06-21,30,53,23
6425,2019-06-21,35,55,20
6426,2019-06-21,68,86,18
6427,2019-06-21,70,76,6
6428,2019-06-21,18,21,3
6429,2019-06-21,31,48,17
6432,2019-06-21,114,114,0
6433,2019-06-21,44,41,-3
6434,2019-06-21,142,149,7
6435,2019-06-21,55,57,2
6436,2019-06-21,16,10,-6
6501,2019-06-21,90,102,12
6502,2019-06-21,19,25,6
6503,2019-06-21,77,57,-20
6504,2019-06-21,36,30,-6
6700,2019-06-21,16,41,25
6701,2019-06-21,82,62,-20
6702,2019-06-21,18,18,0
6703,2019-06-21,50,52,2
6704,2019-06-21,31,20,-11
6705,2019-06-21,17,22,5
6706,2019-06-21,26,36,10
6707,2019-06-21,15,16,1
6708,2019-06-21,45,106,61
6709,2019-06-21,27,23,-4
6710,2019-06-21,18,20,2
6711,2019-06-21,26,26,0
6712,2019-06-21,22,30,8
6713,2019-06-21,20,14,-6
6714,2019-06-21,5,5,0
6715,2019-06-21,25,23,-2
6716,2019-06-21,9,13,4
6717,2019-06-21,12,11,-1
6718,2019-06-21,27,26,-1
6719,2019-06-21,21,19,-2
6720,2019-06-21,39,48,9
6721,2019-06-21,21,21,0
6722,2019-06-21,17,20,3
6723,2019-06-21,22,30,8
6724,2019-06-21,70,90,20
6725,2019-06-21,45,49,4
6726,2019-06-21,7,10,3
6727,2019-06-21,71,100,29
6728,2019-06-21,15,23,8
6729,2019-06-21,133,157,24
6730,2019-06-21,16,21,5
6731,2019-06-21,18,23,5
6732,2019-06-21,36,44,8
6733,2019-06-21,26,27,1
6734,2019-06-21,65,58,-7
6735,2019-06-21,15,15,0
6736,2019-06-21,13,23,10
6737,2019-06-21,21,15,-6
6738,2019-06-21,141,102,-39
6739,2019-06-21,10,12,2
6741,2019-06-21,19,11,-8
6742,2019-06-21,77,72,-5
6743,2019-06-21,42,26,-16
6744,2019-06-21,38,40,2
6745,2019-06-21,23,29,6
6746,2019-06-21,28,29,1
6747,2019-06-21,50,55,5
6748,2019-06-21,110,111,1
6749,2019-06-21,76,79,3
6750,2019-06-21,55,50,-5
6752,2019-06-21,25,30,5
6753,2019-06-21,17,18,1
6754,2019-06-21,15,19,4
6901,2019-06-21,35,65,30
6902,2019-06-21,71,81,10
6903,2019-06-21,112,87,-25
6904,2019-06-21,45,32,-13
6905,2019-06-21,52,38,-14
6906,2019-06-21,150,107,-43
6907,2019-06-21,131,98,-33
6908,2019-06-21,53,51,-2
6912,2019-06-21,202,174,-28
6913,2019-06-21,72,43,-29
6915,2019-06-21,110,92,-18
6916,2019-06-21,41,34,-7
6917,2019-06-21,22,24,2
6918,2019-06-21,27,20,-7
6919,2019-06-21,29,22,-7
6921,2019-06-21,70,76,6
6923,2019-06-21,51,42,-9
6924,2019-06-21,33,14,-19
6925,2019-06-21,24,36,12
6926,2019-06-21,67,67,0
6927,2019-06-21,67,36,-31
6928,2019-06-21,36,15,-21
6929,2019-06-21,50,34,-16
6930,2019-06-21,14,20,6
7001,2019-06-21,40,36,-4
7002,2019-06-21,13,13,0
7003,2019-06-21,161,148,-13
7004,2019-06-21,15,22,7
7005,2019-06-21,7,8,1
7006,2019-06-21,15,23,8
7007,2019-06-21,7,15,8
7008,2019-06-21,34,30,-4
7009,2019-06-21,61,100,39
7010,2019-06-21,15,19,4
7011,2019-06-21,62,79,17
7012,2019-06-21,46,51,5
7013,2019-06-21,30,26,-4
7014,2019-06-21,67,40,-27
7015,2019-06-21,23,20,-3
7016,2019-06-21,7,7,0
7017,2019-06-21,24,31,7
7018,2019-06-21,40,46,6
7019,2019-06-21,94,142,48
7020,2019-06-21,17,17,0
7021,2019-06-21,55,48,-7
7022,2019-06-21,37,37,0
7023,2019-06-21,8,5,-3
7024,2019-06-21,37,21,-16
7025,2019-06-21,61,58,-3
7026,2019-06-21,52,50,-2
7027,2019-06-21,43,32,-11
7028,2019-06-21,114,101,-13
7029,2019-06-21,60,55,-5
7030,2019-06-21,61,66,5
7031,2019-06-21,56,54,-2
7032,2019-06-21,78,61,-17
7033,2019-06-21,83,65,-18
7034,2019-06-21,35,63,28
7035,2019-06-21,49,38,-11
7036,2019-06-21,40,37,-3
7037,2019-06-21,61,48,-13
7038,2019-06-21,80,80,0
7039,2019-06-21,52,39,-13
7040,2019-06-21,71,82,11
7041,2019-06-21,137,140,3
7042,2019-06-21,33,48,15
7043,2019-06-21,32,18,-14
7044,2019-06-21,20,19,-1
7045,2019-06-21,85,79,-6
7046,2019-06-21,125,141,16
7047,2019-06-21,129,184,55
7048,2019-06-21,23,21,-2
7049,2019-06-21,21,26,5
7050,2019-06-21,42,47,5
7051,2019-06-21,22,20,-2
7052,2019-06-21,49,60,11
7053,2019-06-21,47,56,9
7054,2019-06-21,57,66,9
7055,2019-06-21,36,47,11
7056,2019-06-21,17,17,0
7057,2019-06-21,50,61,11
7058,2019-06-21,55,54,-1
7059,2019-06-21,35,35,0
7060,2019-06-21,41,52,11
7061,2019-06-21,37,22,-15
7062,2019-06-21,57,54,-3
7063,2019-06-21,26,16,-10
7064,2019-06-21,25,24,-1
7065,2019-06-21,39,32,-7
7066,2019-06-21,101,171,70
7067,2019-06-21,78,79,1
7068,2019-06-21,86,88,2
7069,2019-06-21,98,138,40
7070,2019-06-21,47,50,3
7071,2019-06-21,72,60,-12
7072,2019-06-21,49,38,-11
7073,2019-06-21,42,44,2
7074,2019-06-21,56,57,1
7075,2019-06-21,8,10,2
7076,2019-06-21,77,60,-17
7077,2019-06-21,55,72,17
7078,2019-06-21,44,48,4
7079,2019-06-21,43,63,20
7080,2019-06-21,105,99,-6
7081,2019-06-21,98,96,-2
7082,2019-06-21,75,82,7
7083,2019-06-21,75,60,-15
7084,2019-06-21,75,77,2
7085,2019-06-21,1,0,-1
7086,2019-06-21,1,1,0
7087,2019-06-21,3,2,-1
7088,2019-06-21,1,1,0
7090,2019-06-21,12,22,10
7091,2019-06-21,4,10,6
7092,2019-06-21,9,6,-3
7094,2019-06-21,1,2,1
7095,2019-06-21,25,24,-1
7096,2019-06-21,24,29,5
7097,2019-06-21,8,12,4
7098,2019-06-21,4,3,-1
7099,2019-06-21,7,5,-2
7100,2019-06-21,6,6,0
7101,2019-06-21,7,8,1
7102,2019-06-21,16,16,0
7103,2019-06-21,13,17,4
7104,2019-06-21,3,7,4
7105,2019-06-21,4,3,-1
7106,2019-06-21,2,3,1
7107,2019-06-21,5,4,-1
7108,2019-06-21,9,12,3
7109,2019-06-21,18,19,1
7110,2019-06-21,9,6,-3
7111,2019-06-21,6,3,-3
7112,2019-06-21,15,16,1
7113,2019-06-21,65,64,-1
7114,2019-06-21,105,107,2
7115,2019-06-21,19,18,-1
7116,2019-06-21,13,10,-3
7117,2019-06-21,2,4,2
7118,2019-06-21,3,4,1
7119,2019-06-21,8,11,3
7120,2019-06-21,4,3,-1
7121,2019-06-21,6,9,3
7122,2019-06-21,11,6,-5
7123,2019-06-21,2,4,2
7124,2019-06-21,32,25,-7
7125,2019-06-21,12,16,4
7126,2019-06-21,8,11,3
7127,2019-06-21,36,41,5
7128,2019-06-21,16,14,-2
7129,2019-06-21,9,11,2
7130,2019-06-21,17,19,2
7131,2019-06-21,6,6,0
7132,2019-06-21,7,3,-4
7133,2019-06-21,9,10,1
7134,2019-06-21,6,7,1
7135,2019-06-21,4,4,0
7136,2019-06-21,8,7,-1
7137,2019-06-21,10,14,4
7138,2019-06-21,5,6,1
7140,2019-06-21,31,21,-10
7141,2019-06-21,31,36,5
7142,2019-06-21,19,25,6
7143,2019-06-21,19,17,-2
7144,2019-06-21,45,57,12
7145,2019-06-21,18,10,-8
7147,2019-06-21,55,62,7
7148,2019-06-21,11,12,1
7149,2019-06-21,13,10,-3
10002,2019-06-21,78,85,7
4000,2019-06-22,53,69,16
4001,2019-06-22,15,14,-1
4002,2019-06-22,15,23,8
5002,2019-06-22,3,6,3
5003,2019-06-22,5,4,-1
5004,2019-06-22,8,10,2
5005,2019-06-22,4,4,0
5006,2019-06-22,2,5,3
5007,2019-06-22,19,31,12
6001,2019-06-22,52,63,11
6002,2019-06-22,48,53,5
6003,2019-06-22,58,77,19
6004,2019-06-22,51,53,2
6005,2019-06-22,62,51,-11
6006,2019-06-22,44,35,-9
6008,2019-06-22,64,82,18
6009,2019-06-22,118,110,-8
6011,2019-06-22,26,32,6
6012,2019-06-22,217,393,176
6013,2019-06-22,60,95,35
6014,2019-06-22,47,54,7
6015,2019-06-22,124,238,114
6016,2019-06-22,16,13,-3
6017,2019-06-22,28,50,22
6018,2019-06-22,62,80,18
6019,2019-06-22,122,70,-52
6020,2019-06-22,69,82,13
6021,2019-06-22,72,68,-4
6022,2019-06-22,52,42,-10
6023,2019-06-22,199,288,89
6024,2019-06-22,18,12,-6
6025,2019-06-22,36,36,0
6026,2019-06-22,339,459,120
6027,2019-06-22,79,93,14
6029,2019-06-22,25,30,5
6031,2019-06-22,32,33,1
6032,2019-06-22,46,117,71
6033,2019-06-22,11,8,-3
6034,2019-06-22,13,12,-1
6035,2019-06-22,14,20,6
6036,2019-06-22,270,350,80
6037,2019-06-22,44,42,-2
6038,2019-06-22,76,77,1
6039,2019-06-22,60,59,-1
6040,2019-06-22,38,39,1
6041,2019-06-22,13,34,21
6042,2019-06-22,36,39,3
6043,2019-06-22,73,93,20
6044,2019-06-22,89,80,-9
6046,2019-06-22,47,27,-20
6047,2019-06-22,40,15,-25
6048,2019-06-22,6,19,13
6049,2019-06-22,54,39,-15
6050,2019-06-22,15,11,-4
6051,2019-06-22,37,37,0
6052,2019-06-22,297,372,75
6053,2019-06-22,162,209,47
6057,2019-06-22,46,38,-8
6058,2019-06-22,33,29,-4
6059,2019-06-22,14,12,-2
6060,2019-06-22,22,16,-6
6061,2019-06-22,46,41,-5
6062,2019-06-22,52,36,-16
6063,2019-06-22,76,73,-3
6064,2019-06-22,118,82,-36
6065,2019-06-22,67,57,-10
6066,2019-06-22,44,38,-6
6067,2019-06-22,38,41,3
6068,2019-06-22,14,11,-3
6070,2019-06-22,89,79,-10
6072,2019-06-22,20,20,0
6073,2019-06-22,126,183,57
6075,2019-06-22,26,15,-11
6076,2019-06-22,29,31,2
6078,2019-06-22,38,53,15
6079,2019-06-22,63,51,-12
6081,2019-06-22,88,84,-4
6082,2019-06-22,18,11,-7
6083,2019-06-22,95,99,4
6084,2019-06-22,26,17,-9
6085,2019-06-22,50,69,19
6086,2019-06-22,38,53,15
6087,2019-06-22,92,112,20
6088,2019-06-22,43,57,14
6089,2019-06-22,30,20,-10
6090,2019-06-22,30,30,0
6091,2019-06-22,41,40,-1
6092,2019-06-22,71,53,-18
6093,2019-06-22,30,27,-3
6094,2019-06-22,44,34,-10
6095,2019-06-22,125,119,-6
6096,2019-06-22,40,39,-1
6097,2019-06-22,73,63,-10
6098,2019-06-22,47,29,-18
6099,2019-06-22,83,121,38
6101,2019-06-22,34,17,-17
6102,2019-06-22,9,5,-4
6104,2019-06-22,58,68,10
6105,2019-06-22,23,38,15
6106,2019-06-22,28,57,29
6107,2019-06-22,92,75,-17
6108,2019-06-22,41,65,24
6109,2019-06-22,48,37,-11
6110,2019-06-22,35,44,9
6111,2019-06-22,48,50,2
6112,2019-06-22,108,113,5
6113,2019-06-22,63,61,-2
6114,2019-06-22,143,171,28
6115,2019-06-22,8,13,5
6116,2019-06-22,50,57,7
6117,2019-06-22,39,31,-8
6118,2019-06-22,60,67,7
6119,2019-06-22,79,110,31
6120,2019-06-22,59,95,36
6121,2019-06-22,34,55,21
6122,2019-06-22,6,12,6
6123,2019-06-22,32,35,3
6124,2019-06-22,33,49,16
6125,2019-06-22,24,18,-6
6126,2019-06-22,30,34,4
6127,2019-06-22,70,73,3
6128,2019-06-22,27,26,-1
6129,2019-06-22,37,30,-7
6130,2019-06-22,39,29,-10
6131,2019-06-22,80,57,-23
6132,2019-06-22,31,35,4
6133,2019-06-22,70,65,-5
6134,2019-06-22,47,36,-11
6136,2019-06-22,201,164,-37
6137,2019-06-22,106,82,-24
6138,2019-06-22,65,53,-12
6139,2019-06-22,54,40,-14
6140,2019-06-22,115,101,-14
6141,2019-06-22,56,42,-14
6142,2019-06-22,161,128,-33
6143,2019-06-22,187,154,-33
6145,2019-06-22,96,90,-6
6146,2019-06-22,78,79,1
6147,2019-06-22,100,56,-44
6148,2019-06-22,100,75,-25
6149,2019-06-22,42,48,6
6150,2019-06-22,79,65,-14
6151,2019-06-22,72,65,-7
6152,2019-06-22,125,130,5
6153,2019-06-22,38,45,7
6154,2019-06-22,191,176,-15
6155,2019-06-22,109,111,2
6156,2019-06-22,76,71,-5
6157,2019-06-22,158,140,-18
6158,2019-06-22,72,77,5
6159,2019-06-22,22,28,6
6160,2019-06-22,41,39,-2
6161,2019-06-22,41,39,-2
6162,2019-06-22,7,5,-2
6163,2019-06-22,143,142,-1
6164,2019-06-22,95,111,16
6165,2019-06-22,153,191,38
6166,2019-06-22,78,81,3
6167,2019-06-22,52,57,5
6168,2019-06-22,29,25,-4
6169,2019-06-22,157,122,-35
6170,2019-06-22,109,93,-16
6171,2019-06-22,54,48,-6
6173,2019-06-22,133,81,-52
6174,2019-06-22,93,90,-3
6175,2019-06-22,80,37,-43
6176,2019-06-22,146,141,-5
6177,2019-06-22,85,72,-13
6178,2019-06-22,137,135,-2
6179,2019-06-22,98,89,-9
6180,2019-06-22,83,76,-7
6181,2019-06-22,109,70,-39
6182,2019-06-22,70,69,-1
6183,2019-06-22,97,99,2
6184,2019-06-22,260,243,-17
6185,2019-06-22,28,28,0
6186,2019-06-22,81,69,-12
6187,2019-06-22,111,106,-5
6188,2019-06-22,37,34,-3
6189,2019-06-22,20,19,-1
6190,2019-06-22,93,63,-30
6191,2019-06-22,60,54,-6
6193,2019-06-22,157,157,0
6194,2019-06-22,145,134,-11
6195,2019-06-22,108,91,-17
6196,2019-06-22,134,106,-28
6197,2019-06-22,37,32,-5
6198,2019-06-22,12,10,-2
6199,2019-06-22,83,78,-5
6200,2019-06-22,93,88,-5
6201,2019-06-22,73,67,-6
6202,2019-06-22,90,85,-5
6203,2019-06-22,76,68,-8
6204,2019-06-22,66,62,-4
6205,2019-06-22,122,92,-30
6206,2019-06-22,100,89,-11
6207,2019-06-22,35,33,-2
6208,2019-06-22,58,65,7
6209,2019-06-22,130,112,-18
6210,2019-06-22,23,21,-2
6211,2019-06-22,176,189,13
6212,2019-06-22,106,90,-16
6213,2019-06-22,120,124,4
6214,2019-06-22,108,85,-23
6216,2019-06-22,186,150,-36
6217,2019-06-22,127,69,-58
6218,2019-06-22,58,55,-3
6219,2019-06-22,64,43,-21
6220,2019-06-22,108,93,-15
6221,2019-06-22,193,158,-35
6222,2019-06-22,95,96,1
6223,2019-06-22,161,136,-25
6225,2019-06-22,95,52,-43
6226,2019-06-22,7,3,-4
6227,2019-06-22,174,155,-19
6228,2019-06-22,18,9,-9
6229,2019-06-22,74,65,-9
6230,2019-06-22,91,103,12
6231,2019-06-22,101,104,3
6232,2019-06-22,28,26,-2
6233,2019-06-22,110,101,-9
6234,2019-06-22,88,78,-10
6235,2019-06-22,46,25,-21
6236,2019-06-22,70,64,-6
6237,2019-06-22,55,57,2
6240,2019-06-22,22,24,2
6241,2019-06-22,45,42,-3
6243,2019-06-22,77,71,-6
6245,2019-06-22,35,33,-2
6246,2019-06-22,50,41,-9
6247,2019-06-22,128,111,-17
6248,2019-06-22,147,115,-32
6249,2019-06-22,105,84,-21
6250,2019-06-22,143,142,-1
6251,2019-06-22,35,42,7
6252,2019-06-22,59,64,5
6253,2019-06-22,60,50,-10
6254,2019-06-22,77,71,-6
6255,2019-06-22,109,117,8
6257,2019-06-22,42,50,8
6258,2019-06-22,94,68,-26
6259,2019-06-22,36,28,-8
6260,2019-06-22,46,52,6
6261,2019-06-22,46,35,-11
6262,2019-06-22,44,40,-4
6263,2019-06-22,18,16,-2
6264,2019-06-22,30,24,-6
6265,2019-06-22,36,29,-7
6266,2019-06-22,20,14,-6
6267,2019-06-22,53,42,-11
6268,2019-06-22,65,48,-17
6269,2019-06-22,40,36,-4
6270,2019-06-22,35,17,-18
6271,2019-06-22,8,7,-1
6272,2019-06-22,40,29,-11
6273,2019-06-22,26,38,12
6274,2019-06-22,54,56,2
6275,2019-06-22,32,43,11
6276,2019-06-22,46,40,-6
6277,2019-06-22,69,60,-9
6278,2019-06-22,14,19,5
6279,2019-06-22,24,21,-3
6280,2019-06-22,80,97,17
6281,2019-06-22,22,21,-1
6301,2019-06-22,27,28,1
6302,2019-06-22,26,14,-12
6303,2019-06-22,15,15,0
6304,2019-06-22,12,11,-1
6305,2019-06-22,15,12,-3
6306,2019-06-22,28,20,-8
6307,2019-06-22,69,64,-5
6309,2019-06-22,20,23,3
6310,2019-06-22,53,20,-33
6311,2019-06-22,45,39,-6
6312,2019-06-22,17,31,14
6313,2019-06-22,104,108,4
6314,2019-06-22,67,62,-5
6315,2019-06-22,84,34,-50
6316,2019-06-22,42,19,-23
6321,2019-06-22,138,131,-7
6322,2019-06-22,35,34,-1
6323,2019-06-22,13,19,6
6324,2019-06-22,35,30,-5
6327,2019-06-22,54,32,-22
6328,2019-06-22,42,48,6
6329,2019-06-22,36,23,-13
6330,2019-06-22,33,24,-9
6331,2019-06-22,20,17,-3
6332,2019-06-22,23,32,9
6333,2019-06-22,19,28,9
6334,2019-06-22,58,49,-9
6335,2019-06-22,38,39,1
6336,2019-06-22,33,36,3
6338,2019-06-22,25,23,-2
6339,2019-06-22,36,31,-5
6340,2019-06-22,35,26,-9
6343,2019-06-22,41,30,-11
6345,2019-06-22,20,29,9
6346,2019-06-22,14,11,-3
6347,2019-06-22,16,15,-1
6349,2019-06-22,45,45,0
6350,2019-06-22,41,26,-15
6354,2019-06-22,32,32,0
6355,2019-06-22,37,34,-3
6356,2019-06-22,32,26,-6
6357,2019-06-22,21,16,-5
6358,2019-06-22,28,22,-6
6359,2019-06-22,112,92,-20
6360,2019-06-22,32,36,4
6361,2019-06-22,35,59,24
6362,2019-06-22,35,34,-1
6363,2019-06-22,21,21,0
6364,2019-06-22,41,36,-5
6366,2019-06-22,31,22,-9
6367,2019-06-22,28,29,1
6368,2019-06-22,66,66,0
6369,2019-06-22,33,44,11
6370,2019-06-22,32,25,-7
6371,2019-06-22,72,74,2
6372,2019-06-22,90,101,11
6373,2019-06-22,34,23,-11
6374,2019-06-22,32,40,8
6375,2019-06-22,49,65,16
6376,2019-06-22,32,33,1
6377,2019-06-22,39,57,18
6379,2019-06-22,21,21,0
6380,2019-06-22,24,16,-8
6381,2019-06-22,55,54,-1
6383,2019-06-22,24,21,-3
6384,2019-06-22,30,19,-11
6385,2019-06-22,52,40,-12
6386,2019-06-22,50,81,31
6387,2019-06-22,50,60,10
6388,2019-06-22,24,30,6
6389,2019-06-22,57,48,-9
6391,2019-06-22,73,79,6
6393,2019-06-22,65,78,13
6394,2019-06-22,76,98,22
6395,2019-06-22,54,60,6
6396,2019-06-22,96,89,-7
6397,2019-06-22,52,73,21
6398,2019-06-22,23,31,8
6401,2019-06-22,50,53,3
6402,2019-06-22,61,66,5
6403,2019-06-22,29,42,13
6404,2019-06-22,20,28,8
6405,2019-06-22,84,71,-13
6406,2019-06-22,254,338,84
6407,2019-06-22,10,25,15
6408,2019-06-22,30,28,-2
6409,2019-06-22,26,24,-2
6410,2019-06-22,25,25,0
6411,2019-06-22,125,103,-22
6412,2019-06-22,21,30,9
6413,2019-06-22,19,13,-6
6414,2019-06-22,21,18,-3
6415,2019-06-22,25,19,-6
6416,2019-06-22,27,20,-7
6417,2019-06-22,19,20,1
6418,2019-06-22,7,6,-1
6419,2019-06-22,12,24,12
6420,2019-06-22,23,24,1
6421,2019-06-22,39,26,-13
6422,2019-06-22,20,19,-1
6423,2019-06-22,23,14,-9
6424,2019-06-22,18,41,23
6425,2019-06-22,77,87,10
6426,2019-06-22,62,71,9
6427,2019-06-22,58,59,1
6428,2019-06-22,26,34,8
6429,2019-06-22,39,55,16
6432,2019-06-22,78,80,2
6433,2019-06-22,24,25,1
6434,2019-06-22,83,79,-4
6435,2019-06-22,50,55,5
6436,2019-06-22,23,18,-5
6501,2019-06-22,164,184,20
6502,2019-06-22,60,89,29
6503,2019-06-22,57,49,-8
6504,2019-06-22,55,81,26
6700,2019-06-22,22,38,16
6701,2019-06-22,42,40,-2
6702,2019-06-22,13,13,0
6703,2019-06-22,61,65,4
6704,2019-06-22,23,25,2
6705,2019-06-22,15,15,0
6706,2019-06-22,26,31,5
6707,2019-06-22,21,21,0
6708,2019-06-22,61,71,10
6709,2019-06-22,32,27,-5
6710,2019-06-22,19,22,3
6711,2019-06-22,11,12,1
6712,2019-06-22,32,28,-4
6713,2019-06-22,11,11,0
6714,2019-06-22,36,36,0
6715,2019-06-22,54,53,-1
6716,2019-06-22,11,7,-4
6717,2019-06-22,9,9,0
6718,2019-06-22,23,16,-7
6719,2019-06-22,21,22,1
6720,2019-06-22,29,32,3
6721,2019-06-22,12,15,3
6722,2019-06-22,10,14,4
6723,2019-06-22,29,23,-6
6724,2019-06-22,101,114,13
6725,2019-06-22,34,41,7
6726,2019-06-22,6,6,0
6727,2019-06-22,53,63,10
6728,2019-06-22,22,19,-3
6729,2019-06-22,161,158,-3
6730,2019-06-22,4,9,5
6731,2019-06-22,36,30,-6
6732,2019-06-22,40,37,-3
6733,2019-06-22,40,30,-10
6734,2019-06-22,46,43,-3
6735,2019-06-22,10,12,2
6736,2019-06-22,12,17,5
6737,2019-06-22,20,13,-7
6738,2019-06-22,29,27,-2
6739,2019-06-22,11,8,-3
6741,2019-06-22,7,14,7
6742,2019-06-22,71,79,8
6743,2019-06-22,35,24,-11
6744,2019-06-22,19,14,-5
6745,2019-06-22,35,28,-7
6746,2019-06-22,16,25,9
6747,2019-06-22,39,32,-7
6748,2019-06-22,59,78,19
6749,2019-06-22,51,54,3
6750,2019-06-22,39,32,-7
6752,2019-06-22,11,8,-3
6753,2019-06-22,7,15,8
6754,2019-06-22,23,26,3
6901,2019-06-22,40,58,18
6902,2019-06-22,64,74,10
6903,2019-06-22,85,96,11
6904,2019-06-22,38,32,-6
6905,2019-06-22,21,25,4
6906,2019-06-22,117,73,-44
6907,2019-06-22,142,93,-49
6908,2019-06-22,70,67,-3
6912,2019-06-22,137,115,-22
6913,2019-06-22,49,46,-3
6915,2019-06-22,103,101,-2
6916,2019-06-22,37,24,-13
6917,2019-06-22,16,18,2
6918,2019-06-22,30,13,-17
6919,2019-06-22,23,18,-5
6921,2019-06-22,29,45,16
6923,2019-06-22,42,38,-4
6924,2019-06-22,24,24,0
6925,2019-06-22,31,20,-11
6926,2019-06-22,50,45,-5
6927,2019-06-22,33,19,-14
6928,2019-06-22,25,6,-19
6929,2019-06-22,43,33,-10
6930,2019-06-22,22,25,3
7001,2019-06-22,36,40,4
7002,2019-06-22,7,5,-2
7003,2019-06-22,132,116,-16
7004,2019-06-22,13,15,2
7005,2019-06-22,5,7,2
7006,2019-06-22,10,15,5
7007,2019-06-22,12,16,4
7008,2019-06-22,22,25,3
7009,2019-06-22,74,82,8
7010,2019-06-22,20,17,-3
7011,2019-06-22,70,71,1
7012,2019-06-22,41,45,4
7013,2019-06-22,12,14,2
7014,2019-06-22,39,30,-9
7015,2019-06-22,40,40,0
7016,2019-06-22,12,14,2
7017,2019-06-22,42,49,7
7018,2019-06-22,32,36,4
7019,2019-06-22,16,19,3
7020,2019-06-22,25,27,2
7021,2019-06-22,39,38,-1
7022,2019-06-22,36,24,-12
7024,2019-06-22,45,30,-15
7025,2019-06-22,62,34,-28
7026,2019-06-22,36,33,-3
7027,2019-06-22,35,23,-12
7028,2019-06-22,58,42,-16
7029,2019-06-22,48,42,-6
7030,2019-06-22,44,43,-1
7031,2019-06-22,53,50,-3
7032,2019-06-22,90,66,-24
7033,2019-06-22,63,55,-8
7034,2019-06-22,85,144,59
7035,2019-06-22,36,35,-1
7036,2019-06-22,44,46,2
7037,2019-06-22,32,31,-1
7038,2019-06-22,69,63,-6
7039,2019-06-22,30,30,0
7040,2019-06-22,51,45,-6
7041,2019-06-22,83,93,10
7042,2019-06-22,39,46,7
7043,2019-06-22,17,12,-5
7044,2019-06-22,7,6,-1
7045,2019-06-22,104,119,15
7046,2019-06-22,52,71,19
7047,2019-06-22,109,147,38
7048,2019-06-22,29,45,16
7049,2019-06-22,10,9,-1
7050,2019-06-22,48,40,-8
7051,2019-06-22,11,18,7
7052,2019-06-22,31,41,10
7053,2019-06-22,39,32,-7
7054,2019-06-22,119,128,9
7055,2019-06-22,46,58,12
7056,2019-06-22,14,12,-2
7057,2019-06-22,56,58,2
7058,2019-06-22,55,53,-2
7059,2019-06-22,29,31,2
7060,2019-06-22,42,55,13
7061,2019-06-22,29,28,-1
7062,2019-06-22,34,36,2
7063,2019-06-22,27,24,-3
7064,2019-06-22,13,12,-1
7065,2019-06-22,32,25,-7
7066,2019-06-22,75,113,38
7067,2019-06-22,31,50,19
7068,2019-06-22,108,113,5
7069,2019-06-22,110,123,13
7070,2019-06-22,40,40,0
7071,2019-06-22,45,43,-2
7072,2019-06-22,42,30,-12
7073,2019-06-22,43,43,0
7074,2019-06-22,37,43,6
7075,2019-06-22,8,9,1
7076,2019-06-22,55,43,-12
7077,2019-06-22,73,103,30
7078,2019-06-22,44,39,-5
7079,2019-06-22,13,20,7
7080,2019-06-22,50,52,2
7081,2019-06-22,51,50,-1
7082,2019-06-22,64,81,17
7083,2019-06-22,56,60,4
7084,2019-06-22,59,60,1
7086,2019-06-22,2,2,0
7088,2019-06-22,5,2,-3
7090,2019-06-22,11,11,0
7091,2019-06-22,7,7,0
7092,2019-06-22,8,8,0
7093,2019-06-22,8,9,1
7094,2019-06-22,4,4,0
7095,2019-06-22,1,7,6
7096,2019-06-22,12,12,0
7097,2019-06-22,6,6,0
7098,2019-06-22,3,7,4
7099,2019-06-22,3,12,9
7100,2019-06-22,5,6,1
7102,2019-06-22,10,14,4
7103,2019-06-22,79,82,3
7104,2019-06-22,10,14,4
7105,2019-06-22,38,34,-4
7106,2019-06-22,4,2,-2
7107,2019-06-22,10,19,9
7108,2019-06-22,47,41,-6
7109,2019-06-22,6,6,0
7110,2019-06-22,27,35,8
7111,2019-06-22,14,18,4
7112,2019-06-22,18,19,1
7113,2019-06-22,38,26,-12
7114,2019-06-22,97,99,2
7115,2019-06-22,8,8,0
7116,2019-06-22,10,11,1
7117,2019-06-22,4,4,0
7118,2019-06-22,2,1,-1
7119,2019-06-22,27,35,8
7120,2019-06-22,10,8,-2
7121,2019-06-22,7,10,3
7122,2019-06-22,3,5,2
7123,2019-06-22,4,6,2
7124,2019-06-22,17,13,-4
7125,2019-06-22,29,28,-1
7126,2019-06-22,6,3,-3
7127,2019-06-22,18,19,1
7128,2019-06-22,6,7,1
7129,2019-06-22,5,2,-3
7130,2019-06-22,13,15,2
7131,2019-06-22,4,4,0
7132,2019-06-22,4,3,-1
7133,2019-06-22,10,8,-2
7134,2019-06-22,1,1,0
7135,2019-06-22,9,4,-5
7136,2019-06-22,5,7,2
7137,2019-06-22,4,4,0
7138,2019-06-22,5,6,1
7140,2019-06-22,22,25,3
7141,2019-06-22,53,45,-8
7142,2019-06-22,27,31,4
7143,2019-06-22,38,52,14
7144,2019-06-22,51,54,3
7145,2019-06-22,10,11,1
7147,2019-06-22,31,33,2
7148,2019-06-22,16,14,-2
7149,2019-06-22,14,15,1
10002,2019-06-22,89,94,5
4000,2019-06-23,63,78,15
4001,2019-06-23,8,11,3
4002,2019-06-23,27,25,-2
5002,2019-06-23,3,11,8
5003,2019-06-23,6,6,0
5004,2019-06-23,5,3,-2
5005,2019-06-23,7,6,-1
5006,2019-06-23,8,7,-1
5007,2019-06-23,23,22,-1
6001,2019-06-23,53,53,0
6002,2019-06-23,54,75,21
6003,2019-06-23,43,47,4
6004,2019-06-23,36,36,0
6005,2019-06-23,48,48,0
6006,2019-06-23,40,38,-2
6008,2019-06-23,67,61,-6
6009,2019-06-23,109,107,-2
6011,2019-06-23,26,33,7
6012,2019-06-23,115,154,39
6013,2019-06-23,86,90,4
6014,2019-06-23,58,43,-15
6015,2019-06-23,157,257,100
6016,2019-06-23,17,21,4
6017,2019-06-23,44,63,19
6018,2019-06-23,44,64,20
6019,2019-06-23,98,50,-48
6020,2019-06-23,73,83,10
6021,2019-06-23,73,66,-7
6022,2019-06-23,30,34,4
6023,2019-06-23,211,329,118
6024,2019-06-23,9,22,13
6025,2019-06-23,23,23,0
6026,2019-06-23,285,418,133
6027,2019-06-23,69,69,0
6029,2019-06-23,14,18,4
6031,2019-06-23,34,35,1
6032,2019-06-23,69,109,40
6033,2019-06-23,6,7,1
6034,2019-06-23,9,10,1
6035,2019-06-23,15,12,-3
6036,2019-06-23,281,380,99
6037,2019-06-23,61,68,7
6038,2019-06-23,59,70,11
6039,2019-06-23,63,53,-10
6040,2019-06-23,36,29,-7
6041,2019-06-23,37,19,-18
6042,2019-06-23,18,27,9
6043,2019-06-23,48,45,-3
6044,2019-06-23,59,61,2
6046,2019-06-23,29,28,-1
6047,2019-06-23,34,13,-21
6048,2019-06-23,16,15,-1
6049,2019-06-23,31,30,-1
6050,2019-06-23,20,14,-6
6051,2019-06-23,30,31,1
6052,2019-06-23,243,304,61
6053,2019-06-23,87,106,19
6057,2019-06-23,53,51,-2
6058,2019-06-23,43,44,1
6059,2019-06-23,13,14,1
6060,2019-06-23,15,14,-1
6061,2019-06-23,35,35,0
6062,2019-06-23,41,34,-7
6063,2019-06-23,71,74,3
6064,2019-06-23,66,78,12
6065,2019-06-23,36,36,0
6066,2019-06-23,37,11,-26
6067,2019-06-23,31,28,-3
6068,2019-06-23,15,19,4
6070,2019-06-23,97,94,-3
6072,2019-06-23,29,37,8
6073,2019-06-23,115,119,4
6075,2019-06-23,20,7,-13
6076,2019-06-23,26,32,6
6078,2019-06-23,29,61,32
6079,2019-06-23,60,72,12
6080,2019-06-23,34,30,-4
6081,2019-06-23,85,84,-1
6082,2019-06-23,19,11,-8
6083,2019-06-23,54,56,2
6084,2019-06-23,16,18,2
6085,2019-06-23,48,76,28
6086,2019-06-23,44,58,14
6087,2019-06-23,104,136,32
6088,2019-06-23,58,53,-5
6089,2019-06-23,17,20,3
6090,2019-06-23,20,22,2
6091,2019-06-23,32,33,1
6092,2019-06-23,49,46,-3
6093,2019-06-23,20,23,3
6094,2019-06-23,56,42,-14
6095,2019-06-23,99,96,-3
6096,2019-06-23,33,44,11
6097,2019-06-23,70,50,-20
6098,2019-06-23,52,30,-22
6099,2019-06-23,126,141,15
6101,2019-06-23,47,22,-25
6102,2019-06-23,11,14,3
6104,2019-06-23,46,52,6
6105,2019-06-23,36,37,1
6106,2019-06-23,30,39,9
6107,2019-06-23,88,88,0
6108,2019-06-23,32,43,11
6109,2019-06-23,70,74,4
6110,2019-06-23,47,39,-8
6111,2019-06-23,48,63,15
6112,2019-06-23,93,106,13
6113,2019-06-23,64,67,3
6114,2019-06-23,162,222,60
6115,2019-06-23,13,20,7
6116,2019-06-23,49,75,26
6117,2019-06-23,25,24,-1
6118,2019-06-23,52,60,8
6119,2019-06-23,83,117,34
6120,2019-06-23,70,81,11
6121,2019-06-23,30,41,11
6122,2019-06-23,18,22,4
6123,2019-06-23,30,36,6
6124,2019-06-23,33,42,9
6125,2019-06-23,27,30,3
6126,2019-06-23,37,42,5
6127,2019-06-23,85,65,-20
6128,2019-06-23,36,32,-4
6129,2019-06-23,56,50,-6
6130,2019-06-23,27,18,-9
6131,2019-06-23,92,57,-35
6132,2019-06-23,32,44,12
6133,2019-06-23,93,81,-12
6134,2019-06-23,34,40,6
6136,2019-06-23,192,162,-30
6137,2019-06-23,93,75,-18
6138,2019-06-23,65,59,-6
6139,2019-06-23,48,50,2
6140,2019-06-23,103,96,-7
6141,2019-06-23,48,46,-2
6142,2019-06-23,144,112,-32
6143,2019-06-23,142,161,19
6145,2019-06-23,109,102,-7
6146,2019-06-23,102,72,-30
6147,2019-06-23,91,58,-33
6148,2019-06-23,119,76,-43
6149,2019-06-23,27,16,-11
6150,2019-06-23,66,64,-2
6151,2019-06-23,67,48,-19
6152,2019-06-23,121,114,-7
6153,2019-06-23,29,33,4
6154,2019-06-23,162,157,-5
6155,2019-06-23,143,117,-26
6156,2019-06-23,57,62,5
6157,2019-06-23,145,142,-3
6158,2019-06-23,48,42,-6
6159,2019-06-23,35,31,-4
6160,2019-06-23,38,37,-1
6161,2019-06-23,41,48,7
6162,2019-06-23,5,6,1
6163,2019-06-23,123,114,-9
6164,2019-06-23,93,97,4
6165,2019-06-23,179,215,36
6166,2019-06-23,82,85,3
6167,2019-06-23,58,51,-7
6168,2019-06-23,37,35,-2
6169,2019-06-23,164,136,-28
6170,2019-06-23,93,104,11
6171,2019-06-23,31,49,18
6173,2019-06-23,106,64,-42
6174,2019-06-23,92,67,-25
6175,2019-06-23,80,41,-39
6176,2019-06-23,105,111,6
6177,2019-06-23,65,69,4
6178,2019-06-23,109,111,2
6179,2019-06-23,63,59,-4
6180,2019-06-23,73,70,-3
6181,2019-06-23,105,90,-15
6182,2019-06-23,67,54,-13
6183,2019-06-23,73,72,-1
6184,2019-06-23,240,206,-34
6185,2019-06-23,29,22,-7
6186,2019-06-23,70,65,-5
6187,2019-06-23,113,115,2
6188,2019-06-23,43,37,-6
6189,2019-06-23,21,19,-2
6190,2019-06-23,102,75,-27
6191,2019-06-23,54,54,0
6193,2019-06-23,133,134,1
6194,2019-06-23,126,121,-5
6195,2019-06-23,78,54,-24
6196,2019-06-23,131,110,-21
6197,2019-06-23,45,44,-1
6198,2019-06-23,22,21,-1
6199,2019-06-23,77,51,-26
6200,2019-06-23,76,68,-8
6201,2019-06-23,72,55,-17
6202,2019-06-23,62,53,-9
6203,2019-06-23,83,74,-9
6204,2019-06-23,72,57,-15
6205,2019-06-23,86,92,6
6206,2019-06-23,124,116,-8
6207,2019-06-23,41,41,0
6208,2019-06-23,69,77,8
6209,2019-06-23,74,60,-14
6210,2019-06-23,26,15,-11
6211,2019-06-23,174,149,-25
6212,2019-06-23,86,67,-19
6213,2019-06-23,114,109,-5
6214,2019-06-23,90,64,-26
6216,2019-06-23,327,222,-105
6217,2019-06-23,92,46,-46
6218,2019-06-23,54,47,-7
6219,2019-06-23,51,45,-6
6220,2019-06-23,75,84,9
6221,2019-06-23,188,152,-36
6222,2019-06-23,71,71,0
6223,2019-06-23,128,125,-3
6225,2019-06-23,73,61,-12
6226,2019-06-23,11,5,-6
6227,2019-06-23,144,143,-1
6228,2019-06-23,19,14,-5
6229,2019-06-23,58,43,-15
6230,2019-06-23,101,86,-15
6231,2019-06-23,135,125,-10
6232,2019-06-23,33,26,-7
6233,2019-06-23,117,88,-29
6234,2019-06-23,80,72,-8
6235,2019-06-23,40,22,-18
6236,2019-06-23,68,68,0
6237,2019-06-23,60,49,-11
6240,2019-06-23,23,20,-3
6241,2019-06-23,42,47,5
6243,2019-06-23,66,72,6
6245,2019-06-23,48,46,-2
6246,2019-06-23,52,42,-10
6247,2019-06-23,84,107,23
6248,2019-06-23,103,103,0
6249,2019-06-23,57,58,1
6250,2019-06-23,152,146,-6
6251,2019-06-23,34,30,-4
6252,2019-06-23,65,55,-10
6253,2019-06-23,43,34,-9
6254,2019-06-23,82,89,7
6255,2019-06-23,105,109,4
6257,2019-06-23,43,43,0
6258,2019-06-23,94,77,-17
6259,2019-06-23,45,46,1
6260,2019-06-23,47,48,1
6261,2019-06-23,55,67,12
6262,2019-06-23,60,62,2
6263,2019-06-23,18,22,4
6264,2019-06-23,31,28,-3
6265,2019-06-23,26,24,-2
6266,2019-06-23,23,13,-10
6267,2019-06-23,47,40,-7
6268,2019-06-23,61,50,-11
6269,2019-06-23,30,39,9
6270,2019-06-23,39,31,-8
6271,2019-06-23,11,10,-1
6272,2019-06-23,28,21,-7
6273,2019-06-23,33,24,-9
6274,2019-06-23,41,46,5
6275,2019-06-23,46,44,-2
6276,2019-06-23,13,17,4
6277,2019-06-23,57,51,-6
6278,2019-06-23,20,19,-1
6279,2019-06-23,14,20,6
6280,2019-06-23,55,44,-11
6281,2019-06-23,21,20,-1
6301,2019-06-23,24,17,-7
6302,2019-06-23,17,17,0
6303,2019-06-23,23,18,-5
6304,2019-06-23,5,6,1
6305,2019-06-23,17,18,1
6306,2019-06-23,33,14,-19
6307,2019-06-23,63,62,-1
6309,2019-06-23,25,34,9
6310,2019-06-23,46,20,-26
6311,2019-06-23,34,34,0
6312,2019-06-23,34,34,0
6313,2019-06-23,70,72,2
6314,2019-06-23,55,54,-1
6315,2019-06-23,82,44,-38
6316,2019-06-23,49,24,-25
6321,2019-06-23,171,154,-17
6322,2019-06-23,34,24,-10
6323,2019-06-23,15,16,1
6324,2019-06-23,22,22,0
6327,2019-06-23,29,30,1
6328,2019-06-23,45,35,-10
6329,2019-06-23,17,22,5
6330,2019-06-23,21,20,-1
6331,2019-06-23,21,17,-4
6332,2019-06-23,29,32,3
6333,2019-06-23,25,21,-4
6334,2019-06-23,40,56,16
6335,2019-06-23,35,32,-3
6336,2019-06-23,40,32,-8
6338,2019-06-23,22,22,0
6339,2019-06-23,19,17,-2
6340,2019-06-23,42,40,-2
6343,2019-06-23,36,33,-3
6345,2019-06-23,25,23,-2
6346,2019-06-23,13,10,-3
6347,2019-06-23,24,22,-2
6349,2019-06-23,40,42,2
6350,2019-06-23,56,53,-3
6354,2019-06-23,39,34,-5
6355,2019-06-23,39,45,6
6356,2019-06-23,17,13,-4
6357,2019-06-23,26,15,-11
6358,2019-06-23,18,24,6
6359,2019-06-23,76,66,-10
6360,2019-06-23,29,34,5
6361,2019-06-23,47,42,-5
6362,2019-06-23,37,32,-5
6363,2019-06-23,14,23,9
6364,2019-06-23,38,30,-8
6366,2019-06-23,38,16,-22
6367,2019-06-23,25,18,-7
6368,2019-06-23,65,59,-6
6369,2019-06-23,17,34,17
6370,2019-06-23,35,27,-8
6371,2019-06-23,63,61,-2
6372,2019-06-23,103,120,17
6373,2019-06-23,34,29,-5
6374,2019-06-23,51,39,-12
6375,2019-06-23,57,55,-2
6376,2019-06-23,14,15,1
6377,2019-06-23,30,26,-4
6379,2019-06-23,24,35,11
6380,2019-06-23,21,19,-2
6381,2019-06-23,59,66,7
6383,2019-06-23,36,30,-6
6384,2019-06-23,29,24,-5
6385,2019-06-23,39,31,-8
6386,2019-06-23,55,75,20
6387,2019-06-23,57,71,14
6388,2019-06-23,32,34,2
6389,2019-06-23,59,48,-11
6391,2019-06-23,48,57,9
6393,2019-06-23,66,81,15
6394,2019-06-23,68,101,33
6395,2019-06-23,51,48,-3
6396,2019-06-23,82,76,-6
6397,2019-06-23,55,71,16
6398,2019-06-23,37,34,-3
6401,2019-06-23,46,51,5
6402,2019-06-23,60,61,1
6403,2019-06-23,35,21,-14
6404,2019-06-23,14,17,3
6405,2019-06-23,84,93,9
6406,2019-06-23,263,370,107
6407,2019-06-23,10,19,9
6408,2019-06-23,27,35,8
6409,2019-06-23,22,25,3
6410,2019-06-23,13,16,3
6411,2019-06-23,104,79,-25
6412,2019-06-23,9,8,-1
6413,2019-06-23,15,15,0
6414,2019-06-23,14,19,5
6415,2019-06-23,14,14,0
6416,2019-06-23,19,5,-14
6417,2019-06-23,20,22,2
6418,2019-06-23,14,20,6
6419,2019-06-23,8,17,9
6420,2019-06-23,28,31,3
6421,2019-06-23,16,22,6
6422,2019-06-23,17,19,2
6423,2019-06-23,20,10,-10
6424,2019-06-23,22,34,12
6425,2019-06-23,81,85,4
6426,2019-06-23,61,86,25
6427,2019-06-23,60,57,-3
6428,2019-06-23,22,27,5
6429,2019-06-23,36,36,0
6432,2019-06-23,82,81,-1
6433,2019-06-23,27,28,1
6434,2019-06-23,56,55,-1
6435,2019-06-23,34,26,-8
6436,2019-06-23,18,20,2
6501,2019-06-23,357,432,75
6502,2019-06-23,66,80,14
6503,2019-06-23,35,32,-3
6504,2019-06-23,55,49,-6
6700,2019-06-23,27,26,-1
6701,2019-06-23,45,27,-18
6702,2019-06-23,13,20,7
6703,2019-06-23,101,101,0
6704,2019-06-23,36,22,-14
6705,2019-06-23,25,21,-4
6706,2019-06-23,18,11,-7
6707,2019-06-23,23,22,-1
6708,2019-06-23,38,54,16
6709,2019-06-23,32,28,-4
6710,2019-06-23,16,17,1
6711,2019-06-23,17,11,-6
6712,2019-06-23,35,29,-6
6713,2019-06-23,15,18,3
6714,2019-06-23,32,35,3
6715,2019-06-23,37,37,0
6716,2019-06-23,10,17,7
6717,2019-06-23,15,27,12
6718,2019-06-23,21,17,-4
6719,2019-06-23,29,28,-1
6720,2019-06-23,37,48,11
6721,2019-06-23,15,19,4
6722,2019-06-23,20,18,-2
6723,2019-06-23,23,18,-5
6724,2019-06-23,85,80,-5
6725,2019-06-23,36,30,-6
6726,2019-06-23,19,18,-1
6727,2019-06-23,41,51,10
6728,2019-06-23,15,12,-3
6729,2019-06-23,121,126,5
6730,2019-06-23,12,10,-2
6731,2019-06-23,19,17,-2
6732,2019-06-23,19,20,1
6733,2019-06-23,35,32,-3
6734,2019-06-23,36,45,9
6735,2019-06-23,11,16,5
6736,2019-06-23,17,22,5
6737,2019-06-23,23,25,2
6738,2019-06-23,27,28,1
6739,2019-06-23,5,7,2
6741,2019-06-23,15,16,1
6742,2019-06-23,66,74,8
6743,2019-06-23,31,27,-4
6744,2019-06-23,21,29,8
6745,2019-06-23,21,15,-6
6746,2019-06-23,22,18,-4
6747,2019-06-23,37,28,-9
6748,2019-06-23,84,102,18
6749,2019-06-23,48,44,-4
6750,2019-06-23,24,24,0
6752,2019-06-23,8,8,0
6753,2019-06-23,7,7,0
6754,2019-06-23,21,12,-9
6901,2019-06-23,25,39,14
6902,2019-06-23,45,58,13
6903,2019-06-23,88,63,-25
6904,2019-06-23,36,37,1
6905,2019-06-23,19,33,14
6906,2019-06-23,109,79,-30
6907,2019-06-23,118,95,-23
6908,2019-06-23,64,62,-2
6912,2019-06-23,152,126,-26
6913,2019-06-23,48,43,-5
6915,2019-06-23,82,65,-17
6916,2019-06-23,51,28,-23
6917,2019-06-23,20,24,4
6918,2019-06-23,20,21,1
6919,2019-06-23,37,30,-7
6921,2019-06-23,31,38,7
6923,2019-06-23,28,33,5
6924,2019-06-23,23,23,0
6925,2019-06-23,25,31,6
6926,2019-06-23,42,43,1
6927,2019-06-23,46,29,-17
6928,2019-06-23,9,6,-3
6929,2019-06-23,43,32,-11
6930,2019-06-23,30,19,-11
7001,2019-06-23,32,32,0
7002,2019-06-23,14,18,4
7003,2019-06-23,107,92,-15
7004,2019-06-23,7,9,2
7005,2019-06-23,8,3,-5
7006,2019-06-23,9,9,0
7007,2019-06-23,13,14,1
7008,2019-06-23,25,10,-15
7009,2019-06-23,70,89,19
7010,2019-06-23,28,23,-5
7011,2019-06-23,71,73,2
7012,2019-06-23,25,31,6
7013,2019-06-23,20,25,5
7014,2019-06-23,38,20,-18
7015,2019-06-23,70,70,0
7016,2019-06-23,17,15,-2
7017,2019-06-23,29,32,3
7018,2019-06-23,27,41,14
7019,2019-06-23,18,13,-5
7020,2019-06-23,18,17,-1
7021,2019-06-23,34,29,-5
7022,2019-06-23,36,29,-7
7023,2019-06-23,4,6,2
7024,2019-06-23,27,26,-1
7025,2019-06-23,21,21,0
7026,2019-06-23,31,30,-1
7027,2019-06-23,38,31,-7
7028,2019-06-23,27,30,3
7029,2019-06-23,58,41,-17
7030,2019-06-23,50,49,-1
7031,2019-06-23,43,48,5
7032,2019-06-23,68,71,3
7033,2019-06-23,39,38,-1
7034,2019-06-23,47,118,71
7035,2019-06-23,18,26,8
7036,2019-06-23,44,44,0
7037,2019-06-23,47,37,-10
7038,2019-06-23,51,51,0
7039,2019-06-23,28,31,3
7040,2019-06-23,49,52,3
7041,2019-06-23,84,79,-5
7042,2019-06-23,20,26,6
7043,2019-06-23,28,18,-10
7044,2019-06-23,7,6,-1
7045,2019-06-23,77,83,6
7046,2019-06-23,46,42,-4
7047,2019-06-23,103,146,43
7048,2019-06-23,28,47,19
7049,2019-06-23,10,5,-5
7050,2019-06-23,53,56,3
7051,2019-06-23,10,9,-1
7052,2019-06-23,26,17,-9
7053,2019-06-23,50,60,10
7054,2019-06-23,83,93,10
7055,2019-06-23,28,45,17
7056,2019-06-23,14,13,-1
7057,2019-06-23,43,52,9
7058,2019-06-23,56,74,18
7059,2019-06-23,24,17,-7
7060,2019-06-23,28,45,17
7061,2019-06-23,30,25,-5
7062,2019-06-23,37,37,0
7063,2019-06-23,16,18,2
7064,2019-06-23,10,20,10
7065,2019-06-23,44,36,-8
7066,2019-06-23,78,114,36
7067,2019-06-23,31,30,-1
7068,2019-06-23,131,135,4
7069,2019-06-23,54,62,8
7070,2019-06-23,36,37,1
7071,2019-06-23,48,44,-4
7072,2019-06-23,47,33,-14
7073,2019-06-23,44,63,19
7074,2019-06-23,28,37,9
7075,2019-06-23,9,13,4
7076,2019-06-23,59,40,-19
7077,2019-06-23,104,93,-11
7078,2019-06-23,28,41,13
7079,2019-06-23,22,11,-11
7080,2019-06-23,47,50,3
7081,2019-06-23,29,33,4
7082,2019-06-23,63,87,24
7083,2019-06-23,51,44,-7
7084,2019-06-23,50,51,1
7086,2019-06-23,7,7,0
7087,2019-06-23,4,2,-2
7088,2019-06-23,4,5,1
7089,2019-06-23,1,0,-1
7090,2019-06-23,20,12,-8
7091,2019-06-23,6,10,4
7092,2019-06-23,5,5,0
7093,2019-06-23,4,3,-1
7094,2019-06-23,2,3,1
7095,2019-06-23,5,3,-2
7096,2019-06-23,15,20,5
7097,2019-06-23,8,10,2
7098,2019-06-23,8,7,-1
7099,2019-06-23,10,5,-5
7100,2019-06-23,5,6,1
7101,2019-06-23,4,2,-2
7102,2019-06-23,18,16,-2
7103,2019-06-23,66,63,-3
7104,2019-06-23,7,6,-1
7105,2019-06-23,34,41,7
7106,2019-06-23,3,6,3
7107,2019-06-23,31,13,-18
7108,2019-06-23,43,39,-4
7109,2019-06-23,8,9,1
7110,2019-06-23,19,28,9
7111,2019-06-23,7,9,2
7112,2019-06-23,15,7,-8
7113,2019-06-23,24,21,-3
7114,2019-06-23,75,105,30
7115,2019-06-23,13,8,-5
7116,2019-06-23,8,14,6
7117,2019-06-23,5,5,0
7119,2019-06-23,32,28,-4
7120,2019-06-23,8,7,-1
7121,2019-06-23,4,5,1
7122,2019-06-23,6,5,-1
7123,2019-06-23,4,4,0
7124,2019-06-23,8,8,0
7125,2019-06-23,64,61,-3
7126,2019-06-23,3,4,1
7127,2019-06-23,21,20,-1
7128,2019-06-23,21,16,-5
7129,2019-06-23,7,1,-6
7130,2019-06-23,8,8,0
7131,2019-06-23,5,10,5
7132,2019-06-23,9,7,-2
7133,2019-06-23,7,15,8
7134,2019-06-23,9,10,1
7135,2019-06-23,3,4,1
7136,2019-06-23,2,0,-2
7137,2019-06-23,5,5,0
7138,2019-06-23,4,9,5
7140,2019-06-23,9,12,3
7141,2019-06-23,49,52,3
7142,2019-06-23,14,19,5
7143,2019-06-23,50,47,-3
7144,2019-06-23,58,60,2
7145,2019-06-23,11,10,-1
7147,2019-06-23,38,45,7
7148,2019-06-23,19,12,-7
7149,2019-06-23,12,6,-6
10002,2019-06-23,87,98,11
4000,2019-06-24,44,62,18
4001,2019-06-24,13,11,-2
4002,2019-06-24,29,28,-1
5002,2019-06-24,12,8,-4
5003,2019-06-24,7,4,-3
5004,2019-06-24,3,7,4
5005,2019-06-24,9,5,-4
5006,2019-06-24,5,6,1
5007,2019-06-24,20,29,9
6001,2019-06-24,40,56,16
6002,2019-06-24,42,64,22
6003,2019-06-24,41,46,5
6004,2019-06-24,42,46,4
6005,2019-06-24,47,48,1
6006,2019-06-24,37,26,-11
6008,2019-06-24,60,56,-4
6009,2019-06-24,85,80,-5
6011,2019-06-24,43,40,-3
6012,2019-06-24,124,176,52
6013,2019-06-24,64,61,-3
6014,2019-06-24,52,50,-2
6015,2019-06-24,117,139,22
6016,2019-06-24,17,16,-1
6017,2019-06-24,33,37,4
6018,2019-06-24,35,56,21
6019,2019-06-24,119,83,-36
6020,2019-06-24,72,94,22
6021,2019-06-24,79,54,-25
6022,2019-06-24,39,38,-1
6023,2019-06-24,250,340,90
6024,2019-06-24,13,13,0
6025,2019-06-24,32,32,0
6026,2019-06-24,321,406,85
6027,2019-06-24,57,56,-1
6029,2019-06-24,23,32,9
6031,2019-06-24,27,33,6
6032,2019-06-24,54,136,82
6033,2019-06-24,11,10,-1
6034,2019-06-24,9,10,1
6035,2019-06-24,4,14,10
6036,2019-06-24,271,330,59
6037,2019-06-24,38,42,4
6038,2019-06-24,54,63,9
6039,2019-06-24,57,67,10
6040,2019-06-24,25,32,7
6041,2019-06-24,27,21,-6
6042,2019-06-24,34,30,-4
6043,2019-06-24,56,79,23
6044,2019-06-24,100,95,-5
6046,2019-06-24,46,40,-6
6047,2019-06-24,36,27,-9
6048,2019-06-24,18,12,-6
6049,2019-06-24,40,43,3
6050,2019-06-24,13,11,-2
6051,2019-06-24,23,26,3
6052,2019-06-24,331,427,96
6053,2019-06-24,97,108,11
6057,2019-06-24,53,42,-11
6058,2019-06-24,51,43,-8
6059,2019-06-24,15,15,0
6060,2019-06-24,14,13,-1
6061,2019-06-24,10,9,-1
6062,2019-06-24,57,43,-14
6063,2019-06-24,63,48,-15
6064,2019-06-24,89,105,16
6065,2019-06-24,60,36,-24
6066,2019-06-24,37,18,-19
6067,2019-06-24,26,14,-12
6068,2019-06-24,20,19,-1
6070,2019-06-24,95,102,7
6072,2019-06-24,29,18,-11
6073,2019-06-24,53,52,-1
6075,2019-06-24,28,12,-16
6076,2019-06-24,20,27,7
6078,2019-06-24,41,55,14
6079,2019-06-24,50,47,-3
6080,2019-06-24,98,103,5
6081,2019-06-24,75,75,0
6082,2019-06-24,11,15,4
6083,2019-06-24,53,52,-1
6084,2019-06-24,32,34,2
6085,2019-06-24,58,75,17
6086,2019-06-24,69,64,-5
6087,2019-06-24,121,138,17
6088,2019-06-24,43,49,6
6089,2019-06-24,24,21,-3
6090,2019-06-24,26,22,-4
6091,2019-06-24,44,39,-5
6092,2019-06-24,48,47,-1
6093,2019-06-24,22,15,-7
6094,2019-06-24,39,40,1
6095,2019-06-24,114,100,-14
6096,2019-06-24,42,45,3
6097,2019-06-24,54,52,-2
6098,2019-06-24,33,29,-4
6099,2019-06-24,92,109,17
6101,2019-06-24,39,12,-27
6102,2019-06-24,13,8,-5
6104,2019-06-24,62,57,-5
6105,2019-06-24,31,42,11
6106,2019-06-24,23,26,3
6107,2019-06-24,62,65,3
6108,2019-06-24,42,53,11
6109,2019-06-24,60,75,15
6110,2019-06-24,31,43,12
6111,2019-06-24,37,29,-8
6112,2019-06-24,94,111,17
6113,2019-06-24,58,61,3
6114,2019-06-24,128,143,15
6115,2019-06-24,20,19,-1
6116,2019-06-24,44,48,4
6117,2019-06-24,18,19,1
6118,2019-06-24,48,60,12
6119,2019-06-24,85,87,2
6120,2019-06-24,62,74,12
6121,2019-06-24,33,53,20
6122,2019-06-24,5,9,4
6123,2019-06-24,32,31,-1
6124,2019-06-24,31,43,12
6125,2019-06-24,24,19,-5
6126,2019-06-24,37,47,10
6127,2019-06-24,68,60,-8
6128,2019-06-24,20,27,7
6129,2019-06-24,64,55,-9
6130,2019-06-24,35,27,-8
6131,2019-06-24,103,62,-41
6132,2019-06-24,27,36,9
6133,2019-06-24,88,78,-10
6134,2019-06-24,44,52,8
6136,2019-06-24,220,174,-46
6137,2019-06-24,77,90,13
6138,2019-06-24,59,60,1
6139,2019-06-24,26,27,1
6140,2019-06-24,115,119,4
6141,2019-06-24,53,53,0
6142,2019-06-24,157,135,-22
6143,2019-06-24,180,169,-11
6145,2019-06-24,112,101,-11
6146,2019-06-24,111,96,-15
6147,2019-06-24,101,80,-21
6148,2019-06-24,122,93,-29
6149,2019-06-24,35,21,-14
6150,2019-06-24,68,64,-4
6151,2019-06-24,46,50,4
6152,2019-06-24,89,86,-3
6153,2019-06-24,34,26,-8
6154,2019-06-24,128,127,-1
6155,2019-06-24,120,105,-15
6156,2019-06-24,48,54,6
6157,2019-06-24,138,105,-33
6158,2019-06-24,74,69,-5
6159,2019-06-24,30,35,5
6160,2019-06-24,22,26,4
6161,2019-06-24,40,36,-4
6162,2019-06-24,9,9,0
6163,2019-06-24,110,107,-3
6164,2019-06-24,94,108,14
6165,2019-06-24,168,199,31
6166,2019-06-24,101,113,12
6167,2019-06-24,36,41,5
6168,2019-06-24,32,25,-7
6169,2019-06-24,109,98,-11
6170,2019-06-24,106,121,15
6171,2019-06-24,21,19,-2
6173,2019-06-24,114,87,-27
6174,2019-06-24,102,66,-36
6175,2019-06-24,99,60,-39
6176,2019-06-24,101,101,0
6177,2019-06-24,72,71,-1
6178,2019-06-24,110,83,-27
6179,2019-06-24,79,75,-4
6180,2019-06-24,49,63,14
6181,2019-06-24,88,82,-6
6182,2019-06-24,71,53,-18
6183,2019-06-24,85,79,-6
6184,2019-06-24,244,222,-22
6185,2019-06-24,17,27,10
6186,2019-06-24,109,93,-16
6187,2019-06-24,115,112,-3
6188,2019-06-24,38,44,6
6189,2019-06-24,25,20,-5
6190,2019-06-24,77,68,-9
6191,2019-06-24,74,57,-17
6193,2019-06-24,92,89,-3
6194,2019-06-24,114,96,-18
6195,2019-06-24,90,76,-14
6196,2019-06-24,87,65,-22
6197,2019-06-24,32,36,4
6198,2019-06-24,16,16,0
6199,2019-06-24,77,67,-10
6200,2019-06-24,59,63,4
6201,2019-06-24,82,50,-32
6202,2019-06-24,81,60,-21
6203,2019-06-24,71,65,-6
6204,2019-06-24,60,75,15
6205,2019-06-24,86,79,-7
6206,2019-06-24,108,107,-1
6207,2019-06-24,30,17,-13
6208,2019-06-24,39,48,9
6209,2019-06-24,99,75,-24
6210,2019-06-24,31,37,6
6211,2019-06-24,125,111,-14
6212,2019-06-24,105,67,-38
6213,2019-06-24,109,107,-2
6214,2019-06-24,97,95,-2
6216,2019-06-24,262,190,-72
6217,2019-06-24,80,54,-26
6218,2019-06-24,43,49,6
6219,2019-06-24,49,52,3
6220,2019-06-24,91,86,-5
6221,2019-06-24,136,123,-13
6222,2019-06-24,59,52,-7
6223,2019-06-24,158,132,-26
6225,2019-06-24,89,79,-10
6226,2019-06-24,17,13,-4
6227,2019-06-24,140,130,-10
6228,2019-06-24,26,20,-6
6229,2019-06-24,73,73,0
6230,2019-06-24,110,92,-18
6231,2019-06-24,119,117,-2
6232,2019-06-24,21,17,-4
6233,2019-06-24,96,80,-16
6234,2019-06-24,72,63,-9
6235,2019-06-24,21,18,-3
6236,2019-06-24,51,48,-3
6237,2019-06-24,51,53,2
6240,2019-06-24,9,14,5
6241,2019-06-24,49,49,0
6243,2019-06-24,71,66,-5
6245,2019-06-24,31,38,7
6246,2019-06-24,33,42,9
6247,2019-06-24,87,97,10
6248,2019-06-24,112,92,-20
6249,2019-06-24,71,71,0
6250,2019-06-24,140,116,-24
6251,2019-06-24,24,30,6
6252,2019-06-24,46,37,-9
6253,2019-06-24,43,38,-5
6254,2019-06-24,42,36,-6
6255,2019-06-24,78,82,4
6257,2019-06-24,46,31,-15
6258,2019-06-24,98,79,-19
6259,2019-06-24,32,33,1
6260,2019-06-24,50,47,-3
6261,2019-06-24,43,35,-8
6262,2019-06-24,45,41,-4
6263,2019-06-24,13,22,9
6264,2019-06-24,31,31,0
6265,2019-06-24,31,27,-4
6266,2019-06-24,22,24,2
6267,2019-06-24,40,37,-3
6268,2019-06-24,56,49,-7
6269,2019-06-24,33,44,11
6270,2019-06-24,38,26,-12
6271,2019-06-24,7,9,2
6272,2019-06-24,27,27,0
6273,2019-06-24,32,28,-4
6274,2019-06-24,43,52,9
6275,2019-06-24,29,29,0
6276,2019-06-24,46,33,-13
6277,2019-06-24,51,45,-6
6278,2019-06-24,16,14,-2
6279,2019-06-24,23,26,3
6280,2019-06-24,54,52,-2
6281,2019-06-24,20,25,5
6301,2019-06-24,21,26,5
6302,2019-06-24,22,20,-2
6303,2019-06-24,24,20,-4
6304,2019-06-24,15,7,-8
6305,2019-06-24,13,5,-8
6306,2019-06-24,24,9,-15
6307,2019-06-24,81,76,-5
6309,2019-06-24,41,32,-9
6310,2019-06-24,44,14,-30
6311,2019-06-24,29,30,1
6312,2019-06-24,20,36,16
6313,2019-06-24,56,60,4
6314,2019-06-24,42,46,4
6315,2019-06-24,68,44,-24
6316,2019-06-24,43,30,-13
6321,2019-06-24,173,172,-1
6322,2019-06-24,34,52,18
6323,2019-06-24,9,13,4
6324,2019-06-24,30,32,2
6327,2019-06-24,51,65,14
6328,2019-06-24,45,41,-4
6329,2019-06-24,31,32,1
6330,2019-06-24,19,26,7
6331,2019-06-24,13,12,-1
6332,2019-06-24,24,29,5
6333,2019-06-24,18,18,0
6334,2019-06-24,56,56,0
6335,2019-06-24,34,36,2
6336,2019-06-24,30,34,4
6338,2019-06-24,34,26,-8
6339,2019-06-24,25,34,9
6340,2019-06-24,39,36,-3
6343,2019-06-24,29,38,9
6345,2019-06-24,23,23,0
6346,2019-06-24,10,4,-6
6347,2019-06-24,27,29,2
6349,2019-06-24,46,51,5
6350,2019-06-24,53,63,10
6354,2019-06-24,36,42,6
6355,2019-06-24,32,40,8
6356,2019-06-24,28,14,-14
6357,2019-06-24,17,17,0
6358,2019-06-24,36,26,-10
6359,2019-06-24,85,69,-16
6360,2019-06-24,35,36,1
6361,2019-06-24,53,55,2
6362,2019-06-24,28,29,1
6363,2019-06-24,22,14,-8
6364,2019-06-24,38,49,11
6366,2019-06-24,36,28,-8
6367,2019-06-24,26,18,-8
6368,2019-06-24,67,61,-6
6369,2019-06-24,42,49,7
6370,2019-06-24,27,38,11
6371,2019-06-24,52,60,8
6372,2019-06-24,92,104,12
6373,2019-06-24,30,22,-8
6374,2019-06-24,41,47,6
6375,2019-06-24,42,60,18
6376,2019-06-24,17,20,3
6377,2019-06-24,39,52,13
6379,2019-06-24,32,42,10
6380,2019-06-24,24,21,-3
6381,2019-06-24,39,44,5
6383,2019-06-24,32,35,3
6384,2019-06-24,24,28,4
6385,2019-06-24,50,48,-2
6386,2019-06-24,45,70,25
6387,2019-06-24,74,74,0
6388,2019-06-24,20,39,19
6389,2019-06-24,46,42,-4
6391,2019-06-24,56,65,9
6393,2019-06-24,55,57,2
6394,2019-06-24,85,94,9
6395,2019-06-24,55,67,12
6396,2019-06-24,65,62,-3
6397,2019-06-24,55,57,2
6398,2019-06-24,25,45,20
6401,2019-06-24,46,38,-8
6402,2019-06-24,25,54,29
6403,2019-06-24,17,17,0
6404,2019-06-24,14,16,2
6405,2019-06-24,56,79,23
6406,2019-06-24,276,357,81
6407,2019-06-24,10,13,3
6408,2019-06-24,24,39,15
6409,2019-06-24,19,15,-4
6410,2019-06-24,14,16,2
6411,2019-06-24,102,74,-28
6412,2019-06-24,9,10,1
6413,2019-06-24,12,12,0
6414,2019-06-24,16,28,12
6415,2019-06-24,20,22,2
6416,2019-06-24,18,11,-7
6417,2019-06-24,28,38,10
6418,2019-06-24,11,9,-2
6419,2019-06-24,10,12,2
6420,2019-06-24,26,12,-14
6421,2019-06-24,34,21,-13
6422,2019-06-24,28,33,5
6423,2019-06-24,23,15,-8
6424,2019-06-24,28,59,31
6425,2019-06-24,69,72,3
6426,2019-06-24,58,59,1
6427,2019-06-24,84,89,5
6428,2019-06-24,25,24,-1
6429,2019-06-24,39,39,0
6432,2019-06-24,62,70,8
6433,2019-06-24,32,30,-2
6434,2019-06-24,61,60,-1
6435,2019-06-24,41,38,-3
6436,2019-06-24,35,28,-7
6501,2019-06-24,189,205,16
6502,2019-06-24,83,73,-10
6503,2019-06-24,39,32,-7
6504,2019-06-24,50,47,-3
6700,2019-06-24,24,35,11
6701,2019-06-24,28,23,-5
6702,2019-06-24,16,22,6
6703,2019-06-24,107,111,4
6704,2019-06-24,21,18,-3
6705,2019-06-24,24,21,-3
6706,2019-06-24,28,30,2
6707,2019-06-24,15,19,4
6708,2019-06-24,38,49,11
6709,2019-06-24,30,32,2
6710,2019-06-24,18,24,6
6711,2019-06-24,10,8,-2
6712,2019-06-24,50,53,3
6713,2019-06-24,15,14,-1
6714,2019-06-24,35,34,-1
6715,2019-06-24,69,61,-8
6716,2019-06-24,10,10,0
6717,2019-06-24,14,15,1
6718,2019-06-24,23,25,2
6719,2019-06-24,25,26,1
6720,2019-06-24,34,37,3
6721,2019-06-24,12,19,7
6722,2019-06-24,20,26,6
6723,2019-06-24,20,17,-3
6724,2019-06-24,112,118,6
6725,2019-06-24,23,31,8
6726,2019-06-24,7,8,1
6727,2019-06-24,59,78,19
6728,2019-06-24,13,12,-1
6729,2019-06-24,100,89,-11
6730,2019-06-24,15,16,1
6731,2019-06-24,36,27,-9
6732,2019-06-24,32,34,2
6733,2019-06-24,36,28,-8
6734,2019-06-24,41,44,3
6735,2019-06-24,19,17,-2
6736,2019-06-24,19,22,3
6737,2019-06-24,25,27,2
6738,2019-06-24,25,20,-5
6739,2019-06-24,6,5,-1
6741,2019-06-24,12,12,0
6742,2019-06-24,105,117,12
6743,2019-06-24,34,19,-15
6744,2019-06-24,19,19,0
6745,2019-06-24,25,26,1
6746,2019-06-24,13,10,-3
6747,2019-06-24,36,39,3
6748,2019-06-24,70,71,1
6749,2019-06-24,29,29,0
6750,2019-06-24,39,37,-2
6752,2019-06-24,8,10,2
6753,2019-06-24,14,13,-1
6754,2019-06-24,23,30,7
6901,2019-06-24,33,44,11
6902,2019-06-24,30,63,33
6903,2019-06-24,68,69,1
6904,2019-06-24,32,37,5
6905,2019-06-24,27,22,-5
6906,2019-06-24,103,63,-40
6907,2019-06-24,89,66,-23
6908,2019-06-24,49,42,-7
6912,2019-06-24,123,81,-42
6913,2019-06-24,43,55,12
6915,2019-06-24,74,65,-9
6916,2019-06-24,31,38,7
6917,2019-06-24,19,28,9
6918,2019-06-24,27,22,-5
6919,2019-06-24,21,28,7
6921,2019-06-24,30,34,4
6923,2019-06-24,24,16,-8
6924,2019-06-24,18,19,1
6925,2019-06-24,23,13,-10
6926,2019-06-24,59,60,1
6927,2019-06-24,35,32,-3
6928,2019-06-24,10,11,1
6929,2019-06-24,54,50,-4
6930,2019-06-24,27,29,2
7001,2019-06-24,38,32,-6
7002,2019-06-24,5,4,-1
7003,2019-06-24,98,92,-6
7004,2019-06-24,16,10,-6
7005,2019-06-24,7,8,1
7006,2019-06-24,8,10,2
7007,2019-06-24,3,10,7
7008,2019-06-24,8,15,7
7009,2019-06-24,42,61,19
7010,2019-06-24,20,15,-5
7011,2019-06-24,50,59,9
7012,2019-06-24,32,36,4
7013,2019-06-24,25,20,-5
7014,2019-06-24,44,34,-10
7015,2019-06-24,91,88,-3
7016,2019-06-24,11,7,-4
7017,2019-06-24,22,33,11
7018,2019-06-24,22,41,19
7019,2019-06-24,11,7,-4
7020,2019-06-24,20,27,7
7021,2019-06-24,32,42,10
7022,2019-06-24,36,33,-3
7023,2019-06-24,5,7,2
7024,2019-06-24,39,25,-14
7025,2019-06-24,14,20,6
7026,2019-06-24,53,46,-7
7027,2019-06-24,38,36,-2
7028,2019-06-24,38,29,-9
7029,2019-06-24,52,50,-2
7030,2019-06-24,45,43,-2
7031,2019-06-24,66,45,-21
7032,2019-06-24,97,64,-33
7033,2019-06-24,37,44,7
7034,2019-06-24,91,126,35
7035,2019-06-24,36,43,7
7036,2019-06-24,41,33,-8
7037,2019-06-24,41,34,-7
7038,2019-06-24,50,48,-2
7039,2019-06-24,39,39,0
7040,2019-06-24,31,33,2
7041,2019-06-24,76,74,-2
7042,2019-06-24,23,25,2
7043,2019-06-24,16,15,-1
7044,2019-06-24,8,6,-2
7045,2019-06-24,85,101,16
7046,2019-06-24,49,42,-7
7047,2019-06-24,117,134,17
7048,2019-06-24,48,58,10
7049,2019-06-24,7,7,0
7050,2019-06-24,56,57,1
7051,2019-06-24,13,12,-1
7052,2019-06-24,36,45,9
7053,2019-06-24,61,67,6
7054,2019-06-24,129,137,8
7055,2019-06-24,49,72,23
7056,2019-06-24,9,7,-2
7057,2019-06-24,52,62,10
7058,2019-06-24,59,73,14
7059,2019-06-24,33,32,-1
7060,2019-06-24,41,61,20
7061,2019-06-24,36,31,-5
7062,2019-06-24,32,41,9
7063,2019-06-24,15,17,2
7064,2019-06-24,10,11,1
7065,2019-06-24,32,24,-8
7066,2019-06-24,67,96,29
7067,2019-06-24,24,22,-2
7068,2019-06-24,117,122,5
7069,2019-06-24,61,63,2
7070,2019-06-24,23,24,1
7071,2019-06-24,65,43,-22
7072,2019-06-24,54,32,-22
7073,2019-06-24,31,37,6
7074,2019-06-24,21,34,13
7075,2019-06-24,12,5,-7
7076,2019-06-24,55,39,-16
7077,2019-06-24,42,43,1
7078,2019-06-24,33,41,8
7079,2019-06-24,22,26,4
7080,2019-06-24,48,43,-5
7081,2019-06-24,37,32,-5
7082,2019-06-24,83,100,17
7083,2019-06-24,37,28,-9
7084,2019-06-24,66,57,-9
7085,2019-06-24,3,2,-1
7086,2019-06-24,8,9,1
7087,2019-06-24,6,6,0
7088,2019-06-24,2,1,-1
7089,2019-06-24,6,7,1
7090,2019-06-24,10,11,1
7091,2019-06-24,12,13,1
7092,2019-06-24,4,4,0
7093,2019-06-24,8,8,0
7094,2019-06-24,5,4,-1
7095,2019-06-24,7,5,-2
7096,2019-06-24,12,13,1
7097,2019-06-24,14,15,1
7098,2019-06-24,1,2,1
7099,2019-06-24,14,10,-4
7100,2019-06-24,9,8,-1
7101,2019-06-24,1,2,1
7102,2019-06-24,18,24,6
7103,2019-06-24,100,97,-3
7104,2019-06-24,14,14,0
7105,2019-06-24,66,65,-1
7106,2019-06-24,13,15,2
7107,2019-06-24,33,37,4
7108,2019-06-24,46,45,-1
7109,2019-06-24,11,7,-4
7110,2019-06-24,44,45,1
7111,2019-06-24,10,8,-2
7112,2019-06-24,13,21,8
7113,2019-06-24,24,23,-1
7114,2019-06-24,89,107,18
7115,2019-06-24,10,9,-1
7116,2019-06-24,14,10,-4
7117,2019-06-24,8,12,4
7118,2019-06-24,3,2,-1
7119,2019-06-24,23,31,8
7120,2019-06-24,9,5,-4
7121,2019-06-24,3,8,5
7122,2019-06-24,4,1,-3
7123,2019-06-24,7,7,0
7124,2019-06-24,12,11,-1
7125,2019-06-24,54,55,1
7126,2019-06-24,6,2,-4
7127,2019-06-24,14,10,-4
7128,2019-06-24,13,12,-1
7129,2019-06-24,4,10,6
7130,2019-06-24,11,7,-4
7131,2019-06-24,3,5,2
7132,2019-06-24,3,6,3
7133,2019-06-24,13,16,3
7134,2019-06-24,7,7,0
7135,2019-06-24,6,6,0
7136,2019-06-24,2,3,1
7137,2019-06-24,6,12,6
7138,2019-06-24,8,8,0
7140,2019-06-24,12,15,3
7141,2019-06-24,48,51,3
7142,2019-06-24,22,30,8
7143,2019-06-24,50,54,4
7144,2019-06-24,47,63,16
7145,2019-06-24,14,21,7
7147,2019-06-24,48,47,-1
7148,2019-06-24,27,26,-1
7149,2019-06-24,13,10,-3
10002,2019-06-24,118,129,11
4000,2019-06-25,39,59,20
4001,2019-06-25,9,10,1
4002,2019-06-25,23,29,6
5002,2019-06-25,2,6,4
5004,2019-06-25,5,6,1
5005,2019-06-25,3,2,-1
5006,2019-06-25,4,7,3
5007,2019-06-25,13,11,-2
6001,2019-06-25,38,51,13
6002,2019-06-25,42,58,16
6003,2019-06-25,49,60,11
6004,2019-06-25,41,34,-7
6005,2019-06-25,92,66,-26
6006,2019-06-25,26,18,-8
6008,2019-06-25,45,61,16
6009,2019-06-25,74,80,6
6011,2019-06-25,52,54,2
6012,2019-06-25,99,154,55
6013,2019-06-25,58,60,2
6014,2019-06-25,57,62,5
6015,2019-06-25,118,171,53
6016,2019-06-25,13,13,0
6017,2019-06-25,34,46,12
6018,2019-06-25,43,49,6
6019,2019-06-25,114,56,-58
6020,2019-06-25,56,73,17
6021,2019-06-25,71,51,-20
6022,2019-06-25,37,35,-2
6023,2019-06-25,72,82,10
6024,2019-06-25,5,3,-2
6025,2019-06-25,20,20,0
6026,2019-06-25,105,111,6
6027,2019-06-25,114,90,-24
6029,2019-06-25,23,25,2
6031,2019-06-25,21,22,1
6032,2019-06-25,53,90,37
6033,2019-06-25,12,12,0
6034,2019-06-25,10,10,0
6035,2019-06-25,9,21,12
6036,2019-06-25,64,81,17
6037,2019-06-25,33,34,1
6038,2019-06-25,66,64,-2
6039,2019-06-25,43,53,10
6040,2019-06-25,26,32,6
6041,2019-06-25,63,59,-4
6042,2019-06-25,65,64,-1
6043,2019-06-25,77,185,108
6044,2019-06-25,68,75,7
6046,2019-06-25,117,76,-41
6047,2019-06-25,51,35,-16
6048,2019-06-25,43,45,2
6049,2019-06-25,78,81,3
6050,2019-06-25,28,27,-1
6051,2019-06-25,41,35,-6
6052,2019-06-25,97,135,38
6053,2019-06-25,87,111,24
6057,2019-06-25,69,47,-22
6058,2019-06-25,71,32,-39
6059,2019-06-25,47,31,-16
6060,2019-06-25,25,19,-6
6061,2019-06-25,37,22,-15
6062,2019-06-25,55,33,-22
6063,2019-06-25,86,47,-39
6064,2019-06-25,172,106,-66
6065,2019-06-25,47,29,-18
6066,2019-06-25,24,6,-18
6067,2019-06-25,30,28,-2
6068,2019-06-25,19,11,-8
6070,2019-06-25,149,103,-46
6072,2019-06-25,63,47,-16
6073,2019-06-25,220,125,-95
6075,2019-06-25,40,11,-29
6076,2019-06-25,11,22,11
6078,2019-06-25,18,35,17
6079,2019-06-25,65,51,-14
6080,2019-06-25,109,105,-4
6081,2019-06-25,79,72,-7
6082,2019-06-25,7,8,1
6083,2019-06-25,61,114,53
6084,2019-06-25,37,39,2
6085,2019-06-25,70,123,53
6086,2019-06-25,24,24,0
6087,2019-06-25,94,115,21
6088,2019-06-25,58,68,10
6089,2019-06-25,46,59,13
6090,2019-06-25,28,28,0
6091,2019-06-25,36,27,-9
6092,2019-06-25,54,54,0
6093,2019-06-25,26,22,-4
6094,2019-06-25,36,31,-5
6095,2019-06-25,92,82,-10
6096,2019-06-25,49,78,29
6097,2019-06-25,75,59,-16
6098,2019-06-25,41,26,-15
6099,2019-06-25,88,106,18
6101,2019-06-25,44,19,-25
6102,2019-06-25,22,31,9
6104,2019-06-25,63,70,7
6105,2019-06-25,40,49,9
6106,2019-06-25,18,22,4
6107,2019-06-25,67,68,1
6108,2019-06-25,33,44,11
6110,2019-06-25,24,29,5
6111,2019-06-25,30,45,15
6112,2019-06-25,75,77,2
6113,2019-06-25,50,42,-8
6114,2019-06-25,123,162,39
6115,2019-06-25,21,29,8
6116,2019-06-25,38,61,23
6117,2019-06-25,17,25,8
6118,2019-06-25,53,71,18
6119,2019-06-25,76,85,9
6120,2019-06-25,57,102,45
6121,2019-06-25,13,34,21
6122,2019-06-25,22,25,3
6123,2019-06-25,19,21,2
6124,2019-06-25,30,59,29
6125,2019-06-25,15,10,-5
6126,2019-06-25,36,46,10
6127,2019-06-25,22,25,3
6128,2019-06-25,13,19,6
6129,2019-06-25,46,44,-2
6130,2019-06-25,21,20,-1
6131,2019-06-25,58,38,-20
6132,2019-06-25,47,57,10
6133,2019-06-25,40,46,6
6134,2019-06-25,37,35,-2
6136,2019-06-25,256,202,-54
6137,2019-06-25,76,78,2
6138,2019-06-25,44,54,10
6139,2019-06-25,38,39,1
6140,2019-06-25,68,73,5
6141,2019-06-25,32,32,0
6142,2019-06-25,57,66,9
6143,2019-06-25,69,77,8
6145,2019-06-25,58,53,-5
6146,2019-06-25,61,47,-14
6147,2019-06-25,81,55,-26
6148,2019-06-25,85,68,-17
6149,2019-06-25,31,40,9
6150,2019-06-25,61,63,2
6151,2019-06-25,66,64,-2
6152,2019-06-25,89,82,-7
6153,2019-06-25,42,49,7
6154,2019-06-25,125,125,0
6155,2019-06-25,110,109,-1
6156,2019-06-25,58,58,0
6157,2019-06-25,87,82,-5
6158,2019-06-25,45,45,0
6159,2019-06-25,26,28,2
6160,2019-06-25,46,36,-10
6161,2019-06-25,38,42,4
6162,2019-06-25,6,6,0
6163,2019-06-25,73,96,23
6164,2019-06-25,56,82,26
6165,2019-06-25,63,88,25
6166,2019-06-25,55,39,-16
6167,2019-06-25,35,45,10
6168,2019-06-25,46,35,-11
6169,2019-06-25,110,97,-13
6170,2019-06-25,39,33,-6
6171,2019-06-25,29,42,13
6173,2019-06-25,84,46,-38
6174,2019-06-25,81,65,-16
6175,2019-06-25,70,45,-25
6176,2019-06-25,56,56,0
6177,2019-06-25,53,53,0
6178,2019-06-25,91,70,-21
6179,2019-06-25,46,50,4
6180,2019-06-25,49,57,8
6181,2019-06-25,80,58,-22
6182,2019-06-25,53,34,-19
6183,2019-06-25,72,64,-8
6184,2019-06-25,165,166,1
6185,2019-06-25,12,11,-1
6186,2019-06-25,52,50,-2
6187,2019-06-25,100,90,-10
6188,2019-06-25,32,30,-2
6189,2019-06-25,21,23,2
6190,2019-06-25,102,57,-45
6191,2019-06-25,43,43,0
6193,2019-06-25,92,87,-5
6194,2019-06-25,149,128,-21
6195,2019-06-25,88,56,-32
6196,2019-06-25,98,76,-22
6197,2019-06-25,38,40,2
6198,2019-06-25,19,9,-10
6199,2019-06-25,92,54,-38
6200,2019-06-25,79,70,-9
6201,2019-06-25,46,46,0
6202,2019-06-25,84,65,-19
6203,2019-06-25,66,53,-13
6204,2019-06-25,89,77,-12
6205,2019-06-25,78,64,-14
6206,2019-06-25,107,107,0
6207,2019-06-25,40,37,-3
6208,2019-06-25,63,63,0
6209,2019-06-25,117,82,-35
6210,2019-06-25,41,31,-10
6211,2019-06-25,131,111,-20
6212,2019-06-25,61,37,-24
6213,2019-06-25,103,97,-6
6214,2019-06-25,61,35,-26
6216,2019-06-25,75,32,-43
6217,2019-06-25,87,55,-32
6218,2019-06-25,63,38,-25
6219,2019-06-25,57,57,0
6220,2019-06-25,69,70,1
6221,2019-06-25,173,149,-24
6222,2019-06-25,67,45,-22
6223,2019-06-25,93,51,-42
6225,2019-06-25,79,55,-24
6226,2019-06-25,23,14,-9
6227,2019-06-25,120,126,6
6228,2019-06-25,49,30,-19
6229,2019-06-25,66,54,-12
6230,2019-06-25,82,57,-25
6231,2019-06-25,88,72,-16
6232,2019-06-25,37,16,-21
6233,2019-06-25,89,75,-14
6234,2019-06-25,64,49,-15
6235,2019-06-25,47,77,30
6236,2019-06-25,43,54,11
6237,2019-06-25,42,54,12
6240,2019-06-25,13,15,2
6241,2019-06-25,41,39,-2
6243,2019-06-25,48,49,1
6245,2019-06-25,36,30,-6
6246,2019-06-25,44,38,-6
6247,2019-06-25,119,87,-32
6248,2019-06-25,114,93,-21
6249,2019-06-25,34,25,-9
6250,2019-06-25,41,33,-8
6251,2019-06-25,19,16,-3
6252,2019-06-25,48,31,-17
6253,2019-06-25,47,26,-21
6254,2019-06-25,61,57,-4
6255,2019-06-25,45,53,8
6257,2019-06-25,28,33,5
6258,2019-06-25,58,45,-13
6259,2019-06-25,13,19,6
6260,2019-06-25,29,30,1
6261,2019-06-25,29,36,7
6262,2019-06-25,47,44,-3
6263,2019-06-25,15,24,9
6264,2019-06-25,23,33,10
6265,2019-06-25,42,53,11
6266,2019-06-25,25,25,0
6267,2019-06-25,37,39,2
6268,2019-06-25,47,49,2
6269,2019-06-25,15,31,16
6270,2019-06-25,32,39,7
6272,2019-06-25,22,21,-1
6273,2019-06-25,19,29,10
6274,2019-06-25,26,39,13
6275,2019-06-25,26,25,-1
6276,2019-06-25,33,33,0
6277,2019-06-25,52,46,-6
6278,2019-06-25,17,19,2
6279,2019-06-25,14,15,1
6280,2019-06-25,68,67,-1
6281,2019-06-25,30,20,-10
6301,2019-06-25,14,14,0
6302,2019-06-25,9,10,1
6303,2019-06-25,12,14,2
6304,2019-06-25,8,6,-2
6305,2019-06-25,14,7,-7
6306,2019-06-25,61,10,-51
6307,2019-06-25,49,39,-10
6309,2019-06-25,21,23,2
6310,2019-06-25,50,23,-27
6311,2019-06-25,28,21,-7
6312,2019-06-25,25,32,7
6313,2019-06-25,25,50,25
6314,2019-06-25,49,46,-3
6315,2019-06-25,62,28,-34
6316,2019-06-25,28,9,-19
6321,2019-06-25,78,60,-18
6322,2019-06-25,21,19,-2
6323,2019-06-25,13,15,2
6324,2019-06-25,19,29,10
6327,2019-06-25,33,30,-3
6328,2019-06-25,28,31,3
6329,2019-06-25,13,17,4
6330,2019-06-25,16,20,4
6331,2019-06-25,15,17,2
6332,2019-06-25,19,30,11
6333,2019-06-25,15,22,7
6334,2019-06-25,62,66,4
6335,2019-06-25,20,25,5
6336,2019-06-25,26,32,6
6338,2019-06-25,22,17,-5
6339,2019-06-25,16,14,-2
6340,2019-06-25,25,22,-3
6343,2019-06-25,27,25,-2
6345,2019-06-25,11,22,11
6346,2019-06-25,10,12,2
6347,2019-06-25,28,24,-4
6349,2019-06-25,29,31,2
6350,2019-06-25,29,27,-2
6354,2019-06-25,22,24,2
6355,2019-06-25,21,31,10
6356,2019-06-25,32,22,-10
6357,2019-06-25,19,11,-8
6358,2019-06-25,16,16,0
6359,2019-06-25,46,63,17
6360,2019-06-25,20,19,-1
6361,2019-06-25,42,35,-7
6362,2019-06-25,33,32,-1
6363,2019-06-25,23,19,-4
6364,2019-06-25,30,29,-1
6366,2019-06-25,27,21,-6
6367,2019-06-25,20,22,2
6368,2019-06-25,40,50,10
6369,2019-06-25,25,46,21
6370,2019-06-25,24,28,4
6371,2019-06-25,37,57,20
6372,2019-06-25,70,99,29
6373,2019-06-25,25,34,9
6374,2019-06-25,34,39,5
6375,2019-06-25,46,53,7
6376,2019-06-25,14,23,9
6377,2019-06-25,23,31,8
6379,2019-06-25,22,28,6
6380,2019-06-25,15,20,5
6381,2019-06-25,51,44,-7
6383,2019-06-25,20,17,-3
6384,2019-06-25,16,19,3
6385,2019-06-25,43,49,6
6386,2019-06-25,52,64,12
6387,2019-06-25,52,75,23
6388,2019-06-25,21,27,6
6389,2019-06-25,45,42,-3
6391,2019-06-25,35,55,20
6393,2019-06-25,32,65,33
6394,2019-06-25,48,70,22
6395,2019-06-25,52,43,-9
6396,2019-06-25,86,50,-36
6397,2019-06-25,23,54,31
6398,2019-06-25,20,23,3
6401,2019-06-25,34,48,14
6402,2019-06-25,27,37,10
6403,2019-06-25,14,26,12
6404,2019-06-25,15,31,16
6405,2019-06-25,29,41,12
6406,2019-06-25,37,45,8
6407,2019-06-25,15,19,4
6408,2019-06-25,41,50,9
6409,2019-06-25,14,22,8
6410,2019-06-25,34,32,-2
6411,2019-06-25,91,83,-8
6412,2019-06-25,13,15,2
6413,2019-06-25,14,13,-1
6414,2019-06-25,12,21,9
6415,2019-06-25,22,25,3
6416,2019-06-25,17,12,-5
6417,2019-06-25,22,33,11
6418,2019-06-25,5,8,3
6419,2019-06-25,4,9,5
6420,2019-06-25,22,25,3
6421,2019-06-25,27,22,-5
6422,2019-06-25,8,10,2
6423,2019-06-25,12,11,-1
6424,2019-06-25,22,55,33
6425,2019-06-25,35,27,-8
6426,2019-06-25,51,66,15
6427,2019-06-25,43,55,12
6428,2019-06-25,7,19,12
6429,2019-06-25,23,36,13
6432,2019-06-25,60,56,-4
6433,2019-06-25,24,25,1
6434,2019-06-25,56,45,-11
6435,2019-06-25,30,29,-1
6436,2019-06-25,25,25,0
6501,2019-06-25,17,17,0
6502,2019-06-25,6,13,7
6503,2019-06-25,58,52,-6
6504,2019-06-25,5,5,0
6700,2019-06-25,14,39,25
6701,2019-06-25,33,33,0
6702,2019-06-25,13,17,4
6703,2019-06-25,13,13,0
6704,2019-06-25,22,18,-4
6705,2019-06-25,25,27,2
6706,2019-06-25,17,14,-3
6707,2019-06-25,31,29,-2
6708,2019-06-25,58,70,12
6709,2019-06-25,12,22,10
6710,2019-06-25,10,12,2
6711,2019-06-25,17,14,-3
6712,2019-06-25,6,15,9
6713,2019-06-25,10,13,3
6714,2019-06-25,3,2,-1
6715,2019-06-25,18,23,5
6716,2019-06-25,6,13,7
6717,2019-06-25,12,9,-3
6718,2019-06-25,17,26,9
6719,2019-06-25,13,19,6
6720,2019-06-25,16,29,13
6721,2019-06-25,10,15,5
6722,2019-06-25,6,10,4
6723,2019-06-25,5,9,4
6724,2019-06-25,24,46,22
6725,2019-06-25,27,23,-4
6726,2019-06-25,5,12,7
6727,2019-06-25,67,66,-1
6728,2019-06-25,10,14,4
6729,2019-06-25,108,109,1
6730,2019-06-25,7,12,5
6731,2019-06-25,15,13,-2
6732,2019-06-25,22,35,13
6733,2019-06-25,23,33,10
6734,2019-06-25,36,35,-1
6735,2019-06-25,12,12,0
6736,2019-06-25,9,15,6
6737,2019-06-25,19,20,1
6738,2019-06-25,59,38,-21
6739,2019-06-25,11,8,-3
6741,2019-06-25,12,12,0
6742,2019-06-25,45,56,11
6743,2019-06-25,24,2,-22
6744,2019-06-25,16,22,6
6745,2019-06-25,20,20,0
6746,2019-06-25,13,11,-2
6747,2019-06-25,32,39,7
6748,2019-06-25,69,74,5
6749,2019-06-25,35,39,4
6750,2019-06-25,31,29,-2
6752,2019-06-25,19,20,1
6753,2019-06-25,19,20,1
6754,2019-06-25,13,16,3
6901,2019-06-25,36,37,1
6902,2019-06-25,63,81,18
6903,2019-06-25,77,68,-9
6904,2019-06-25,30,37,7
6905,2019-06-25,24,26,2
6906,2019-06-25,122,57,-65
6907,2019-06-25,87,52,-35
6908,2019-06-25,51,47,-4
6912,2019-06-25,151,120,-31
6913,2019-06-25,42,37,-5
6915,2019-06-25,70,50,-20
6916,2019-06-25,25,37,12
6917,2019-06-25,14,22,8
6918,2019-06-25,20,16,-4
6919,2019-06-25,24,28,4
6921,2019-06-25,54,54,0
6923,2019-06-25,34,42,8
6924,2019-06-25,23,15,-8
6925,2019-06-25,32,21,-11
6926,2019-06-25,34,33,-1
6927,2019-06-25,54,20,-34
6928,2019-06-25,25,7,-18
6929,2019-06-25,23,18,-5
6930,2019-06-25,17,14,-3
7001,2019-06-25,26,34,8
7002,2019-06-25,4,15,11
7003,2019-06-25,110,109,-1
7004,2019-06-25,14,17,3
7005,2019-06-25,4,7,3
7006,2019-06-25,12,19,7
7007,2019-06-25,2,16,14
7008,2019-06-25,21,21,0
7009,2019-06-25,35,48,13
7010,2019-06-25,10,13,3
7011,2019-06-25,37,49,12
7012,2019-06-25,21,33,12
7013,2019-06-25,18,18,0
7014,2019-06-25,57,27,-30
7015,2019-06-25,10,16,6
7016,2019-06-25,7,8,1
7017,2019-06-25,18,32,14
7018,2019-06-25,12,28,16
7019,2019-06-25,34,41,7
7020,2019-06-25,13,23,10
7021,2019-06-25,33,30,-3
7022,2019-06-25,28,30,2
7023,2019-06-25,3,1,-2
7024,2019-06-25,35,20,-15
7025,2019-06-25,42,37,-5
7026,2019-06-25,41,44,3
7027,2019-06-25,29,41,12
7028,2019-06-25,52,59,7
7029,2019-06-25,40,39,-1
7030,2019-06-25,36,40,4
7031,2019-06-25,32,32,0
7032,2019-06-25,88,42,-46
7033,2019-06-25,54,45,-9
7034,2019-06-25,9,24,15
7035,2019-06-25,38,40,2
7036,2019-06-25,35,34,-1
7037,2019-06-25,43,32,-11
7038,2019-06-25,48,40,-8
7039,2019-06-25,16,20,4
7040,2019-06-25,39,41,2
7041,2019-06-25,108,82,-26
7042,2019-06-25,31,29,-2
7043,2019-06-25,21,17,-4
7044,2019-06-25,4,7,3
7045,2019-06-25,38,38,0
7046,2019-06-25,84,71,-13
7047,2019-06-25,103,174,71
7048,2019-06-25,14,7,-7
7049,2019-06-25,10,23,13
7050,2019-06-25,23,28,5
7051,2019-06-25,11,14,3
7052,2019-06-25,47,49,2
7053,2019-06-25,26,30,4
7054,2019-06-25,25,41,16
7055,2019-06-25,9,20,11
7056,2019-06-25,7,13,6
7057,2019-06-25,24,41,17
7058,2019-06-25,23,31,8
7059,2019-06-25,21,30,9
7060,2019-06-25,26,34,8
7061,2019-06-25,35,37,2
7062,2019-06-25,54,46,-8
7063,2019-06-25,16,12,-4
7064,2019-06-25,17,15,-2
7065,2019-06-25,25,31,6
7066,2019-06-25,65,84,19
7067,2019-06-25,44,47,3
7068,2019-06-25,52,69,17
7069,2019-06-25,46,58,12
7070,2019-06-25,24,34,10
7071,2019-06-25,47,44,-3
7072,2019-06-25,28,18,-10
7073,2019-06-25,28,40,12
7074,2019-06-25,24,30,6
7075,2019-06-25,5,7,2
7076,2019-06-25,46,43,-3
7077,2019-06-25,26,31,5
7078,2019-06-25,31,34,3
7079,2019-06-25,28,39,11
7080,2019-06-25,49,55,6
7081,2019-06-25,33,41,8
7082,2019-06-25,43,60,17
7083,2019-06-25,42,42,0
7084,2019-06-25,51,55,4
7087,2019-06-25,1,0,-1
7088,2019-06-25,2,0,-2
7089,2019-06-25,1,1,0
7090,2019-06-25,7,8,1
7091,2019-06-25,2,4,2
7092,2019-06-25,7,6,-1
7094,2019-06-25,2,2,0
7095,2019-06-25,11,16,5
7096,2019-06-25,25,21,-4
7097,2019-06-25,6,4,-2
7098,2019-06-25,2,4,2
7099,2019-06-25,4,8,4
7100,2019-06-25,5,4,-1
7101,2019-06-25,3,4,1
7102,2019-06-25,14,20,6
7103,2019-06-25,5,2,-3
7104,2019-06-25,3,6,3
7105,2019-06-25,2,4,2
7106,2019-06-25,1,1,0
7107,2019-06-25,2,0,-2
7108,2019-06-25,10,14,4
7109,2019-06-25,4,10,6
7110,2019-06-25,1,5,4
7111,2019-06-25,4,3,-1
7112,2019-06-25,7,8,1
7113,2019-06-25,35,54,19
7114,2019-06-25,60,71,11
7115,2019-06-25,6,7,1
7116,2019-06-25,18,6,-12
7117,2019-06-25,1,5,4
7118,2019-06-25,2,5,3
7119,2019-06-25,6,8,2
7120,2019-06-25,2,6,4
7121,2019-06-25,2,8,6
7122,2019-06-25,3,6,3
7123,2019-06-25,2,1,-1
7124,2019-06-25,8,14,6
7125,2019-06-25,11,13,2
7126,2019-06-25,4,8,4
7127,2019-06-25,22,23,1
7128,2019-06-25,10,7,-3
7129,2019-06-25,10,12,2
7130,2019-06-25,9,8,-1
7131,2019-06-25,1,2,1
7132,2019-06-25,6,4,-2
7133,2019-06-25,5,3,-2
7134,2019-06-25,1,5,4
7135,2019-06-25,2,4,2
7136,2019-06-25,5,6,1
7137,2019-06-25,6,5,-1
7138,2019-06-25,4,3,-1
7140,2019-06-25,21,23,2
7141,2019-06-25,14,30,16
7142,2019-06-25,5,7,2
7143,2019-06-25,16,16,0
7144,2019-06-25,29,35,6
7145,2019-06-25,8,7,-1
7147,2019-06-25,45,37,-8
7148,2019-06-25,7,7,0
7149,2019-06-25,11,11,0
10002,2019-06-25,90,98,8
4000,2019-06-26,68,76,8
4001,2019-06-26,10,16,6
4002,2019-06-26,23,26,3
5002,2019-06-26,3,6,3
5003,2019-06-26,7,5,-2
5004,2019-06-26,6,4,-2
5005,2019-06-26,5,8,3
5006,2019-06-26,9,12,3
5007,2019-06-26,25,21,-4
6001,2019-06-26,55,92,37
6002,2019-06-26,53,71,18
6003,2019-06-26,96,106,10
6004,2019-06-26,62,77,15
6005,2019-06-26,135,133,-2
6006,2019-06-26,29,21,-8
6008,2019-06-26,60,102,42
6009,2019-06-26,99,98,-1
6011,2019-06-26,79,106,27
6012,2019-06-26,161,288,127
6013,2019-06-26,79,98,19
6014,2019-06-26,75,85,10
6015,2019-06-26,165,247,82
6016,2019-06-26,17,20,3
6017,2019-06-26,43,62,19
6018,2019-06-26,67,80,13
6019,2019-06-26,158,86,-72
6020,2019-06-26,63,99,36
6021,2019-06-26,88,62,-26
6022,2019-06-26,80,80,0
6023,2019-06-26,186,213,27
6024,2019-06-26,3,4,1
6025,2019-06-26,56,63,7
6026,2019-06-26,184,227,43
6027,2019-06-26,162,182,20
6029,2019-06-26,29,42,13
6031,2019-06-26,37,62,25
6032,2019-06-26,58,132,74
6033,2019-06-26,24,17,-7
6034,2019-06-26,17,20,3
6035,2019-06-26,22,63,41
6036,2019-06-26,146,222,76
6037,2019-06-26,57,64,7
6038,2019-06-26,109,121,12
6039,2019-06-26,104,114,10
6040,2019-06-26,69,84,15
6041,2019-06-26,99,111,12
6042,2019-06-26,98,106,8
6043,2019-06-26,186,415,229
6044,2019-06-26,79,77,-2
6046,2019-06-26,158,141,-17
6047,2019-06-26,93,61,-32
6048,2019-06-26,62,61,-1
6049,2019-06-26,105,127,22
6050,2019-06-26,45,54,9
6051,2019-06-26,51,42,-9
6052,2019-06-26,241,320,79
6053,2019-06-26,211,245,34
6057,2019-06-26,113,99,-14
6058,2019-06-26,66,64,-2
6059,2019-06-26,87,87,0
6060,2019-06-26,43,38,-5
6061,2019-06-26,70,70,0
6062,2019-06-26,72,57,-15
6063,2019-06-26,99,77,-22
6064,2019-06-26,215,178,-37
6065,2019-06-26,73,51,-22
6066,2019-06-26,42,14,-28
6067,2019-06-26,37,69,32
6068,2019-06-26,17,21,4
6070,2019-06-26,199,163,-36
6072,2019-06-26,80,82,2
6073,2019-06-26,268,231,-37
6075,2019-06-26,56,23,-33
6076,2019-06-26,15,25,10
6078,2019-06-26,36,70,34
6079,2019-06-26,77,73,-4
6080,2019-06-26,187,168,-19
6081,2019-06-26,69,65,-4
6082,2019-06-26,20,14,-6
6083,2019-06-26,185,208,23
6084,2019-06-26,61,69,8
6085,2019-06-26,98,183,85
6086,2019-06-26,25,37,12
6087,2019-06-26,118,160,42
6088,2019-06-26,69,84,15
6089,2019-06-26,60,61,1
6090,2019-06-26,37,40,3
6091,2019-06-26,53,46,-7
6092,2019-06-26,88,73,-15
6093,2019-06-26,49,42,-7
6094,2019-06-26,54,47,-7
6095,2019-06-26,129,116,-13
6096,2019-06-26,53,81,28
6097,2019-06-26,90,59,-31
6098,2019-06-26,50,42,-8
6099,2019-06-26,104,135,31
6100,2019-06-26,157,143,-14
6101,2019-06-26,64,23,-41
6102,2019-06-26,27,27,0
6104,2019-06-26,10,13,3
6105,2019-06-26,65,112,47
6106,2019-06-26,38,54,16
6107,2019-06-26,121,107,-14
6108,2019-06-26,51,51,0
6109,2019-06-26,14,28,14
6110,2019-06-26,26,35,9
6111,2019-06-26,46,60,14
6112,2019-06-26,89,112,23
6113,2019-06-26,67,84,17
6114,2019-06-26,159,218,59
6115,2019-06-26,27,27,0
6116,2019-06-26,58,79,21
6117,2019-06-26,5,16,11
6118,2019-06-26,71,95,24
6119,2019-06-26,91,110,19
6120,2019-06-26,85,113,28
6121,2019-06-26,37,55,18
6122,2019-06-26,30,31,1
6123,2019-06-26,38,48,10
6124,2019-06-26,36,71,35
6125,2019-06-26,30,28,-2
6126,2019-06-26,42,54,12
6127,2019-06-26,65,60,-5
6128,2019-06-26,27,31,4
6129,2019-06-26,68,67,-1
6130,2019-06-26,21,18,-3
6131,2019-06-26,104,51,-53
6132,2019-06-26,74,88,14
6133,2019-06-26,74,64,-10
6134,2019-06-26,44,38,-6
6136,2019-06-26,314,242,-72
6137,2019-06-26,103,94,-9
6138,2019-06-26,87,82,-5
6139,2019-06-26,49,55,6
6140,2019-06-26,91,91,0
6141,2019-06-26,64,53,-11
6142,2019-06-26,104,77,-27
6143,2019-06-26,113,105,-8
6145,2019-06-26,76,66,-10
6146,2019-06-26,85,62,-23
6147,2019-06-26,114,72,-42
6148,2019-06-26,157,110,-47
6149,2019-06-26,46,36,-10
6150,2019-06-26,76,74,-2
6151,2019-06-26,98,88,-10
6152,2019-06-26,121,110,-11
6153,2019-06-26,63,61,-2
6154,2019-06-26,173,169,-4
6155,2019-06-26,146,144,-2
6156,2019-06-26,90,84,-6
6157,2019-06-26,118,119,1
6158,2019-06-26,67,58,-9
6159,2019-06-26,31,38,7
6160,2019-06-26,47,49,2
6161,2019-06-26,53,62,9
6162,2019-06-26,15,13,-2
6163,2019-06-26,110,106,-4
6164,2019-06-26,77,107,30
6165,2019-06-26,127,130,3
6166,2019-06-26,92,61,-31
6167,2019-06-26,48,54,6
6168,2019-06-26,63,59,-4
6169,2019-06-26,143,113,-30
6170,2019-06-26,44,59,15
6171,2019-06-26,41,61,20
6173,2019-06-26,114,72,-42
6174,2019-06-26,129,96,-33
6175,2019-06-26,108,57,-51
6176,2019-06-26,88,91,3
6177,2019-06-26,60,61,1
6178,2019-06-26,129,112,-17
6179,2019-06-26,78,73,-5
6180,2019-06-26,62,77,15
6181,2019-06-26,135,82,-53
6182,2019-06-26,65,42,-23
6183,2019-06-26,89,66,-23
6184,2019-06-26,260,226,-34
6185,2019-06-26,23,31,8
6186,2019-06-26,95,75,-20
6187,2019-06-26,120,124,4
6188,2019-06-26,69,51,-18
6189,2019-06-26,21,22,1
6190,2019-06-26,125,76,-49
6191,2019-06-26,59,51,-8
6193,2019-06-26,98,102,4
6194,2019-06-26,196,163,-33
6195,2019-06-26,93,64,-29
6196,2019-06-26,134,102,-32
6197,2019-06-26,50,47,-3
6198,2019-06-26,21,18,-3
6199,2019-06-26,127,92,-35
6200,2019-06-26,121,114,-7
6201,2019-06-26,81,48,-33
6202,2019-06-26,131,112,-19
6203,2019-06-26,114,93,-21
6204,2019-06-26,101,91,-10
6205,2019-06-26,108,81,-27
6206,2019-06-26,149,130,-19
6207,2019-06-26,52,51,-1
6208,2019-06-26,69,77,8
6209,2019-06-26,140,100,-40
6210,2019-06-26,49,49,0
6211,2019-06-26,163,152,-11
6212,2019-06-26,85,58,-27
6213,2019-06-26,124,121,-3
6214,2019-06-26,109,70,-39
6216,2019-06-26,172,92,-80
6217,2019-06-26,91,67,-24
6218,2019-06-26,70,58,-12
6219,2019-06-26,77,75,-2
6220,2019-06-26,106,92,-14
6221,2019-06-26,204,178,-26
6222,2019-06-26,90,67,-23
6223,2019-06-26,119,96,-23
6225,2019-06-26,96,82,-14
6226,2019-06-26,33,26,-7
6227,2019-06-26,185,156,-29
6228,2019-06-26,39,26,-13
6229,2019-06-26,62,57,-5
6230,2019-06-26,77,77,0
6231,2019-06-26,109,113,4
6232,2019-06-26,43,35,-8
6233,2019-06-26,119,109,-10
6234,2019-06-26,60,50,-10
6235,2019-06-26,74,68,-6
6236,2019-06-26,74,72,-2
6237,2019-06-26,58,59,1
6240,2019-06-26,33,32,-1
6241,2019-06-26,62,65,3
6243,2019-06-26,73,73,0
6245,2019-06-26,37,33,-4
6246,2019-06-26,59,48,-11
6247,2019-06-26,139,121,-18
6248,2019-06-26,182,127,-55
6249,2019-06-26,84,71,-13
6250,2019-06-26,74,71,-3
6251,2019-06-26,30,23,-7
6252,2019-06-26,55,41,-14
6253,2019-06-26,66,57,-9
6254,2019-06-26,76,81,5
6255,2019-06-26,86,80,-6
6257,2019-06-26,49,30,-19
6258,2019-06-26,93,85,-8
6259,2019-06-26,41,40,-1
6260,2019-06-26,58,61,3
6261,2019-06-26,55,51,-4
6262,2019-06-26,47,55,8
6263,2019-06-26,29,34,5
6264,2019-06-26,29,29,0
6265,2019-06-26,58,51,-7
6266,2019-06-26,44,33,-11
6267,2019-06-26,63,60,-3
6268,2019-06-26,70,74,4
6269,2019-06-26,25,35,10
6270,2019-06-26,52,39,-13
6271,2019-06-26,1,4,3
6272,2019-06-26,32,27,-5
6273,2019-06-26,35,32,-3
6274,2019-06-26,49,41,-8
6275,2019-06-26,28,27,-1
6276,2019-06-26,41,39,-2
6277,2019-06-26,65,64,-1
6278,2019-06-26,24,18,-6
6279,2019-06-26,28,28,0
6280,2019-06-26,113,112,-1
6281,2019-06-26,26,19,-7
6301,2019-06-26,27,26,-1
6302,2019-06-26,21,10,-11
6303,2019-06-26,16,16,0
6304,2019-06-26,14,7,-7
6305,2019-06-26,25,18,-7
6306,2019-06-26,59,24,-35
6307,2019-06-26,65,70,5
6309,2019-06-26,30,35,5
6310,2019-06-26,65,23,-42
6311,2019-06-26,34,29,-5
6312,2019-06-26,38,49,11
6313,2019-06-26,42,71,29
6314,2019-06-26,61,61,0
6315,2019-06-26,82,41,-41
6316,2019-06-26,49,20,-29
6321,2019-06-26,100,96,-4
6322,2019-06-26,32,30,-2
6323,2019-06-26,21,18,-3
6324,2019-06-26,27,33,6
6327,2019-06-26,47,29,-18
6328,2019-06-26,42,35,-7
6329,2019-06-26,23,24,1
6330,2019-06-26,30,31,1
6331,2019-06-26,25,23,-2
6332,2019-06-26,30,35,5
6333,2019-06-26,25,25,0
6334,2019-06-26,83,76,-7
6335,2019-06-26,45,35,-10
6336,2019-06-26,25,23,-2
6338,2019-06-26,29,36,7
6339,2019-06-26,30,27,-3
6340,2019-06-26,27,31,4
6343,2019-06-26,39,47,8
6345,2019-06-26,13,22,9
6346,2019-06-26,20,10,-10
6347,2019-06-26,27,30,3
6349,2019-06-26,48,53,5
6350,2019-06-26,41,59,18
6354,2019-06-26,43,40,-3
6355,2019-06-26,41,45,4
6356,2019-06-26,50,37,-13
6357,2019-06-26,33,23,-10
6358,2019-06-26,29,28,-1
6359,2019-06-26,122,142,20
6360,2019-06-26,41,41,0
6361,2019-06-26,43,51,8
6362,2019-06-26,44,40,-4
6363,2019-06-26,29,29,0
6364,2019-06-26,49,38,-11
6366,2019-06-26,48,29,-19
6367,2019-06-26,30,32,2
6368,2019-06-26,79,75,-4
6369,2019-06-26,42,51,9
6370,2019-06-26,47,37,-10
6371,2019-06-26,94,92,-2
6372,2019-06-26,76,94,18
6373,2019-06-26,42,38,-4
6374,2019-06-26,65,49,-16
6375,2019-06-26,58,81,23
6376,2019-06-26,34,21,-13
6377,2019-06-26,32,40,8
6379,2019-06-26,32,36,4
6380,2019-06-26,28,29,1
6381,2019-06-26,86,84,-2
6383,2019-06-26,24,22,-2
6384,2019-06-26,23,19,-4
6385,2019-06-26,54,55,1
6386,2019-06-26,64,79,15
6387,2019-06-26,75,94,19
6388,2019-06-26,26,39,13
6389,2019-06-26,61,45,-16
6391,2019-06-26,78,103,25
6393,2019-06-26,61,95,34
6394,2019-06-26,65,93,28
6395,2019-06-26,86,98,12
6396,2019-06-26,105,107,2
6397,2019-06-26,52,71,19
6398,2019-06-26,29,44,15
6401,2019-06-26,62,70,8
6402,2019-06-26,46,49,3
6403,2019-06-26,32,36,4
6404,2019-06-26,26,28,2
6405,2019-06-26,62,78,16
6406,2019-06-26,91,125,34
6407,2019-06-26,22,32,10
6408,2019-06-26,63,68,5
6409,2019-06-26,17,19,2
6410,2019-06-26,45,59,14
6411,2019-06-26,137,113,-24
6412,2019-06-26,28,26,-2
6413,2019-06-26,36,47,11
6414,2019-06-26,24,35,11
6415,2019-06-26,29,34,5
6416,2019-06-26,31,14,-17
6417,2019-06-26,39,41,2
6418,2019-06-26,9,11,2
6419,2019-06-26,5,19,14
6420,2019-06-26,31,30,-1
6421,2019-06-26,43,43,0
6422,2019-06-26,8,17,9
6423,2019-06-26,36,25,-11
6424,2019-06-26,41,78,37
6425,2019-06-26,45,48,3
6426,2019-06-26,70,94,24
6427,2019-06-26,66,72,6
6428,2019-06-26,21,32,11
6429,2019-06-26,44,46,2
6432,2019-06-26,91,89,-2
6433,2019-06-26,34,33,-1
6434,2019-06-26,72,77,5
6435,2019-06-26,62,50,-12
6436,2019-06-26,31,29,-2
6501,2019-06-26,79,91,12
6502,2019-06-26,48,44,-4
6503,2019-06-26,57,49,-8
6504,2019-06-26,37,30,-7
6700,2019-06-26,28,39,11
6701,2019-06-26,51,60,9
6702,2019-06-26,17,22,5
6703,2019-06-26,65,60,-5
6704,2019-06-26,28,34,6
6705,2019-06-26,17,24,7
6706,2019-06-26,21,18,-3
6707,2019-06-26,28,39,11
6708,2019-06-26,72,101,29
6709,2019-06-26,39,30,-9
6710,2019-06-26,17,23,6
6711,2019-06-26,48,49,1
6712,2019-06-26,23,21,-2
6713,2019-06-26,16,15,-1
6714,2019-06-26,8,10,2
6715,2019-06-26,31,35,4
6716,2019-06-26,10,16,6
6717,2019-06-26,17,16,-1
6718,2019-06-26,32,37,5
6719,2019-06-26,25,32,7
6720,2019-06-26,27,37,10
6721,2019-06-26,32,30,-2
6722,2019-06-26,20,23,3
6723,2019-06-26,23,23,0
6724,2019-06-26,49,56,7
6725,2019-06-26,33,34,1
6726,2019-06-26,9,13,4
6727,2019-06-26,93,105,12
6728,2019-06-26,18,20,2
6729,2019-06-26,129,149,20
6730,2019-06-26,20,18,-2
6731,2019-06-26,19,21,2
6732,2019-06-26,52,54,2
6733,2019-06-26,43,36,-7
6734,2019-06-26,49,46,-3
6735,2019-06-26,13,13,0
6736,2019-06-26,11,10,-1
6737,2019-06-26,17,20,3
6738,2019-06-26,117,85,-32
6739,2019-06-26,10,9,-1
6741,2019-06-26,25,29,4
6742,2019-06-26,53,55,2
6743,2019-06-26,37,22,-15
6744,2019-06-26,31,34,3
6745,2019-06-26,31,26,-5
6746,2019-06-26,32,20,-12
6747,2019-06-26,63,76,13
6748,2019-06-26,89,125,36
6749,2019-06-26,45,52,7
6750,2019-06-26,38,33,-5
6752,2019-06-26,30,34,4
6753,2019-06-26,27,23,-4
6754,2019-06-26,25,27,2
6901,2019-06-26,45,57,12
6902,2019-06-26,78,95,17
6903,2019-06-26,110,96,-14
6904,2019-06-26,55,50,-5
6905,2019-06-26,47,45,-2
6906,2019-06-26,184,99,-85
6907,2019-06-26,126,85,-41
6908,2019-06-26,69,62,-7
6912,2019-06-26,223,154,-69
6913,2019-06-26,65,66,1
6915,2019-06-26,83,72,-11
6916,2019-06-26,41,39,-2
6917,2019-06-26,12,16,4
6918,2019-06-26,21,13,-8
6919,2019-06-26,34,29,-5
6921,2019-06-26,73,71,-2
6923,2019-06-26,51,46,-5
6924,2019-06-26,29,28,-1
6925,2019-06-26,44,42,-2
6926,2019-06-26,52,53,1
6927,2019-06-26,73,39,-34
6928,2019-06-26,43,15,-28
6929,2019-06-26,42,30,-12
6930,2019-06-26,19,19,0
7001,2019-06-26,37,29,-8
7002,2019-06-26,11,14,3
7003,2019-06-26,132,108,-24
7004,2019-06-26,19,19,0
7005,2019-06-26,6,8,2
7006,2019-06-26,17,16,-1
7007,2019-06-26,9,20,11
7008,2019-06-26,32,36,4
7009,2019-06-26,68,98,30
7010,2019-06-26,16,17,1
7011,2019-06-26,68,68,0
7012,2019-06-26,65,79,14
7013,2019-06-26,28,33,5
7014,2019-06-26,97,44,-53
7015,2019-06-26,20,27,7
7016,2019-06-26,13,12,-1
7017,2019-06-26,28,35,7
7018,2019-06-26,32,44,12
7019,2019-06-26,110,110,0
7020,2019-06-26,30,37,7
7021,2019-06-26,42,42,0
7022,2019-06-26,47,42,-5
7023,2019-06-26,6,8,2
7024,2019-06-26,38,29,-9
7025,2019-06-26,46,30,-16
7026,2019-06-26,76,77,1
7027,2019-06-26,48,46,-2
7028,2019-06-26,101,78,-23
7029,2019-06-26,50,51,1
7030,2019-06-26,43,43,0
7031,2019-06-26,61,51,-10
7032,2019-06-26,97,60,-37
7033,2019-06-26,70,46,-24
7034,2019-06-26,26,45,19
7035,2019-06-26,54,46,-8
7036,2019-06-26,49,50,1
7037,2019-06-26,63,51,-12
7038,2019-06-26,62,65,3
7039,2019-06-26,36,40,4
7040,2019-06-26,65,84,19
7041,2019-06-26,145,118,-27
7042,2019-06-26,40,41,1
7043,2019-06-26,28,17,-11
7044,2019-06-26,13,15,2
7045,2019-06-26,58,50,-8
7046,2019-06-26,140,126,-14
7047,2019-06-26,139,213,74
7048,2019-06-26,20,17,-3
7049,2019-06-26,23,28,5
7050,2019-06-26,36,41,5
7051,2019-06-26,14,11,-3
7052,2019-06-26,72,78,6
7053,2019-06-26,51,56,5
7054,2019-06-26,60,69,9
7055,2019-06-26,13,32,19
7056,2019-06-26,13,16,3
7057,2019-06-26,38,49,11
7058,2019-06-26,58,57,-1
7059,2019-06-26,33,33,0
7060,2019-06-26,36,44,8
7061,2019-06-26,41,35,-6
7062,2019-06-26,52,59,7
7063,2019-06-26,23,20,-3
7064,2019-06-26,23,28,5
7065,2019-06-26,36,31,-5
7066,2019-06-26,112,158,46
7067,2019-06-26,54,64,10
7068,2019-06-26,84,94,10
7069,2019-06-26,104,124,20
7070,2019-06-26,32,45,13
7071,2019-06-26,69,45,-24
7072,2019-06-26,59,38,-21
7073,2019-06-26,52,54,2
7074,2019-06-26,37,38,1
7075,2019-06-26,9,14,5
7076,2019-06-26,84,64,-20
7077,2019-06-26,33,38,5
7078,2019-06-26,33,40,7
7079,2019-06-26,53,55,2
7080,2019-06-26,72,98,26
7081,2019-06-26,69,80,11
7082,2019-06-26,60,100,40
7083,2019-06-26,60,63,3
7084,2019-06-26,71,67,-4
7086,2019-06-26,2,2,0
7087,2019-06-26,1,2,1
7088,2019-06-26,1,1,0
7090,2019-06-26,13,9,-4
7091,2019-06-26,5,3,-2
7092,2019-06-26,6,4,-2
7093,2019-06-26,1,3,2
7094,2019-06-26,7,5,-2
7095,2019-06-26,16,27,11
7096,2019-06-26,26,26,0
7097,2019-06-26,14,12,-2
7098,2019-06-26,3,4,1
7099,2019-06-26,7,5,-2
7100,2019-06-26,6,3,-3
7101,2019-06-26,7,10,3
7102,2019-06-26,10,20,10
7103,2019-06-26,15,18,3
7104,2019-06-26,2,1,-1
7105,2019-06-26,3,4,1
7106,2019-06-26,2,3,1
7107,2019-06-26,5,1,-4
7108,2019-06-26,18,15,-3
7109,2019-06-26,10,13,3
7110,2019-06-26,7,10,3
7111,2019-06-26,10,11,1
7112,2019-06-26,9,9,0
7113,2019-06-26,66,58,-8
7114,2019-06-26,103,107,4
7115,2019-06-26,16,18,2
7116,2019-06-26,19,15,-4
7117,2019-06-26,6,9,3
7118,2019-06-26,6,7,1
7119,2019-06-26,11,11,0
7120,2019-06-26,4,4,0
7121,2019-06-26,7,13,6
7122,2019-06-26,3,8,5
7123,2019-06-26,2,1,-1
7124,2019-06-26,17,17,0
7125,2019-06-26,26,15,-11
7126,2019-06-26,5,6,1
7127,2019-06-26,25,34,9
7128,2019-06-26,13,11,-2
7129,2019-06-26,8,13,5
7130,2019-06-26,12,9,-3
7131,2019-06-26,4,5,1
7132,2019-06-26,4,3,-1
7133,2019-06-26,3,1,-2
7134,2019-06-26,4,6,2
7135,2019-06-26,5,8,3
7136,2019-06-26,5,6,1
7137,2019-06-26,10,11,1
7138,2019-06-26,5,6,1
7140,2019-06-26,27,23,-4
7141,2019-06-26,38,43,5
7142,2019-06-26,6,4,-2
7143,2019-06-26,24,28,4
7144,2019-06-26,55,60,5
7145,2019-06-26,11,12,1
7147,2019-06-26,44,45,1
7148,2019-06-26,4,7,3
7149,2019-06-26,11,16,5
10002,2019-06-26,123,128,5
4000,2019-06-27,17,18,1
4001,2019-06-27,3,1,-2
4002,2019-06-27,6,5,-1
5002,2019-06-27,1,0,-1
5005,2019-06-27,3,0,-3
5006,2019-06-27,3,2,-1
5007,2019-06-27,5,7,2
6001,2019-06-27,13,57,44
6002,2019-06-27,13,6,-7
6003,2019-06-27,18,25,7
6004,2019-06-27,10,29,19
6005,2019-06-27,2,63,61
6006,2019-06-27,15,4,-11
6008,2019-06-27,12,46,34
6009,2019-06-27,15,22,7
6011,2019-06-27,16,33,17
6012,2019-06-27,18,80,62
6013,2019-06-27,11,29,18
6014,2019-06-27,20,29,9
6015,2019-06-27,20,60,40
6016,2019-06-27,5,13,8
6017,2019-06-27,12,5,-7
6018,2019-06-27,19,12,-7
6019,2019-06-27,25,17,-8
6020,2019-06-27,8,14,6
6021,2019-06-27,28,14,-14
6022,2019-06-27,19,27,8
6023,2019-06-27,37,46,9
6024,2019-06-27,1,0,-1
6025,2019-06-27,5,14,9
6026,2019-06-27,16,36,20
6027,2019-06-27,11,57,46
6029,2019-06-27,7,11,4
6031,2019-06-27,2,23,21
6032,2019-06-27,11,50,39
6033,2019-06-27,5,4,-1
6034,2019-06-27,2,1,-1
6035,2019-06-27,6,40,34
6036,2019-06-27,12,63,51
6037,2019-06-27,6,21,15
6038,2019-06-27,24,47,23
6039,2019-06-27,10,39,29
6040,2019-06-27,1,31,30
6041,2019-06-27,17,47,30
6042,2019-06-27,27,53,26
6043,2019-06-27,26,248,222
6044,2019-06-27,32,11,-21
6046,2019-06-27,29,56,27
6047,2019-06-27,8,28,20
6048,2019-06-27,17,36,19
6049,2019-06-27,10,55,45
6050,2019-06-27,17,28,11
6051,2019-06-27,10,15,5
6052,2019-06-27,17,123,106
6053,2019-06-27,23,61,38
6057,2019-06-27,21,37,16
6058,2019-06-27,9,29,20
6059,2019-06-27,14,42,28
6060,2019-06-27,5,10,5
6061,2019-06-27,1,24,23
6062,2019-06-27,12,19,7
6063,2019-06-27,11,28,17
6064,2019-06-27,12,90,78
6065,2019-06-27,19,13,-6
6066,2019-06-27,3,4,1
6067,2019-06-27,6,42,36
6068,2019-06-27,1,8,7
6070,2019-06-27,3,7,4
6072,2019-06-27,4,31,27
6073,2019-06-27,4,80,76
6075,2019-06-27,1,8,7
6076,2019-06-27,7,4,-3
6078,2019-06-27,5,10,5
6079,2019-06-27,27,7,-20
6080,2019-06-27,46,61,15
6081,2019-06-27,9,10,1
6082,2019-06-27,10,0,-10
6083,2019-06-27,5,149,144
6084,2019-06-27,7,38,31
6085,2019-06-27,12,54,42
6086,2019-06-27,1,2,1
6087,2019-06-27,36,29,-7
6088,2019-06-27,19,15,-4
6089,2019-06-27,11,38,27
6090,2019-06-27,8,8,0
6091,2019-06-27,16,5,-11
6092,2019-06-27,15,28,13
6093,2019-06-27,11,3,-8
6094,2019-06-27,14,6,-8
6095,2019-06-27,32,16,-16
6096,2019-06-27,20,24,4
6097,2019-06-27,18,5,-13
6098,2019-06-27,11,7,-4
6099,2019-06-27,19,37,18
6100,2019-06-27,27,55,28
6101,2019-06-27,16,10,-6
6102,2019-06-27,9,2,-7
6105,2019-06-27,22,59,37
6106,2019-06-27,7,27,20
6107,2019-06-27,30,10,-20
6108,2019-06-27,20,29,9
6109,2019-06-27,6,8,2
6110,2019-06-27,15,9,-6
6111,2019-06-27,16,16,0
6112,2019-06-27,32,32,0
6113,2019-06-27,33,26,-7
6114,2019-06-27,33,39,6
6115,2019-06-27,8,7,-1
6116,2019-06-27,23,11,-12
6118,2019-06-27,30,19,-11
6119,2019-06-27,32,7,-25
6120,2019-06-27,14,42,28
6121,2019-06-27,11,9,-2
6122,2019-06-27,6,4,-2
6123,2019-06-27,16,8,-8
6124,2019-06-27,14,25,11
6125,2019-06-27,5,7,2
6126,2019-06-27,19,5,-14
6127,2019-06-27,19,7,-12
6128,2019-06-27,11,2,-9
6129,2019-06-27,21,7,-14
6130,2019-06-27,17,4,-13
6131,2019-06-27,32,11,-21
6132,2019-06-27,25,12,-13
6133,2019-06-27,19,5,-14
6134,2019-06-27,13,3,-10
6136,2019-06-27,78,64,-14
6137,2019-06-27,29,9,-20
6138,2019-06-27,20,8,-12
6139,2019-06-27,20,3,-17
6140,2019-06-27,17,10,-7
6141,2019-06-27,22,4,-18
6142,2019-06-27,44,7,-37
6143,2019-06-27,29,18,-11
6145,2019-06-27,13,5,-8
6146,2019-06-27,22,14,-8
6147,2019-06-27,21,31,10
6148,2019-06-27,50,31,-19
6149,2019-06-27,25,14,-11
6150,2019-06-27,17,8,-9
6151,2019-06-27,21,7,-14
6152,2019-06-27,39,8,-31
6153,2019-06-27,24,14,-10
6154,2019-06-27,41,30,-11
6155,2019-06-27,34,10,-24
6156,2019-06-27,27,14,-13
6157,2019-06-27,30,16,-14
6158,2019-06-27,23,6,-17
6159,2019-06-27,6,6,0
6160,2019-06-27,24,4,-20
6161,2019-06-27,20,3,-17
6162,2019-06-27,4,6,2
6163,2019-06-27,40,15,-25
6164,2019-06-27,15,5,-10
6165,2019-06-27,44,8,-36
6166,2019-06-27,43,5,-38
6167,2019-06-27,13,1,-12
6168,2019-06-27,12,19,7
6169,2019-06-27,30,22,-8
6170,2019-06-27,24,5,-19
6171,2019-06-27,12,5,-7
6173,2019-06-27,27,17,-10
6174,2019-06-27,32,20,-12
6175,2019-06-27,29,13,-16
6176,2019-06-27,27,14,-13
6177,2019-06-27,21,12,-9
6178,2019-06-27,28,19,-9
6179,2019-06-27,12,7,-5
6180,2019-06-27,13,19,6
6181,2019-06-27,33,25,-8
6182,2019-06-27,23,13,-10
6183,2019-06-27,33,18,-15
6184,2019-06-27,49,75,26
6185,2019-06-27,7,4,-3
6186,2019-06-27,18,14,-4
6187,2019-06-27,11,19,8
6188,2019-06-27,19,3,-16
6189,2019-06-27,8,5,-3
6190,2019-06-27,28,22,-6
6191,2019-06-27,12,16,4
6193,2019-06-27,25,13,-12
6194,2019-06-27,40,25,-15
6195,2019-06-27,35,21,-14
6196,2019-06-27,23,13,-10
6197,2019-06-27,13,22,9
6198,2019-06-27,2,3,1
6199,2019-06-27,23,41,18
6200,2019-06-27,19,36,17
6201,2019-06-27,31,7,-24
6202,2019-06-27,16,22,6
6203,2019-06-27,25,36,11
6204,2019-06-27,25,36,11
6205,2019-06-27,17,17,0
6206,2019-06-27,27,28,1
6207,2019-06-27,9,16,7
6208,2019-06-27,14,16,2
6209,2019-06-27,34,25,-9
6210,2019-06-27,11,14,3
6211,2019-06-27,39,28,-11
6212,2019-06-27,21,10,-11
6213,2019-06-27,23,20,-3
6214,2019-06-27,37,16,-21
6216,2019-06-27,28,11,-17
6217,2019-06-27,26,13,-13
6218,2019-06-27,22,18,-4
6219,2019-06-27,20,5,-15
6220,2019-06-27,27,7,-20
6221,2019-06-27,55,35,-20
6222,2019-06-27,21,8,-13
6223,2019-06-27,43,13,-30
6225,2019-06-27,25,11,-14
6226,2019-06-27,3,14,11
6227,2019-06-27,37,24,-13
6228,2019-06-27,16,9,-7
6229,2019-06-27,17,8,-9
6230,2019-06-27,25,7,-18
6231,2019-06-27,31,9,-22
6232,2019-06-27,11,4,-7
6233,2019-06-27,35,15,-20
6234,2019-06-27,22,11,-11
6235,2019-06-27,7,38,31
6236,2019-06-27,26,12,-14
6237,2019-06-27,15,2,-13
6240,2019-06-27,4,4,0
6241,2019-06-27,20,11,-9
6243,2019-06-27,14,10,-4
6245,2019-06-27,21,5,-16
6246,2019-06-27,24,11,-13
6247,2019-06-27,32,21,-11
6248,2019-06-27,40,31,-9
6249,2019-06-27,7,6,-1
6250,2019-06-27,9,9,0
6251,2019-06-27,4,2,-2
6252,2019-06-27,11,7,-4
6253,2019-06-27,14,18,4
6254,2019-06-27,10,6,-4
6255,2019-06-27,18,8,-10
6257,2019-06-27,12,5,-7
6258,2019-06-27,39,10,-29
6259,2019-06-27,13,11,-2
6260,2019-06-27,18,7,-11
6261,2019-06-27,20,9,-11
6262,2019-06-27,17,9,-8
6263,2019-06-27,11,1,-10
6264,2019-06-27,14,3,-11
6265,2019-06-27,17,10,-7
6266,2019-06-27,13,9,-4
6267,2019-06-27,15,5,-10
6268,2019-06-27,18,7,-11
6269,2019-06-27,10,6,-4
6270,2019-06-27,15,5,-10
6272,2019-06-27,12,3,-9
6273,2019-06-27,8,6,-2
6274,2019-06-27,17,5,-12
6275,2019-06-27,8,5,-3
6276,2019-06-27,16,2,-14
6277,2019-06-27,21,12,-9
6278,2019-06-27,6,1,-5
6279,2019-06-27,12,5,-7
6280,2019-06-27,16,33,17
6281,2019-06-27,8,5,-3
6301,2019-06-27,11,5,-6
6302,2019-06-27,6,2,-4
6303,2019-06-27,7,7,0
6304,2019-06-27,7,0,-7
6305,2019-06-27,9,7,-2
6306,2019-06-27,18,7,-11
6307,2019-06-27,13,9,-4
6309,2019-06-27,12,6,-6
6310,2019-06-27,10,8,-2
6311,2019-06-27,14,3,-11
6312,2019-06-27,5,2,-3
6313,2019-06-27,14,9,-5
6314,2019-06-27,23,7,-16
6315,2019-06-27,18,17,-1
6316,2019-06-27,9,4,-5
6321,2019-06-27,19,16,-3
6322,2019-06-27,9,7,-2
6323,2019-06-27,6,5,-1
6324,2019-06-27,10,7,-3
6327,2019-06-27,18,8,-10
6328,2019-06-27,18,9,-9
6329,2019-06-27,19,3,-16
6330,2019-06-27,11,5,-6
6331,2019-06-27,13,3,-10
6332,2019-06-27,10,10,0
6333,2019-06-27,9,1,-8
6334,2019-06-27,13,21,8
6335,2019-06-27,11,7,-4
6336,2019-06-27,11,2,-9
6338,2019-06-27,11,4,-7
6339,2019-06-27,18,2,-16
6340,2019-06-27,15,1,-14
6343,2019-06-27,19,7,-12
6345,2019-06-27,8,4,-4
6346,2019-06-27,4,2,-2
6347,2019-06-27,4,12,8
6349,2019-06-27,23,6,-17
6350,2019-06-27,21,4,-17
6354,2019-06-27,19,4,-15
6355,2019-06-27,15,7,-8
6356,2019-06-27,11,2,-9
6357,2019-06-27,5,3,-2
6358,2019-06-27,12,3,-9
6359,2019-06-27,9,48,39
6360,2019-06-27,11,6,-5
6361,2019-06-27,22,8,-14
6362,2019-06-27,11,4,-7
6363,2019-06-27,14,3,-11
6364,2019-06-27,20,13,-7
6366,2019-06-27,13,2,-11
6367,2019-06-27,11,5,-6
6368,2019-06-27,17,4,-13
6369,2019-06-27,6,8,2
6370,2019-06-27,16,5,-11
6371,2019-06-27,34,11,-23
6372,2019-06-27,23,7,-16
6373,2019-06-27,18,3,-15
6374,2019-06-27,14,2,-12
6375,2019-06-27,22,20,-2
6376,2019-06-27,14,3,-11
6377,2019-06-27,18,4,-14
6379,2019-06-27,15,6,-9
6380,2019-06-27,16,2,-14
6381,2019-06-27,15,7,-8
6383,2019-06-27,16,4,-12
6384,2019-06-27,8,2,-6
6385,2019-06-27,19,6,-13
6386,2019-06-27,19,43,24
6387,2019-06-27,14,25,11
6388,2019-06-27,17,4,-13
6389,2019-06-27,16,11,-5
6391,2019-06-27,17,11,-6
6393,2019-06-27,25,18,-7
6394,2019-06-27,22,12,-10
6395,2019-06-27,12,46,34
6396,2019-06-27,6,46,40
6397,2019-06-27,19,8,-11
6398,2019-06-27,14,6,-8
6401,2019-06-27,11,2,-9
6402,2019-06-27,9,11,2
6403,2019-06-27,12,2,-10
6404,2019-06-27,4,2,-2
6405,2019-06-27,19,3,-16
6406,2019-06-27,14,20,6
6407,2019-06-27,8,5,-3
6408,2019-06-27,11,13,2
6409,2019-06-27,9,5,-4
6410,2019-06-27,13,24,11
6411,2019-06-27,36,50,14
6412,2019-06-27,12,6,-6
6413,2019-06-27,5,17,12
6414,2019-06-27,8,6,-2
6415,2019-06-27,9,5,-4
6416,2019-06-27,6,1,-5
6417,2019-06-27,10,8,-2
6418,2019-06-27,2,3,1
6419,2019-06-27,2,5,3
6420,2019-06-27,8,8,0
6421,2019-06-27,19,3,-16
6422,2019-06-27,5,5,0
6423,2019-06-27,10,7,-3
6424,2019-06-27,6,32,26
6425,2019-06-27,9,14,5
6426,2019-06-27,20,35,15
6427,2019-06-27,24,17,-7
6428,2019-06-27,17,4,-13
6429,2019-06-27,9,10,1
6432,2019-06-27,16,18,2
6433,2019-06-27,19,10,-9
6434,2019-06-27,16,14,-2
6435,2019-06-27,10,8,-2
6436,2019-06-27,8,2,-6
6501,2019-06-27,4,12,8
6502,2019-06-27,5,6,1
6503,2019-06-27,21,25,4
6504,2019-06-27,6,7,1
6700,2019-06-27,8,3,-5
6701,2019-06-27,18,29,11
6702,2019-06-27,3,5,2
6703,2019-06-27,9,14,5
6704,2019-06-27,13,3,-10
6705,2019-06-27,5,1,-4
6706,2019-06-27,10,5,-5
6707,2019-06-27,4,12,8
6708,2019-06-27,11,64,53
6709,2019-06-27,17,4,-13
6710,2019-06-27,2,3,1
6711,2019-06-27,5,10,5
6712,2019-06-27,2,2,0
6713,2019-06-27,11,5,-6
6715,2019-06-27,6,9,3
6716,2019-06-27,2,1,-1
6717,2019-06-27,1,3,2
6718,2019-06-27,12,1,-11
6719,2019-06-27,9,6,-3
6720,2019-06-27,14,3,-11
6721,2019-06-27,5,6,1
6722,2019-06-27,8,2,-6
6723,2019-06-27,10,3,-7
6724,2019-06-27,15,22,7
6725,2019-06-27,9,10,1
6726,2019-06-27,5,1,-4
6727,2019-06-27,16,45,29
6728,2019-06-27,6,1,-5
6729,2019-06-27,23,33,10
6730,2019-06-27,10,3,-7
6731,2019-06-27,4,3,-1
6732,2019-06-27,13,8,-5
6733,2019-06-27,10,6,-4
6734,2019-06-27,14,3,-11
6735,2019-06-27,1,3,2
6736,2019-06-27,5,12,7
6737,2019-06-27,10,6,-4
6738,2019-06-27,1,9,8
6739,2019-06-27,3,1,-2
6741,2019-06-27,7,3,-4
6742,2019-06-27,11,22,11
6743,2019-06-27,9,4,-5
6744,2019-06-27,13,7,-6
6745,2019-06-27,9,5,-4
6746,2019-06-27,4,9,5
6747,2019-06-27,8,22,14
6748,2019-06-27,22,13,-9
6749,2019-06-27,13,25,12
6750,2019-06-27,16,6,-10
6753,2019-06-27,1,11,10
6754,2019-06-27,7,0,-7
6901,2019-06-27,10,12,2
6902,2019-06-27,28,15,-13
6903,2019-06-27,30,14,-16
6904,2019-06-27,19,8,-11
6905,2019-06-27,11,9,-2
6906,2019-06-27,29,30,1
6907,2019-06-27,24,9,-15
6908,2019-06-27,15,13,-2
6912,2019-06-27,39,42,3
6913,2019-06-27,25,10,-15
6915,2019-06-27,24,8,-16
6916,2019-06-27,12,8,-4
6917,2019-06-27,6,2,-4
6918,2019-06-27,12,1,-11
6919,2019-06-27,8,6,-2
6921,2019-06-27,12,41,29
6923,2019-06-27,14,18,4
6924,2019-06-27,12,4,-8
6925,2019-06-27,19,15,-4
6926,2019-06-27,18,17,-1
6927,2019-06-27,10,10,0
6928,2019-06-27,2,4,2
6929,2019-06-27,15,3,-12
7001,2019-06-27,7,6,-1
7002,2019-06-27,5,1,-4
7003,2019-06-27,21,25,4
7004,2019-06-27,4,5,1
7005,2019-06-27,1,1,0
7006,2019-06-27,6,6,0
7007,2019-06-27,5,1,-4
7008,2019-06-27,10,7,-3
7009,2019-06-27,16,30,14
7010,2019-06-27,3,1,-2
7011,2019-06-27,16,13,-3
7012,2019-06-27,12,19,7
7013,2019-06-27,9,2,-7
7014,2019-06-27,11,12,1
7015,2019-06-27,3,2,-1
7016,2019-06-27,1,4,3
7017,2019-06-27,12,6,-6
7018,2019-06-27,11,3,-8
7019,2019-06-27,1,74,73
7020,2019-06-27,11,6,-5
7021,2019-06-27,9,8,-1
7022,2019-06-27,16,3,-13
7023,2019-06-27,2,1,-1
7024,2019-06-27,9,8,-1
7025,2019-06-27,6,11,5
7026,2019-06-27,19,36,17
7027,2019-06-27,20,7,-13
7028,2019-06-27,2,24,22
7029,2019-06-27,19,9,-10
7030,2019-06-27,14,8,-6
7031,2019-06-27,6,5,-1
7032,2019-06-27,29,10,-19
7033,2019-06-27,23,8,-15
7034,2019-06-27,1,2,1
7035,2019-06-27,14,10,-4
7036,2019-06-27,12,3,-9
7037,2019-06-27,11,9,-2
7038,2019-06-27,24,15,-9
7039,2019-06-27,15,4,-11
7040,2019-06-27,20,41,21
7041,2019-06-27,17,55,38
7042,2019-06-27,8,16,8
7043,2019-06-27,18,0,-18
7044,2019-06-27,3,4,1
7045,2019-06-27,10,9,-1
7046,2019-06-27,5,53,48
7047,2019-06-27,36,17,-19
7048,2019-06-27,9,6,-3
7049,2019-06-27,6,7,1
7050,2019-06-27,15,6,-9
7051,2019-06-27,5,1,-4
7052,2019-06-27,18,28,10
7053,2019-06-27,15,7,-8
7054,2019-06-27,17,4,-13
7055,2019-06-27,5,3,-2
7056,2019-06-27,9,1,-8
7057,2019-06-27,15,8,-7
7058,2019-06-27,3,10,7
7059,2019-06-27,17,6,-11
7060,2019-06-27,18,4,-14
7061,2019-06-27,9,4,-5
7062,2019-06-27,14,17,3
7063,2019-06-27,4,0,-4
7064,2019-06-27,5,10,5
7065,2019-06-27,12,2,-10
7066,2019-06-27,11,59,48
7067,2019-06-27,12,38,26
7068,2019-06-27,24,14,-10
7069,2019-06-27,5,40,35
7070,2019-06-27,21,4,-17
7071,2019-06-27,27,15,-12
7072,2019-06-27,21,7,-14
7073,2019-06-27,16,7,-9
7074,2019-06-27,14,9,-5
7075,2019-06-27,1,7,6
7076,2019-06-27,24,12,-12
7077,2019-06-27,4,13,9
7078,2019-06-27,15,3,-12
7079,2019-06-27,7,34,27
7080,2019-06-27,14,47,33
7081,2019-06-27,7,30,23
7082,2019-06-27,14,34,20
7083,2019-06-27,24,10,-14
7084,2019-06-27,5,19,14
7090,2019-06-27,6,3,-3
7091,2019-06-27,1,1,0
7092,2019-06-27,3,5,2
7093,2019-06-27,2,2,0
7095,2019-06-27,3,11,8
7096,2019-06-27,3,21,18
7098,2019-06-27,3,1,-2
7101,2019-06-27,1,3,2
7102,2019-06-27,6,3,-3
7104,2019-06-27,1,0,-1
7108,2019-06-27,1,1,0
7109,2019-06-27,1,7,6
7110,2019-06-27,2,2,0
7111,2019-06-27,3,1,-2
7112,2019-06-27,6,1,-5
7113,2019-06-27,5,21,16
7114,2019-06-27,32,18,-14
7115,2019-06-27,9,4,-5
7116,2019-06-27,3,4,1
7117,2019-06-27,2,1,-1
7119,2019-06-27,5,3,-2
7120,2019-06-27,1,2,1
7121,2019-06-27,1,2,1
7122,2019-06-27,3,1,-2
7124,2019-06-27,6,6,0
7125,2019-06-27,17,19,2
7126,2019-06-27,5,2,-3
7127,2019-06-27,2,14,12
7128,2019-06-27,4,2,-2
7130,2019-06-27,1,5,4
7132,2019-06-27,1,1,0
7133,2019-06-27,2,0,-2
7135,2019-06-27,1,0,-1
7136,2019-06-27,1,2,1
7137,2019-06-27,2,3,1
7138,2019-06-27,2,3,1
7140,2019-06-27,10,3,-7
7141,2019-06-27,8,5,-3
7143,2019-06-27,10,4,-6
7144,2019-06-27,10,5,-5
7145,2019-06-27,8,0,-8
7147,2019-06-27,7,18,11
7148,2019-06-27,2,0,-2
7149,2019-06-27,7,2,-5
10002,2019-06-27,37,39,2
10002,2019-06-27,95,86,-9
4000,2019-06-27,49,60,11
4001,2019-06-27,8,13,5
4002,2019-06-27,19,24,5
5002,2019-06-27,3,5,2
5003,2019-06-27,1,1,0
5004,2019-06-27,3,0,-3
5005,2019-06-27,3,10,7
5006,2019-06-27,5,5,0
5007,2019-06-27,12,15,3
6001,2019-06-27,65,52,-13
6002,2019-06-27,31,50,19
6003,2019-06-27,66,99,33
6004,2019-06-27,46,43,-3
6005,2019-06-27,114,56,-58
6006,2019-06-27,22,22,0
6008,2019-06-27,56,96,40
6009,2019-06-27,83,89,6
6011,2019-06-27,63,69,6
6012,2019-06-27,240,601,361
6013,2019-06-27,83,99,16
6014,2019-06-27,45,64,19
6015,2019-06-27,163,247,84
6016,2019-06-27,13,8,-5
6017,2019-06-27,39,54,15
6018,2019-06-27,48,62,14
6019,2019-06-27,127,69,-58
6020,2019-06-27,64,97,33
6021,2019-06-27,59,51,-8
6022,2019-06-27,52,43,-9
6023,2019-06-27,136,177,41
6024,2019-06-27,3,3,0
6025,2019-06-27,37,28,-9
6026,2019-06-27,128,197,69
6027,2019-06-27,181,109,-72
6029,2019-06-27,26,26,0
6031,2019-06-27,39,47,8
6032,2019-06-27,54,105,51
6033,2019-06-27,6,7,1
6034,2019-06-27,8,7,-1
6035,2019-06-27,44,38,-6
6036,2019-06-27,202,240,38
6037,2019-06-27,42,39,-3
6038,2019-06-27,97,74,-23
6039,2019-06-27,90,62,-28
6040,2019-06-27,76,60,-16
6041,2019-06-27,68,43,-25
6042,2019-06-27,97,66,-31
6043,2019-06-27,202,180,-22
6044,2019-06-27,64,83,19
6046,2019-06-27,100,68,-32
6047,2019-06-27,74,39,-35
6048,2019-06-27,61,45,-16
6049,2019-06-27,103,58,-45
6050,2019-06-27,35,18,-17
6051,2019-06-27,49,45,-4
6052,2019-06-27,238,245,7
6053,2019-06-27,239,290,51
6057,2019-06-27,76,53,-23
6058,2019-06-27,80,50,-30
6059,2019-06-27,67,30,-37
6060,2019-06-27,32,20,-12
6061,2019-06-27,87,56,-31
6062,2019-06-27,74,40,-34
6063,2019-06-27,106,69,-37
6064,2019-06-27,175,99,-76
6065,2019-06-27,55,43,-12
6066,2019-06-27,38,10,-28
6067,2019-06-27,71,46,-25
6068,2019-06-27,13,5,-8
6070,2019-06-27,158,108,-50
6072,2019-06-27,78,36,-42
6073,2019-06-27,264,228,-36
6075,2019-06-27,38,6,-32
6076,2019-06-27,12,24,12
6078,2019-06-27,39,77,38
6079,2019-06-27,57,67,10
6080,2019-06-27,119,108,-11
6081,2019-06-27,46,48,2
6082,2019-06-27,15,9,-6
6083,2019-06-27,256,149,-107
6084,2019-06-27,43,30,-13
6085,2019-06-27,92,142,50
6086,2019-06-27,16,51,35
6087,2019-06-27,100,144,44
6088,2019-06-27,80,77,-3
6089,2019-06-27,66,39,-27
6090,2019-06-27,31,41,10
6091,2019-06-27,40,42,2
6092,2019-06-27,68,59,-9
6093,2019-06-27,21,22,1
6094,2019-06-27,40,42,2
6095,2019-06-27,121,118,-3
6096,2019-06-27,42,55,13
6097,2019-06-27,75,46,-29
6098,2019-06-27,39,24,-15
6099,2019-06-27,106,131,25
6100,2019-06-27,185,154,-31
6101,2019-06-27,50,19,-31
6102,2019-06-27,22,17,-5
6105,2019-06-27,47,54,7
6106,2019-06-27,19,37,18
6107,2019-06-27,85,65,-20
6108,2019-06-27,41,41,0
6109,2019-06-27,34,35,1
6110,2019-06-27,21,36,15
6111,2019-06-27,38,54,16
6112,2019-06-27,88,98,10
6113,2019-06-27,46,57,11
6114,2019-06-27,150,171,21
6115,2019-06-27,15,17,2
6116,2019-06-27,51,76,25
6118,2019-06-27,67,75,8
6119,2019-06-27,84,109,25
6120,2019-06-27,48,86,38
6121,2019-06-27,26,54,28
6122,2019-06-27,18,21,3
6123,2019-06-27,20,33,13
6124,2019-06-27,44,58,14
6125,2019-06-27,16,13,-3
6126,2019-06-27,32,47,15
6127,2019-06-27,36,45,9
6128,2019-06-27,22,29,7
6129,2019-06-27,63,71,8
6130,2019-06-27,16,20,4
6131,2019-06-27,75,54,-21
6132,2019-06-27,57,58,1
6133,2019-06-27,60,69,9
6134,2019-06-27,53,51,-2
6136,2019-06-27,225,195,-30
6137,2019-06-27,77,87,10
6138,2019-06-27,74,75,1
6139,2019-06-27,31,40,9
6140,2019-06-27,86,100,14
6141,2019-06-27,52,55,3
6142,2019-06-27,123,107,-16
6143,2019-06-27,117,123,6
6145,2019-06-27,66,67,1
6146,2019-06-27,61,59,-2
6147,2019-06-27,127,57,-70
6148,2019-06-27,108,72,-36
6149,2019-06-27,32,32,0
6150,2019-06-27,40,57,17
6151,2019-06-27,60,83,23
6152,2019-06-27,91,110,19
6153,2019-06-27,43,53,10
6154,2019-06-27,140,135,-5
6155,2019-06-27,138,132,-6
6156,2019-06-27,54,61,7
6157,2019-06-27,118,117,-1
6158,2019-06-27,63,75,12
6159,2019-06-27,30,30,0
6160,2019-06-27,41,55,14
6161,2019-06-27,32,41,9
6162,2019-06-27,10,12,2
6163,2019-06-27,114,116,2
6164,2019-06-27,102,126,24
6165,2019-06-27,151,174,23
6166,2019-06-27,78,68,-10
6167,2019-06-27,48,51,3
6168,2019-06-27,73,41,-32
6169,2019-06-27,124,103,-21
6170,2019-06-27,65,70,5
6171,2019-06-27,24,41,17
6173,2019-06-27,105,58,-47
6174,2019-06-27,105,101,-4
6175,2019-06-27,71,58,-13
6176,2019-06-27,69,77,8
6177,2019-06-27,79,73,-6
6178,2019-06-27,107,97,-10
6179,2019-06-27,69,74,5
6180,2019-06-27,74,81,7
6181,2019-06-27,86,77,-9
6182,2019-06-27,55,52,-3
6183,2019-06-27,81,75,-6
6184,2019-06-27,193,168,-25
6185,2019-06-27,29,32,3
6186,2019-06-27,83,74,-9
6187,2019-06-27,111,102,-9
6188,2019-06-27,45,59,14
6189,2019-06-27,18,24,6
6190,2019-06-27,92,59,-33
6191,2019-06-27,68,53,-15
6193,2019-06-27,88,96,8
6194,2019-06-27,154,134,-20
6195,2019-06-27,102,71,-31
6196,2019-06-27,98,85,-13
6197,2019-06-27,50,34,-16
6198,2019-06-27,22,10,-12
6199,2019-06-27,99,51,-48
6200,2019-06-27,98,75,-23
6201,2019-06-27,68,50,-18
6202,2019-06-27,127,110,-17
6203,2019-06-27,105,88,-17
6204,2019-06-27,92,72,-20
6205,2019-06-27,83,81,-2
6206,2019-06-27,130,109,-21
6207,2019-06-27,37,43,6
6208,2019-06-27,48,55,7
6209,2019-06-27,137,121,-16
6210,2019-06-27,39,29,-10
6211,2019-06-27,148,125,-23
6212,2019-06-27,95,58,-37
6213,2019-06-27,127,126,-1
6214,2019-06-27,114,74,-40
6216,2019-06-27,134,72,-62
6217,2019-06-27,85,54,-31
6218,2019-06-27,78,68,-10
6219,2019-06-27,52,72,20
6220,2019-06-27,93,78,-15
6221,2019-06-27,154,149,-5
6222,2019-06-27,84,77,-7
6223,2019-06-27,129,78,-51
6225,2019-06-27,57,65,8
6226,2019-06-27,30,18,-12
6227,2019-06-27,159,161,2
6228,2019-06-27,25,19,-6
6229,2019-06-27,40,36,-4
6230,2019-06-27,95,88,-7
6231,2019-06-27,90,97,7
6232,2019-06-27,21,24,3
6233,2019-06-27,104,95,-9
6234,2019-06-27,72,72,0
6235,2019-06-27,100,40,-60
6236,2019-06-27,61,70,9
6237,2019-06-27,39,56,17
6240,2019-06-27,20,16,-4
6241,2019-06-27,52,47,-5
6243,2019-06-27,63,70,7
6245,2019-06-27,44,48,4
6246,2019-06-27,44,39,-5
6247,2019-06-27,98,98,0
6248,2019-06-27,145,108,-37
6249,2019-06-27,55,39,-16
6250,2019-06-27,83,70,-13
6251,2019-06-27,21,23,2
6252,2019-06-27,58,44,-14
6253,2019-06-27,52,28,-24
6254,2019-06-27,72,57,-15
6255,2019-06-27,95,100,5
6257,2019-06-27,35,40,5
6258,2019-06-27,77,59,-18
6259,2019-06-27,32,32,0
6260,2019-06-27,39,40,1
6261,2019-06-27,52,58,6
6262,2019-06-27,34,50,16
6263,2019-06-27,22,32,10
6264,2019-06-27,26,34,8
6265,2019-06-27,36,39,3
6266,2019-06-27,28,19,-9
6267,2019-06-27,43,50,7
6268,2019-06-27,65,68,3
6269,2019-06-27,26,32,6
6270,2019-06-27,32,37,5
6271,2019-06-27,5,2,-3
6272,2019-06-27,22,29,7
6273,2019-06-27,19,27,8
6274,2019-06-27,35,46,11
6275,2019-06-27,21,25,4
6276,2019-06-27,38,29,-9
6277,2019-06-27,56,52,-4
6278,2019-06-27,14,20,6
6279,2019-06-27,21,15,-6
6280,2019-06-27,83,66,-17
6281,2019-06-27,26,15,-11
6301,2019-06-27,15,15,0
6302,2019-06-27,25,22,-3
6303,2019-06-27,20,17,-3
6304,2019-06-27,9,8,-1
6305,2019-06-27,16,8,-8
6306,2019-06-27,44,12,-32
6307,2019-06-27,79,80,1
6309,2019-06-27,20,28,8
6310,2019-06-27,59,26,-33
6311,2019-06-27,35,30,-5
6312,2019-06-27,27,28,1
6313,2019-06-27,40,80,40
6314,2019-06-27,52,70,18
6315,2019-06-27,65,25,-40
6316,2019-06-27,59,22,-37
6321,2019-06-27,95,88,-7
6322,2019-06-27,27,25,-2
6323,2019-06-27,17,18,1
6324,2019-06-27,29,36,7
6327,2019-06-27,32,30,-2
6328,2019-06-27,34,34,0
6329,2019-06-27,16,21,5
6330,2019-06-27,18,19,1
6331,2019-06-27,4,16,12
6332,2019-06-27,18,24,6
6333,2019-06-27,14,27,13
6334,2019-06-27,60,51,-9
6335,2019-06-27,34,38,4
6336,2019-06-27,20,18,-2
6338,2019-06-27,29,25,-4
6339,2019-06-27,20,26,6
6340,2019-06-27,24,32,8
6341,2019-06-27,14,33,19
6343,2019-06-27,37,46,9
6345,2019-06-27,16,20,4
6346,2019-06-27,11,9,-2
6347,2019-06-27,28,19,-9
6349,2019-06-27,28,55,27
6350,2019-06-27,35,56,21
6354,2019-06-27,17,29,12
6355,2019-06-27,20,42,22
6356,2019-06-27,25,21,-4
6357,2019-06-27,16,17,1
6358,2019-06-27,10,18,8
6359,2019-06-27,132,119,-13
6360,2019-06-27,34,34,0
6361,2019-06-27,41,41,0
6362,2019-06-27,32,38,6
6363,2019-06-27,24,25,1
6364,2019-06-27,41,39,-2
6366,2019-06-27,27,18,-9
6367,2019-06-27,17,19,2
6368,2019-06-27,48,62,14
6369,2019-06-27,21,37,16
6370,2019-06-27,30,36,6
6371,2019-06-27,58,79,21
6372,2019-06-27,76,97,21
6373,2019-06-27,25,41,16
6374,2019-06-27,32,44,12
6375,2019-06-27,42,65,23
6376,2019-06-27,11,18,7
6377,2019-06-27,18,42,24
6379,2019-06-27,24,35,11
6380,2019-06-27,37,32,-5
6381,2019-06-27,56,58,2
6383,2019-06-27,20,20,0
6384,2019-06-27,30,26,-4
6385,2019-06-27,36,46,10
6386,2019-06-27,61,52,-9
6387,2019-06-27,64,66,2
6388,2019-06-27,23,31,8
6389,2019-06-27,36,33,-3
6391,2019-06-27,56,82,26
6393,2019-06-27,61,91,30
6394,2019-06-27,64,91,27
6395,2019-06-27,61,39,-22
6396,2019-06-27,75,62,-13
6397,2019-06-27,51,85,34
6398,2019-06-27,25,38,13
6401,2019-06-27,43,74,31
6402,2019-06-27,48,61,13
6403,2019-06-27,17,32,15
6404,2019-06-27,15,31,16
6405,2019-06-27,40,71,31
6406,2019-06-27,107,135,28
6407,2019-06-27,19,31,12
6408,2019-06-27,53,50,-3
6409,2019-06-27,16,32,16
6410,2019-06-27,48,41,-7
6411,2019-06-27,151,94,-57
6412,2019-06-27,17,25,8
6413,2019-06-27,17,14,-3
6414,2019-06-27,16,28,12
6415,2019-06-27,16,25,9
6416,2019-06-27,14,12,-2
6417,2019-06-27,33,36,3
6418,2019-06-27,4,3,-1
6419,2019-06-27,6,13,7
6420,2019-06-27,24,22,-2
6421,2019-06-27,31,30,-1
6422,2019-06-27,22,18,-4
6423,2019-06-27,21,12,-9
6424,2019-06-27,54,55,1
6425,2019-06-27,64,79,15
6426,2019-06-27,78,76,-2
6427,2019-06-27,40,57,17
6428,2019-06-27,16,32,16
6429,2019-06-27,43,56,13
6432,2019-06-27,67,67,0
6433,2019-06-27,21,24,3
6434,2019-06-27,61,67,6
6435,2019-06-27,52,45,-7
6436,2019-06-27,17,20,3
6501,2019-06-27,109,137,28
6502,2019-06-27,35,42,7
6503,2019-06-27,59,39,-20
6504,2019-06-27,23,17,-6
6700,2019-06-27,33,46,13
6701,2019-06-27,75,36,-39
6702,2019-06-27,14,16,2
6703,2019-06-27,54,50,-4
6704,2019-06-27,23,35,12
6705,2019-06-27,12,14,2
6706,2019-06-27,10,27,17
6707,2019-06-27,27,10,-17
6708,2019-06-27,85,78,-7
6709,2019-06-27,26,37,11
6710,2019-06-27,14,17,3
6711,2019-06-27,22,19,-3
6712,2019-06-27,16,17,1
6713,2019-06-27,18,18,0
6714,2019-06-27,6,4,-2
6715,2019-06-27,33,34,1
6716,2019-06-27,8,11,3
6717,2019-06-27,7,14,7
6718,2019-06-27,13,25,12
6719,2019-06-27,16,17,1
6720,2019-06-27,23,36,13
6721,2019-06-27,19,11,-8
6722,2019-06-27,11,21,10
6723,2019-06-27,20,24,4
6724,2019-06-27,55,77,22
6725,2019-06-27,19,22,3
6726,2019-06-27,9,13,4
6727,2019-06-27,88,74,-14
6728,2019-06-27,14,15,1
6729,2019-06-27,114,115,1
6730,2019-06-27,12,13,1
6731,2019-06-27,20,14,-6
6732,2019-06-27,31,42,11
6733,2019-06-27,23,28,5
6734,2019-06-27,38,41,3
6735,2019-06-27,10,14,4
6736,2019-06-27,22,15,-7
6737,2019-06-27,18,26,8
6739,2019-06-27,5,10,5
6741,2019-06-27,19,24,5
6742,2019-06-27,54,67,13
6743,2019-06-27,37,23,-14
6744,2019-06-27,13,22,9
6745,2019-06-27,21,20,-1
6746,2019-06-27,23,13,-10
6747,2019-06-27,46,31,-15
6748,2019-06-27,101,118,17
6749,2019-06-27,45,39,-6
6750,2019-06-27,43,35,-8
6752,2019-06-27,26,12,-14
6753,2019-06-27,17,10,-7
6754,2019-06-27,8,16,8
6901,2019-06-27,30,54,24
6902,2019-06-27,53,86,33
6903,2019-06-27,90,76,-14
6904,2019-06-27,28,37,9
6905,2019-06-27,30,19,-11
6906,2019-06-27,135,75,-60
6907,2019-06-27,99,78,-21
6908,2019-06-27,55,60,5
6912,2019-06-27,177,136,-41
6913,2019-06-27,33,39,6
6915,2019-06-27,71,81,10
6916,2019-06-27,36,32,-4
6917,2019-06-27,14,21,7
6918,2019-06-27,26,20,-6
6919,2019-06-27,27,24,-3
6921,2019-06-27,64,42,-22
6923,2019-06-27,34,31,-3
6924,2019-06-27,15,16,1
6925,2019-06-27,26,30,4
6926,2019-06-27,49,46,-3
6927,2019-06-27,52,25,-27
6928,2019-06-27,18,10,-8
6929,2019-06-27,31,28,-3
6930,2019-06-27,23,7,-16
7001,2019-06-27,34,42,8
7002,2019-06-27,4,13,9
7003,2019-06-27,102,61,-41
7004,2019-06-27,16,22,6
7005,2019-06-27,10,14,4
7006,2019-06-27,14,17,3
7007,2019-06-27,6,14,8
7008,2019-06-27,24,26,2
7009,2019-06-27,78,98,20
7010,2019-06-27,9,16,7
7011,2019-06-27,53,75,22
7012,2019-06-27,42,42,0
7013,2019-06-27,17,28,11
7014,2019-06-27,35,15,-20
7015,2019-06-27,24,30,6
7016,2019-06-27,8,6,-2
7017,2019-06-27,17,32,15
7018,2019-06-27,19,47,28
7019,2019-06-27,139,39,-100
7020,2019-06-27,19,29,10
7021,2019-06-27,45,39,-6
7022,2019-06-27,26,25,-1
7023,2019-06-27,3,8,5
7024,2019-06-27,43,28,-15
7025,2019-06-27,65,60,-5
7026,2019-06-27,51,40,-11
7027,2019-06-27,27,30,3
7028,2019-06-27,116,80,-36
7029,2019-06-27,42,50,8
7030,2019-06-27,33,43,10
7031,2019-06-27,61,53,-8
7032,2019-06-27,75,58,-17
7033,2019-06-27,65,66,1
7034,2019-06-27,8,43,35
7035,2019-06-27,34,43,9
7036,2019-06-27,34,33,-1
7037,2019-06-27,55,50,-5
7038,2019-06-27,68,61,-7
7039,2019-06-27,20,29,9
7040,2019-06-27,61,53,-8
7041,2019-06-27,126,75,-51
7042,2019-06-27,30,27,-3
7043,2019-06-27,17,21,4
7044,2019-06-27,17,12,-5
7045,2019-06-27,69,62,-7
7046,2019-06-27,125,105,-20
7047,2019-06-27,101,166,65
7048,2019-06-27,17,20,3
7049,2019-06-27,18,25,7
7050,2019-06-27,41,55,14
7051,2019-06-27,6,17,11
7052,2019-06-27,51,47,-4
7053,2019-06-27,37,45,8
7054,2019-06-27,46,78,32
7055,2019-06-27,20,24,4
7056,2019-06-27,9,20,11
7057,2019-06-27,30,51,21
7058,2019-06-27,54,41,-13
7059,2019-06-27,18,28,10
7060,2019-06-27,23,45,22
7061,2019-06-27,25,19,-6
7062,2019-06-27,42,53,11
7063,2019-06-27,30,26,-4
7064,2019-06-27,26,26,0
7065,2019-06-27,21,29,8
7066,2019-06-27,97,108,11
7067,2019-06-27,55,51,-4
7068,2019-06-27,68,97,29
7069,2019-06-27,142,134,-8
7070,2019-06-27,20,37,17
7071,2019-06-27,38,33,-5
7072,2019-06-27,36,26,-10
7073,2019-06-27,36,52,16
7074,2019-06-27,19,31,12
7075,2019-06-27,11,8,-3
7076,2019-06-27,61,59,-2
7077,2019-06-27,46,37,-9
7078,2019-06-27,24,40,16
7079,2019-06-27,34,24,-10
7080,2019-06-27,112,84,-28
7081,2019-06-27,97,79,-18
7082,2019-06-27,58,65,7
7083,2019-06-27,46,42,-4
7084,2019-06-27,76,64,-12
7085,2019-06-27,3,0,-3
7090,2019-06-27,8,12,4
7091,2019-06-27,3,4,1
7092,2019-06-27,7,7,0
7093,2019-06-27,4,8,4
7094,2019-06-27,4,4,0
7095,2019-06-27,18,3,-15
7096,2019-06-27,34,17,-17
7097,2019-06-27,9,7,-2
7098,2019-06-27,2,2,0
7099,2019-06-27,9,8,-1
7100,2019-06-27,2,2,0
7101,2019-06-27,9,4,-5
7102,2019-06-27,9,22,13
7103,2019-06-27,16,19,3
7104,2019-06-27,1,7,6
7105,2019-06-27,3,0,-3
7106,2019-06-27,7,4,-3
7107,2019-06-27,5,3,-2
7108,2019-06-27,15,15,0
7109,2019-06-27,8,5,-3
7110,2019-06-27,7,7,0
7111,2019-06-27,3,4,1
7112,2019-06-27,4,11,7
7113,2019-06-27,57,39,-18
7114,2019-06-27,71,92,21
7115,2019-06-27,9,8,-1
7116,2019-06-27,16,14,-2
7117,2019-06-27,1,3,2
7118,2019-06-27,7,0,-7
7119,2019-06-27,3,8,5
7120,2019-06-27,5,8,3
7121,2019-06-27,10,14,4
7122,2019-06-27,1,2,1
7124,2019-06-27,26,14,-12
7125,2019-06-27,20,23,3
7126,2019-06-27,7,9,2
7127,2019-06-27,21,15,-6
7128,2019-06-27,19,15,-4
7129,2019-06-27,7,10,3
7130,2019-06-27,8,8,0
7131,2019-06-27,6,2,-4
7132,2019-06-27,2,3,1
7133,2019-06-27,5,3,-2
7134,2019-06-27,4,5,1
7136,2019-06-27,7,7,0
7137,2019-06-27,11,9,-2
7138,2019-06-27,3,4,1
7140,2019-06-27,18,29,11
7141,2019-06-27,37,42,5
7143,2019-06-27,22,25,3
7144,2019-06-27,47,55,8
7145,2019-06-27,9,14,5
7147,2019-06-27,49,38,-11
7148,2019-06-27,10,9,-1
7149,2019-06-27,12,15,3
10002,2019-06-28,125,142,17
4000,2019-06-28,70,90,20
4001,2019-06-28,10,10,0
4002,2019-06-28,18,23,5
5002,2019-06-28,8,10,2
5003,2019-06-28,3,5,2
5004,2019-06-28,1,2,1
5005,2019-06-28,8,9,1
5006,2019-06-28,4,6,2
5007,2019-06-28,21,20,-1
6001,2019-06-28,76,104,28
6002,2019-06-28,50,62,12
6003,2019-06-28,88,122,34
6004,2019-06-28,58,59,1
6005,2019-06-28,112,115,3
6006,2019-06-28,35,22,-13
6008,2019-06-28,56,106,50
6009,2019-06-28,81,87,6
6011,2019-06-28,92,108,16
6012,2019-06-28,228,502,274
6013,2019-06-28,56,109,53
6014,2019-06-28,70,66,-4
6015,2019-06-28,184,261,77
6016,2019-06-28,21,17,-4
6017,2019-06-28,35,48,13
6018,2019-06-28,90,88,-2
6019,2019-06-28,133,77,-56
6020,2019-06-28,75,101,26
6021,2019-06-28,71,54,-17
6022,2019-06-28,80,85,5
6023,2019-06-28,187,268,81
6024,2019-06-28,5,8,3
6025,2019-06-28,39,40,1
6026,2019-06-28,197,303,106
6027,2019-06-28,151,165,14
6029,2019-06-28,34,44,10
6031,2019-06-28,58,65,7
6032,2019-06-28,90,149,59
6033,2019-06-28,16,20,4
6034,2019-06-28,12,15,3
6035,2019-06-28,25,52,27
6036,2019-06-28,255,341,86
6037,2019-06-28,69,70,1
6038,2019-06-28,112,114,2
6039,2019-06-28,93,119,26
6040,2019-06-28,52,86,34
6041,2019-06-28,80,87,7
6042,2019-06-28,96,93,-3
6043,2019-06-28,191,370,179
6044,2019-06-28,105,98,-7
6046,2019-06-28,123,108,-15
6047,2019-06-28,61,39,-22
6048,2019-06-28,66,66,0
6049,2019-06-28,123,122,-1
6050,2019-06-28,40,58,18
6051,2019-06-28,52,39,-13
6052,2019-06-28,230,351,121
6053,2019-06-28,231,269,38
6057,2019-06-28,95,72,-23
6058,2019-06-28,86,65,-21
6059,2019-06-28,73,68,-5
6060,2019-06-28,28,29,1
6061,2019-06-28,88,72,-16
6062,2019-06-28,66,55,-11
6063,2019-06-28,78,67,-11
6064,2019-06-28,201,157,-44
6065,2019-06-28,63,56,-7
6066,2019-06-28,47,16,-31
6067,2019-06-28,57,59,2
6068,2019-06-28,14,13,-1
6070,2019-06-28,181,146,-35
6072,2019-06-28,85,73,-12
6073,2019-06-28,226,246,20
6075,2019-06-28,38,17,-21
6076,2019-06-28,25,32,7
6078,2019-06-28,47,84,37
6079,2019-06-28,105,59,-46
6080,2019-06-28,183,160,-23
6081,2019-06-28,53,50,-3
6082,2019-06-28,17,13,-4
6083,2019-06-28,172,142,-30
6084,2019-06-28,68,82,14
6085,2019-06-28,103,182,79
6086,2019-06-28,30,57,27
6087,2019-06-28,153,187,34
6088,2019-06-28,84,95,11
6089,2019-06-28,43,59,16
6090,2019-06-28,57,55,-2
6091,2019-06-28,42,33,-9
6092,2019-06-28,75,88,13
6093,2019-06-28,31,17,-14
6094,2019-06-28,43,41,-2
6095,2019-06-28,131,123,-8
6096,2019-06-28,53,76,23
6097,2019-06-28,70,58,-12
6098,2019-06-28,40,33,-7
6099,2019-06-28,81,127,46
6100,2019-06-28,198,196,-2
6101,2019-06-28,61,22,-39
6102,2019-06-28,32,21,-11
6105,2019-06-28,78,105,27
6106,2019-06-28,38,55,17
6107,2019-06-28,83,67,-16
6108,2019-06-28,60,71,11
6109,2019-06-28,32,32,0
6110,2019-06-28,41,55,14
6111,2019-06-28,47,74,27
6112,2019-06-28,121,120,-1
6113,2019-06-28,65,81,16
6114,2019-06-28,191,265,74
6115,2019-06-28,18,25,7
6116,2019-06-28,83,92,9
6118,2019-06-28,78,111,33
6119,2019-06-28,92,110,18
6120,2019-06-28,83,109,26
6121,2019-06-28,30,58,28
6122,2019-06-28,20,29,9
6123,2019-06-28,43,41,-2
6124,2019-06-28,52,77,25
6125,2019-06-28,35,20,-15
6126,2019-06-28,51,63,12
6127,2019-06-28,69,45,-24
6128,2019-06-28,33,28,-5
6129,2019-06-28,69,56,-13
6130,2019-06-28,44,30,-14
6131,2019-06-28,86,68,-18
6132,2019-06-28,80,87,7
6133,2019-06-28,78,67,-11
6134,2019-06-28,47,52,5
6136,2019-06-28,284,240,-44
6137,2019-06-28,114,99,-15
6138,2019-06-28,101,74,-27
6139,2019-06-28,66,41,-25
6140,2019-06-28,91,90,-1
6141,2019-06-28,64,52,-12
6142,2019-06-28,124,109,-15
6143,2019-06-28,110,114,4
6145,2019-06-28,64,76,12
6146,2019-06-28,62,54,-8
6147,2019-06-28,118,80,-38
6148,2019-06-28,181,101,-80
6149,2019-06-28,50,38,-12
6150,2019-06-28,82,67,-15
6151,2019-06-28,92,83,-9
6152,2019-06-28,122,132,10
6153,2019-06-28,64,65,1
6154,2019-06-28,197,188,-9
6155,2019-06-28,178,154,-24
6156,2019-06-28,81,75,-6
6157,2019-06-28,137,132,-5
6158,2019-06-28,78,64,-14
6159,2019-06-28,39,40,1
6160,2019-06-28,68,54,-14
6161,2019-06-28,52,54,2
6162,2019-06-28,14,25,11
6163,2019-06-28,129,119,-10
6164,2019-06-28,107,123,16
6165,2019-06-28,205,193,-12
6166,2019-06-28,91,65,-26
6167,2019-06-28,57,50,-7
6168,2019-06-28,51,38,-13
6169,2019-06-28,201,173,-28
6170,2019-06-28,91,75,-16
6171,2019-06-28,47,56,9
6173,2019-06-28,115,84,-31
6174,2019-06-28,115,90,-25
6175,2019-06-28,104,54,-50
6176,2019-06-28,117,116,-1
6177,2019-06-28,95,89,-6
6178,2019-06-28,115,110,-5
6179,2019-06-28,118,105,-13
6180,2019-06-28,60,73,13
6181,2019-06-28,130,85,-45
6182,2019-06-28,88,56,-32
6183,2019-06-28,112,75,-37
6184,2019-06-28,263,259,-4
6185,2019-06-28,2,5,3
6186,2019-06-28,92,77,-15
6187,2019-06-28,126,138,12
6188,2019-06-28,56,51,-5
6189,2019-06-28,19,20,1
6190,2019-06-28,117,81,-36
6191,2019-06-28,83,79,-4
6193,2019-06-28,122,116,-6
6194,2019-06-28,181,183,2
6195,2019-06-28,121,80,-41
6196,2019-06-28,142,97,-45
6197,2019-06-28,68,63,-5
6198,2019-06-28,26,28,2
6199,2019-06-28,134,92,-42
6200,2019-06-28,121,106,-15
6201,2019-06-28,90,62,-28
6202,2019-06-28,132,131,-1
6203,2019-06-28,94,94,0
6204,2019-06-28,118,93,-25
6205,2019-06-28,77,75,-2
6206,2019-06-28,154,112,-42
6207,2019-06-28,54,50,-4
6208,2019-06-28,74,77,3
6209,2019-06-28,145,107,-38
6210,2019-06-28,33,32,-1
6211,2019-06-28,193,153,-40
6212,2019-06-28,95,71,-24
6213,2019-06-28,132,133,1
6214,2019-06-28,133,77,-56
6216,2019-06-28,139,75,-64
6217,2019-06-28,90,61,-29
6218,2019-06-28,53,48,-5
6219,2019-06-28,80,71,-9
6220,2019-06-28,111,114,3
6221,2019-06-28,199,156,-43
6222,2019-06-28,106,70,-36
6223,2019-06-28,161,98,-63
6225,2019-06-28,121,73,-48
6226,2019-06-28,25,25,0
6227,2019-06-28,203,195,-8
6228,2019-06-28,40,25,-15
6229,2019-06-28,86,63,-23
6230,2019-06-28,131,104,-27
6231,2019-06-28,132,124,-8
6232,2019-06-28,34,18,-16
6233,2019-06-28,132,108,-24
6234,2019-06-28,78,65,-13
6235,2019-06-28,86,78,-8
6236,2019-06-28,96,84,-12
6237,2019-06-28,69,52,-17
6240,2019-06-28,35,30,-5
6241,2019-06-28,34,38,4
6243,2019-06-28,60,51,-9
6245,2019-06-28,43,50,7
6246,2019-06-28,72,45,-27
6247,2019-06-28,132,130,-2
6248,2019-06-28,173,135,-38
6249,2019-06-28,58,50,-8
6250,2019-06-28,120,99,-21
6251,2019-06-28,33,30,-3
6252,2019-06-28,57,46,-11
6253,2019-06-28,45,42,-3
6254,2019-06-28,71,75,4
6255,2019-06-28,110,99,-11
6257,2019-06-28,61,54,-7
6258,2019-06-28,115,75,-40
6259,2019-06-28,44,41,-3
6260,2019-06-28,65,54,-11
6261,2019-06-28,60,53,-7
6262,2019-06-28,68,65,-3
6263,2019-06-28,22,24,2
6264,2019-06-28,35,22,-13
6265,2019-06-28,49,41,-8
6266,2019-06-28,26,31,5
6267,2019-06-28,62,51,-11
6268,2019-06-28,66,69,3
6269,2019-06-28,35,31,-4
6270,2019-06-28,43,44,1
6271,2019-06-28,1,1,0
6272,2019-06-28,34,28,-6
6273,2019-06-28,48,32,-16
6274,2019-06-28,50,54,4
6275,2019-06-28,36,36,0
6276,2019-06-28,49,38,-11
6277,2019-06-28,64,61,-3
6278,2019-06-28,31,37,6
6279,2019-06-28,6,6,0
6280,2019-06-28,101,94,-7
6281,2019-06-28,23,18,-5
6301,2019-06-28,26,18,-8
6302,2019-06-28,11,16,5
6303,2019-06-28,17,8,-9
6304,2019-06-28,12,12,0
6305,2019-06-28,16,17,1
6306,2019-06-28,42,11,-31
6307,2019-06-28,97,77,-20
6309,2019-06-28,34,27,-7
6310,2019-06-28,74,37,-37
6311,2019-06-28,25,28,3
6312,2019-06-28,26,37,11
6313,2019-06-28,49,73,24
6314,2019-06-28,68,54,-14
6315,2019-06-28,87,50,-37
6316,2019-06-28,41,12,-29
6321,2019-06-28,97,97,0
6322,2019-06-28,32,27,-5
6323,2019-06-28,24,18,-6
6324,2019-06-28,36,36,0
6327,2019-06-28,48,35,-13
6328,2019-06-28,38,41,3
6329,2019-06-28,32,21,-11
6330,2019-06-28,25,25,0
6331,2019-06-28,20,13,-7
6332,2019-06-28,30,32,2
6333,2019-06-28,28,23,-5
6334,2019-06-28,76,75,-1
6335,2019-06-28,42,37,-5
6336,2019-06-28,25,28,3
6338,2019-06-28,34,43,9
6339,2019-06-28,33,26,-7
6340,2019-06-28,28,26,-2
6341,2019-06-28,30,36,6
6343,2019-06-28,47,49,2
6345,2019-06-28,20,20,0
6346,2019-06-28,19,6,-13
6347,2019-06-28,29,26,-3
6349,2019-06-28,54,49,-5
6350,2019-06-28,48,48,0
6354,2019-06-28,39,42,3
6355,2019-06-28,32,46,14
6356,2019-06-28,35,21,-14
6357,2019-06-28,22,15,-7
6358,2019-06-28,41,35,-6
6359,2019-06-28,122,153,31
6360,2019-06-28,30,27,-3
6361,2019-06-28,37,44,7
6362,2019-06-28,41,43,2
6363,2019-06-28,28,24,-4
6364,2019-06-28,53,45,-8
6366,2019-06-28,28,18,-10
6367,2019-06-28,14,7,-7
6368,2019-06-28,68,62,-6
6369,2019-06-28,36,44,8
6370,2019-06-28,36,33,-3
6371,2019-06-28,90,86,-4
6372,2019-06-28,101,108,7
6373,2019-06-28,50,56,6
6374,2019-06-28,51,36,-15
6375,2019-06-28,70,80,10
6376,2019-06-28,21,19,-2
6377,2019-06-28,42,38,-4
6379,2019-06-28,32,35,3
6380,2019-06-28,37,31,-6
6381,2019-06-28,67,68,1
6383,2019-06-28,44,26,-18
6384,2019-06-28,22,24,2
6385,2019-06-28,60,54,-6
6386,2019-06-28,76,107,31
6387,2019-06-28,79,107,28
6388,2019-06-28,31,41,10
6389,2019-06-28,60,40,-20
6391,2019-06-28,79,100,21
6393,2019-06-28,62,96,34
6394,2019-06-28,71,101,30
6395,2019-06-28,82,85,3
6396,2019-06-28,88,102,14
6397,2019-06-28,53,62,9
6398,2019-06-28,34,48,14
6401,2019-06-28,69,80,11
6402,2019-06-28,56,50,-6
6403,2019-06-28,32,38,6
6404,2019-06-28,24,29,5
6405,2019-06-28,48,53,5
6406,2019-06-28,155,212,57
6407,2019-06-28,20,43,23
6408,2019-06-28,50,57,7
6409,2019-06-28,24,27,3
6410,2019-06-28,43,43,0
6411,2019-06-28,135,129,-6
6412,2019-06-28,21,17,-4
6413,2019-06-28,22,95,73
6414,2019-06-28,28,32,4
6415,2019-06-28,30,28,-2
6416,2019-06-28,22,13,-9
6417,2019-06-28,30,29,-1
6418,2019-06-28,6,6,0
6419,2019-06-28,11,12,1
6420,2019-06-28,25,24,-1
6421,2019-06-28,24,22,-2
6422,2019-06-28,18,16,-2
6423,2019-06-28,17,16,-1
6424,2019-06-28,34,57,23
6425,2019-06-28,52,73,21
6426,2019-06-28,84,84,0
6427,2019-06-28,64,74,10
6428,2019-06-28,21,27,6
6429,2019-06-28,29,36,7
6432,2019-06-28,86,90,4
6433,2019-06-28,38,35,-3
6434,2019-06-28,68,62,-6
6435,2019-06-28,48,60,12
6436,2019-06-28,22,15,-7
6501,2019-06-28,124,136,12
6502,2019-06-28,28,35,7
6503,2019-06-28,68,58,-10
6504,2019-06-28,23,25,2
6700,2019-06-28,44,54,10
6701,2019-06-28,90,75,-15
6702,2019-06-28,18,25,7
6703,2019-06-28,60,63,3
6704,2019-06-28,37,33,-4
6705,2019-06-28,19,18,-1
6706,2019-06-28,28,29,1
6707,2019-06-28,33,38,5
6708,2019-06-28,71,123,52
6709,2019-06-28,33,36,3
6710,2019-06-28,9,8,-1
6711,2019-06-28,27,30,3
6712,2019-06-28,19,16,-3
6713,2019-06-28,21,17,-4
6714,2019-06-28,6,5,-1
6715,2019-06-28,32,33,1
6716,2019-06-28,8,9,1
6717,2019-06-28,10,13,3
6718,2019-06-28,23,18,-5
6719,2019-06-28,16,22,6
6720,2019-06-28,27,32,5
6721,2019-06-28,24,26,2
6722,2019-06-28,15,16,1
6723,2019-06-28,29,23,-6
6724,2019-06-28,75,99,24
6725,2019-06-28,34,32,-2
6726,2019-06-28,12,16,4
6727,2019-06-28,103,126,23
6728,2019-06-28,20,26,6
6729,2019-06-28,128,158,30
6730,2019-06-28,17,14,-3
6731,2019-06-28,18,18,0
6732,2019-06-28,40,41,1
6733,2019-06-28,41,26,-15
6734,2019-06-28,58,51,-7
6735,2019-06-28,12,10,-2
6736,2019-06-28,15,17,2
6737,2019-06-28,17,21,4
6739,2019-06-28,11,11,0
6741,2019-06-28,20,24,4
6742,2019-06-28,66,68,2
6743,2019-06-28,42,29,-13
6744,2019-06-28,29,31,2
6745,2019-06-28,21,25,4
6746,2019-06-28,25,26,1
6747,2019-06-28,56,64,8
6748,2019-06-28,99,103,4
6749,2019-06-28,48,55,7
6750,2019-06-28,58,44,-14
6752,2019-06-28,18,21,3
6753,2019-06-28,22,25,3
6754,2019-06-28,22,27,5
6901,2019-06-28,57,82,25
6902,2019-06-28,88,103,15
6903,2019-06-28,117,97,-20
6904,2019-06-28,47,43,-4
6905,2019-06-28,54,51,-3
6906,2019-06-28,150,101,-49
6907,2019-06-28,126,85,-41
6908,2019-06-28,75,71,-4
6912,2019-06-28,213,182,-31
6913,2019-06-28,75,50,-25
6915,2019-06-28,87,81,-6
6916,2019-06-28,45,43,-2
6917,2019-06-28,21,25,4
6918,2019-06-28,27,20,-7
6919,2019-06-28,20,17,-3
6921,2019-06-28,76,70,-6
6923,2019-06-28,45,37,-8
6924,2019-06-28,22,17,-5
6925,2019-06-28,52,44,-8
6926,2019-06-28,70,59,-11
6927,2019-06-28,64,37,-27
6928,2019-06-28,19,12,-7
6929,2019-06-28,45,40,-5
6930,2019-06-28,26,28,2
7001,2019-06-28,28,24,-4
7002,2019-06-28,17,21,4
7003,2019-06-28,131,101,-30
7004,2019-06-28,14,10,-4
7005,2019-06-28,5,6,1
7006,2019-06-28,19,23,4
7007,2019-06-28,13,24,11
7008,2019-06-28,23,26,3
7009,2019-06-28,81,108,27
7010,2019-06-28,13,12,-1
7011,2019-06-28,65,82,17
7012,2019-06-28,60,68,8
7013,2019-06-28,28,23,-5
7014,2019-06-28,46,24,-22
7015,2019-06-28,18,25,7
7016,2019-06-28,15,17,2
7017,2019-06-28,33,36,3
7018,2019-06-28,39,48,9
7019,2019-06-28,106,93,-13
7020,2019-06-28,36,32,-4
7021,2019-06-28,39,40,1
7022,2019-06-28,53,32,-21
7023,2019-06-28,7,7,0
7024,2019-06-28,33,28,-5
7025,2019-06-28,48,40,-8
7026,2019-06-28,58,55,-3
7027,2019-06-28,40,42,2
7028,2019-06-28,109,105,-4
7029,2019-06-28,64,59,-5
7030,2019-06-28,56,57,1
7031,2019-06-28,55,54,-1
7032,2019-06-28,88,58,-30
7033,2019-06-28,71,62,-9
7034,2019-06-28,22,51,29
7035,2019-06-28,59,50,-9
7036,2019-06-28,58,48,-10
7037,2019-06-28,46,54,8
7038,2019-06-28,75,73,-2
7039,2019-06-28,33,28,-5
7040,2019-06-28,88,95,7
7041,2019-06-28,121,127,6
7042,2019-06-28,47,43,-4
7043,2019-06-28,34,21,-13
7044,2019-06-28,11,13,2
7045,2019-06-28,84,87,3
7046,2019-06-28,117,113,-4
7047,2019-06-28,143,220,77
7048,2019-06-28,20,26,6
7049,2019-06-28,18,20,2
7050,2019-06-28,41,34,-7
7051,2019-06-28,13,17,4
7052,2019-06-28,50,64,14
7053,2019-06-28,56,67,11
7054,2019-06-28,55,66,11
7055,2019-06-28,26,38,12
7056,2019-06-28,16,17,1
7057,2019-06-28,29,33,4
7058,2019-06-28,62,64,2
7059,2019-06-28,42,40,-2
7060,2019-06-28,52,52,0
7061,2019-06-28,27,29,2
7062,2019-06-28,57,52,-5
7063,2019-06-28,23,23,0
7064,2019-06-28,24,31,7
7065,2019-06-28,48,37,-11
7066,2019-06-28,95,140,45
7067,2019-06-28,67,82,15
7068,2019-06-28,90,103,13
7069,2019-06-28,129,152,23
7070,2019-06-28,46,46,0
7071,2019-06-28,56,34,-22
7072,2019-06-28,43,38,-5
7073,2019-06-28,46,51,5
7074,2019-06-28,45,32,-13
7075,2019-06-28,14,16,2
7076,2019-06-28,78,65,-13
7077,2019-06-28,77,87,10
7078,2019-06-28,33,43,10
7079,2019-06-28,49,48,-1
7080,2019-06-28,94,95,1
7081,2019-06-28,111,126,15
7082,2019-06-28,75,92,17
7083,2019-06-28,61,43,-18
7084,2019-06-28,73,84,11
7086,2019-06-28,2,0,-2
7087,2019-06-28,2,3,1
7088,2019-06-28,1,1,0
7090,2019-06-28,15,15,0
7091,2019-06-28,6,11,5
7092,2019-06-28,8,9,1
7093,2019-06-28,3,4,1
7094,2019-06-28,5,6,1
7095,2019-06-28,21,21,0
7096,2019-06-28,25,24,-1
7097,2019-06-28,11,13,2
7098,2019-06-28,5,6,1
7099,2019-06-28,8,18,10
7100,2019-06-28,6,7,1
7101,2019-06-28,7,8,1
7102,2019-06-28,12,27,15
7103,2019-06-28,20,22,2
7104,2019-06-28,2,3,1
7105,2019-06-28,9,11,2
7106,2019-06-28,5,5,0
7107,2019-06-28,7,7,0
7108,2019-06-28,11,12,1
7109,2019-06-28,15,15,0
7110,2019-06-28,10,10,0
7111,2019-06-28,5,4,-1
7112,2019-06-28,10,11,1
7113,2019-06-28,59,51,-8
7114,2019-06-28,106,121,15
7115,2019-06-28,12,15,3
7116,2019-06-28,10,11,1
7117,2019-06-28,4,5,1
7118,2019-06-28,1,3,2
7119,2019-06-28,14,8,-6
7120,2019-06-28,5,5,0
7121,2019-06-28,7,8,1
7122,2019-06-28,6,5,-1
7123,2019-06-28,2,2,0
7124,2019-06-28,21,16,-5
7125,2019-06-28,25,28,3
7126,2019-06-28,17,15,-2
7127,2019-06-28,27,32,5
7128,2019-06-28,12,11,-1
7129,2019-06-28,9,11,2
7130,2019-06-28,14,14,0
7131,2019-06-28,4,4,0
7132,2019-06-28,4,8,4
7133,2019-06-28,3,2,-1
7134,2019-06-28,4,2,-2
7135,2019-06-28,3,5,2
7136,2019-06-28,7,8,1
7137,2019-06-28,8,7,-1
7138,2019-06-28,2,3,1
7140,2019-06-28,21,34,13
7141,2019-06-28,42,42,0
7143,2019-06-28,35,35,0
7144,2019-06-28,57,60,3
7145,2019-06-28,21,26,5
7147,2019-06-28,60,61,1
7148,2019-06-28,9,8,-1
7149,2019-06-28,20,17,-3
10002,2019-06-29,76,75,-1
4000,2019-06-29,49,54,5
4001,2019-06-29,8,9,1
4002,2019-06-29,16,15,-1
5002,2019-06-29,3,3,0
5003,2019-06-29,1,5,4
5004,2019-06-29,1,5,4
5006,2019-06-29,2,4,2
5007,2019-06-29,12,13,1
6001,2019-06-29,43,47,4
6002,2019-06-29,36,53,17
6003,2019-06-29,71,67,-4
6004,2019-06-29,20,19,-1
6005,2019-06-29,54,50,-4
6006,2019-06-29,29,20,-9
6008,2019-06-29,48,61,13
6009,2019-06-29,76,70,-6
6011,2019-06-29,36,51,15
6012,2019-06-29,161,289,128
6013,2019-06-29,63,83,20
6014,2019-06-29,41,39,-2
6015,2019-06-29,145,202,57
6016,2019-06-29,8,15,7
6017,2019-06-29,49,49,0
6018,2019-06-29,65,67,2
6019,2019-06-29,75,66,-9
6020,2019-06-29,84,89,5
6021,2019-06-29,81,65,-16
6022,2019-06-29,45,45,0
6023,2019-06-29,188,235,47
6024,2019-06-29,2,0,-2
6025,2019-06-29,42,42,0
6026,2019-06-29,282,407,125
6027,2019-06-29,40,55,15
6029,2019-06-29,18,21,3
6031,2019-06-29,42,40,-2
6032,2019-06-29,55,70,15
6033,2019-06-29,10,8,-2
6034,2019-06-29,11,8,-3
6035,2019-06-29,15,36,21
6036,2019-06-29,224,318,94
6037,2019-06-29,107,120,13
6038,2019-06-29,13,15,2
6039,2019-06-29,12,4,-8
6040,2019-06-29,34,44,10
6041,2019-06-29,35,65,30
6042,2019-06-29,26,40,14
6043,2019-06-29,3,8,5
6044,2019-06-29,80,77,-3
6046,2019-06-29,39,29,-10
6047,2019-06-29,34,21,-13
6048,2019-06-29,21,27,6
6049,2019-06-29,57,88,31
6050,2019-06-29,34,43,9
6051,2019-06-29,26,34,8
6052,2019-06-29,189,221,32
6053,2019-06-29,144,199,55
6057,2019-06-29,31,30,-1
6058,2019-06-29,26,28,2
6059,2019-06-29,17,17,0
6060,2019-06-29,13,12,-1
6061,2019-06-29,86,79,-7
6062,2019-06-29,62,35,-27
6063,2019-06-29,51,57,6
6064,2019-06-29,109,97,-12
6065,2019-06-29,49,41,-8
6066,2019-06-29,34,17,-17
6067,2019-06-29,31,43,12
6068,2019-06-29,5,6,1
6070,2019-06-29,103,76,-27
6072,2019-06-29,23,27,4
6073,2019-06-29,94,144,50
6075,2019-06-29,21,11,-10
6076,2019-06-29,17,24,7
6078,2019-06-29,52,54,2
6079,2019-06-29,54,48,-6
6080,2019-06-29,98,100,2
6081,2019-06-29,32,23,-9
6082,2019-06-29,13,18,5
6083,2019-06-29,81,83,2
6084,2019-06-29,53,55,2
6085,2019-06-29,48,86,38
6086,2019-06-29,48,71,23
6087,2019-06-29,76,103,27
6088,2019-06-29,49,58,9
6089,2019-06-29,24,16,-8
6090,2019-06-29,26,23,-3
6091,2019-06-29,41,36,-5
6092,2019-06-29,60,37,-23
6093,2019-06-29,17,10,-7
6094,2019-06-29,55,41,-14
6095,2019-06-29,72,62,-10
6096,2019-06-29,33,34,1
6097,2019-06-29,60,49,-11
6098,2019-06-29,28,15,-13
6099,2019-06-29,119,142,23
6100,2019-06-29,136,131,-5
6101,2019-06-29,18,9,-9
6102,2019-06-29,27,26,-1
6105,2019-06-29,38,59,21
6106,2019-06-29,42,48,6
6107,2019-06-29,87,51,-36
6108,2019-06-29,34,47,13
6109,2019-06-29,22,32,10
6110,2019-06-29,35,39,4
6111,2019-06-29,47,51,4
6112,2019-06-29,97,97,0
6113,2019-06-29,61,77,16
6114,2019-06-29,170,182,12
6115,2019-06-29,15,17,2
6116,2019-06-29,63,65,2
6118,2019-06-29,86,86,0
6119,2019-06-29,69,91,22
6120,2019-06-29,66,94,28
6121,2019-06-29,18,30,12
6122,2019-06-29,20,23,3
6123,2019-06-29,36,35,-1
6124,2019-06-29,31,51,20
6125,2019-06-29,22,12,-10
6126,2019-06-29,30,35,5
6127,2019-06-29,52,59,7
6128,2019-06-29,17,22,5
6129,2019-06-29,49,55,6
6130,2019-06-29,34,31,-3
6131,2019-06-29,81,54,-27
6132,2019-06-29,37,43,6
6133,2019-06-29,53,45,-8
6134,2019-06-29,47,44,-3
6136,2019-06-29,162,152,-10
6137,2019-06-29,90,77,-13
6138,2019-06-29,58,74,16
6139,2019-06-29,45,36,-9
6140,2019-06-29,98,95,-3
6141,2019-06-29,58,55,-3
6142,2019-06-29,87,57,-30
6143,2019-06-29,118,84,-34
6145,2019-06-29,69,65,-4
6146,2019-06-29,57,42,-15
6147,2019-06-29,83,44,-39
6148,2019-06-29,81,70,-11
6149,2019-06-29,30,33,3
6150,2019-06-29,57,51,-6
6151,2019-06-29,83,77,-6
6152,2019-06-29,120,114,-6
6153,2019-06-29,48,46,-2
6154,2019-06-29,174,167,-7
6155,2019-06-29,142,111,-31
6156,2019-06-29,74,72,-2
6157,2019-06-29,137,116,-21
6158,2019-06-29,59,53,-6
6159,2019-06-29,27,29,2
6160,2019-06-29,44,36,-8
6161,2019-06-29,45,49,4
6162,2019-06-29,18,18,0
6163,2019-06-29,109,116,7
6164,2019-06-29,97,109,12
6165,2019-06-29,98,112,14
6166,2019-06-29,63,65,2
6167,2019-06-29,33,30,-3
6168,2019-06-29,42,23,-19
6169,2019-06-29,140,123,-17
6170,2019-06-29,66,63,-3
6171,2019-06-29,29,26,-3
6173,2019-06-29,122,90,-32
6174,2019-06-29,96,60,-36
6175,2019-06-29,63,32,-31
6176,2019-06-29,107,98,-9
6177,2019-06-29,73,68,-5
6178,2019-06-29,118,117,-1
6179,2019-06-29,78,76,-2
6180,2019-06-29,62,64,2
6181,2019-06-29,76,68,-8
6182,2019-06-29,79,62,-17
6183,2019-06-29,80,75,-5
6184,2019-06-29,239,189,-50
6186,2019-06-29,87,75,-12
6187,2019-06-29,104,103,-1
6188,2019-06-29,59,53,-6
6189,2019-06-29,18,19,1
6190,2019-06-29,84,50,-34
6191,2019-06-29,51,38,-13
6193,2019-06-29,88,104,16
6194,2019-06-29,129,131,2
6195,2019-06-29,67,43,-24
6196,2019-06-29,113,89,-24
6197,2019-06-29,44,41,-3
6198,2019-06-29,21,14,-7
6199,2019-06-29,47,36,-11
6200,2019-06-29,86,88,2
6201,2019-06-29,86,70,-16
6202,2019-06-29,78,65,-13
6203,2019-06-29,60,54,-6
6204,2019-06-29,62,63,1
6205,2019-06-29,80,74,-6
6206,2019-06-29,93,73,-20
6207,2019-06-29,22,27,5
6208,2019-06-29,43,44,1
6209,2019-06-29,87,79,-8
6210,2019-06-29,23,22,-1
6211,2019-06-29,168,146,-22
6212,2019-06-29,66,48,-18
6213,2019-06-29,108,106,-2
6214,2019-06-29,83,55,-28
6216,2019-06-29,164,113,-51
6217,2019-06-29,100,72,-28
6218,2019-06-29,50,49,-1
6219,2019-06-29,53,58,5
6220,2019-06-29,100,69,-31
6221,2019-06-29,192,156,-36
6222,2019-06-29,63,58,-5
6223,2019-06-29,110,74,-36
6225,2019-06-29,83,58,-25
6226,2019-06-29,7,8,1
6227,2019-06-29,126,135,9
6228,2019-06-29,34,25,-9
6229,2019-06-29,54,43,-11
6230,2019-06-29,111,113,2
6231,2019-06-29,96,91,-5
6232,2019-06-29,10,9,-1
6233,2019-06-29,106,81,-25
6234,2019-06-29,84,80,-4
6235,2019-06-29,20,15,-5
6236,2019-06-29,54,61,7
6237,2019-06-29,54,59,5
6240,2019-06-29,13,10,-3
6241,2019-06-29,33,31,-2
6243,2019-06-29,55,57,2
6245,2019-06-29,29,31,2
6246,2019-06-29,35,38,3
6247,2019-06-29,110,86,-24
6248,2019-06-29,133,107,-26
6249,2019-06-29,69,54,-15
6250,2019-06-29,150,173,23
6251,2019-06-29,25,27,2
6252,2019-06-29,75,66,-9
6253,2019-06-29,49,36,-13
6254,2019-06-29,65,56,-9
6255,2019-06-29,90,90,0
6257,2019-06-29,39,35,-4
6258,2019-06-29,77,67,-10
6259,2019-06-29,33,27,-6
6260,2019-06-29,43,37,-6
6261,2019-06-29,36,34,-2
6262,2019-06-29,45,36,-9
6263,2019-06-29,14,11,-3
6264,2019-06-29,20,26,6
6265,2019-06-29,37,38,1
6266,2019-06-29,20,14,-6
6267,2019-06-29,43,47,4
6268,2019-06-29,50,43,-7
6269,2019-06-29,24,27,3
6270,2019-06-29,41,30,-11
6272,2019-06-29,24,19,-5
6273,2019-06-29,41,28,-13
6274,2019-06-29,26,21,-5
6275,2019-06-29,29,24,-5
6276,2019-06-29,30,39,9
6277,2019-06-29,55,52,-3
6278,2019-06-29,32,34,2
6280,2019-06-29,37,33,-4
6281,2019-06-29,24,20,-4
6301,2019-06-29,21,20,-1
6302,2019-06-29,15,12,-3
6303,2019-06-29,13,18,5
6304,2019-06-29,8,10,2
6305,2019-06-29,11,8,-3
6306,2019-06-29,20,14,-6
6307,2019-06-29,63,59,-4
6309,2019-06-29,24,21,-3
6310,2019-06-29,31,11,-20
6311,2019-06-29,33,25,-8
6312,2019-06-29,23,29,6
6313,2019-06-29,61,63,2
6314,2019-06-29,45,46,1
6315,2019-06-29,61,35,-26
6316,2019-06-29,41,26,-15
6321,2019-06-29,90,84,-6
6322,2019-06-29,22,26,4
6323,2019-06-29,19,16,-3
6324,2019-06-29,18,25,7
6327,2019-06-29,37,34,-3
6328,2019-06-29,42,44,2
6329,2019-06-29,25,17,-8
6330,2019-06-29,25,17,-8
6331,2019-06-29,16,15,-1
6332,2019-06-29,26,30,4
6333,2019-06-29,18,22,4
6334,2019-06-29,51,52,1
6335,2019-06-29,34,22,-12
6336,2019-06-29,37,37,0
6338,2019-06-29,35,27,-8
6339,2019-06-29,26,20,-6
6340,2019-06-29,28,24,-4
6341,2019-06-29,21,25,4
6343,2019-06-29,29,28,-1
6345,2019-06-29,13,17,4
6346,2019-06-29,9,8,-1
6347,2019-06-29,16,19,3
6349,2019-06-29,29,45,16
6350,2019-06-29,37,27,-10
6354,2019-06-29,36,23,-13
6355,2019-06-29,29,33,4
6356,2019-06-29,18,12,-6
6357,2019-06-29,16,15,-1
6358,2019-06-29,24,17,-7
6359,2019-06-29,92,107,15
6360,2019-06-29,26,29,3
6361,2019-06-29,56,33,-23
6362,2019-06-29,39,32,-7
6363,2019-06-29,12,15,3
6364,2019-06-29,30,25,-5
6366,2019-06-29,24,23,-1
6368,2019-06-29,67,67,0
6369,2019-06-29,24,23,-1
6370,2019-06-29,28,24,-4
6371,2019-06-29,69,64,-5
6372,2019-06-29,81,87,6
6373,2019-06-29,33,23,-10
6374,2019-06-29,25,27,2
6375,2019-06-29,46,64,18
6376,2019-06-29,23,16,-7
6377,2019-06-29,21,22,1
6379,2019-06-29,30,33,3
6380,2019-06-29,18,10,-8
6381,2019-06-29,51,44,-7
6383,2019-06-29,25,27,2
6384,2019-06-29,24,21,-3
6385,2019-06-29,46,48,2
6386,2019-06-29,56,63,7
6387,2019-06-29,55,62,7
6388,2019-06-29,22,23,1
6389,2019-06-29,48,52,4
6391,2019-06-29,83,97,14
6393,2019-06-29,53,65,12
6394,2019-06-29,55,82,27
6395,2019-06-29,54,42,-12
6396,2019-06-29,58,68,10
6397,2019-06-29,45,58,13
6398,2019-06-29,27,49,22
6401,2019-06-29,46,55,9
6402,2019-06-29,55,62,7
6403,2019-06-29,17,16,-1
6404,2019-06-29,20,16,-4
6405,2019-06-29,66,77,11
6406,2019-06-29,250,323,73
6407,2019-06-29,12,25,13
6408,2019-06-29,20,23,3
6409,2019-06-29,14,14,0
6410,2019-06-29,19,21,2
6411,2019-06-29,90,68,-22
6412,2019-06-29,7,13,6
6413,2019-06-29,10,9,-1
6414,2019-06-29,19,26,7
6415,2019-06-29,22,14,-8
6416,2019-06-29,19,10,-9
6417,2019-06-29,18,30,12
6418,2019-06-29,4,5,1
6419,2019-06-29,15,19,4
6420,2019-06-29,27,24,-3
6421,2019-06-29,30,24,-6
6422,2019-06-29,18,24,6
6423,2019-06-29,6,7,1
6424,2019-06-29,11,25,14
6425,2019-06-29,78,72,-6
6426,2019-06-29,45,61,16
6427,2019-06-29,37,39,2
6428,2019-06-29,25,23,-2
6429,2019-06-29,26,33,7
6432,2019-06-29,56,53,-3
6433,2019-06-29,26,25,-1
6434,2019-06-29,42,52,10
6435,2019-06-29,30,23,-7
6436,2019-06-29,25,19,-6
6501,2019-06-29,149,174,25
6502,2019-06-29,45,47,2
6503,2019-06-29,36,35,-1
6504,2019-06-29,34,50,16
6700,2019-06-29,25,34,9
6701,2019-06-29,34,25,-9
6702,2019-06-29,12,11,-1
6703,2019-06-29,46,54,8
6704,2019-06-29,17,18,1
6705,2019-06-29,21,15,-6
6706,2019-06-29,17,12,-5
6707,2019-06-29,15,22,7
6708,2019-06-29,42,65,23
6709,2019-06-29,26,27,1
6710,2019-06-29,17,14,-3
6711,2019-06-29,26,23,-3
6712,2019-06-29,11,14,3
6713,2019-06-29,9,7,-2
6714,2019-06-29,7,9,2
6715,2019-06-29,39,48,9
6716,2019-06-29,7,9,2
6717,2019-06-29,7,13,6
6718,2019-06-29,16,12,-4
6719,2019-06-29,21,21,0
6720,2019-06-29,22,25,3
6721,2019-06-29,19,15,-4
6722,2019-06-29,9,21,12
6723,2019-06-29,18,24,6
6724,2019-06-29,62,70,8
6725,2019-06-29,19,25,6
6726,2019-06-29,3,2,-1
6727,2019-06-29,40,53,13
6728,2019-06-29,17,15,-2
6729,2019-06-29,113,115,2
6730,2019-06-29,12,9,-3
6731,2019-06-29,13,10,-3
6732,2019-06-29,28,31,3
6733,2019-06-29,26,27,1
6734,2019-06-29,35,38,3
6735,2019-06-29,6,4,-2
6736,2019-06-29,8,12,4
6737,2019-06-29,14,22,8
6739,2019-06-29,8,8,0
6741,2019-06-29,12,9,-3
6742,2019-06-29,63,68,5
6743,2019-06-29,18,16,-2
6744,2019-06-29,20,14,-6
6745,2019-06-29,13,15,2
6746,2019-06-29,13,16,3
6747,2019-06-29,20,12,-8
6748,2019-06-29,71,69,-2
6749,2019-06-29,54,56,2
6750,2019-06-29,26,31,5
6752,2019-06-29,6,8,2
6753,2019-06-29,5,12,7
6754,2019-06-29,14,11,-3
6901,2019-06-29,54,63,9
6902,2019-06-29,66,75,9
6903,2019-06-29,69,68,-1
6904,2019-06-29,28,15,-13
6905,2019-06-29,24,29,5
6906,2019-06-29,80,60,-20
6907,2019-06-29,101,66,-35
6908,2019-06-29,64,54,-10
6912,2019-06-29,127,131,4
6913,2019-06-29,51,28,-23
6915,2019-06-29,93,75,-18
6916,2019-06-29,26,29,3
6917,2019-06-29,15,14,-1
6918,2019-06-29,28,20,-8
6919,2019-06-29,27,17,-10
6921,2019-06-29,31,45,14
6923,2019-06-29,29,29,0
6924,2019-06-29,19,26,7
6925,2019-06-29,26,29,3
6926,2019-06-29,38,30,-8
6927,2019-06-29,34,19,-15
6928,2019-06-29,26,10,-16
6929,2019-06-29,37,34,-3
6930,2019-06-29,14,9,-5
7001,2019-06-29,34,34,0
7002,2019-06-29,12,13,1
7003,2019-06-29,90,65,-25
7004,2019-06-29,12,11,-1
7005,2019-06-29,4,5,1
7006,2019-06-29,10,11,1
7007,2019-06-29,6,2,-4
7008,2019-06-29,17,14,-3
7009,2019-06-29,59,76,17
7010,2019-06-29,18,16,-2
7011,2019-06-29,73,73,0
7012,2019-06-29,50,46,-4
7013,2019-06-29,10,8,-2
7014,2019-06-29,30,17,-13
7015,2019-06-29,28,21,-7
7016,2019-06-29,5,16,11
7017,2019-06-29,19,22,3
7018,2019-06-29,32,40,8
7019,2019-06-29,17,12,-5
7020,2019-06-29,18,21,3
7021,2019-06-29,36,27,-9
7022,2019-06-29,24,25,1
7023,2019-06-29,1,1,0
7024,2019-06-29,31,26,-5
7025,2019-06-29,13,15,2
7026,2019-06-29,28,28,0
7027,2019-06-29,35,30,-5
7028,2019-06-29,39,34,-5
7029,2019-06-29,39,42,3
7030,2019-06-29,41,33,-8
7031,2019-06-29,53,47,-6
7032,2019-06-29,80,37,-43
7033,2019-06-29,60,55,-5
7034,2019-06-29,43,96,53
7035,2019-06-29,16,18,2
7036,2019-06-29,46,46,0
7037,2019-06-29,51,43,-8
7038,2019-06-29,59,56,-3
7039,2019-06-29,17,15,-2
7040,2019-06-29,42,40,-2
7041,2019-06-29,80,80,0
7042,2019-06-29,23,28,5
7043,2019-06-29,18,17,-1
7044,2019-06-29,7,8,1
7045,2019-06-29,49,65,16
7046,2019-06-29,32,43,11
7047,2019-06-29,118,143,25
7048,2019-06-29,19,26,7
7049,2019-06-29,7,15,8
7050,2019-06-29,36,41,5
7051,2019-06-29,10,11,1
7052,2019-06-29,28,29,1
7053,2019-06-29,38,54,16
7054,2019-06-29,57,59,2
7055,2019-06-29,9,22,13
7056,2019-06-29,14,20,6
7057,2019-06-29,39,42,3
7058,2019-06-29,43,45,2
7059,2019-06-29,18,28,10
7060,2019-06-29,40,33,-7
7061,2019-06-29,26,21,-5
7062,2019-06-29,26,37,11
7063,2019-06-29,25,20,-5
7064,2019-06-29,22,19,-3
7065,2019-06-29,29,31,2
7066,2019-06-29,33,72,39
7067,2019-06-29,37,47,10
7068,2019-06-29,89,107,18
7069,2019-06-29,102,115,13
7070,2019-06-29,28,24,-4
7071,2019-06-29,46,40,-6
7072,2019-06-29,31,14,-17
7073,2019-06-29,37,44,7
7074,2019-06-29,30,45,15
7075,2019-06-29,3,7,4
7076,2019-06-29,51,48,-3
7077,2019-06-29,84,90,6
7078,2019-06-29,37,30,-7
7079,2019-06-29,32,46,14
7080,2019-06-29,42,57,15
7081,2019-06-29,50,53,3
7082,2019-06-29,65,67,2
7083,2019-06-29,41,39,-2
7084,2019-06-29,78,73,-5
7087,2019-06-29,1,1,0
7088,2019-06-29,4,2,-2
7090,2019-06-29,8,6,-2
7091,2019-06-29,7,6,-1
7092,2019-06-29,6,8,2
7093,2019-06-29,7,9,2
7094,2019-06-29,6,5,-1
7095,2019-06-29,4,10,6
7096,2019-06-29,13,22,9
7097,2019-06-29,4,6,2
7098,2019-06-29,3,3,0
7099,2019-06-29,3,3,0
7100,2019-06-29,1,2,1
7101,2019-06-29,3,3,0
7102,2019-06-29,16,15,-1
7103,2019-06-29,26,29,3
7104,2019-06-29,3,3,0
7105,2019-06-29,21,21,0
7106,2019-06-29,2,4,2
7107,2019-06-29,9,8,-1
7108,2019-06-29,18,24,6
7109,2019-06-29,9,10,1
7110,2019-06-29,4,6,2
7111,2019-06-29,4,3,-1
7112,2019-06-29,12,15,3
7113,2019-06-29,30,23,-7
7114,2019-06-29,91,96,5
7115,2019-06-29,6,10,4
7116,2019-06-29,5,10,5
7117,2019-06-29,1,2,1
7119,2019-06-29,12,19,7
7120,2019-06-29,8,5,-3
7121,2019-06-29,4,4,0
7122,2019-06-29,1,4,3
7123,2019-06-29,2,4,2
7124,2019-06-29,13,12,-1
7125,2019-06-29,29,35,6
7126,2019-06-29,3,1,-2
7127,2019-06-29,17,22,5
7128,2019-06-29,13,12,-1
7129,2019-06-29,3,3,0
7130,2019-06-29,4,5,1
7131,2019-06-29,3,5,2
7132,2019-06-29,4,3,-1
7133,2019-06-29,5,6,1
7134,2019-06-29,7,7,0
7135,2019-06-29,8,5,-3
7136,2019-06-29,3,4,1
7137,2019-06-29,3,1,-2
7138,2019-06-29,4,3,-1
7140,2019-06-29,21,14,-7
7141,2019-06-29,40,44,4
7143,2019-06-29,18,27,9
7144,2019-06-29,53,51,-2
7145,2019-06-29,13,7,-6
7147,2019-06-29,36,40,4
7148,2019-06-29,6,5,-1
7149,2019-06-29,10,14,4
10002,2019-06-30,99,85,-14
4000,2019-06-30,56,69,13
4001,2019-06-30,17,16,-1
4002,2019-06-30,25,30,5
5002,2019-06-30,1,3,2
5003,2019-06-30,5,3,-2
5004,2019-06-30,4,5,1
5005,2019-06-30,8,10,2
5006,2019-06-30,5,7,2
5007,2019-06-30,16,11,-5
6001,2019-06-30,68,68,0
6002,2019-06-30,40,46,6
6003,2019-06-30,91,125,34
6004,2019-06-30,34,55,21
6005,2019-06-30,49,43,-6
6006,2019-06-30,34,23,-11
6008,2019-06-30,84,70,-14
6009,2019-06-30,81,85,4
6011,2019-06-30,58,59,1
6012,2019-06-30,294,553,259
6013,2019-06-30,89,113,24
6014,2019-06-30,45,41,-4
6015,2019-06-30,184,250,66
6016,2019-06-30,21,22,1
6017,2019-06-30,43,54,11
6018,2019-06-30,58,68,10
6019,2019-06-30,106,63,-43
6020,2019-06-30,83,129,46
6021,2019-06-30,82,53,-29
6022,2019-06-30,30,29,-1
6023,2019-06-30,277,406,129
6024,2019-06-30,11,13,2
6025,2019-06-30,31,44,13
6026,2019-06-30,466,601,135
6027,2019-06-30,89,93,4
6029,2019-06-30,5,16,11
6031,2019-06-30,30,34,4
6032,2019-06-30,96,135,39
6033,2019-06-30,5,7,2
6034,2019-06-30,15,16,1
6035,2019-06-30,22,26,4
6036,2019-06-30,428,606,178
6037,2019-06-30,82,78,-4
6038,2019-06-30,87,83,-4
6039,2019-06-30,45,63,18
6040,2019-06-30,55,58,3
6041,2019-06-30,26,27,1
6042,2019-06-30,38,36,-2
6043,2019-06-30,55,66,11
6044,2019-06-30,82,75,-7
6046,2019-06-30,44,45,1
6047,2019-06-30,35,23,-12
6048,2019-06-30,24,30,6
6049,2019-06-30,29,28,-1
6050,2019-06-30,25,19,-6
6051,2019-06-30,48,40,-8
6052,2019-06-30,323,382,59
6053,2019-06-30,253,302,49
6057,2019-06-30,59,46,-13
6058,2019-06-30,36,34,-2
6059,2019-06-30,63,53,-10
6060,2019-06-30,11,12,1
6061,2019-06-30,68,71,3
6062,2019-06-30,67,66,-1
6063,2019-06-30,96,82,-14
6064,2019-06-30,119,109,-10
6065,2019-06-30,50,42,-8
6066,2019-06-30,57,17,-40
6067,2019-06-30,26,37,11
6068,2019-06-30,6,15,9
6070,2019-06-30,139,126,-13
6072,2019-06-30,19,26,7
6073,2019-06-30,210,225,15
6075,2019-06-30,30,10,-20
6076,2019-06-30,26,33,7
6078,2019-06-30,37,76,39
6079,2019-06-30,63,64,1
6080,2019-06-30,131,131,0
6081,2019-06-30,54,48,-6
6082,2019-06-30,15,18,3
6083,2019-06-30,123,128,5
6084,2019-06-30,32,35,3
6085,2019-06-30,43,74,31
6086,2019-06-30,67,76,9
6087,2019-06-30,92,120,28
6088,2019-06-30,37,43,6
6089,2019-06-30,22,20,-2
6090,2019-06-30,43,44,1
6091,2019-06-30,46,42,-4
6092,2019-06-30,73,56,-17
6093,2019-06-30,38,37,-1
6094,2019-06-30,29,33,4
6095,2019-06-30,107,115,8
6096,2019-06-30,35,45,10
6097,2019-06-30,114,77,-37
6098,2019-06-30,46,33,-13
6099,2019-06-30,120,158,38
6100,2019-06-30,176,204,28
6101,2019-06-30,37,14,-23
6102,2019-06-30,43,28,-15
6105,2019-06-30,37,52,15
6106,2019-06-30,38,38,0
6107,2019-06-30,99,93,-6
6108,2019-06-30,51,50,-1
6109,2019-06-30,94,81,-13
6110,2019-06-30,23,35,12
6111,2019-06-30,53,51,-2
6112,2019-06-30,137,138,1
6113,2019-06-30,75,75,0
6114,2019-06-30,198,226,28
6115,2019-06-30,20,14,-6
6116,2019-06-30,61,51,-10
6118,2019-06-30,80,92,12
6119,2019-06-30,83,96,13
6120,2019-06-30,61,74,13
6121,2019-06-30,40,42,2
6122,2019-06-30,18,24,6
6123,2019-06-30,24,33,9
6124,2019-06-30,47,57,10
6125,2019-06-30,17,17,0
6126,2019-06-30,39,46,7
6127,2019-06-30,43,45,2
6128,2019-06-30,21,24,3
6129,2019-06-30,57,46,-11
6130,2019-06-30,25,22,-3
6131,2019-06-30,97,68,-29
6132,2019-06-30,47,50,3
6133,2019-06-30,73,66,-7
6134,2019-06-30,54,49,-5
6136,2019-06-30,203,160,-43
6137,2019-06-30,76,79,3
6138,2019-06-30,75,69,-6
6139,2019-06-30,42,39,-3
6140,2019-06-30,92,91,-1
6141,2019-06-30,59,60,1
6142,2019-06-30,137,77,-60
6143,2019-06-30,140,125,-15
6145,2019-06-30,91,86,-5
6146,2019-06-30,104,77,-27
6147,2019-06-30,77,59,-18
6148,2019-06-30,98,62,-36
6149,2019-06-30,47,38,-9
6150,2019-06-30,65,63,-2
6151,2019-06-30,95,81,-14
6152,2019-06-30,110,117,7
6153,2019-06-30,27,34,7
6154,2019-06-30,157,175,18
6155,2019-06-30,164,158,-6
6156,2019-06-30,70,51,-19
6157,2019-06-30,177,165,-12
6158,2019-06-30,49,49,0
6159,2019-06-30,32,32,0
6160,2019-06-30,39,30,-9
6161,2019-06-30,52,47,-5
6162,2019-06-30,22,13,-9
6163,2019-06-30,124,118,-6
6164,2019-06-30,94,103,9
6165,2019-06-30,120,119,-1
6166,2019-06-30,83,78,-5
6167,2019-06-30,33,34,1
6168,2019-06-30,27,27,0
6169,2019-06-30,186,142,-44
6170,2019-06-30,78,77,-1
6171,2019-06-30,36,45,9
6173,2019-06-30,122,72,-50
6174,2019-06-30,104,91,-13
6175,2019-06-30,90,54,-36
6176,2019-06-30,148,146,-2
6177,2019-06-30,79,77,-2
6178,2019-06-30,171,139,-32
6179,2019-06-30,72,73,1
6180,2019-06-30,52,75,23
6181,2019-06-30,98,92,-6
6182,2019-06-30,88,88,0
6183,2019-06-30,93,76,-17
6184,2019-06-30,250,209,-41
6186,2019-06-30,78,58,-20
6187,2019-06-30,123,94,-29
6188,2019-06-30,60,49,-11
6189,2019-06-30,18,14,-4
6190,2019-06-30,84,65,-19
6191,2019-06-30,64,63,-1
6193,2019-06-30,144,131,-13
6194,2019-06-30,207,192,-15
6195,2019-06-30,82,60,-22
6196,2019-06-30,128,96,-32
6197,2019-06-30,33,27,-6
6198,2019-06-30,16,14,-2
6199,2019-06-30,71,64,-7
6200,2019-06-30,96,78,-18
6201,2019-06-30,85,79,-6
6202,2019-06-30,105,88,-17
6203,2019-06-30,113,90,-23
6204,2019-06-30,109,85,-24
6205,2019-06-30,102,108,6
6206,2019-06-30,152,130,-22
6207,2019-06-30,41,42,1
6208,2019-06-30,61,65,4
6209,2019-06-30,124,74,-50
6210,2019-06-30,42,31,-11
6211,2019-06-30,221,196,-25
6212,2019-06-30,107,87,-20
6213,2019-06-30,114,110,-4
6214,2019-06-30,108,66,-42
6216,2019-06-30,306,233,-73
6217,2019-06-30,111,82,-29
6218,2019-06-30,66,54,-12
6219,2019-06-30,74,53,-21
6220,2019-06-30,107,97,-10
6221,2019-06-30,215,148,-67
6222,2019-06-30,70,69,-1
6223,2019-06-30,170,136,-34
6225,2019-06-30,100,60,-40
6226,2019-06-30,11,5,-6
6227,2019-06-30,190,168,-22
6228,2019-06-30,26,23,-3
6229,2019-06-30,71,52,-19
6230,2019-06-30,101,91,-10
6231,2019-06-30,133,107,-26
6232,2019-06-30,30,18,-12
6233,2019-06-30,150,122,-28
6234,2019-06-30,110,99,-11
6235,2019-06-30,31,20,-11
6236,2019-06-30,72,60,-12
6237,2019-06-30,70,72,2
6240,2019-06-30,28,30,2
6241,2019-06-30,45,37,-8
6243,2019-06-30,73,63,-10
6245,2019-06-30,29,36,7
6246,2019-06-30,43,38,-5
6247,2019-06-30,131,96,-35
6248,2019-06-30,130,117,-13
6249,2019-06-30,89,72,-17
6250,2019-06-30,151,141,-10
6251,2019-06-30,30,36,6
6252,2019-06-30,62,45,-17
6253,2019-06-30,45,43,-2
6254,2019-06-30,58,67,9
6255,2019-06-30,93,91,-2
6257,2019-06-30,27,27,0
6258,2019-06-30,69,75,6
6259,2019-06-30,25,30,5
6260,2019-06-30,41,43,2
6261,2019-06-30,37,37,0
6262,2019-06-30,51,51,0
6263,2019-06-30,23,25,2
6264,2019-06-30,28,30,2
6265,2019-06-30,35,36,1
6266,2019-06-30,12,19,7
6267,2019-06-30,47,39,-8
6268,2019-06-30,61,56,-5
6269,2019-06-30,34,38,4
6270,2019-06-30,23,26,3
6271,2019-06-30,5,5,0
6272,2019-06-30,27,23,-4
6273,2019-06-30,24,34,10
6274,2019-06-30,41,44,3
6275,2019-06-30,19,24,5
6276,2019-06-30,44,37,-7
6277,2019-06-30,54,50,-4
6278,2019-06-30,30,31,1
6280,2019-06-30,53,54,1
6281,2019-06-30,28,17,-11
6301,2019-06-30,24,17,-7
6302,2019-06-30,23,24,1
6303,2019-06-30,30,24,-6
6304,2019-06-30,21,12,-9
6305,2019-06-30,21,20,-1
6306,2019-06-30,28,18,-10
6307,2019-06-30,83,69,-14
6309,2019-06-30,27,32,5
6310,2019-06-30,34,29,-5
6311,2019-06-30,28,21,-7
6312,2019-06-30,45,55,10
6313,2019-06-30,76,77,1
6314,2019-06-30,56,58,2
6315,2019-06-30,87,56,-31
6316,2019-06-30,49,32,-17
6321,2019-06-30,100,91,-9
6322,2019-06-30,31,33,2
6323,2019-06-30,10,17,7
6324,2019-06-30,21,23,2
6327,2019-06-30,27,35,8
6328,2019-06-30,26,23,-3
6329,2019-06-30,19,22,3
6330,2019-06-30,26,15,-11
6331,2019-06-30,11,13,2
6332,2019-06-30,27,26,-1
6333,2019-06-30,19,14,-5
6334,2019-06-30,51,52,1
6335,2019-06-30,41,41,0
6336,2019-06-30,27,29,2
6338,2019-06-30,18,20,2
6339,2019-06-30,20,20,0
6340,2019-06-30,26,18,-8
6341,2019-06-30,23,34,11
6343,2019-06-30,22,25,3
6345,2019-06-30,15,17,2
6346,2019-06-30,14,11,-3
6347,2019-06-30,16,15,-1
6349,2019-06-30,36,40,4
6350,2019-06-30,47,46,-1
6354,2019-06-30,50,54,4
6355,2019-06-30,25,31,6
6356,2019-06-30,32,25,-7
6357,2019-06-30,17,12,-5
6358,2019-06-30,26,30,4
6359,2019-06-30,144,125,-19
6360,2019-06-30,32,29,-3
6361,2019-06-30,48,53,5
6362,2019-06-30,36,38,2
6363,2019-06-30,21,13,-8
6364,2019-06-30,39,33,-6
6366,2019-06-30,48,33,-15
6368,2019-06-30,73,76,3
6369,2019-06-30,45,48,3
6370,2019-06-30,37,33,-4
6371,2019-06-30,74,73,-1
6372,2019-06-30,87,105,18
6373,2019-06-30,35,33,-2
6374,2019-06-30,37,37,0
6375,2019-06-30,61,63,2
6376,2019-06-30,19,21,2
6377,2019-06-30,30,34,4
6379,2019-06-30,40,45,5
6380,2019-06-30,20,22,2
6381,2019-06-30,33,42,9
6383,2019-06-30,49,33,-16
6384,2019-06-30,25,20,-5
6385,2019-06-30,44,43,-1
6386,2019-06-30,55,60,5
6387,2019-06-30,64,80,16
6388,2019-06-30,40,41,1
6389,2019-06-30,54,49,-5
6391,2019-06-30,60,68,8
6393,2019-06-30,64,83,19
6394,2019-06-30,78,102,24
6395,2019-06-30,76,59,-17
6396,2019-06-30,94,103,9
6397,2019-06-30,63,70,7
6398,2019-06-30,19,38,19
6401,2019-06-30,58,78,20
6402,2019-06-30,58,64,6
6403,2019-06-30,30,40,10
6404,2019-06-30,13,17,4
6405,2019-06-30,60,69,9
6406,2019-06-30,269,309,40
6407,2019-06-30,21,27,6
6408,2019-06-30,37,32,-5
6409,2019-06-30,19,15,-4
6410,2019-06-30,22,19,-3
6411,2019-06-30,142,120,-22
6412,2019-06-30,10,12,2
6413,2019-06-30,11,13,2
6414,2019-06-30,33,36,3
6415,2019-06-30,17,16,-1
6416,2019-06-30,22,15,-7
6417,2019-06-30,23,24,1
6418,2019-06-30,10,13,3
6419,2019-06-30,30,28,-2
6420,2019-06-30,16,26,10
6421,2019-06-30,29,23,-6
6422,2019-06-30,11,10,-1
6423,2019-06-30,16,15,-1
6424,2019-06-30,32,29,-3
6425,2019-06-30,92,91,-1
6426,2019-06-30,65,72,7
6427,2019-06-30,74,73,-1
6428,2019-06-30,52,59,7
6429,2019-06-30,54,54,0
6432,2019-06-30,68,77,9
6433,2019-06-30,27,29,2
6434,2019-06-30,72,60,-12
6435,2019-06-30,54,53,-1
6436,2019-06-30,22,16,-6
6501,2019-06-30,248,326,78
6502,2019-06-30,81,90,9
6503,2019-06-30,45,33,-12
6504,2019-06-30,53,53,0
6700,2019-06-30,27,30,3
6701,2019-06-30,72,49,-23
6702,2019-06-30,12,19,7
6703,2019-06-30,68,89,21
6704,2019-06-30,19,19,0
6705,2019-06-30,15,18,3
6706,2019-06-30,23,23,0
6707,2019-06-30,34,29,-5
6708,2019-06-30,65,83,18
6709,2019-06-30,32,33,1
6710,2019-06-30,14,12,-2
6711,2019-06-30,9,9,0
6712,2019-06-30,49,48,-1
6713,2019-06-30,9,18,9
6714,2019-06-30,16,15,-1
6715,2019-06-30,69,79,10
6716,2019-06-30,24,17,-7
6717,2019-06-30,13,21,8
6718,2019-06-30,17,29,12
6719,2019-06-30,21,23,2
6720,2019-06-30,25,27,2
6721,2019-06-30,27,24,-3
6722,2019-06-30,14,19,5
6723,2019-06-30,19,16,-3
6724,2019-06-30,95,129,34
6725,2019-06-30,35,39,4
6726,2019-06-30,16,12,-4
6727,2019-06-30,57,76,19
6728,2019-06-30,12,19,7
6729,2019-06-30,151,167,16
6730,2019-06-30,12,14,2
6731,2019-06-30,17,13,-4
6732,2019-06-30,36,31,-5
6733,2019-06-30,34,42,8
6734,2019-06-30,22,24,2
6735,2019-06-30,24,22,-2
6736,2019-06-30,14,19,5
6737,2019-06-30,31,24,-7
6739,2019-06-30,12,16,4
6741,2019-06-30,18,15,-3
6742,2019-06-30,93,93,0
6743,2019-06-30,49,40,-9
6744,2019-06-30,15,20,5
6745,2019-06-30,32,32,0
6746,2019-06-30,35,29,-6
6747,2019-06-30,19,24,5
6748,2019-06-30,75,92,17
6749,2019-06-30,53,58,5
6750,2019-06-30,31,30,-1
6752,2019-06-30,14,20,6
6753,2019-06-30,3,4,1
6754,2019-06-30,25,26,1
6901,2019-06-30,45,58,13
6902,2019-06-30,64,74,10
6903,2019-06-30,87,85,-2
6904,2019-06-30,43,30,-13
6905,2019-06-30,36,27,-9
6906,2019-06-30,118,65,-53
6907,2019-06-30,104,83,-21
6908,2019-06-30,59,60,1
6912,2019-06-30,158,143,-15
6913,2019-06-30,60,53,-7
6915,2019-06-30,79,73,-6
6916,2019-06-30,24,26,2
6917,2019-06-30,9,15,6
6918,2019-06-30,32,28,-4
6919,2019-06-30,29,23,-6
6921,2019-06-30,41,56,15
6923,2019-06-30,38,34,-4
6924,2019-06-30,31,31,0
6925,2019-06-30,27,31,4
6926,2019-06-30,67,55,-12
6927,2019-06-30,52,47,-5
6928,2019-06-30,27,11,-16
6929,2019-06-30,39,36,-3
6930,2019-06-30,9,11,2
7001,2019-06-30,32,32,0
7002,2019-06-30,12,9,-3
7003,2019-06-30,167,118,-49
7004,2019-06-30,12,13,1
7005,2019-06-30,14,21,7
7006,2019-06-30,13,18,5
7007,2019-06-30,25,22,-3
7008,2019-06-30,15,12,-3
7009,2019-06-30,78,105,27
7010,2019-06-30,24,22,-2
7011,2019-06-30,72,89,17
7012,2019-06-30,49,49,0
7013,2019-06-30,41,43,2
7014,2019-06-30,40,18,-22
7015,2019-06-30,77,76,-1
7016,2019-06-30,11,7,-4
7017,2019-06-30,29,29,0
7018,2019-06-30,25,40,15
7019,2019-06-30,7,12,5
7020,2019-06-30,21,23,2
7021,2019-06-30,22,31,9
7022,2019-06-30,40,31,-9
7023,2019-06-30,5,5,0
7024,2019-06-30,46,26,-20
7025,2019-06-30,31,15,-16
7026,2019-06-30,30,31,1
7027,2019-06-30,46,43,-3
7028,2019-06-30,18,14,-4
7029,2019-06-30,48,44,-4
7030,2019-06-30,35,38,3
7031,2019-06-30,49,44,-5
7032,2019-06-30,81,50,-31
7033,2019-06-30,64,59,-5
7034,2019-06-30,54,97,43
7035,2019-06-30,24,24,0
7036,2019-06-30,40,42,2
7037,2019-06-30,40,49,9
7038,2019-06-30,60,56,-4
7039,2019-06-30,18,23,5
7040,2019-06-30,49,48,-1
7041,2019-06-30,84,91,7
7042,2019-06-30,16,23,7
7043,2019-06-30,26,20,-6
7044,2019-06-30,5,6,1
7045,2019-06-30,92,89,-3
7046,2019-06-30,81,74,-7
7047,2019-06-30,147,194,47
7048,2019-06-30,47,63,16
7049,2019-06-30,5,6,1
7050,2019-06-30,59,65,6
7051,2019-06-30,22,31,9
7052,2019-06-30,37,35,-2
7053,2019-06-30,46,42,-4
7054,2019-06-30,87,84,-3
7055,2019-06-30,25,31,6
7056,2019-06-30,21,23,2
7057,2019-06-30,44,47,3
7058,2019-06-30,73,84,11
7059,2019-06-30,28,32,4
7060,2019-06-30,33,42,9
7061,2019-06-30,24,18,-6
7062,2019-06-30,25,25,0
7063,2019-06-30,28,19,-9
7064,2019-06-30,13,14,1
7065,2019-06-30,18,19,1
7066,2019-06-30,117,147,30
7067,2019-06-30,36,46,10
7068,2019-06-30,151,169,18
7069,2019-06-30,137,145,8
7070,2019-06-30,39,40,1
7071,2019-06-30,53,47,-6
7072,2019-06-30,37,31,-6
7073,2019-06-30,56,58,2
7074,2019-06-30,40,46,6
7075,2019-06-30,7,5,-2
7076,2019-06-30,71,85,14
7077,2019-06-30,54,55,1
7078,2019-06-30,20,23,3
7079,2019-06-30,22,18,-4
7080,2019-06-30,57,73,16
7081,2019-06-30,96,93,-3
7082,2019-06-30,68,90,22
7083,2019-06-30,48,53,5
7084,2019-06-30,62,60,-2
7085,2019-06-30,3,1,-2
7086,2019-06-30,4,4,0
7087,2019-06-30,4,5,1
7089,2019-06-30,3,4,1
7090,2019-06-30,9,9,0
7091,2019-06-30,13,13,0
7092,2019-06-30,6,7,1
7093,2019-06-30,6,5,-1
7094,2019-06-30,8,3,-5
7095,2019-06-30,5,8,3
7096,2019-06-30,36,35,-1
7097,2019-06-30,8,6,-2
7098,2019-06-30,4,2,-2
7099,2019-06-30,13,10,-3
7100,2019-06-30,12,9,-3
7101,2019-06-30,1,2,1
7102,2019-06-30,16,12,-4
7103,2019-06-30,71,73,2
7104,2019-06-30,9,9,0
7105,2019-06-30,28,33,5
7106,2019-06-30,3,8,5
7107,2019-06-30,11,10,-1
7108,2019-06-30,46,41,-5
7109,2019-06-30,10,15,5
7110,2019-06-30,21,20,-1
7111,2019-06-30,10,10,0
7112,2019-06-30,25,18,-7
7113,2019-06-30,29,27,-2
7114,2019-06-30,115,116,1
7115,2019-06-30,13,14,1
7116,2019-06-30,13,14,1
7117,2019-06-30,7,8,1
7119,2019-06-30,20,26,6
7120,2019-06-30,6,7,1
7121,2019-06-30,10,3,-7
7122,2019-06-30,11,9,-2
7123,2019-06-30,10,9,-1
7124,2019-06-30,16,17,1
7125,2019-06-30,61,56,-5
7126,2019-06-30,13,8,-5
7127,2019-06-30,19,19,0
7128,2019-06-30,28,24,-4
7129,2019-06-30,16,13,-3
7130,2019-06-30,20,12,-8
7131,2019-06-30,13,17,4
7132,2019-06-30,12,9,-3
7133,2019-06-30,29,26,-3
7134,2019-06-30,14,15,1
7135,2019-06-30,13,15,2
7136,2019-06-30,9,11,2
7137,2019-06-30,14,11,-3
7138,2019-06-30,7,5,-2
7140,2019-06-30,35,25,-10
7141,2019-06-30,41,52,11
7143,2019-06-30,46,42,-4
7144,2019-06-30,84,80,-4
7145,2019-06-30,15,13,-2
7147,2019-06-30,52,50,-2
7148,2019-06-30,17,17,0
7149,2019-06-30,18,16,-2
4000,2019-07-01,43,58,15
4001,2019-07-01,3,4,1
4002,2019-07-01,24,27,3
5002,2019-07-01,8,5,-3
5003,2019-07-01,3,3,0
5005,2019-07-01,7,6,-1
5006,2019-07-01,6,7,1
5007,2019-07-01,21,22,1
6001,2019-07-01,89,78,-11
6002,2019-07-01,53,63,10
6003,2019-07-01,45,62,17
6004,2019-07-01,78,69,-9
6005,2019-07-01,45,35,-10
6006,2019-07-01,31,27,-4
6008,2019-07-01,53,56,3
6009,2019-07-01,53,51,-2
6011,2019-07-01,46,64,18
6012,2019-07-01,185,302,117
6013,2019-07-01,36,76,40
6014,2019-07-01,30,36,6
6015,2019-07-01,109,165,56
6016,2019-07-01,12,11,-1
6017,2019-07-01,35,39,4
6018,2019-07-01,48,58,10
6019,2019-07-01,86,57,-29
6020,2019-07-01,69,84,15
6021,2019-07-01,47,42,-5
6022,2019-07-01,39,40,1
6023,2019-07-01,239,367,128
6024,2019-07-01,5,5,0
6025,2019-07-01,63,55,-8
6026,2019-07-01,351,490,139
6027,2019-07-01,50,43,-7
6029,2019-07-01,23,34,11
6031,2019-07-01,38,40,2
6032,2019-07-01,63,104,41
6033,2019-07-01,8,6,-2
6034,2019-07-01,11,8,-3
6035,2019-07-01,25,43,18
6036,2019-07-01,364,524,160
6037,2019-07-01,76,79,3
6038,2019-07-01,101,100,-1
6039,2019-07-01,82,78,-4
6040,2019-07-01,54,57,3
6041,2019-07-01,24,35,11
6042,2019-07-01,28,25,-3
6043,2019-07-01,56,72,16
6044,2019-07-01,82,81,-1
6046,2019-07-01,33,27,-6
6047,2019-07-01,42,19,-23
6048,2019-07-01,8,6,-2
6049,2019-07-01,41,36,-5
6050,2019-07-01,22,21,-1
6051,2019-07-01,23,18,-5
6052,2019-07-01,485,541,56
6053,2019-07-01,207,237,30
6057,2019-07-01,48,49,1
6058,2019-07-01,25,24,-1
6059,2019-07-01,11,7,-4
6060,2019-07-01,15,11,-4
6061,2019-07-01,28,29,1
6062,2019-07-01,23,21,-2
6063,2019-07-01,51,39,-12
6064,2019-07-01,72,68,-4
6065,2019-07-01,25,27,2
6066,2019-07-01,51,38,-13
6067,2019-07-01,15,16,1
6068,2019-07-01,15,14,-1
6070,2019-07-01,83,86,3
6072,2019-07-01,13,13,0
6073,2019-07-01,101,100,-1
6075,2019-07-01,22,18,-4
6076,2019-07-01,20,21,1
6078,2019-07-01,34,34,0
6079,2019-07-01,59,67,8
6080,2019-07-01,87,65,-22
6081,2019-07-01,42,27,-15
6082,2019-07-01,19,15,-4
6083,2019-07-01,50,51,1
6084,2019-07-01,40,24,-16
6085,2019-07-01,50,60,10
6086,2019-07-01,61,82,21
6087,2019-07-01,95,103,8
6088,2019-07-01,33,37,4
6089,2019-07-01,20,14,-6
6090,2019-07-01,28,29,1
6091,2019-07-01,39,40,1
6092,2019-07-01,29,25,-4
6093,2019-07-01,17,20,3
6094,2019-07-01,34,29,-5
6095,2019-07-01,87,71,-16
6096,2019-07-01,37,32,-5
6097,2019-07-01,62,62,0
6098,2019-07-01,17,17,0
6099,2019-07-01,96,131,35
6100,2019-07-01,121,98,-23
6101,2019-07-01,32,12,-20
6102,2019-07-01,23,24,1
6105,2019-07-01,29,40,11
6106,2019-07-01,44,44,0
6107,2019-07-01,78,69,-9
6108,2019-07-01,29,33,4
6109,2019-07-01,86,104,18
6110,2019-07-01,33,20,-13
6111,2019-07-01,27,34,7
6112,2019-07-01,73,107,34
6113,2019-07-01,57,66,9
6114,2019-07-01,149,160,11
6115,2019-07-01,18,13,-5
6116,2019-07-01,50,61,11
6118,2019-07-01,34,65,31
6119,2019-07-01,99,117,18
6120,2019-07-01,41,47,6
6121,2019-07-01,39,39,0
6122,2019-07-01,20,19,-1
6123,2019-07-01,31,38,7
6124,2019-07-01,35,47,12
6125,2019-07-01,22,12,-10
6126,2019-07-01,36,39,3
6127,2019-07-01,50,41,-9
6128,2019-07-01,15,15,0
6129,2019-07-01,48,54,6
6130,2019-07-01,30,32,2
6131,2019-07-01,80,61,-19
6132,2019-07-01,35,40,5
6133,2019-07-01,76,80,4
6134,2019-07-01,36,28,-8
6136,2019-07-01,174,126,-48
6137,2019-07-01,80,77,-3
6138,2019-07-01,58,56,-2
6139,2019-07-01,43,35,-8
6140,2019-07-01,81,90,9
6141,2019-07-01,37,41,4
6142,2019-07-01,139,122,-17
6143,2019-07-01,151,140,-11
6145,2019-07-01,99,87,-12
6146,2019-07-01,95,82,-13
6147,2019-07-01,102,52,-50
6148,2019-07-01,105,97,-8
6149,2019-07-01,34,30,-4
6150,2019-07-01,80,66,-14
6151,2019-07-01,45,36,-9
6152,2019-07-01,72,81,9
6153,2019-07-01,27,25,-2
6154,2019-07-01,95,103,8
6155,2019-07-01,96,91,-5
6156,2019-07-01,41,45,4
6157,2019-07-01,102,95,-7
6158,2019-07-01,46,52,6
6159,2019-07-01,27,30,3
6160,2019-07-01,30,32,2
6161,2019-07-01,46,39,-7
6162,2019-07-01,9,10,1
6163,2019-07-01,100,103,3
6164,2019-07-01,79,95,16
6165,2019-07-01,201,202,1
6166,2019-07-01,78,80,2
6167,2019-07-01,27,27,0
6168,2019-07-01,7,4,-3
6169,2019-07-01,125,103,-22
6170,2019-07-01,85,70,-15
6171,2019-07-01,31,41,10
6173,2019-07-01,111,66,-45
6174,2019-07-01,86,86,0
6175,2019-07-01,81,42,-39
6176,2019-07-01,102,100,-2
6177,2019-07-01,65,58,-7
6178,2019-07-01,83,80,-3
6179,2019-07-01,67,61,-6
6180,2019-07-01,57,68,11
6181,2019-07-01,85,63,-22
6182,2019-07-01,56,55,-1
6183,2019-07-01,59,50,-9
6184,2019-07-01,168,136,-32
6186,2019-07-01,72,66,-6
6187,2019-07-01,94,76,-18
6188,2019-07-01,40,33,-7
6189,2019-07-01,19,18,-1
6190,2019-07-01,83,53,-30
6191,2019-07-01,51,43,-8
6193,2019-07-01,114,99,-15
6194,2019-07-01,99,90,-9
6195,2019-07-01,92,65,-27
6196,2019-07-01,86,55,-31
6197,2019-07-01,30,31,1
6198,2019-07-01,23,19,-4
6199,2019-07-01,50,43,-7
6200,2019-07-01,74,50,-24
6201,2019-07-01,66,50,-16
6202,2019-07-01,98,78,-20
6203,2019-07-01,76,59,-17
6204,2019-07-01,59,57,-2
6205,2019-07-01,90,73,-17
6206,2019-07-01,86,104,18
6207,2019-07-01,38,30,-8
6208,2019-07-01,42,32,-10
6209,2019-07-01,87,73,-14
6210,2019-07-01,18,20,2
6211,2019-07-01,102,90,-12
6212,2019-07-01,101,64,-37
6213,2019-07-01,102,90,-12
6214,2019-07-01,86,71,-15
6216,2019-07-01,230,167,-63
6217,2019-07-01,78,67,-11
6218,2019-07-01,50,38,-12
6219,2019-07-01,34,29,-5
6220,2019-07-01,70,66,-4
6221,2019-07-01,142,133,-9
6222,2019-07-01,62,62,0
6223,2019-07-01,139,109,-30
6225,2019-07-01,71,58,-13
6226,2019-07-01,11,13,2
6227,2019-07-01,107,96,-11
6228,2019-07-01,24,27,3
6229,2019-07-01,59,53,-6
6230,2019-07-01,92,107,15
6231,2019-07-01,103,97,-6
6232,2019-07-01,25,25,0
6233,2019-07-01,76,64,-12
6234,2019-07-01,55,52,-3
6235,2019-07-01,24,13,-11
6236,2019-07-01,53,63,10
6237,2019-07-01,46,35,-11
6240,2019-07-01,13,15,2
6241,2019-07-01,29,40,11
6243,2019-07-01,60,58,-2
6245,2019-07-01,42,32,-10
6246,2019-07-01,35,39,4
6247,2019-07-01,85,83,-2
6248,2019-07-01,100,94,-6
6249,2019-07-01,52,56,4
6250,2019-07-01,126,103,-23
6251,2019-07-01,32,25,-7
6252,2019-07-01,48,41,-7
6253,2019-07-01,54,31,-23
6254,2019-07-01,40,41,1
6255,2019-07-01,84,83,-1
6257,2019-07-01,19,24,5
6258,2019-07-01,62,59,-3
6259,2019-07-01,24,23,-1
6260,2019-07-01,49,38,-11
6261,2019-07-01,38,33,-5
6262,2019-07-01,49,48,-1
6263,2019-07-01,16,12,-4
6264,2019-07-01,32,32,0
6265,2019-07-01,20,22,2
6266,2019-07-01,25,20,-5
6267,2019-07-01,34,28,-6
6268,2019-07-01,58,62,4
6269,2019-07-01,22,29,7
6270,2019-07-01,37,33,-4
6271,2019-07-01,4,3,-1
6272,2019-07-01,31,24,-7
6273,2019-07-01,29,26,-3
6274,2019-07-01,22,30,8
6275,2019-07-01,28,26,-2
6276,2019-07-01,44,41,-3
6277,2019-07-01,52,42,-10
6278,2019-07-01,22,25,3
6280,2019-07-01,51,51,0
6281,2019-07-01,24,14,-10
6301,2019-07-01,20,18,-2
6302,2019-07-01,11,12,1
6303,2019-07-01,13,11,-2
6304,2019-07-01,16,12,-4
6305,2019-07-01,23,14,-9
6306,2019-07-01,37,17,-20
6307,2019-07-01,80,83,3
6309,2019-07-01,30,25,-5
6310,2019-07-01,38,9,-29
6311,2019-07-01,37,27,-10
6312,2019-07-01,22,30,8
6313,2019-07-01,63,60,-3
6314,2019-07-01,46,37,-9
6315,2019-07-01,69,40,-29
6316,2019-07-01,33,12,-21
6321,2019-07-01,162,153,-9
6322,2019-07-01,38,31,-7
6323,2019-07-01,8,14,6
6324,2019-07-01,19,25,6
6327,2019-07-01,32,23,-9
6328,2019-07-01,33,32,-1
6329,2019-07-01,7,10,3
6330,2019-07-01,25,17,-8
6331,2019-07-01,23,16,-7
6332,2019-07-01,29,25,-4
6333,2019-07-01,24,17,-7
6334,2019-07-01,58,48,-10
6335,2019-07-01,26,18,-8
6336,2019-07-01,22,28,6
6338,2019-07-01,25,28,3
6339,2019-07-01,25,13,-12
6340,2019-07-01,24,18,-6
6341,2019-07-01,31,37,6
6343,2019-07-01,28,29,1
6345,2019-07-01,20,18,-2
6346,2019-07-01,10,6,-4
6347,2019-07-01,17,9,-8
6349,2019-07-01,31,28,-3
6350,2019-07-01,45,38,-7
6354,2019-07-01,36,35,-1
6355,2019-07-01,23,32,9
6356,2019-07-01,34,31,-3
6357,2019-07-01,11,13,2
6358,2019-07-01,13,13,0
6359,2019-07-01,87,88,1
6360,2019-07-01,38,35,-3
6361,2019-07-01,40,32,-8
6362,2019-07-01,23,35,12
6363,2019-07-01,17,15,-2
6364,2019-07-01,30,30,0
6366,2019-07-01,36,22,-14
6368,2019-07-01,57,55,-2
6369,2019-07-01,22,23,1
6370,2019-07-01,25,24,-1
6371,2019-07-01,76,64,-12
6372,2019-07-01,76,79,3
6373,2019-07-01,35,34,-1
6374,2019-07-01,45,34,-11
6375,2019-07-01,39,41,2
6376,2019-07-01,16,18,2
6377,2019-07-01,36,42,6
6379,2019-07-01,40,34,-6
6380,2019-07-01,21,13,-8
6381,2019-07-01,41,36,-5
6383,2019-07-01,31,27,-4
6384,2019-07-01,28,20,-8
6385,2019-07-01,45,50,5
6386,2019-07-01,41,52,11
6387,2019-07-01,49,52,3
6388,2019-07-01,23,33,10
6389,2019-07-01,30,33,3
6391,2019-07-01,42,62,20
6393,2019-07-01,39,52,13
6394,2019-07-01,55,73,18
6395,2019-07-01,49,45,-4
6396,2019-07-01,73,56,-17
6397,2019-07-01,52,59,7
6398,2019-07-01,21,27,6
6401,2019-07-01,48,57,9
6402,2019-07-01,58,69,11
6403,2019-07-01,14,12,-2
6404,2019-07-01,24,22,-2
6405,2019-07-01,65,74,9
6406,2019-07-01,302,370,68
6407,2019-07-01,26,27,1
6408,2019-07-01,19,26,7
6409,2019-07-01,14,28,14
6410,2019-07-01,18,19,1
6411,2019-07-01,82,69,-13
6412,2019-07-01,10,13,3
6413,2019-07-01,15,12,-3
6414,2019-07-01,14,21,7
6415,2019-07-01,19,26,7
6416,2019-07-01,15,8,-7
6417,2019-07-01,13,19,6
6418,2019-07-01,15,18,3
6419,2019-07-01,8,10,2
6420,2019-07-01,21,13,-8
6421,2019-07-01,21,22,1
6422,2019-07-01,9,12,3
6423,2019-07-01,16,9,-7
6424,2019-07-01,37,27,-10
6425,2019-07-01,79,82,3
6426,2019-07-01,44,45,1
6427,2019-07-01,41,49,8
6428,2019-07-01,12,18,6
6429,2019-07-01,39,41,2
6432,2019-07-01,66,67,1
6433,2019-07-01,32,36,4
6434,2019-07-01,62,56,-6
6435,2019-07-01,44,48,4
6436,2019-07-01,13,12,-1
6501,2019-07-01,254,299,45
6502,2019-07-01,92,96,4
6503,2019-07-01,38,31,-7
6504,2019-07-01,47,60,13
6700,2019-07-01,22,43,21
6701,2019-07-01,31,22,-9
6702,2019-07-01,15,17,2
6703,2019-07-01,75,77,2
6704,2019-07-01,22,20,-2
6705,2019-07-01,14,18,4
6706,2019-07-01,22,22,0
6707,2019-07-01,24,17,-7
6708,2019-07-01,53,65,12
6709,2019-07-01,32,30,-2
6710,2019-07-01,11,11,0
6711,2019-07-01,16,18,2
6712,2019-07-01,39,44,5
6713,2019-07-01,18,13,-5
6714,2019-07-01,19,18,-1
6715,2019-07-01,62,58,-4
6716,2019-07-01,7,12,5
6717,2019-07-01,11,6,-5
6718,2019-07-01,21,17,-4
6719,2019-07-01,21,25,4
6720,2019-07-01,21,24,3
6721,2019-07-01,14,11,-3
6722,2019-07-01,11,14,3
6723,2019-07-01,8,13,5
6724,2019-07-01,106,118,12
6725,2019-07-01,39,39,0
6726,2019-07-01,12,12,0
6727,2019-07-01,56,74,18
6728,2019-07-01,10,12,2
6729,2019-07-01,82,90,8
6730,2019-07-01,13,20,7
6731,2019-07-01,26,28,2
6732,2019-07-01,29,39,10
6733,2019-07-01,29,20,-9
6734,2019-07-01,32,25,-7
6735,2019-07-01,7,4,-3
6736,2019-07-01,20,21,1
6737,2019-07-01,16,19,3
6739,2019-07-01,3,4,1
6741,2019-07-01,23,26,3
6742,2019-07-01,132,125,-7
6743,2019-07-01,25,16,-9
6744,2019-07-01,24,29,5
6745,2019-07-01,25,25,0
6746,2019-07-01,20,13,-7
6747,2019-07-01,26,25,-1
6748,2019-07-01,79,96,17
6749,2019-07-01,78,68,-10
6750,2019-07-01,29,25,-4
6752,2019-07-01,19,17,-2
6753,2019-07-01,7,4,-3
6754,2019-07-01,15,21,6
6901,2019-07-01,25,24,-1
6902,2019-07-01,50,57,7
6903,2019-07-01,59,62,3
6904,2019-07-01,25,23,-2
6905,2019-07-01,28,25,-3
6906,2019-07-01,107,53,-54
6907,2019-07-01,85,62,-23
6908,2019-07-01,47,60,13
6912,2019-07-01,132,109,-23
6913,2019-07-01,34,33,-1
6915,2019-07-01,69,69,0
6916,2019-07-01,13,18,5
6917,2019-07-01,16,17,1
6918,2019-07-01,20,18,-2
6919,2019-07-01,21,27,6
6921,2019-07-01,45,39,-6
6923,2019-07-01,20,14,-6
6924,2019-07-01,17,24,7
6925,2019-07-01,33,24,-9
6926,2019-07-01,40,35,-5
6927,2019-07-01,39,31,-8
6928,2019-07-01,21,3,-18
6929,2019-07-01,39,29,-10
6930,2019-07-01,7,7,0
7001,2019-07-01,31,41,10
7002,2019-07-01,6,5,-1
7003,2019-07-01,74,68,-6
7004,2019-07-01,11,8,-3
7005,2019-07-01,4,4,0
7006,2019-07-01,4,4,0
7007,2019-07-01,12,10,-2
7008,2019-07-01,16,15,-1
7009,2019-07-01,53,64,11
7010,2019-07-01,17,18,1
7011,2019-07-01,61,65,4
7012,2019-07-01,31,37,6
7013,2019-07-01,14,13,-1
7014,2019-07-01,31,20,-11
7015,2019-07-01,77,79,2
7016,2019-07-01,7,5,-2
7017,2019-07-01,23,28,5
7018,2019-07-01,38,41,3
7019,2019-07-01,17,4,-13
7020,2019-07-01,22,19,-3
7021,2019-07-01,15,18,3
7022,2019-07-01,33,29,-4
7023,2019-07-01,2,1,-1
7024,2019-07-01,47,28,-19
7025,2019-07-01,30,21,-9
7026,2019-07-01,31,31,0
7027,2019-07-01,35,31,-4
7028,2019-07-01,40,31,-9
7029,2019-07-01,46,49,3
7030,2019-07-01,41,43,2
7031,2019-07-01,35,35,0
7032,2019-07-01,47,34,-13
7033,2019-07-01,55,53,-2
7034,2019-07-01,61,105,44
7035,2019-07-01,27,32,5
7036,2019-07-01,48,43,-5
7037,2019-07-01,29,28,-1
7038,2019-07-01,42,35,-7
7039,2019-07-01,27,22,-5
7040,2019-07-01,23,19,-4
7041,2019-07-01,68,64,-4
7042,2019-07-01,34,25,-9
7043,2019-07-01,19,19,0
7044,2019-07-01,4,4,0
7045,2019-07-01,66,80,14
7046,2019-07-01,54,43,-11
7047,2019-07-01,143,159,16
7048,2019-07-01,40,37,-3
7049,2019-07-01,12,14,2
7050,2019-07-01,47,47,0
7051,2019-07-01,21,25,4
7052,2019-07-01,28,22,-6
7053,2019-07-01,53,47,-6
7054,2019-07-01,117,129,12
7055,2019-07-01,23,35,12
7056,2019-07-01,18,17,-1
7057,2019-07-01,47,56,9
7058,2019-07-01,68,77,9
7059,2019-07-01,25,29,4
7060,2019-07-01,41,46,5
7061,2019-07-01,17,17,0
7062,2019-07-01,35,35,0
7063,2019-07-01,21,13,-8
7064,2019-07-01,10,12,2
7065,2019-07-01,27,23,-4
7066,2019-07-01,81,103,22
7067,2019-07-01,29,26,-3
7068,2019-07-01,115,128,13
7069,2019-07-01,126,124,-2
7070,2019-07-01,34,40,6
7071,2019-07-01,49,32,-17
7072,2019-07-01,36,26,-10
7073,2019-07-01,36,42,6
7074,2019-07-01,23,22,-1
7075,2019-07-01,4,2,-2
7076,2019-07-01,62,51,-11
7077,2019-07-01,29,27,-2
7078,2019-07-01,26,26,0
7079,2019-07-01,24,29,5
7080,2019-07-01,43,40,-3
7081,2019-07-01,54,52,-2
7082,2019-07-01,55,75,20
7083,2019-07-01,30,32,2
7084,2019-07-01,55,48,-7
7085,2019-07-01,1,1,0
7086,2019-07-01,4,6,2
7087,2019-07-01,1,2,1
7089,2019-07-01,1,1,0
7090,2019-07-01,8,14,6
7091,2019-07-01,10,9,-1
7092,2019-07-01,4,5,1
7093,2019-07-01,7,8,1
7094,2019-07-01,4,4,0
7095,2019-07-01,4,5,1
7096,2019-07-01,10,10,0
7097,2019-07-01,1,2,1
7098,2019-07-01,4,4,0
7099,2019-07-01,5,6,1
7100,2019-07-01,8,11,3
7101,2019-07-01,2,5,3
7102,2019-07-01,18,23,5
7103,2019-07-01,112,102,-10
7104,2019-07-01,7,10,3
7105,2019-07-01,27,25,-2
7106,2019-07-01,8,5,-3
7107,2019-07-01,12,14,2
7108,2019-07-01,29,32,3
7109,2019-07-01,11,9,-2
7110,2019-07-01,19,20,1
7111,2019-07-01,4,7,3
7112,2019-07-01,23,23,0
7113,2019-07-01,17,9,-8
7114,2019-07-01,95,120,25
7115,2019-07-01,7,5,-2
7116,2019-07-01,16,10,-6
7117,2019-07-01,5,3,-2
7119,2019-07-01,22,22,0
7120,2019-07-01,9,10,1
7121,2019-07-01,6,4,-2
7122,2019-07-01,3,6,3
7123,2019-07-01,7,4,-3
7124,2019-07-01,8,7,-1
7125,2019-07-01,66,61,-5
7127,2019-07-01,15,16,1
7128,2019-07-01,11,9,-2
7129,2019-07-01,6,3,-3
7130,2019-07-01,7,9,2
7131,2019-07-01,3,2,-1
7132,2019-07-01,4,4,0
7133,2019-07-01,8,8,0
7134,2019-07-01,7,6,-1
7135,2019-07-01,9,6,-3
7136,2019-07-01,1,0,-1
7137,2019-07-01,2,4,2
7138,2019-07-01,3,3,0
7140,2019-07-01,26,21,-5
7141,2019-07-01,21,28,7
7143,2019-07-01,52,54,2
7144,2019-07-01,78,85,7
7145,2019-07-01,19,21,2
7147,2019-07-01,23,23,0
7148,2019-07-01,11,10,-1
7149,2019-07-01,12,13,1
10002,2019-07-01,116,111,-5
10002,2019-07-01,9,22,13
4000,2019-07-01,10,12,2
4001,2019-07-01,2,3,1
4002,2019-07-01,1,5,4
5005,2019-07-01,1,1,0
5007,2019-07-01,2,8,6
6001,2019-07-01,7,15,8
6002,2019-07-01,10,6,-4
6003,2019-07-01,7,12,5
6004,2019-07-01,8,5,-3
6005,2019-07-01,2,11,9
6006,2019-07-01,7,5,-2
6008,2019-07-01,9,16,7
6009,2019-07-01,13,17,4
6011,2019-07-01,16,12,-4
6012,2019-07-01,14,26,12
6013,2019-07-01,12,2,-10
6014,2019-07-01,8,8,0
6015,2019-07-01,14,22,8
6016,2019-07-01,3,2,-1
6018,2019-07-01,9,13,4
6019,2019-07-01,21,14,-7
6020,2019-07-01,26,15,-11
6021,2019-07-01,24,10,-14
6022,2019-07-01,6,6,0
6023,2019-07-01,68,54,-14
6025,2019-07-01,5,9,4
6026,2019-07-01,51,72,21
6027,2019-07-01,13,13,0
6029,2019-07-01,1,4,3
6031,2019-07-01,2,5,3
6032,2019-07-01,7,15,8
6033,2019-07-01,2,3,1
6034,2019-07-01,2,4,2
6035,2019-07-01,6,3,-3
6036,2019-07-01,33,45,12
6037,2019-07-01,14,20,6
6038,2019-07-01,12,15,3
6039,2019-07-01,7,9,2
6040,2019-07-01,1,1,0
6041,2019-07-01,7,3,-4
6042,2019-07-01,4,13,9
6043,2019-07-01,5,11,6
6044,2019-07-01,17,19,2
6046,2019-07-01,4,8,4
6047,2019-07-01,5,3,-2
6048,2019-07-01,1,3,2
6049,2019-07-01,1,6,5
6050,2019-07-01,3,2,-1
6051,2019-07-01,5,5,0
6052,2019-07-01,37,40,3
6053,2019-07-01,13,26,13
6057,2019-07-01,3,6,3
6058,2019-07-01,1,2,1
6059,2019-07-01,5,8,3
6060,2019-07-01,2,5,3
6061,2019-07-01,2,2,0
6062,2019-07-01,12,6,-6
6063,2019-07-01,6,13,7
6064,2019-07-01,6,9,3
6065,2019-07-01,9,7,-2
6066,2019-07-01,11,7,-4
6067,2019-07-01,10,2,-8
6068,2019-07-01,2,0,-2
6070,2019-07-01,9,20,11
6073,2019-07-01,4,19,15
6075,2019-07-01,3,10,7
6076,2019-07-01,4,7,3
6078,2019-07-01,19,17,-2
6079,2019-07-01,12,8,-4
6080,2019-07-01,25,23,-2
6081,2019-07-01,9,11,2
6082,2019-07-01,5,3,-2
6083,2019-07-01,8,11,3
6084,2019-07-01,1,2,1
6085,2019-07-01,6,26,20
6086,2019-07-01,1,5,4
6087,2019-07-01,17,30,13
6088,2019-07-01,10,10,0
6089,2019-07-01,3,4,1
6090,2019-07-01,3,9,6
6091,2019-07-01,8,5,-3
6092,2019-07-01,13,6,-7
6093,2019-07-01,4,7,3
6094,2019-07-01,15,7,-8
6095,2019-07-01,9,11,2
6096,2019-07-01,6,9,3
6097,2019-07-01,22,17,-5
6098,2019-07-01,9,1,-8
6099,2019-07-01,30,24,-6
6100,2019-07-01,41,37,-4
6101,2019-07-01,5,4,-1
6102,2019-07-01,7,2,-5
6105,2019-07-01,6,20,14
6106,2019-07-01,4,7,3
6107,2019-07-01,11,10,-1
6108,2019-07-01,7,9,2
6109,2019-07-01,4,5,1
6110,2019-07-01,4,9,5
6111,2019-07-01,9,7,-2
6112,2019-07-01,38,23,-15
6113,2019-07-01,10,19,9
6114,2019-07-01,29,24,-5
6115,2019-07-01,2,7,5
6116,2019-07-01,6,14,8
6118,2019-07-01,10,11,1
6119,2019-07-01,17,14,-3
6120,2019-07-01,14,25,11
6121,2019-07-01,6,10,4
6122,2019-07-01,3,7,4
6123,2019-07-01,2,3,1
6124,2019-07-01,7,14,7
6125,2019-07-01,6,2,-4
6126,2019-07-01,8,9,1
6127,2019-07-01,7,8,1
6129,2019-07-01,21,10,-11
6130,2019-07-01,6,5,-1
6131,2019-07-01,9,8,-1
6132,2019-07-01,6,12,6
6133,2019-07-01,6,17,11
6134,2019-07-01,13,10,-3
6136,2019-07-01,28,34,6
6137,2019-07-01,11,7,-4
6138,2019-07-01,7,9,2
6139,2019-07-01,10,11,1
6140,2019-07-01,18,20,2
6141,2019-07-01,8,10,2
6142,2019-07-01,13,16,3
6143,2019-07-01,19,17,-2
6145,2019-07-01,15,13,-2
6146,2019-07-01,15,7,-8
6147,2019-07-01,10,14,4
6148,2019-07-01,27,27,0
6149,2019-07-01,8,10,2
6150,2019-07-01,5,16,11
6151,2019-07-01,13,19,6
6152,2019-07-01,14,15,1
6153,2019-07-01,6,7,1
6154,2019-07-01,32,25,-7
6155,2019-07-01,31,19,-12
6156,2019-07-01,18,14,-4
6157,2019-07-01,25,23,-2
6158,2019-07-01,13,13,0
6159,2019-07-01,5,4,-1
6160,2019-07-01,10,4,-6
6161,2019-07-01,13,4,-9
6162,2019-07-01,1,3,2
6163,2019-07-01,33,22,-11
6164,2019-07-01,12,10,-2
6165,2019-07-01,15,26,11
6166,2019-07-01,14,16,2
6167,2019-07-01,3,3,0
6168,2019-07-01,2,3,1
6169,2019-07-01,38,20,-18
6170,2019-07-01,12,12,0
6171,2019-07-01,6,5,-1
6173,2019-07-01,16,20,4
6174,2019-07-01,17,14,-3
6175,2019-07-01,24,22,-2
6176,2019-07-01,22,21,-1
6177,2019-07-01,21,21,0
6178,2019-07-01,10,8,-2
6179,2019-07-01,13,10,-3
6180,2019-07-01,21,8,-13
6181,2019-07-01,30,16,-14
6182,2019-07-01,13,12,-1
6183,2019-07-01,15,17,2
6184,2019-07-01,48,52,4
6186,2019-07-01,13,6,-7
6187,2019-07-01,14,20,6
6188,2019-07-01,1,12,11
6189,2019-07-01,4,8,4
6190,2019-07-01,10,9,-1
6191,2019-07-01,6,7,1
6193,2019-07-01,16,16,0
6194,2019-07-01,21,17,-4
6195,2019-07-01,15,11,-4
6196,2019-07-01,20,24,4
6197,2019-07-01,9,9,0
6198,2019-07-01,5,4,-1
6199,2019-07-01,12,11,-1
6200,2019-07-01,7,9,2
6201,2019-07-01,14,8,-6
6202,2019-07-01,18,9,-9
6203,2019-07-01,17,12,-5
6204,2019-07-01,10,10,0
6205,2019-07-01,24,19,-5
6206,2019-07-01,12,15,3
6207,2019-07-01,6,5,-1
6208,2019-07-01,4,17,13
6209,2019-07-01,32,11,-21
6210,2019-07-01,5,3,-2
6211,2019-07-01,27,18,-9
6212,2019-07-01,16,7,-9
6213,2019-07-01,16,17,1
6214,2019-07-01,22,15,-7
6216,2019-07-01,14,26,12
6217,2019-07-01,17,15,-2
6218,2019-07-01,14,15,1
6219,2019-07-01,13,7,-6
6220,2019-07-01,25,11,-14
6221,2019-07-01,21,21,0
6222,2019-07-01,10,12,2
6223,2019-07-01,30,25,-5
6225,2019-07-01,12,8,-4
6226,2019-07-01,1,5,4
6227,2019-07-01,24,21,-3
6228,2019-07-01,9,6,-3
6229,2019-07-01,12,7,-5
6230,2019-07-01,18,17,-1
6231,2019-07-01,16,19,3
6232,2019-07-01,3,4,1
6233,2019-07-01,16,17,1
6234,2019-07-01,19,16,-3
6235,2019-07-01,2,2,0
6236,2019-07-01,18,12,-6
6237,2019-07-01,12,8,-4
6240,2019-07-01,4,4,0
6241,2019-07-01,10,10,0
6243,2019-07-01,8,11,3
6245,2019-07-01,14,10,-4
6246,2019-07-01,10,10,0
6247,2019-07-01,14,22,8
6248,2019-07-01,39,22,-17
6249,2019-07-01,6,13,7
6250,2019-07-01,17,20,3
6251,2019-07-01,4,3,-1
6252,2019-07-01,8,7,-1
6253,2019-07-01,7,10,3
6254,2019-07-01,7,8,1
6255,2019-07-01,15,15,0
6257,2019-07-01,8,7,-1
6258,2019-07-01,22,16,-6
6259,2019-07-01,10,7,-3
6260,2019-07-01,8,6,-2
6261,2019-07-01,7,8,1
6262,2019-07-01,9,10,1
6263,2019-07-01,4,2,-2
6264,2019-07-01,2,3,1
6265,2019-07-01,8,5,-3
6266,2019-07-01,7,4,-3
6267,2019-07-01,5,10,5
6268,2019-07-01,17,16,-1
6269,2019-07-01,6,6,0
6270,2019-07-01,11,11,0
6272,2019-07-01,5,11,6
6273,2019-07-01,11,6,-5
6274,2019-07-01,13,9,-4
6275,2019-07-01,9,7,-2
6276,2019-07-01,9,10,1
6277,2019-07-01,6,12,6
6278,2019-07-01,3,2,-1
6280,2019-07-01,5,11,6
6281,2019-07-01,2,11,9
6301,2019-07-01,2,1,-1
6302,2019-07-01,1,1,0
6303,2019-07-01,5,2,-3
6305,2019-07-01,2,2,0
6306,2019-07-01,3,2,-1
6307,2019-07-01,8,9,1
6309,2019-07-01,1,2,1
6310,2019-07-01,8,4,-4
6311,2019-07-01,8,4,-4
6312,2019-07-01,2,6,4
6313,2019-07-01,7,10,3
6314,2019-07-01,11,7,-4
6315,2019-07-01,7,13,6
6316,2019-07-01,4,4,0
6321,2019-07-01,11,21,10
6322,2019-07-01,3,1,-2
6323,2019-07-01,3,2,-1
6324,2019-07-01,3,1,-2
6327,2019-07-01,8,4,-4
6328,2019-07-01,9,4,-5
6329,2019-07-01,6,6,0
6330,2019-07-01,2,5,3
6331,2019-07-01,5,3,-2
6332,2019-07-01,13,12,-1
6333,2019-07-01,3,5,2
6334,2019-07-01,6,7,1
6335,2019-07-01,2,5,3
6336,2019-07-01,6,2,-4
6338,2019-07-01,7,5,-2
6339,2019-07-01,1,4,3
6340,2019-07-01,5,2,-3
6341,2019-07-01,5,2,-3
6343,2019-07-01,10,7,-3
6345,2019-07-01,4,6,2
6346,2019-07-01,2,0,-2
6347,2019-07-01,4,8,4
6349,2019-07-01,8,6,-2
6350,2019-07-01,4,7,3
6354,2019-07-01,15,13,-2
6356,2019-07-01,5,3,-2
6357,2019-07-01,2,3,1
6358,2019-07-01,1,4,3
6359,2019-07-01,5,8,3
6360,2019-07-01,6,3,-3
6361,2019-07-01,10,5,-5
6362,2019-07-01,9,2,-7
6363,2019-07-01,3,0,-3
6364,2019-07-01,4,5,1
6366,2019-07-01,2,6,4
6368,2019-07-01,10,9,-1
6369,2019-07-01,6,3,-3
6370,2019-07-01,14,12,-2
6371,2019-07-01,18,15,-3
6372,2019-07-01,7,12,5
6373,2019-07-01,7,5,-2
6374,2019-07-01,5,9,4
6375,2019-07-01,11,6,-5
6376,2019-07-01,3,1,-2
6377,2019-07-01,9,8,-1
6379,2019-07-01,5,2,-3
6380,2019-07-01,5,3,-2
6381,2019-07-01,4,5,1
6383,2019-07-01,4,5,1
6384,2019-07-01,6,10,4
6385,2019-07-01,8,9,1
6386,2019-07-01,6,12,6
6387,2019-07-01,10,20,10
6388,2019-07-01,2,6,4
6389,2019-07-01,6,3,-3
6391,2019-07-01,10,15,5
6393,2019-07-01,14,13,-1
6394,2019-07-01,10,14,4
6395,2019-07-01,7,7,0
6396,2019-07-01,3,20,17
6397,2019-07-01,1,14,13
6398,2019-07-01,8,10,2
6401,2019-07-01,7,3,-4
6402,2019-07-01,5,24,19
6403,2019-07-01,11,2,-9
6404,2019-07-01,6,6,0
6405,2019-07-01,10,8,-2
6406,2019-07-01,7,37,30
6407,2019-07-01,2,4,2
6408,2019-07-01,3,15,12
6409,2019-07-01,7,3,-4
6410,2019-07-01,2,5,3
6411,2019-07-01,36,18,-18
6412,2019-07-01,1,2,1
6413,2019-07-01,3,4,1
6414,2019-07-01,9,3,-6
6415,2019-07-01,3,1,-2
6416,2019-07-01,2,2,0
6419,2019-07-01,4,5,1
6420,2019-07-01,4,8,4
6421,2019-07-01,7,6,-1
6422,2019-07-01,6,4,-2
6423,2019-07-01,6,7,1
6424,2019-07-01,2,10,8
6425,2019-07-01,3,10,7
6426,2019-07-01,7,8,1
6427,2019-07-01,4,5,1
6428,2019-07-01,5,8,3
6429,2019-07-01,1,3,2
6432,2019-07-01,17,16,-1
6433,2019-07-01,2,6,4
6434,2019-07-01,8,4,-4
6435,2019-07-01,1,4,3
6436,2019-07-01,2,2,0
6501,2019-07-01,1,4,3
6502,2019-07-01,14,10,-4
6503,2019-07-01,6,10,4
6504,2019-07-01,1,4,3
6700,2019-07-01,8,7,-1
6701,2019-07-01,10,8,-2
6702,2019-07-01,5,3,-2
6703,2019-07-01,7,12,5
6704,2019-07-01,4,2,-2
6705,2019-07-01,5,5,0
6706,2019-07-01,2,4,2
6708,2019-07-01,10,18,8
6709,2019-07-01,4,10,6
6710,2019-07-01,3,2,-1
6712,2019-07-01,6,3,-3
6713,2019-07-01,2,0,-2
6714,2019-07-01,1,1,0
6715,2019-07-01,6,5,-1
6717,2019-07-01,3,2,-1
6718,2019-07-01,7,5,-2
6720,2019-07-01,6,4,-2
6721,2019-07-01,3,9,6
6722,2019-07-01,3,1,-2
6723,2019-07-01,4,3,-1
6724,2019-07-01,5,11,6
6725,2019-07-01,5,9,4
6726,2019-07-01,2,0,-2
6727,2019-07-01,6,3,-3
6728,2019-07-01,4,2,-2
6729,2019-07-01,22,22,0
6730,2019-07-01,2,1,-1
6731,2019-07-01,4,2,-2
6732,2019-07-01,6,8,2
6733,2019-07-01,4,6,2
6734,2019-07-01,5,5,0
6735,2019-07-01,2,3,1
6736,2019-07-01,3,3,0
6737,2019-07-01,2,1,-1
6739,2019-07-01,4,4,0
6741,2019-07-01,2,2,0
6742,2019-07-01,3,16,13
6743,2019-07-01,4,2,-2
6744,2019-07-01,3,3,0
6745,2019-07-01,10,7,-3
6746,2019-07-01,5,4,-1
6747,2019-07-01,6,3,-3
6748,2019-07-01,11,10,-1
6749,2019-07-01,3,6,3
6750,2019-07-01,4,2,-2
6752,2019-07-01,5,8,3
6753,2019-07-01,1,1,0
6901,2019-07-01,18,12,-6
6902,2019-07-01,11,13,2
6903,2019-07-01,17,8,-9
6904,2019-07-01,5,7,2
6905,2019-07-01,7,13,6
6906,2019-07-01,11,16,5
6907,2019-07-01,12,15,3
6908,2019-07-01,11,9,-2
6912,2019-07-01,19,22,3
6913,2019-07-01,12,6,-6
6915,2019-07-01,23,22,-1
6917,2019-07-01,3,2,-1
6918,2019-07-01,2,6,4
6919,2019-07-01,12,7,-5
6921,2019-07-01,2,8,6
6923,2019-07-01,11,12,1
6924,2019-07-01,5,4,-1
6925,2019-07-01,11,10,-1
6926,2019-07-01,3,5,2
6927,2019-07-01,10,7,-3
6929,2019-07-01,10,4,-6
7001,2019-07-01,4,13,9
7003,2019-07-01,17,19,2
7004,2019-07-01,4,5,1
7006,2019-07-01,6,3,-3
7007,2019-07-01,4,11,7
7008,2019-07-01,2,3,1
7009,2019-07-01,13,13,0
7010,2019-07-01,2,3,1
7011,2019-07-01,11,18,7
7012,2019-07-01,14,11,-3
7013,2019-07-01,4,3,-1
7014,2019-07-01,6,17,11
7015,2019-07-01,4,6,2
7016,2019-07-01,2,3,1
7017,2019-07-01,6,8,2
7018,2019-07-01,5,6,1
7020,2019-07-01,4,6,2
7021,2019-07-01,5,4,-1
7022,2019-07-01,9,4,-5
7024,2019-07-01,5,6,1
7025,2019-07-01,2,3,1
7026,2019-07-01,5,4,-1
7027,2019-07-01,6,4,-2
7028,2019-07-01,1,20,19
7029,2019-07-01,12,11,-1
7030,2019-07-01,11,9,-2
7031,2019-07-01,11,9,-2
7032,2019-07-01,14,18,4
7033,2019-07-01,9,9,0
7034,2019-07-01,4,6,2
7035,2019-07-01,4,5,1
7036,2019-07-01,6,8,2
7037,2019-07-01,11,4,-7
7038,2019-07-01,12,6,-6
7039,2019-07-01,4,3,-1
7040,2019-07-01,5,7,2
7041,2019-07-01,11,13,2
7042,2019-07-01,5,2,-3
7043,2019-07-01,5,1,-4
7044,2019-07-01,1,0,-1
7045,2019-07-01,10,16,6
7046,2019-07-01,1,12,11
7047,2019-07-01,27,32,5
7048,2019-07-01,5,1,-4
7049,2019-07-01,2,2,0
7050,2019-07-01,12,8,-4
7051,2019-07-01,5,4,-1
7052,2019-07-01,6,11,5
7053,2019-07-01,3,6,3
7054,2019-07-01,3,4,1
7055,2019-07-01,1,8,7
7056,2019-07-01,3,5,2
7057,2019-07-01,9,4,-5
7058,2019-07-01,7,9,2
7059,2019-07-01,5,4,-1
7060,2019-07-01,6,14,8
7061,2019-07-01,2,0,-2
7062,2019-07-01,14,11,-3
7063,2019-07-01,2,5,3
7064,2019-07-01,9,6,-3
7065,2019-07-01,5,5,0
7066,2019-07-01,10,10,0
7068,2019-07-01,10,5,-5
7069,2019-07-01,9,12,3
7070,2019-07-01,4,10,6
7071,2019-07-01,20,9,-11
7072,2019-07-01,5,5,0
7073,2019-07-01,8,7,-1
7074,2019-07-01,7,2,-5
7076,2019-07-01,12,6,-6
7077,2019-07-01,5,11,6
7078,2019-07-01,6,8,2
7079,2019-07-01,1,1,0
7080,2019-07-01,17,14,-3
7081,2019-07-01,12,15,3
7082,2019-07-01,13,20,7
7083,2019-07-01,13,7,-6
7084,2019-07-01,3,6,3
7087,2019-07-01,1,1,0
7090,2019-07-01,2,0,-2
7091,2019-07-01,2,0,-2
7098,2019-07-01,1,0,-1
7099,2019-07-01,2,1,-1
7102,2019-07-01,4,5,1
7103,2019-07-01,2,8,6
7105,2019-07-01,3,2,-1
7106,2019-07-01,1,2,1
7107,2019-07-01,3,1,-2
7108,2019-07-01,4,3,-1
7109,2019-07-01,2,2,0
7110,2019-07-01,1,1,0
7113,2019-07-01,5,7,2
7114,2019-07-01,10,16,6
7115,2019-07-01,3,5,2
7116,2019-07-01,4,6,2
7117,2019-07-01,1,0,-1
7119,2019-07-01,1,2,1
7120,2019-07-01,3,0,-3
7122,2019-07-01,1,0,-1
7123,2019-07-01,1,1,0
7124,2019-07-01,1,1,0
7125,2019-07-01,3,7,4
7126,2019-07-01,1,0,-1
7127,2019-07-01,6,5,-1
7128,2019-07-01,2,1,-1
7132,2019-07-01,1,1,0
7133,2019-07-01,1,3,2
7135,2019-07-01,3,5,2
7136,2019-07-01,1,1,0
7137,2019-07-01,1,0,-1
7140,2019-07-01,1,10,9
7141,2019-07-01,11,9,-2
7143,2019-07-01,4,2,-2
7144,2019-07-01,9,16,7
7145,2019-07-01,3,2,-1
7147,2019-07-01,2,7,5
7148,2019-07-01,5,2,-3
7149,2019-07-01,4,2,-2
4000,2019-07-02,69,84,15
4001,2019-07-02,11,17,6
4002,2019-07-02,20,21,1
5002,2019-07-02,7,7,0
5004,2019-07-02,5,4,-1
5005,2019-07-02,2,6,4
5006,2019-07-02,9,11,2
5007,2019-07-02,25,22,-3
6001,2019-07-02,68,114,46
6002,2019-07-02,38,61,23
6003,2019-07-02,97,124,27
6004,2019-07-02,57,63,6
6005,2019-07-02,144,140,-4
6006,2019-07-02,42,26,-16
6008,2019-07-02,66,101,35
6009,2019-07-02,111,108,-3
6011,2019-07-02,85,114,29
6012,2019-07-02,402,778,376
6013,2019-07-02,132,152,20
6014,2019-07-02,72,88,16
6015,2019-07-02,223,318,95
6016,2019-07-02,21,18,-3
6017,2019-07-02,51,55,4
6018,2019-07-02,72,89,17
6019,2019-07-02,165,97,-68
6020,2019-07-02,102,136,34
6021,2019-07-02,120,77,-43
6022,2019-07-02,91,82,-9
6023,2019-07-02,173,208,35
6024,2019-07-02,11,14,3
6025,2019-07-02,59,60,1
6026,2019-07-02,261,299,38
6027,2019-07-02,165,162,-3
6029,2019-07-02,44,56,12
6031,2019-07-02,53,82,29
6032,2019-07-02,76,149,73
6033,2019-07-02,26,23,-3
6034,2019-07-02,27,38,11
6035,2019-07-02,26,65,39
6036,2019-07-02,233,282,49
6037,2019-07-02,75,76,1
6038,2019-07-02,124,127,3
6039,2019-07-02,114,113,-1
6040,2019-07-02,77,84,7
6041,2019-07-02,86,83,-3
6042,2019-07-02,97,91,-6
6043,2019-07-02,231,443,212
6044,2019-07-02,98,116,18
6046,2019-07-02,142,143,1
6047,2019-07-02,97,74,-23
6048,2019-07-02,62,58,-4
6049,2019-07-02,102,98,-4
6050,2019-07-02,52,57,5
6051,2019-07-02,57,53,-4
6052,2019-07-02,292,417,125
6053,2019-07-02,286,313,27
6057,2019-07-02,112,95,-17
6058,2019-07-02,84,79,-5
6059,2019-07-02,87,66,-21
6060,2019-07-02,45,41,-4
6061,2019-07-02,82,82,0
6062,2019-07-02,64,53,-11
6063,2019-07-02,114,114,0
6064,2019-07-02,230,198,-32
6065,2019-07-02,82,64,-18
6066,2019-07-02,47,28,-19
6067,2019-07-02,65,78,13
6068,2019-07-02,16,16,0
6070,2019-07-02,206,152,-54
6072,2019-07-02,105,97,-8
6073,2019-07-02,295,261,-34
6075,2019-07-02,64,26,-38
6076,2019-07-02,28,42,14
6078,2019-07-02,54,92,38
6079,2019-07-02,81,83,2
6080,2019-07-02,185,182,-3
6081,2019-07-02,39,38,-1
6082,2019-07-02,27,12,-15
6083,2019-07-02,236,270,34
6084,2019-07-02,63,62,-1
6085,2019-07-02,106,206,100
6086,2019-07-02,46,49,3
6087,2019-07-02,135,182,47
6088,2019-07-02,101,104,3
6089,2019-07-02,55,62,7
6090,2019-07-02,63,62,-1
6091,2019-07-02,48,47,-1
6092,2019-07-02,91,81,-10
6093,2019-07-02,49,34,-15
6094,2019-07-02,68,68,0
6095,2019-07-02,145,136,-9
6096,2019-07-02,62,105,43
6097,2019-07-02,73,43,-30
6098,2019-07-02,54,30,-24
6099,2019-07-02,132,175,43
6100,2019-07-02,264,269,5
6101,2019-07-02,67,20,-47
6102,2019-07-02,30,20,-10
6105,2019-07-02,68,98,30
6106,2019-07-02,31,42,11
6107,2019-07-02,126,97,-29
6108,2019-07-02,61,78,17
6109,2019-07-02,13,23,10
6110,2019-07-02,34,46,12
6111,2019-07-02,60,73,13
6112,2019-07-02,115,123,8
6113,2019-07-02,88,94,6
6114,2019-07-02,163,233,70
6115,2019-07-02,31,47,16
6116,2019-07-02,69,64,-5
6118,2019-07-02,76,98,22
6119,2019-07-02,112,133,21
6120,2019-07-02,81,104,23
6121,2019-07-02,49,68,19
6122,2019-07-02,17,24,7
6123,2019-07-02,26,43,17
6124,2019-07-02,56,71,15
6125,2019-07-02,28,34,6
6126,2019-07-02,42,65,23
6127,2019-07-02,59,51,-8
6128,2019-07-02,30,33,3
6129,2019-07-02,78,85,7
6130,2019-07-02,35,26,-9
6131,2019-07-02,137,92,-45
6132,2019-07-02,72,77,5
6133,2019-07-02,92,85,-7
6134,2019-07-02,64,62,-2
6136,2019-07-02,314,238,-76
6137,2019-07-02,128,110,-18
6138,2019-07-02,114,93,-21
6139,2019-07-02,62,57,-5
6140,2019-07-02,123,124,1
6141,2019-07-02,58,50,-8
6142,2019-07-02,137,116,-21
6143,2019-07-02,151,143,-8
6145,2019-07-02,88,72,-16
6146,2019-07-02,76,64,-12
6147,2019-07-02,131,80,-51
6148,2019-07-02,148,103,-45
6149,2019-07-02,51,41,-10
6150,2019-07-02,78,94,16
6151,2019-07-02,95,104,9
6152,2019-07-02,169,152,-17
6153,2019-07-02,72,67,-5
6154,2019-07-02,196,200,4
6155,2019-07-02,156,142,-14
6156,2019-07-02,90,99,9
6157,2019-07-02,141,118,-23
6158,2019-07-02,60,64,4
6159,2019-07-02,36,44,8
6160,2019-07-02,60,54,-6
6161,2019-07-02,40,45,5
6162,2019-07-02,13,15,2
6163,2019-07-02,133,146,13
6164,2019-07-02,141,146,5
6165,2019-07-02,180,206,26
6166,2019-07-02,114,89,-25
6167,2019-07-02,40,42,2
6168,2019-07-02,53,52,-1
6169,2019-07-02,172,130,-42
6170,2019-07-02,98,93,-5
6171,2019-07-02,42,61,19
6173,2019-07-02,137,84,-53
6174,2019-07-02,143,92,-51
6175,2019-07-02,138,68,-70
6176,2019-07-02,103,109,6
6177,2019-07-02,100,93,-7
6178,2019-07-02,140,123,-17
6179,2019-07-02,79,72,-7
6180,2019-07-02,101,106,5
6181,2019-07-02,107,75,-32
6182,2019-07-02,83,64,-19
6183,2019-07-02,94,80,-14
6184,2019-07-02,290,234,-56
6186,2019-07-02,94,77,-17
6187,2019-07-02,154,158,4
6188,2019-07-02,53,51,-2
6189,2019-07-02,23,22,-1
6190,2019-07-02,117,82,-35
6191,2019-07-02,62,52,-10
6193,2019-07-02,146,144,-2
6194,2019-07-02,236,204,-32
6195,2019-07-02,118,85,-33
6196,2019-07-02,124,92,-32
6197,2019-07-02,64,58,-6
6198,2019-07-02,29,19,-10
6199,2019-07-02,152,80,-72
6200,2019-07-02,111,110,-1
6201,2019-07-02,93,77,-16
6202,2019-07-02,142,140,-2
6203,2019-07-02,150,140,-10
6204,2019-07-02,117,121,4
6205,2019-07-02,104,104,0
6206,2019-07-02,184,168,-16
6207,2019-07-02,47,45,-2
6208,2019-07-02,88,96,8
6209,2019-07-02,189,172,-17
6210,2019-07-02,53,49,-4
6211,2019-07-02,193,178,-15
6212,2019-07-02,103,73,-30
6213,2019-07-02,146,144,-2
6214,2019-07-02,132,81,-51
6216,2019-07-02,191,108,-83
6217,2019-07-02,113,73,-40
6218,2019-07-02,78,69,-9
6219,2019-07-02,77,69,-8
6220,2019-07-02,109,82,-27
6221,2019-07-02,202,186,-16
6222,2019-07-02,110,76,-34
6223,2019-07-02,161,81,-80
6225,2019-07-02,84,69,-15
6226,2019-07-02,42,36,-6
6227,2019-07-02,190,179,-11
6228,2019-07-02,46,31,-15
6229,2019-07-02,86,63,-23
6230,2019-07-02,112,103,-9
6231,2019-07-02,135,121,-14
6232,2019-07-02,39,26,-13
6233,2019-07-02,125,116,-9
6234,2019-07-02,93,71,-22
6235,2019-07-02,99,84,-15
6236,2019-07-02,81,70,-11
6237,2019-07-02,69,67,-2
6240,2019-07-02,24,21,-3
6241,2019-07-02,72,51,-21
6243,2019-07-02,79,63,-16
6245,2019-07-02,57,53,-4
6246,2019-07-02,63,47,-16
6247,2019-07-02,152,124,-28
6248,2019-07-02,185,154,-31
6249,2019-07-02,81,69,-12
6250,2019-07-02,113,99,-14
6251,2019-07-02,30,24,-6
6252,2019-07-02,79,65,-14
6253,2019-07-02,61,48,-13
6254,2019-07-02,83,70,-13
6255,2019-07-02,106,108,2
6257,2019-07-02,72,63,-9
6258,2019-07-02,111,80,-31
6259,2019-07-02,52,42,-10
6260,2019-07-02,58,54,-4
6261,2019-07-02,62,59,-3
6262,2019-07-02,52,55,3
6263,2019-07-02,21,28,7
6264,2019-07-02,35,31,-4
6265,2019-07-02,65,66,1
6266,2019-07-02,27,25,-2
6267,2019-07-02,43,42,-1
6268,2019-07-02,74,61,-13
6269,2019-07-02,31,39,8
6270,2019-07-02,54,46,-8
6271,2019-07-02,2,8,6
6272,2019-07-02,29,34,5
6273,2019-07-02,52,45,-7
6274,2019-07-02,51,50,-1
6275,2019-07-02,44,43,-1
6276,2019-07-02,59,53,-6
6277,2019-07-02,52,56,4
6278,2019-07-02,41,31,-10
6280,2019-07-02,97,101,4
6281,2019-07-02,37,31,-6
6301,2019-07-02,35,34,-1
6302,2019-07-02,17,16,-1
6303,2019-07-02,21,15,-6
6304,2019-07-02,18,10,-8
6305,2019-07-02,27,10,-17
6306,2019-07-02,58,27,-31
6307,2019-07-02,76,66,-10
6309,2019-07-02,35,35,0
6310,2019-07-02,99,39,-60
6311,2019-07-02,43,40,-3
6312,2019-07-02,32,48,16
6313,2019-07-02,77,105,28
6314,2019-07-02,72,69,-3
6315,2019-07-02,90,48,-42
6316,2019-07-02,56,13,-43
6321,2019-07-02,137,126,-11
6322,2019-07-02,32,27,-5
6323,2019-07-02,19,15,-4
6324,2019-07-02,31,43,12
6327,2019-07-02,36,27,-9
6328,2019-07-02,51,39,-12
6329,2019-07-02,41,33,-8
6330,2019-07-02,34,31,-3
6331,2019-07-02,28,22,-6
6332,2019-07-02,36,45,9
6333,2019-07-02,28,36,8
6334,2019-07-02,72,80,8
6335,2019-07-02,43,38,-5
6336,2019-07-02,40,36,-4
6338,2019-07-02,36,33,-3
6339,2019-07-02,30,24,-6
6340,2019-07-02,37,40,3
6341,2019-07-02,41,58,17
6343,2019-07-02,51,54,3
6345,2019-07-02,22,31,9
6346,2019-07-02,14,8,-6
6347,2019-07-02,32,29,-3
6349,2019-07-02,35,54,19
6350,2019-07-02,61,62,1
6354,2019-07-02,45,41,-4
6355,2019-07-02,36,53,17
6356,2019-07-02,48,30,-18
6357,2019-07-02,24,17,-7
6358,2019-07-02,27,24,-3
6359,2019-07-02,159,158,-1
6360,2019-07-02,41,44,3
6361,2019-07-02,57,67,10
6362,2019-07-02,37,38,1
6363,2019-07-02,32,33,1
6364,2019-07-02,66,51,-15
6366,2019-07-02,44,42,-2
6368,2019-07-02,67,81,14
6369,2019-07-02,38,56,18
6370,2019-07-02,46,45,-1
6371,2019-07-02,93,89,-4
6372,2019-07-02,131,149,18
6373,2019-07-02,47,48,1
6374,2019-07-02,47,53,6
6375,2019-07-02,93,120,27
6376,2019-07-02,39,38,-1
6377,2019-07-02,38,52,14
6379,2019-07-02,31,39,8
6380,2019-07-02,42,27,-15
6381,2019-07-02,86,87,1
6383,2019-07-02,44,36,-8
6384,2019-07-02,31,20,-11
6385,2019-07-02,78,78,0
6386,2019-07-02,96,101,5
6387,2019-07-02,106,106,0
6388,2019-07-02,35,41,6
6389,2019-07-02,61,49,-12
6391,2019-07-02,76,101,25
6393,2019-07-02,80,115,35
6394,2019-07-02,81,125,44
6395,2019-07-02,88,94,6
6396,2019-07-02,104,91,-13
6397,2019-07-02,59,75,16
6398,2019-07-02,44,53,9
6401,2019-07-02,70,76,6
6402,2019-07-02,77,80,3
6403,2019-07-02,38,46,8
6404,2019-07-02,17,31,14
6405,2019-07-02,52,79,27
6406,2019-07-02,146,196,50
6407,2019-07-02,25,44,19
6408,2019-07-02,67,60,-7
6409,2019-07-02,27,27,0
6410,2019-07-02,54,55,1
6411,2019-07-02,154,137,-17
6412,2019-07-02,35,32,-3
6413,2019-07-02,31,87,56
6414,2019-07-02,29,44,15
6415,2019-07-02,33,30,-3
6416,2019-07-02,25,15,-10
6417,2019-07-02,32,31,-1
6418,2019-07-02,15,12,-3
6419,2019-07-02,12,11,-1
6420,2019-07-02,28,31,3
6421,2019-07-02,37,36,-1
6422,2019-07-02,17,21,4
6423,2019-07-02,27,15,-12
6424,2019-07-02,51,83,32
6425,2019-07-02,62,78,16
6426,2019-07-02,117,120,3
6427,2019-07-02,101,91,-10
6428,2019-07-02,26,25,-1
6429,2019-07-02,23,46,23
6432,2019-07-02,109,97,-12
6433,2019-07-02,44,43,-1
6434,2019-07-02,88,92,4
6435,2019-07-02,46,48,2
6436,2019-07-02,24,13,-11
6501,2019-07-02,84,91,7
6502,2019-07-02,28,40,12
6503,2019-07-02,79,77,-2
6504,2019-07-02,11,13,2
6700,2019-07-02,26,58,32
6701,2019-07-02,72,75,3
6702,2019-07-02,14,14,0
6703,2019-07-02,54,53,-1
6704,2019-07-02,35,41,6
6705,2019-07-02,22,30,8
6706,2019-07-02,33,33,0
6707,2019-07-02,43,40,-3
6708,2019-07-02,91,135,44
6709,2019-07-02,34,33,-1
6710,2019-07-02,20,26,6
6711,2019-07-02,31,34,3
6712,2019-07-02,21,26,5
6713,2019-07-02,18,15,-3
6714,2019-07-02,14,12,-2
6715,2019-07-02,44,44,0
6716,2019-07-02,17,12,-5
6717,2019-07-02,16,24,8
6718,2019-07-02,47,50,3
6719,2019-07-02,24,24,0
6720,2019-07-02,36,45,9
6721,2019-07-02,26,34,8
6722,2019-07-02,18,22,4
6723,2019-07-02,24,30,6
6724,2019-07-02,66,85,19
6725,2019-07-02,50,53,3
6726,2019-07-02,15,17,2
6727,2019-07-02,114,106,-8
6728,2019-07-02,22,17,-5
6729,2019-07-02,161,169,8
6730,2019-07-02,21,17,-4
6731,2019-07-02,22,14,-8
6732,2019-07-02,52,53,1
6733,2019-07-02,51,42,-9
6734,2019-07-02,43,46,3
6735,2019-07-02,11,20,9
6736,2019-07-02,27,25,-2
6737,2019-07-02,24,25,1
6738,2019-07-02,82,39,-43
6739,2019-07-02,9,11,2
6741,2019-07-02,23,20,-3
6742,2019-07-02,58,78,20
6743,2019-07-02,50,24,-26
6744,2019-07-02,27,34,7
6745,2019-07-02,21,19,-2
6746,2019-07-02,21,23,2
6747,2019-07-02,49,58,9
6748,2019-07-02,100,114,14
6749,2019-07-02,44,50,6
6750,2019-07-02,42,32,-10
6752,2019-07-02,18,20,2
6753,2019-07-02,35,29,-6
6754,2019-07-02,31,38,7
6901,2019-07-02,51,76,25
6902,2019-07-02,88,119,31
6903,2019-07-02,137,123,-14
6904,2019-07-02,53,54,1
6905,2019-07-02,52,56,4
6906,2019-07-02,209,108,-101
6907,2019-07-02,115,91,-24
6908,2019-07-02,66,60,-6
6912,2019-07-02,244,180,-64
6913,2019-07-02,69,47,-22
6915,2019-07-02,117,95,-22
6916,2019-07-02,47,35,-12
6917,2019-07-02,29,24,-5
6918,2019-07-02,46,30,-16
6919,2019-07-02,40,26,-14
6921,2019-07-02,82,92,10
6923,2019-07-02,48,45,-3
6924,2019-07-02,23,19,-4
6925,2019-07-02,57,57,0
6926,2019-07-02,81,62,-19
6927,2019-07-02,71,46,-25
6928,2019-07-02,43,12,-31
6929,2019-07-02,51,36,-15
6930,2019-07-02,33,33,0
7001,2019-07-02,41,39,-2
7002,2019-07-02,14,20,6
7003,2019-07-02,136,115,-21
7004,2019-07-02,18,21,3
7005,2019-07-02,15,13,-2
7006,2019-07-02,19,28,9
7007,2019-07-02,12,22,10
7008,2019-07-02,27,29,2
7009,2019-07-02,91,117,26
7010,2019-07-02,24,23,-1
7011,2019-07-02,57,66,9
7012,2019-07-02,79,86,7
7013,2019-07-02,28,36,8
7014,2019-07-02,87,50,-37
7015,2019-07-02,17,22,5
7016,2019-07-02,13,19,6
7017,2019-07-02,63,70,7
7018,2019-07-02,41,62,21
7019,2019-07-02,109,110,1
7020,2019-07-02,26,34,8
7021,2019-07-02,41,40,-1
7022,2019-07-02,67,55,-12
7023,2019-07-02,4,7,3
7024,2019-07-02,52,29,-23
7025,2019-07-02,47,36,-11
7026,2019-07-02,62,59,-3
7027,2019-07-02,45,37,-8
7028,2019-07-02,92,94,2
7029,2019-07-02,64,64,0
7030,2019-07-02,58,57,-1
7031,2019-07-02,53,51,-2
7032,2019-07-02,125,71,-54
7033,2019-07-02,84,80,-4
7034,2019-07-02,34,46,12
7035,2019-07-02,62,52,-10
7036,2019-07-02,55,52,-3
7037,2019-07-02,85,75,-10
7038,2019-07-02,77,72,-5
7039,2019-07-02,34,42,8
7040,2019-07-02,66,71,5
7041,2019-07-02,170,165,-5
7042,2019-07-02,56,56,0
7043,2019-07-02,35,26,-9
7044,2019-07-02,16,18,2
7045,2019-07-02,67,61,-6
7046,2019-07-02,138,130,-8
7047,2019-07-02,160,236,76
7048,2019-07-02,25,24,-1
7049,2019-07-02,19,31,12
7050,2019-07-02,53,46,-7
7051,2019-07-02,16,22,6
7052,2019-07-02,60,56,-4
7053,2019-07-02,39,49,10
7054,2019-07-02,78,91,13
7055,2019-07-02,25,39,14
7056,2019-07-02,16,25,9
7057,2019-07-02,37,46,9
7058,2019-07-02,45,54,9
7059,2019-07-02,42,47,5
7060,2019-07-02,58,58,0
7061,2019-07-02,37,25,-12
7062,2019-07-02,62,72,10
7063,2019-07-02,30,33,3
7064,2019-07-02,33,33,0
7065,2019-07-02,43,42,-1
7066,2019-07-02,88,160,72
7067,2019-07-02,74,93,19
7068,2019-07-02,100,126,26
7069,2019-07-02,148,160,12
7070,2019-07-02,46,59,13
7071,2019-07-02,83,57,-26
7072,2019-07-02,47,35,-12
7073,2019-07-02,50,59,9
7074,2019-07-02,32,43,11
7075,2019-07-02,8,13,5
7076,2019-07-02,104,81,-23
7077,2019-07-02,30,36,6
7078,2019-07-02,23,39,16
7079,2019-07-02,50,59,9
7080,2019-07-02,92,114,22
7081,2019-07-02,109,113,4
7082,2019-07-02,81,118,37
7083,2019-07-02,56,43,-13
7084,2019-07-02,95,98,3
7085,2019-07-02,1,0,-1
7086,2019-07-02,3,4,1
7087,2019-07-02,4,2,-2
7088,2019-07-02,4,3,-1
7090,2019-07-02,15,19,4
7091,2019-07-02,3,5,2
7092,2019-07-02,5,5,0
7093,2019-07-02,3,7,4
7094,2019-07-02,3,3,0
7095,2019-07-02,21,22,1
7096,2019-07-02,38,39,1
7097,2019-07-02,10,14,4
7098,2019-07-02,6,8,2
7099,2019-07-02,7,3,-4
7100,2019-07-02,10,6,-4
7101,2019-07-02,18,10,-8
7102,2019-07-02,19,27,8
7103,2019-07-02,12,18,6
7104,2019-07-02,4,4,0
7105,2019-07-02,6,6,0
7106,2019-07-02,4,3,-1
7107,2019-07-02,11,8,-3
7108,2019-07-02,21,27,6
7109,2019-07-02,10,15,5
7110,2019-07-02,12,11,-1
7111,2019-07-02,9,9,0
7112,2019-07-02,12,12,0
7113,2019-07-02,49,49,0
7114,2019-07-02,120,122,2
7115,2019-07-02,21,14,-7
7116,2019-07-02,17,14,-3
7117,2019-07-02,3,4,1
7118,2019-07-02,3,3,0
7119,2019-07-02,20,19,-1
7120,2019-07-02,5,4,-1
7121,2019-07-02,6,10,4
7122,2019-07-02,9,9,0
7123,2019-07-02,2,5,3
7124,2019-07-02,9,7,-2
7125,2019-07-02,20,27,7
7126,2019-07-02,8,6,-2
7127,2019-07-02,40,42,2
7128,2019-07-02,16,15,-1
7129,2019-07-02,13,8,-5
7130,2019-07-02,14,7,-7
7131,2019-07-02,1,4,3
7132,2019-07-02,2,6,4
7133,2019-07-02,6,7,1
7134,2019-07-02,6,2,-4
7135,2019-07-02,3,5,2
7136,2019-07-02,7,9,2
7137,2019-07-02,11,8,-3
7138,2019-07-02,6,7,1
7140,2019-07-02,32,33,1
7141,2019-07-02,54,62,8
7143,2019-07-02,23,29,6
7144,2019-07-02,55,75,20
7145,2019-07-02,19,21,2
7147,2019-07-02,47,47,0
7148,2019-07-02,5,10,5
7149,2019-07-02,14,9,-5
10002,2019-07-02,136,149,13
4000,2019-07-03,63,86,23
4001,2019-07-03,11,16,5
4002,2019-07-03,21,29,8
5002,2019-07-03,8,7,-1
5003,2019-07-03,4,6,2
5004,2019-07-03,2,8,6
5005,2019-07-03,4,2,-2
5006,2019-07-03,7,7,0
5007,2019-07-03,20,24,4
6001,2019-07-03,82,111,29
6002,2019-07-03,60,64,4
6003,2019-07-03,107,127,20
6004,2019-07-03,61,78,17
6005,2019-07-03,131,117,-14
6006,2019-07-03,50,27,-23
6008,2019-07-03,77,102,25
6009,2019-07-03,99,100,1
6011,2019-07-03,88,111,23
6012,2019-07-03,283,481,198
6013,2019-07-03,122,142,20
6014,2019-07-03,97,95,-2
6015,2019-07-03,207,283,76
6016,2019-07-03,22,24,2
6017,2019-07-03,57,64,7
6018,2019-07-03,72,82,10
6019,2019-07-03,183,104,-79
6020,2019-07-03,80,119,39
6021,2019-07-03,58,52,-6
6022,2019-07-03,89,89,0
6023,2019-07-03,162,278,116
6024,2019-07-03,4,4,0
6025,2019-07-03,46,51,5
6026,2019-07-03,219,300,81
6027,2019-07-03,162,168,6
6029,2019-07-03,42,55,13
6031,2019-07-03,42,67,25
6032,2019-07-03,88,166,78
6033,2019-07-03,26,19,-7
6034,2019-07-03,25,25,0
6035,2019-07-03,36,83,47
6036,2019-07-03,260,320,60
6037,2019-07-03,75,81,6
6038,2019-07-03,118,136,18
6039,2019-07-03,112,123,11
6040,2019-07-03,72,75,3
6041,2019-07-03,79,79,0
6042,2019-07-03,106,107,1
6043,2019-07-03,279,482,203
6044,2019-07-03,101,102,1
6046,2019-07-03,165,170,5
6047,2019-07-03,91,57,-34
6048,2019-07-03,54,60,6
6049,2019-07-03,97,99,2
6050,2019-07-03,66,71,5
6051,2019-07-03,60,57,-3
6052,2019-07-03,338,446,108
6053,2019-07-03,350,353,3
6057,2019-07-03,78,80,2
6058,2019-07-03,79,68,-11
6059,2019-07-03,71,73,2
6060,2019-07-03,43,29,-14
6061,2019-07-03,62,62,0
6062,2019-07-03,70,70,0
6063,2019-07-03,92,89,-3
6064,2019-07-03,312,219,-93
6065,2019-07-03,79,59,-20
6066,2019-07-03,31,11,-20
6067,2019-07-03,45,54,9
6068,2019-07-03,28,18,-10
6070,2019-07-03,240,164,-76
6072,2019-07-03,78,80,2
6073,2019-07-03,313,254,-59
6075,2019-07-03,46,19,-27
6076,2019-07-03,37,42,5
6078,2019-07-03,48,82,34
6079,2019-07-03,98,66,-32
6080,2019-07-03,196,213,17
6081,2019-07-03,42,43,1
6082,2019-07-03,16,16,0
6083,2019-07-03,150,214,64
6084,2019-07-03,91,114,23
6085,2019-07-03,137,223,86
6086,2019-07-03,34,60,26
6087,2019-07-03,127,185,58
6088,2019-07-03,86,106,20
6089,2019-07-03,57,71,14
6090,2019-07-03,65,68,3
6091,2019-07-03,64,54,-10
6092,2019-07-03,76,81,5
6093,2019-07-03,41,32,-9
6094,2019-07-03,65,62,-3
6095,2019-07-03,136,122,-14
6096,2019-07-03,68,82,14
6097,2019-07-03,86,57,-29
6098,2019-07-03,54,32,-22
6099,2019-07-03,111,155,44
6100,2019-07-03,325,273,-52
6101,2019-07-03,37,20,-17
6102,2019-07-03,40,38,-2
6104,2019-07-03,25,41,16
6105,2019-07-03,68,96,28
6106,2019-07-03,63,77,14
6107,2019-07-03,124,95,-29
6108,2019-07-03,79,81,2
6109,2019-07-03,17,24,7
6110,2019-07-03,55,65,10
6111,2019-07-03,78,90,12
6112,2019-07-03,129,130,1
6113,2019-07-03,83,88,5
6114,2019-07-03,190,246,56
6115,2019-07-03,21,26,5
6116,2019-07-03,67,95,28
6118,2019-07-03,91,105,14
6119,2019-07-03,118,126,8
6120,2019-07-03,90,130,40
6121,2019-07-03,45,78,33
6122,2019-07-03,43,50,7
6123,2019-07-03,46,53,7
6124,2019-07-03,55,82,27
6125,2019-07-03,39,29,-10
6126,2019-07-03,69,73,4
6127,2019-07-03,91,77,-14
6128,2019-07-03,29,33,4
6129,2019-07-03,70,69,-1
6130,2019-07-03,40,29,-11
6131,2019-07-03,123,77,-46
6132,2019-07-03,84,91,7
6133,2019-07-03,104,93,-11
6134,2019-07-03,67,70,3
6136,2019-07-03,359,263,-96
6137,2019-07-03,111,114,3
6138,2019-07-03,94,89,-5
6139,2019-07-03,64,56,-8
6140,2019-07-03,117,111,-6
6141,2019-07-03,54,56,2
6142,2019-07-03,159,119,-40
6143,2019-07-03,171,142,-29
6145,2019-07-03,72,74,2
6146,2019-07-03,88,69,-19
6147,2019-07-03,166,105,-61
6148,2019-07-03,179,116,-63
6149,2019-07-03,56,50,-6
6150,2019-07-03,86,94,8
6151,2019-07-03,102,93,-9
6152,2019-07-03,160,158,-2
6153,2019-07-03,62,66,4
6154,2019-07-03,178,186,8
6155,2019-07-03,204,168,-36
6156,2019-07-03,94,83,-11
6157,2019-07-03,141,130,-11
6158,2019-07-03,72,66,-6
6159,2019-07-03,33,39,6
6160,2019-07-03,55,45,-10
6161,2019-07-03,45,54,9
6162,2019-07-03,28,26,-2
6163,2019-07-03,131,117,-14
6164,2019-07-03,130,146,16
6165,2019-07-03,230,232,2
6166,2019-07-03,105,94,-11
6167,2019-07-03,60,67,7
6168,2019-07-03,71,65,-6
6169,2019-07-03,211,163,-48
6170,2019-07-03,90,69,-21
6171,2019-07-03,50,50,0
6173,2019-07-03,115,75,-40
6174,2019-07-03,148,111,-37
6175,2019-07-03,108,60,-48
6176,2019-07-03,101,94,-7
6177,2019-07-03,94,92,-2
6178,2019-07-03,116,111,-5
6179,2019-07-03,119,111,-8
6180,2019-07-03,84,97,13
6181,2019-07-03,118,90,-28
6182,2019-07-03,68,46,-22
6183,2019-07-03,105,91,-14
6184,2019-07-03,287,255,-32
6186,2019-07-03,102,82,-20
6187,2019-07-03,134,137,3
6188,2019-07-03,58,49,-9
6189,2019-07-03,18,22,4
6190,2019-07-03,162,99,-63
6191,2019-07-03,69,68,-1
6193,2019-07-03,131,114,-17
6194,2019-07-03,230,206,-24
6195,2019-07-03,104,70,-34
6196,2019-07-03,133,107,-26
6197,2019-07-03,57,51,-6
6198,2019-07-03,38,22,-16
6199,2019-07-03,103,102,-1
6200,2019-07-03,127,126,-1
6201,2019-07-03,74,70,-4
6202,2019-07-03,121,118,-3
6203,2019-07-03,113,113,0
6204,2019-07-03,113,107,-6
6205,2019-07-03,92,95,3
6206,2019-07-03,184,149,-35
6207,2019-07-03,56,54,-2
6208,2019-07-03,72,65,-7
6209,2019-07-03,128,115,-13
6210,2019-07-03,48,47,-1
6211,2019-07-03,192,163,-29
6212,2019-07-03,115,73,-42
6213,2019-07-03,145,139,-6
6214,2019-07-03,126,103,-23
6215,2019-07-03,60,54,-6
6216,2019-07-03,184,92,-92
6217,2019-07-03,105,83,-22
6218,2019-07-03,60,61,1
6219,2019-07-03,98,71,-27
6220,2019-07-03,104,76,-28
6221,2019-07-03,253,187,-66
6222,2019-07-03,106,76,-30
6223,2019-07-03,156,100,-56
6225,2019-07-03,96,65,-31
6226,2019-07-03,36,33,-3
6227,2019-07-03,198,180,-18
6228,2019-07-03,41,32,-9
6229,2019-07-03,59,52,-7
6230,2019-07-03,112,103,-9
6231,2019-07-03,166,127,-39
6232,2019-07-03,43,24,-19
6233,2019-07-03,105,94,-11
6234,2019-07-03,88,80,-8
6235,2019-07-03,69,69,0
6236,2019-07-03,104,103,-1
6237,2019-07-03,69,67,-2
6240,2019-07-03,33,29,-4
6241,2019-07-03,55,59,4
6243,2019-07-03,59,64,5
6245,2019-07-03,56,42,-14
6246,2019-07-03,67,59,-8
6247,2019-07-03,165,148,-17
6248,2019-07-03,175,148,-27
6249,2019-07-03,80,65,-15
6250,2019-07-03,103,89,-14
6251,2019-07-03,37,25,-12
6252,2019-07-03,73,58,-15
6253,2019-07-03,84,71,-13
6254,2019-07-03,81,75,-6
6255,2019-07-03,112,105,-7
6257,2019-07-03,58,56,-2
6258,2019-07-03,112,89,-23
6259,2019-07-03,56,44,-12
6260,2019-07-03,53,50,-3
6261,2019-07-03,67,70,3
6262,2019-07-03,51,54,3
6263,2019-07-03,22,23,1
6264,2019-07-03,37,37,0
6265,2019-07-03,68,74,6
6266,2019-07-03,32,35,3
6267,2019-07-03,63,64,1
6268,2019-07-03,80,70,-10
6269,2019-07-03,31,38,7
6270,2019-07-03,46,49,3
6272,2019-07-03,34,25,-9
6273,2019-07-03,61,41,-20
6274,2019-07-03,53,49,-4
6275,2019-07-03,32,35,3
6276,2019-07-03,68,53,-15
6277,2019-07-03,65,70,5
6278,2019-07-03,34,39,5
6280,2019-07-03,17,36,19
6281,2019-07-03,39,29,-10
6301,2019-07-03,26,18,-8
6302,2019-07-03,27,23,-4
6303,2019-07-03,26,26,0
6304,2019-07-03,18,9,-9
6305,2019-07-03,20,13,-7
6306,2019-07-03,67,24,-43
6307,2019-07-03,90,83,-7
6309,2019-07-03,48,49,1
6310,2019-07-03,93,36,-57
6311,2019-07-03,53,40,-13
6312,2019-07-03,27,49,22
6313,2019-07-03,61,86,25
6314,2019-07-03,72,68,-4
6315,2019-07-03,95,54,-41
6316,2019-07-03,50,18,-32
6321,2019-07-03,130,130,0
6322,2019-07-03,45,47,2
6323,2019-07-03,24,17,-7
6324,2019-07-03,34,36,2
6327,2019-07-03,49,42,-7
6328,2019-07-03,42,42,0
6329,2019-07-03,39,24,-15
6330,2019-07-03,36,36,0
6331,2019-07-03,22,21,-1
6332,2019-07-03,44,50,6
6333,2019-07-03,28,26,-2
6334,2019-07-03,91,80,-11
6335,2019-07-03,40,42,2
6336,2019-07-03,39,35,-4
6338,2019-07-03,29,36,7
6339,2019-07-03,29,21,-8
6340,2019-07-03,47,40,-7
6341,2019-07-03,43,62,19
6343,2019-07-03,54,48,-6
6345,2019-07-03,28,21,-7
6346,2019-07-03,16,13,-3
6347,2019-07-03,31,27,-4
6349,2019-07-03,54,56,2
6350,2019-07-03,58,66,8
6354,2019-07-03,43,38,-5
6355,2019-07-03,48,60,12
6356,2019-07-03,30,18,-12
6357,2019-07-03,20,29,9
6358,2019-07-03,31,31,0
6359,2019-07-03,131,143,12
6360,2019-07-03,34,35,1
6361,2019-07-03,61,58,-3
6362,2019-07-03,42,40,-2
6363,2019-07-03,30,28,-2
6364,2019-07-03,57,58,1
6366,2019-07-03,37,24,-13
6368,2019-07-03,79,73,-6
6369,2019-07-03,33,42,9
6370,2019-07-03,49,41,-8
6371,2019-07-03,84,83,-1
6372,2019-07-03,108,122,14
6373,2019-07-03,44,50,6
6374,2019-07-03,63,48,-15
6375,2019-07-03,92,106,14
6376,2019-07-03,31,26,-5
6377,2019-07-03,52,63,11
6379,2019-07-03,56,60,4
6380,2019-07-03,36,38,2
6381,2019-07-03,68,61,-7
6383,2019-07-03,32,35,3
6384,2019-07-03,21,15,-6
6385,2019-07-03,62,64,2
6386,2019-07-03,82,92,10
6387,2019-07-03,87,112,25
6388,2019-07-03,41,39,-2
6389,2019-07-03,74,55,-19
6391,2019-07-03,87,138,51
6393,2019-07-03,71,108,37
6394,2019-07-03,95,126,31
6395,2019-07-03,108,93,-15
6396,2019-07-03,117,95,-22
6397,2019-07-03,67,80,13
6398,2019-07-03,48,62,14
6401,2019-07-03,69,78,9
6402,2019-07-03,73,93,20
6403,2019-07-03,35,45,10
6404,2019-07-03,21,33,12
6405,2019-07-03,40,52,12
6406,2019-07-03,164,194,30
6407,2019-07-03,29,36,7
6408,2019-07-03,72,73,1
6409,2019-07-03,24,25,1
6410,2019-07-03,71,66,-5
6411,2019-07-03,139,116,-23
6412,2019-07-03,37,33,-4
6413,2019-07-03,29,88,59
6414,2019-07-03,29,47,18
6415,2019-07-03,38,40,2
6416,2019-07-03,25,14,-11
6417,2019-07-03,28,36,8
6418,2019-07-03,11,11,0
6419,2019-07-03,11,12,1
6420,2019-07-03,36,40,4
6421,2019-07-03,35,33,-2
6422,2019-07-03,16,25,9
6423,2019-07-03,32,20,-12
6424,2019-07-03,43,80,37
6425,2019-07-03,77,106,29
6426,2019-07-03,98,111,13
6427,2019-07-03,91,106,15
6428,2019-07-03,23,32,9
6429,2019-07-03,40,57,17
6432,2019-07-03,107,100,-7
6433,2019-07-03,57,48,-9
6434,2019-07-03,93,100,7
6435,2019-07-03,56,55,-1
6436,2019-07-03,28,21,-7
6501,2019-07-03,164,176,12
6502,2019-07-03,36,39,3
6503,2019-07-03,73,68,-5
6504,2019-07-03,51,42,-9
6700,2019-07-03,37,54,17
6701,2019-07-03,66,66,0
6702,2019-07-03,18,27,9
6703,2019-07-03,53,50,-3
6704,2019-07-03,43,34,-9
6705,2019-07-03,19,28,9
6706,2019-07-03,24,32,8
6707,2019-07-03,36,44,8
6708,2019-07-03,85,117,32
6709,2019-07-03,26,31,5
6710,2019-07-03,15,20,5
6711,2019-07-03,30,30,0
6712,2019-07-03,37,42,5
6713,2019-07-03,15,16,1
6714,2019-07-03,10,9,-1
6715,2019-07-03,46,65,19
6716,2019-07-03,10,15,5
6717,2019-07-03,14,24,10
6718,2019-07-03,28,32,4
6719,2019-07-03,30,21,-9
6720,2019-07-03,43,53,10
6721,2019-07-03,26,18,-8
6722,2019-07-03,17,21,4
6723,2019-07-03,21,17,-4
6724,2019-07-03,92,104,12
6725,2019-07-03,40,46,6
6726,2019-07-03,11,15,4
6727,2019-07-03,105,122,17
6728,2019-07-03,14,13,-1
6729,2019-07-03,174,171,-3
6730,2019-07-03,21,18,-3
6731,2019-07-03,20,16,-4
6732,2019-07-03,57,53,-4
6733,2019-07-03,25,34,9
6734,2019-07-03,62,54,-8
6735,2019-07-03,21,19,-2
6736,2019-07-03,24,23,-1
6737,2019-07-03,36,35,-1
6738,2019-07-03,104,94,-10
6739,2019-07-03,14,17,3
6741,2019-07-03,22,31,9
6742,2019-07-03,74,87,13
6743,2019-07-03,55,31,-24
6744,2019-07-03,24,23,-1
6745,2019-07-03,33,26,-7
6746,2019-07-03,35,29,-6
6747,2019-07-03,64,77,13
6748,2019-07-03,88,124,36
6749,2019-07-03,66,70,4
6750,2019-07-03,52,51,-1
6752,2019-07-03,19,28,9
6753,2019-07-03,30,27,-3
6754,2019-07-03,26,28,2
6901,2019-07-03,63,64,1
6902,2019-07-03,89,90,1
6903,2019-07-03,145,111,-34
6904,2019-07-03,60,61,1
6905,2019-07-03,42,45,3
6906,2019-07-03,200,108,-92
6907,2019-07-03,114,76,-38
6908,2019-07-03,95,97,2
6912,2019-07-03,191,143,-48
6913,2019-07-03,57,39,-18
6915,2019-07-03,107,105,-2
6916,2019-07-03,34,39,5
6917,2019-07-03,15,22,7
6918,2019-07-03,48,25,-23
6919,2019-07-03,34,33,-1
6921,2019-07-03,104,116,12
6923,2019-07-03,54,46,-8
6924,2019-07-03,24,26,2
6925,2019-07-03,50,51,1
6926,2019-07-03,62,60,-2
6927,2019-07-03,96,54,-42
6928,2019-07-03,31,14,-17
6929,2019-07-03,53,47,-6
6930,2019-07-03,40,37,-3
7001,2019-07-03,39,40,1
7002,2019-07-03,19,17,-2
7003,2019-07-03,141,118,-23
7004,2019-07-03,24,20,-4
7005,2019-07-03,11,13,2
7006,2019-07-03,20,25,5
7007,2019-07-03,14,19,5
7008,2019-07-03,28,26,-2
7009,2019-07-03,120,149,29
7010,2019-07-03,19,20,1
7011,2019-07-03,84,97,13
7012,2019-07-03,70,74,4
7013,2019-07-03,31,30,-1
7014,2019-07-03,96,56,-40
7015,2019-07-03,9,16,7
7016,2019-07-03,20,25,5
7017,2019-07-03,46,64,18
7018,2019-07-03,31,37,6
7019,2019-07-03,130,133,3
7020,2019-07-03,35,43,8
7021,2019-07-03,43,37,-6
7022,2019-07-03,36,39,3
7023,2019-07-03,7,8,1
7024,2019-07-03,27,23,-4
7025,2019-07-03,57,56,-1
7026,2019-07-03,70,71,1
7027,2019-07-03,61,71,10
7028,2019-07-03,117,97,-20
7029,2019-07-03,60,56,-4
7030,2019-07-03,42,49,7
7031,2019-07-03,57,57,0
7032,2019-07-03,124,67,-57
7033,2019-07-03,77,67,-10
7034,2019-07-03,15,32,17
7035,2019-07-03,54,62,8
7036,2019-07-03,55,52,-3
7037,2019-07-03,83,72,-11
7038,2019-07-03,68,75,7
7039,2019-07-03,28,30,2
7040,2019-07-03,67,77,10
7041,2019-07-03,159,149,-10
7042,2019-07-03,51,56,5
7043,2019-07-03,18,9,-9
7044,2019-07-03,15,11,-4
7045,2019-07-03,73,72,-1
7046,2019-07-03,122,125,3
7047,2019-07-03,157,217,60
7048,2019-07-03,24,31,7
7049,2019-07-03,27,40,13
7050,2019-07-03,55,51,-4
7051,2019-07-03,11,13,2
7052,2019-07-03,59,64,5
7053,2019-07-03,68,70,2
7054,2019-07-03,66,82,16
7055,2019-07-03,30,39,9
7056,2019-07-03,23,27,4
7057,2019-07-03,55,53,-2
7058,2019-07-03,64,68,4
7059,2019-07-03,50,46,-4
7060,2019-07-03,53,60,7
7061,2019-07-03,35,34,-1
7062,2019-07-03,60,58,-2
7063,2019-07-03,28,36,8
7064,2019-07-03,41,37,-4
7065,2019-07-03,43,39,-4
7066,2019-07-03,84,123,39
7067,2019-07-03,71,73,2
7068,2019-07-03,97,112,15
7069,2019-07-03,121,151,30
7070,2019-07-03,43,45,2
7071,2019-07-03,80,46,-34
7072,2019-07-03,38,36,-2
7073,2019-07-03,61,58,-3
7074,2019-07-03,46,53,7
7075,2019-07-03,10,13,3
7076,2019-07-03,86,76,-10
7077,2019-07-03,162,248,86
7078,2019-07-03,28,46,18
7079,2019-07-03,48,49,1
7080,2019-07-03,111,103,-8
7081,2019-07-03,94,114,20
7082,2019-07-03,79,107,28
7083,2019-07-03,60,60,0
7084,2019-07-03,85,88,3
7086,2019-07-03,1,2,1
7088,2019-07-03,2,1,-1
7089,2019-07-03,3,3,0
7090,2019-07-03,10,13,3
7091,2019-07-03,13,12,-1
7092,2019-07-03,8,9,1
7093,2019-07-03,4,8,4
7094,2019-07-03,3,4,1
7095,2019-07-03,16,20,4
7096,2019-07-03,45,42,-3
7097,2019-07-03,12,14,2
7098,2019-07-03,2,4,2
7099,2019-07-03,11,9,-2
7100,2019-07-03,8,7,-1
7101,2019-07-03,12,8,-4
7102,2019-07-03,21,25,4
7103,2019-07-03,23,24,1
7104,2019-07-03,4,5,1
7105,2019-07-03,7,6,-1
7106,2019-07-03,5,9,4
7107,2019-07-03,7,8,1
7108,2019-07-03,7,19,12
7109,2019-07-03,9,11,2
7110,2019-07-03,8,9,1
7111,2019-07-03,10,8,-2
7112,2019-07-03,15,17,2
7113,2019-07-03,65,57,-8
7114,2019-07-03,103,111,8
7115,2019-07-03,13,13,0
7116,2019-07-03,11,13,2
7117,2019-07-03,7,8,1
7118,2019-07-03,5,6,1
7119,2019-07-03,14,16,2
7120,2019-07-03,2,2,0
7121,2019-07-03,11,15,4
7122,2019-07-03,7,8,1
7123,2019-07-03,4,3,-1
7124,2019-07-03,20,15,-5
7125,2019-07-03,41,36,-5
7126,2019-07-03,9,9,0
7127,2019-07-03,32,45,13
7128,2019-07-03,17,12,-5
7129,2019-07-03,6,11,5
7130,2019-07-03,13,11,-2
7131,2019-07-03,3,3,0
7132,2019-07-03,2,4,2
7133,2019-07-03,7,9,2
7134,2019-07-03,8,6,-2
7135,2019-07-03,4,7,3
7136,2019-07-03,9,10,1
7137,2019-07-03,13,11,-2
7138,2019-07-03,5,7,2
7140,2019-07-03,27,24,-3
7141,2019-07-03,48,45,-3
7143,2019-07-03,27,35,8
7144,2019-07-03,58,57,-1
7145,2019-07-03,17,18,1
7147,2019-07-03,58,60,2
7148,2019-07-03,10,6,-4
7149,2019-07-03,21,20,-1
10002,2019-07-03,128,140,12
4000,2019-07-04,81,94,13
4001,2019-07-04,21,19,-2
4002,2019-07-04,16,32,16
5002,2019-07-04,8,10,2
5003,2019-07-04,6,3,-3
5004,2019-07-04,2,3,1
5006,2019-07-04,11,10,-1
5007,2019-07-04,20,24,4
6001,2019-07-04,89,129,40
6002,2019-07-04,50,65,15
6003,2019-07-04,70,97,27
6004,2019-07-04,67,69,2
6005,2019-07-04,110,130,20
6006,2019-07-04,33,25,-8
6008,2019-07-04,63,108,45
6009,2019-07-04,91,92,1
6011,2019-07-04,80,88,8
6012,2019-07-04,260,465,205
6013,2019-07-04,112,165,53
6014,2019-07-04,57,96,39
6015,2019-07-04,251,365,114
6016,2019-07-04,15,16,1
6017,2019-07-04,60,65,5
6018,2019-07-04,67,76,9
6019,2019-07-04,142,79,-63
6020,2019-07-04,93,134,41
6021,2019-07-04,95,72,-23
6022,2019-07-04,69,71,2
6023,2019-07-04,182,217,35
6024,2019-07-04,3,6,3
6025,2019-07-04,64,58,-6
6026,2019-07-04,225,329,104
6027,2019-07-04,137,162,25
6029,2019-07-04,33,50,17
6031,2019-07-04,27,63,36
6032,2019-07-04,90,172,82
6033,2019-07-04,18,20,2
6034,2019-07-04,24,24,0
6035,2019-07-04,26,72,46
6036,2019-07-04,280,362,82
6037,2019-07-04,73,74,1
6038,2019-07-04,123,127,4
6039,2019-07-04,94,135,41
6040,2019-07-04,93,104,11
6041,2019-07-04,89,95,6
6042,2019-07-04,125,118,-7
6043,2019-07-04,239,469,230
6044,2019-07-04,124,108,-16
6046,2019-07-04,142,143,1
6047,2019-07-04,74,65,-9
6048,2019-07-04,66,67,1
6049,2019-07-04,110,122,12
6050,2019-07-04,66,70,4
6051,2019-07-04,56,50,-6
6052,2019-07-04,343,424,81
6053,2019-07-04,292,313,21
6057,2019-07-04,111,116,5
6058,2019-07-04,64,62,-2
6059,2019-07-04,110,84,-26
6060,2019-07-04,33,26,-7
6061,2019-07-04,85,74,-11
6062,2019-07-04,72,51,-21
6063,2019-07-04,139,101,-38
6064,2019-07-04,271,212,-59
6065,2019-07-04,78,59,-19
6066,2019-07-04,58,40,-18
6067,2019-07-04,66,71,5
6068,2019-07-04,21,23,2
6070,2019-07-04,212,194,-18
6072,2019-07-04,104,96,-8
6073,2019-07-04,242,254,12
6075,2019-07-04,59,35,-24
6076,2019-07-04,27,36,9
6078,2019-07-04,55,79,24
6079,2019-07-04,106,74,-32
6080,2019-07-04,164,184,20
6081,2019-07-04,51,49,-2
6082,2019-07-04,24,16,-8
6083,2019-07-04,211,214,3
6084,2019-07-04,87,111,24
6085,2019-07-04,109,175,66
6086,2019-07-04,31,51,20
6087,2019-07-04,145,190,45
6088,2019-07-04,96,101,5
6089,2019-07-04,77,74,-3
6090,2019-07-04,63,57,-6
6091,2019-07-04,49,44,-5
6092,2019-07-04,74,72,-2
6093,2019-07-04,31,34,3
6094,2019-07-04,53,53,0
6095,2019-07-04,144,122,-22
6096,2019-07-04,64,97,33
6097,2019-07-04,91,61,-30
6098,2019-07-04,67,41,-26
6099,2019-07-04,129,180,51
6100,2019-07-04,280,272,-8
6101,2019-07-04,56,35,-21
6102,2019-07-04,35,25,-10
6104,2019-07-04,74,102,28
6105,2019-07-04,62,90,28
6106,2019-07-04,34,50,16
6107,2019-07-04,129,78,-51
6108,2019-07-04,48,61,13
6109,2019-07-04,24,31,7
6110,2019-07-04,28,44,16
6111,2019-07-04,57,75,18
6112,2019-07-04,119,121,2
6113,2019-07-04,42,24,-18
6114,2019-07-04,188,229,41
6115,2019-07-04,18,25,7
6116,2019-07-04,64,77,13
6118,2019-07-04,93,106,13
6119,2019-07-04,85,104,19
6120,2019-07-04,84,135,51
6121,2019-07-04,48,71,23
6122,2019-07-04,26,29,3
6123,2019-07-04,34,39,5
6124,2019-07-04,64,84,20
6125,2019-07-04,36,24,-12
6126,2019-07-04,61,63,2
6127,2019-07-04,64,66,2
6128,2019-07-04,32,30,-2
6129,2019-07-04,74,77,3
6130,2019-07-04,31,22,-9
6131,2019-07-04,108,69,-39
6132,2019-07-04,76,86,10
6133,2019-07-04,121,103,-18
6134,2019-07-04,55,54,-1
6136,2019-07-04,314,266,-48
6137,2019-07-04,105,91,-14
6138,2019-07-04,97,94,-3
6139,2019-07-04,62,53,-9
6140,2019-07-04,113,114,1
6141,2019-07-04,57,57,0
6142,2019-07-04,175,128,-47
6143,2019-07-04,166,149,-17
6145,2019-07-04,99,97,-2
6146,2019-07-04,81,71,-10
6147,2019-07-04,141,83,-58
6148,2019-07-04,154,108,-46
6149,2019-07-04,52,52,0
6150,2019-07-04,80,80,0
6151,2019-07-04,102,103,1
6152,2019-07-04,180,169,-11
6153,2019-07-04,100,84,-16
6154,2019-07-04,173,170,-3
6155,2019-07-04,204,168,-36
6156,2019-07-04,104,99,-5
6157,2019-07-04,181,156,-25
6158,2019-07-04,71,59,-12
6159,2019-07-04,41,43,2
6160,2019-07-04,71,60,-11
6161,2019-07-04,46,50,4
6162,2019-07-04,21,13,-8
6163,2019-07-04,164,142,-22
6164,2019-07-04,86,97,11
6165,2019-07-04,253,288,35
6166,2019-07-04,119,83,-36
6167,2019-07-04,61,45,-16
6168,2019-07-04,52,49,-3
6169,2019-07-04,183,163,-20
6170,2019-07-04,115,97,-18
6171,2019-07-04,50,44,-6
6173,2019-07-04,98,67,-31
6174,2019-07-04,112,91,-21
6175,2019-07-04,117,68,-49
6176,2019-07-04,122,119,-3
6177,2019-07-04,110,101,-9
6178,2019-07-04,137,111,-26
6179,2019-07-04,95,94,-1
6180,2019-07-04,96,98,2
6181,2019-07-04,90,71,-19
6182,2019-07-04,75,47,-28
6183,2019-07-04,126,88,-38
6184,2019-07-04,276,250,-26
6186,2019-07-04,103,69,-34
6187,2019-07-04,112,119,7
6188,2019-07-04,67,53,-14
6189,2019-07-04,20,15,-5
6190,2019-07-04,98,79,-19
6191,2019-07-04,62,63,1
6193,2019-07-04,135,127,-8
6194,2019-07-04,193,172,-21
6195,2019-07-04,117,81,-36
6196,2019-07-04,109,81,-28
6197,2019-07-04,76,75,-1
6198,2019-07-04,38,20,-18
6199,2019-07-04,126,117,-9
6200,2019-07-04,155,148,-7
6201,2019-07-04,112,74,-38
6202,2019-07-04,129,123,-6
6203,2019-07-04,122,122,0
6204,2019-07-04,146,114,-32
6205,2019-07-04,125,94,-31
6206,2019-07-04,168,152,-16
6207,2019-07-04,58,57,-1
6208,2019-07-04,89,88,-1
6209,2019-07-04,172,121,-51
6210,2019-07-04,47,46,-1
6211,2019-07-04,200,174,-26
6212,2019-07-04,124,99,-25
6213,2019-07-04,135,133,-2
6214,2019-07-04,99,75,-24
6215,2019-07-04,76,55,-21
6216,2019-07-04,211,127,-84
6217,2019-07-04,106,83,-23
6218,2019-07-04,83,54,-29
6219,2019-07-04,79,69,-10
6220,2019-07-04,101,86,-15
6221,2019-07-04,221,186,-35
6222,2019-07-04,106,71,-35
6223,2019-07-04,185,103,-82
6225,2019-07-04,93,74,-19
6226,2019-07-04,34,30,-4
6227,2019-07-04,221,197,-24
6228,2019-07-04,35,30,-5
6229,2019-07-04,66,55,-11
6230,2019-07-04,123,123,0
6231,2019-07-04,144,123,-21
6232,2019-07-04,44,32,-12
6233,2019-07-04,126,110,-16
6234,2019-07-04,94,90,-4
6235,2019-07-04,85,83,-2
6236,2019-07-04,93,81,-12
6237,2019-07-04,73,65,-8
6240,2019-07-04,29,30,1
6241,2019-07-04,56,57,1
6243,2019-07-04,92,73,-19
6245,2019-07-04,60,48,-12
6246,2019-07-04,67,51,-16
6247,2019-07-04,166,137,-29
6248,2019-07-04,165,150,-15
6249,2019-07-04,75,53,-22
6250,2019-07-04,98,97,-1
6251,2019-07-04,25,24,-1
6252,2019-07-04,60,62,2
6253,2019-07-04,80,57,-23
6254,2019-07-04,80,60,-20
6255,2019-07-04,123,109,-14
6257,2019-07-04,69,52,-17
6258,2019-07-04,112,88,-24
6259,2019-07-04,51,47,-4
6260,2019-07-04,61,62,1
6261,2019-07-04,53,49,-4
6262,2019-07-04,74,65,-9
6263,2019-07-04,23,28,5
6264,2019-07-04,37,32,-5
6265,2019-07-04,59,59,0
6266,2019-07-04,44,36,-8
6267,2019-07-04,47,48,1
6268,2019-07-04,61,54,-7
6269,2019-07-04,25,31,6
6270,2019-07-04,37,40,3
6271,2019-07-04,4,5,1
6272,2019-07-04,35,42,7
6273,2019-07-04,37,34,-3
6274,2019-07-04,48,48,0
6275,2019-07-04,28,33,5
6276,2019-07-04,43,38,-5
6277,2019-07-04,77,77,0
6278,2019-07-04,26,30,4
6281,2019-07-04,43,27,-16
6301,2019-07-04,35,19,-16
6302,2019-07-04,24,15,-9
6303,2019-07-04,22,21,-1
6304,2019-07-04,12,3,-9
6305,2019-07-04,24,13,-11
6306,2019-07-04,48,21,-27
6307,2019-07-04,88,79,-9
6309,2019-07-04,33,37,4
6310,2019-07-04,79,30,-49
6311,2019-07-04,53,44,-9
6312,2019-07-04,20,32,12
6313,2019-07-04,66,96,30
6314,2019-07-04,53,72,19
6315,2019-07-04,103,58,-45
6316,2019-07-04,60,25,-35
6321,2019-07-04,145,132,-13
6322,2019-07-04,40,32,-8
6323,2019-07-04,17,13,-4
6324,2019-07-04,43,45,2
6327,2019-07-04,42,39,-3
6328,2019-07-04,43,38,-5
6329,2019-07-04,35,28,-7
6330,2019-07-04,28,24,-4
6331,2019-07-04,27,26,-1
6332,2019-07-04,46,48,2
6333,2019-07-04,34,35,1
6334,2019-07-04,68,68,0
6335,2019-07-04,46,38,-8
6336,2019-07-04,43,38,-5
6338,2019-07-04,39,36,-3
6339,2019-07-04,30,27,-3
6340,2019-07-04,31,29,-2
6341,2019-07-04,42,51,9
6343,2019-07-04,45,51,6
6345,2019-07-04,27,27,0
6346,2019-07-04,19,9,-10
6347,2019-07-04,24,25,1
6349,2019-07-04,45,61,16
6350,2019-07-04,70,82,12
6354,2019-07-04,40,37,-3
6355,2019-07-04,44,54,10
6356,2019-07-04,35,17,-18
6357,2019-07-04,36,30,-6
6358,2019-07-04,31,31,0
6359,2019-07-04,107,135,28
6360,2019-07-04,39,42,3
6361,2019-07-04,67,54,-13
6362,2019-07-04,35,35,0
6363,2019-07-04,30,25,-5
6364,2019-07-04,53,49,-4
6366,2019-07-04,40,26,-14
6368,2019-07-04,83,80,-3
6369,2019-07-04,37,49,12
6370,2019-07-04,47,45,-2
6371,2019-07-04,96,88,-8
6372,2019-07-04,94,101,7
6373,2019-07-04,48,37,-11
6374,2019-07-04,48,41,-7
6375,2019-07-04,72,89,17
6376,2019-07-04,27,30,3
6377,2019-07-04,44,43,-1
6379,2019-07-04,49,50,1
6380,2019-07-04,30,32,2
6381,2019-07-04,85,81,-4
6383,2019-07-04,51,32,-19
6384,2019-07-04,31,17,-14
6385,2019-07-04,71,65,-6
6386,2019-07-04,96,105,9
6387,2019-07-04,78,107,29
6388,2019-07-04,37,54,17
6389,2019-07-04,55,45,-10
6391,2019-07-04,78,109,31
6393,2019-07-04,70,110,40
6394,2019-07-04,85,110,25
6395,2019-07-04,74,91,17
6396,2019-07-04,123,116,-7
6397,2019-07-04,71,97,26
6398,2019-07-04,52,58,6
6401,2019-07-04,64,79,15
6402,2019-07-04,59,68,9
6403,2019-07-04,32,46,14
6404,2019-07-04,23,36,13
6405,2019-07-04,46,67,21
6406,2019-07-04,168,196,28
6407,2019-07-04,20,31,11
6408,2019-07-04,58,67,9
6409,2019-07-04,30,25,-5
6410,2019-07-04,65,64,-1
6411,2019-07-04,149,124,-25
6412,2019-07-04,42,45,3
6413,2019-07-04,27,45,18
6414,2019-07-04,34,37,3
6415,2019-07-04,31,26,-5
6416,2019-07-04,18,7,-11
6417,2019-07-04,33,40,7
6418,2019-07-04,6,12,6
6419,2019-07-04,19,20,1
6420,2019-07-04,33,37,4
6421,2019-07-04,38,38,0
6422,2019-07-04,18,15,-3
6423,2019-07-04,29,17,-12
6424,2019-07-04,53,103,50
6425,2019-07-04,69,84,15
6426,2019-07-04,105,110,5
6427,2019-07-04,80,85,5
6428,2019-07-04,20,32,12
6429,2019-07-04,41,55,14
6432,2019-07-04,97,94,-3
6433,2019-07-04,33,41,8
6434,2019-07-04,101,91,-10
6435,2019-07-04,62,52,-10
6436,2019-07-04,34,23,-11
6501,2019-07-04,108,130,22
6502,2019-07-04,37,31,-6
6503,2019-07-04,73,63,-10
6504,2019-07-04,26,35,9
6700,2019-07-04,40,66,26
6701,2019-07-04,63,64,1
6702,2019-07-04,28,24,-4
6703,2019-07-04,45,49,4
6704,2019-07-04,43,35,-8
6705,2019-07-04,20,26,6
6706,2019-07-04,26,30,4
6707,2019-07-04,36,35,-1
6708,2019-07-04,88,140,52
6709,2019-07-04,38,38,0
6710,2019-07-04,21,24,3
6711,2019-07-04,26,32,6
6712,2019-07-04,18,27,9
6713,2019-07-04,18,20,2
6714,2019-07-04,6,6,0
6715,2019-07-04,44,50,6
6716,2019-07-04,15,16,1
6717,2019-07-04,12,17,5
6718,2019-07-04,36,32,-4
6719,2019-07-04,24,33,9
6720,2019-07-04,43,45,2
6721,2019-07-04,15,17,2
6722,2019-07-04,14,18,4
6723,2019-07-04,15,24,9
6724,2019-07-04,71,97,26
6725,2019-07-04,41,43,2
6726,2019-07-04,8,15,7
6727,2019-07-04,122,127,5
6728,2019-07-04,26,21,-5
6729,2019-07-04,158,162,4
6730,2019-07-04,29,15,-14
6731,2019-07-04,15,13,-2
6732,2019-07-04,53,57,4
6733,2019-07-04,36,36,0
6734,2019-07-04,60,57,-3
6735,2019-07-04,13,12,-1
6736,2019-07-04,17,22,5
6737,2019-07-04,25,27,2
6738,2019-07-04,103,82,-21
6739,2019-07-04,14,16,2
6741,2019-07-04,23,27,4
6742,2019-07-04,63,61,-2
6743,2019-07-04,66,38,-28
6744,2019-07-04,28,32,4
6745,2019-07-04,26,23,-3
6746,2019-07-04,11,11,0
6747,2019-07-04,74,79,5
6748,2019-07-04,101,112,11
6749,2019-07-04,64,66,2
6750,2019-07-04,62,49,-13
6752,2019-07-04,25,40,15
6753,2019-07-04,18,19,1
6754,2019-07-04,20,26,6
6901,2019-07-04,54,63,9
6902,2019-07-04,85,108,23
6903,2019-07-04,131,114,-17
6904,2019-07-04,56,40,-16
6905,2019-07-04,54,47,-7
6906,2019-07-04,167,108,-59
6907,2019-07-04,103,76,-27
6908,2019-07-04,72,68,-4
6912,2019-07-04,205,163,-42
6913,2019-07-04,67,47,-20
6915,2019-07-04,108,110,2
6916,2019-07-04,41,38,-3
6917,2019-07-04,26,18,-8
6918,2019-07-04,35,30,-5
6919,2019-07-04,34,28,-6
6921,2019-07-04,96,104,8
6923,2019-07-04,57,60,3
6924,2019-07-04,23,25,2
6925,2019-07-04,50,43,-7
6926,2019-07-04,84,73,-11
6927,2019-07-04,72,51,-21
6928,2019-07-04,57,17,-40
6929,2019-07-04,56,37,-19
6930,2019-07-04,35,42,7
7001,2019-07-04,40,36,-4
7002,2019-07-04,10,13,3
7003,2019-07-04,109,93,-16
7004,2019-07-04,18,21,3
7005,2019-07-04,5,10,5
7006,2019-07-04,20,20,0
7007,2019-07-04,15,22,7
7008,2019-07-04,22,24,2
7009,2019-07-04,100,128,28
7010,2019-07-04,16,17,1
7011,2019-07-04,73,81,8
7012,2019-07-04,56,70,14
7013,2019-07-04,27,28,1
7014,2019-07-04,77,50,-27
7015,2019-07-04,34,45,11
7016,2019-07-04,15,18,3
7017,2019-07-04,45,54,9
7018,2019-07-04,34,54,20
7019,2019-07-04,134,137,3
7020,2019-07-04,36,37,1
7021,2019-07-04,52,45,-7
7022,2019-07-04,49,37,-12
7023,2019-07-04,4,3,-1
7024,2019-07-04,50,35,-15
7025,2019-07-04,74,70,-4
7026,2019-07-04,92,86,-6
7027,2019-07-04,62,55,-7
7028,2019-07-04,178,155,-23
7029,2019-07-04,54,56,2
7030,2019-07-04,47,47,0
7031,2019-07-04,79,68,-11
7032,2019-07-04,130,75,-55
7033,2019-07-04,86,68,-18
7034,2019-07-04,34,63,29
7035,2019-07-04,54,55,1
7036,2019-07-04,44,43,-1
7037,2019-07-04,64,56,-8
7038,2019-07-04,83,84,1
7039,2019-07-04,42,40,-2
7040,2019-07-04,88,112,24
7041,2019-07-04,135,115,-20
7042,2019-07-04,49,61,12
7043,2019-07-04,27,18,-9
7044,2019-07-04,11,15,4
7045,2019-07-04,70,71,1
7046,2019-07-04,110,140,30
7047,2019-07-04,188,261,73
7048,2019-07-04,19,30,11
7049,2019-07-04,32,37,5
7050,2019-07-04,31,41,10
7051,2019-07-04,21,20,-1
7052,2019-07-04,56,82,26
7053,2019-07-04,70,81,11
7054,2019-07-04,70,93,23
7055,2019-07-04,30,36,6
7056,2019-07-04,19,22,3
7057,2019-07-04,42,53,11
7058,2019-07-04,62,61,-1
7059,2019-07-04,55,53,-2
7060,2019-07-04,52,62,10
7061,2019-07-04,34,33,-1
7062,2019-07-04,44,61,17
7063,2019-07-04,35,31,-4
7064,2019-07-04,31,36,5
7065,2019-07-04,42,40,-2
7066,2019-07-04,85,149,64
7067,2019-07-04,69,85,16
7068,2019-07-04,111,132,21
7069,2019-07-04,110,108,-2
7070,2019-07-04,45,47,2
7071,2019-07-04,57,39,-18
7072,2019-07-04,46,29,-17
7073,2019-07-04,70,77,7
7074,2019-07-04,46,48,2
7075,2019-07-04,10,17,7
7076,2019-07-04,80,71,-9
7077,2019-07-04,44,57,13
7078,2019-07-04,28,44,16
7079,2019-07-04,45,46,1
7080,2019-07-04,93,106,13
7081,2019-07-04,76,83,7
7082,2019-07-04,109,117,8
7083,2019-07-04,67,80,13
7084,2019-07-04,91,90,-1
7086,2019-07-04,2,1,-1
7087,2019-07-04,1,3,2
7088,2019-07-04,1,1,0
7090,2019-07-04,15,12,-3
7091,2019-07-04,10,7,-3
7092,2019-07-04,10,7,-3
7093,2019-07-04,3,5,2
7094,2019-07-04,3,4,1
7095,2019-07-04,25,27,2
7096,2019-07-04,29,36,7
7097,2019-07-04,14,18,4
7098,2019-07-04,2,3,1
7099,2019-07-04,8,11,3
7100,2019-07-04,6,5,-1
7101,2019-07-04,6,10,4
7102,2019-07-04,12,31,19
7103,2019-07-04,14,11,-3
7104,2019-07-04,15,12,-3
7105,2019-07-04,9,7,-2
7106,2019-07-04,2,6,4
7107,2019-07-04,4,8,4
7108,2019-07-04,7,5,-2
7109,2019-07-04,8,9,1
7110,2019-07-04,16,10,-6
7111,2019-07-04,5,15,10
7112,2019-07-04,19,19,0
7113,2019-07-04,68,67,-1
7114,2019-07-04,112,124,12
7115,2019-07-04,20,22,2
7116,2019-07-04,15,18,3
7117,2019-07-04,7,8,1
7118,2019-07-04,4,4,0
7119,2019-07-04,14,9,-5
7120,2019-07-04,3,3,0
7121,2019-07-04,7,8,1
7122,2019-07-04,6,4,-2
7123,2019-07-04,2,2,0
7124,2019-07-04,18,9,-9
7125,2019-07-04,27,22,-5
7126,2019-07-04,11,9,-2
7127,2019-07-04,32,37,5
7128,2019-07-04,8,10,2
7129,2019-07-04,13,6,-7
7130,2019-07-04,10,8,-2
7131,2019-07-04,4,4,0
7132,2019-07-04,6,3,-3
7133,2019-07-04,3,5,2
7134,2019-07-04,2,6,4
7135,2019-07-04,2,5,3
7136,2019-07-04,9,6,-3
7137,2019-07-04,7,9,2
7138,2019-07-04,9,12,3
7139,2019-07-04,41,41,0
7140,2019-07-04,40,34,-6
7141,2019-07-04,41,49,8
7143,2019-07-04,25,33,8
7144,2019-07-04,40,46,6
7145,2019-07-04,20,24,4
7147,2019-07-04,57,57,0
7148,2019-07-04,13,15,2
7149,2019-07-04,16,17,1
10002,2019-07-04,61,50,-11
4000,2019-07-05,55,67,12
4001,2019-07-05,16,14,-2
4002,2019-07-05,11,24,13
5002,2019-07-05,8,6,-2
5003,2019-07-05,6,5,-1
5004,2019-07-05,2,3,1
5006,2019-07-05,5,6,1
5007,2019-07-05,21,27,6
6001,2019-07-05,74,102,28
6002,2019-07-05,68,79,11
6003,2019-07-05,113,114,1
6004,2019-07-05,51,60,9
6005,2019-07-05,70,90,20
6006,2019-07-05,36,20,-16
6008,2019-07-05,62,93,31
6009,2019-07-05,94,99,5
6011,2019-07-05,83,100,17
6012,2019-07-05,224,458,234
6013,2019-07-05,95,146,51
6014,2019-07-05,79,84,5
6015,2019-07-05,195,282,87
6016,2019-07-05,12,9,-3
6017,2019-07-05,56,63,7
6018,2019-07-05,75,84,9
6019,2019-07-05,134,87,-47
6020,2019-07-05,77,125,48
6021,2019-07-05,65,66,1
6022,2019-07-05,63,64,1
6023,2019-07-05,137,235,98
6024,2019-07-05,4,4,0
6025,2019-07-05,53,57,4
6026,2019-07-05,228,299,71
6027,2019-07-05,125,147,22
6029,2019-07-05,44,47,3
6031,2019-07-05,45,52,7
6032,2019-07-05,85,192,107
6033,2019-07-05,16,13,-3
6034,2019-07-05,16,16,0
6035,2019-07-05,28,68,40
6036,2019-07-05,243,319,76
6037,2019-07-05,82,85,3
6038,2019-07-05,94,107,13
6039,2019-07-05,98,83,-15
6040,2019-07-05,89,94,5
6041,2019-07-05,73,79,6
6042,2019-07-05,96,103,7
6043,2019-07-05,206,404,198
6044,2019-07-05,115,87,-28
6046,2019-07-05,137,116,-21
6047,2019-07-05,74,37,-37
6048,2019-07-05,65,67,2
6049,2019-07-05,98,105,7
6050,2019-07-05,41,62,21
6051,2019-07-05,47,44,-3
6052,2019-07-05,261,422,161
6053,2019-07-05,235,289,54
6057,2019-07-05,111,93,-18
6058,2019-07-05,70,83,13
6059,2019-07-05,54,46,-8
6060,2019-07-05,32,34,2
6061,2019-07-05,86,79,-7
6062,2019-07-05,63,48,-15
6063,2019-07-05,111,84,-27
6064,2019-07-05,174,150,-24
6065,2019-07-05,69,56,-13
6066,2019-07-05,54,22,-32
6067,2019-07-05,44,45,1
6068,2019-07-05,18,16,-2
6070,2019-07-05,188,170,-18
6072,2019-07-05,82,69,-13
6073,2019-07-05,244,235,-9
6075,2019-07-05,24,24,0
6076,2019-07-05,26,29,3
6078,2019-07-05,52,58,6
6079,2019-07-05,84,61,-23
6080,2019-07-05,3,7,4
6081,2019-07-05,38,36,-2
6082,2019-07-05,25,14,-11
6083,2019-07-05,174,201,27
6084,2019-07-05,64,76,12
6085,2019-07-05,90,164,74
6086,2019-07-05,31,60,29
6087,2019-07-05,130,174,44
6088,2019-07-05,80,75,-5
6089,2019-07-05,54,40,-14
6090,2019-07-05,60,63,3
6091,2019-07-05,44,49,5
6092,2019-07-05,68,78,10
6093,2019-07-05,34,20,-14
6094,2019-07-05,48,50,2
6095,2019-07-05,119,96,-23
6096,2019-07-05,68,83,15
6097,2019-07-05,78,50,-28
6098,2019-07-05,53,33,-20
6099,2019-07-05,118,166,48
6100,2019-07-05,240,215,-25
6101,2019-07-05,30,19,-11
6102,2019-07-05,41,25,-16
6104,2019-07-05,77,100,23
6105,2019-07-05,55,91,36
6106,2019-07-05,41,66,25
6107,2019-07-05,98,78,-20
6108,2019-07-05,49,62,13
6109,2019-07-05,18,13,-5
6110,2019-07-05,33,34,1
6111,2019-07-05,58,67,9
6112,2019-07-05,111,128,17
6114,2019-07-05,168,220,52
6115,2019-07-05,16,22,6
6116,2019-07-05,74,69,-5
6118,2019-07-05,70,90,20
6119,2019-07-05,96,112,16
6120,2019-07-05,61,104,43
6121,2019-07-05,33,64,31
6122,2019-07-05,18,19,1
6123,2019-07-05,43,51,8
6124,2019-07-05,41,76,35
6125,2019-07-05,19,16,-3
6126,2019-07-05,45,54,9
6127,2019-07-05,70,62,-8
6128,2019-07-05,22,27,5
6129,2019-07-05,71,54,-17
6130,2019-07-05,39,35,-4
6131,2019-07-05,95,53,-42
6132,2019-07-05,76,89,13
6133,2019-07-05,82,69,-13
6134,2019-07-05,51,47,-4
6136,2019-07-05,282,229,-53
6137,2019-07-05,125,108,-17
6138,2019-07-05,90,74,-16
6139,2019-07-05,61,47,-14
6140,2019-07-05,117,119,2
6141,2019-07-05,57,51,-6
6142,2019-07-05,105,88,-17
6143,2019-07-05,139,127,-12
6145,2019-07-05,68,58,-10
6146,2019-07-05,68,53,-15
6147,2019-07-05,127,84,-43
6148,2019-07-05,128,109,-19
6149,2019-07-05,59,50,-9
6150,2019-07-05,102,89,-13
6151,2019-07-05,91,75,-16
6152,2019-07-05,118,120,2
6153,2019-07-05,71,72,1
6154,2019-07-05,181,189,8
6155,2019-07-05,158,141,-17
6156,2019-07-05,87,73,-14
6157,2019-07-05,150,140,-10
6158,2019-07-05,78,70,-8
6159,2019-07-05,45,43,-2
6160,2019-07-05,47,44,-3
6161,2019-07-05,54,40,-14
6162,2019-07-05,19,19,0
6163,2019-07-05,124,121,-3
6164,2019-07-05,105,97,-8
6165,2019-07-05,157,165,8
6166,2019-07-05,117,71,-46
6167,2019-07-05,58,51,-7
6168,2019-07-05,42,39,-3
6169,2019-07-05,156,140,-16
6170,2019-07-05,72,49,-23
6171,2019-07-05,48,58,10
6173,2019-07-05,125,67,-58
6174,2019-07-05,143,100,-43
6175,2019-07-05,75,54,-21
6176,2019-07-05,102,100,-2
6177,2019-07-05,76,78,2
6178,2019-07-05,133,136,3
6179,2019-07-05,84,82,-2
6180,2019-07-05,92,89,-3
6181,2019-07-05,126,87,-39
6182,2019-07-05,80,69,-11
6183,2019-07-05,113,86,-27
6184,2019-07-05,263,241,-22
6186,2019-07-05,103,73,-30
6187,2019-07-05,134,127,-7
6188,2019-07-05,60,44,-16
6189,2019-07-05,15,21,6
6190,2019-07-05,92,77,-15
6191,2019-07-05,69,70,1
6193,2019-07-05,138,128,-10
6194,2019-07-05,154,139,-15
6195,2019-07-05,146,93,-53
6196,2019-07-05,123,93,-30
6197,2019-07-05,56,47,-9
6198,2019-07-05,23,18,-5
6199,2019-07-05,122,104,-18
6200,2019-07-05,165,158,-7
6201,2019-07-05,77,61,-16
6202,2019-07-05,131,122,-9
6203,2019-07-05,142,123,-19
6204,2019-07-05,91,80,-11
6205,2019-07-05,84,79,-5
6206,2019-07-05,149,138,-11
6207,2019-07-05,36,38,2
6208,2019-07-05,68,71,3
6209,2019-07-05,123,112,-11
6210,2019-07-05,41,42,1
6211,2019-07-05,170,151,-19
6212,2019-07-05,71,53,-18
6213,2019-07-05,133,139,6
6214,2019-07-05,127,105,-22
6215,2019-07-05,46,45,-1
6216,2019-07-05,147,70,-77
6217,2019-07-05,93,77,-16
6218,2019-07-05,50,52,2
6219,2019-07-05,74,54,-20
6220,2019-07-05,103,103,0
6221,2019-07-05,195,157,-38
6222,2019-07-05,100,85,-15
6223,2019-07-05,173,83,-90
6225,2019-07-05,99,57,-42
6226,2019-07-05,25,25,0
6227,2019-07-05,184,169,-15
6228,2019-07-05,48,39,-9
6229,2019-07-05,77,72,-5
6230,2019-07-05,104,102,-2
6231,2019-07-05,133,134,1
6232,2019-07-05,41,24,-17
6233,2019-07-05,122,107,-15
6234,2019-07-05,84,83,-1
6235,2019-07-05,70,72,2
6236,2019-07-05,82,76,-6
6237,2019-07-05,54,42,-12
6240,2019-07-05,17,12,-5
6241,2019-07-05,53,48,-5
6243,2019-07-05,77,63,-14
6245,2019-07-05,43,26,-17
6246,2019-07-05,41,44,3
6247,2019-07-05,144,139,-5
6248,2019-07-05,158,125,-33
6249,2019-07-05,77,59,-18
6250,2019-07-05,103,85,-18
6251,2019-07-05,35,26,-9
6252,2019-07-05,65,59,-6
6253,2019-07-05,59,53,-6
6254,2019-07-05,81,91,10
6255,2019-07-05,117,108,-9
6257,2019-07-05,50,43,-7
6258,2019-07-05,78,59,-19
6259,2019-07-05,45,43,-2
6260,2019-07-05,61,62,1
6261,2019-07-05,50,45,-5
6262,2019-07-05,64,63,-1
6263,2019-07-05,27,17,-10
6264,2019-07-05,10,4,-6
6265,2019-07-05,68,48,-20
6266,2019-07-05,14,2,-12
6267,2019-07-05,65,65,0
6268,2019-07-05,57,57,0
6269,2019-07-05,27,28,1
6270,2019-07-05,35,34,-1
6271,2019-07-05,1,1,0
6272,2019-07-05,41,34,-7
6273,2019-07-05,39,35,-4
6274,2019-07-05,49,35,-14
6275,2019-07-05,36,36,0
6276,2019-07-05,45,40,-5
6277,2019-07-05,67,61,-6
6278,2019-07-05,29,21,-8
6281,2019-07-05,31,21,-10
6301,2019-07-05,32,26,-6
6302,2019-07-05,19,15,-4
6303,2019-07-05,22,19,-3
6304,2019-07-05,14,8,-6
6305,2019-07-05,14,12,-2
6306,2019-07-05,40,17,-23
6307,2019-07-05,78,75,-3
6309,2019-07-05,35,26,-9
6310,2019-07-05,64,22,-42
6311,2019-07-05,45,31,-14
6312,2019-07-05,19,34,15
6313,2019-07-05,69,82,13
6314,2019-07-05,85,74,-11
6315,2019-07-05,58,37,-21
6316,2019-07-05,66,17,-49
6321,2019-07-05,100,76,-24
6322,2019-07-05,20,24,4
6323,2019-07-05,19,19,0
6324,2019-07-05,21,24,3
6327,2019-07-05,39,26,-13
6328,2019-07-05,42,37,-5
6329,2019-07-05,26,17,-9
6330,2019-07-05,15,17,2
6331,2019-07-05,20,20,0
6332,2019-07-05,26,32,6
6333,2019-07-05,28,32,4
6334,2019-07-05,83,90,7
6335,2019-07-05,36,34,-2
6336,2019-07-05,33,30,-3
6338,2019-07-05,28,21,-7
6339,2019-07-05,30,22,-8
6340,2019-07-05,33,27,-6
6341,2019-07-05,40,50,10
6343,2019-07-05,45,36,-9
6345,2019-07-05,25,25,0
6346,2019-07-05,14,13,-1
6347,2019-07-05,21,18,-3
6349,2019-07-05,51,59,8
6350,2019-07-05,58,72,14
6354,2019-07-05,45,52,7
6355,2019-07-05,38,46,8
6356,2019-07-05,23,16,-7
6357,2019-07-05,30,20,-10
6358,2019-07-05,30,21,-9
6359,2019-07-05,108,126,18
6360,2019-07-05,44,44,0
6361,2019-07-05,40,41,1
6362,2019-07-05,27,35,8
6363,2019-07-05,31,19,-12
6364,2019-07-05,51,35,-16
6366,2019-07-05,29,15,-14
6368,2019-07-05,68,54,-14
6369,2019-07-05,36,41,5
6370,2019-07-05,50,38,-12
6371,2019-07-05,77,69,-8
6372,2019-07-05,107,110,3
6373,2019-07-05,49,44,-5
6374,2019-07-05,52,36,-16
6375,2019-07-05,71,87,16
6376,2019-07-05,29,26,-3
6377,2019-07-05,40,40,0
6379,2019-07-05,36,38,2
6380,2019-07-05,27,18,-9
6381,2019-07-05,61,53,-8
6383,2019-07-05,38,33,-5
6384,2019-07-05,27,16,-11
6385,2019-07-05,62,53,-9
6386,2019-07-05,71,106,35
6387,2019-07-05,79,99,20
6388,2019-07-05,37,44,7
6389,2019-07-05,53,39,-14
6391,2019-07-05,75,85,10
6393,2019-07-05,69,92,23
6394,2019-07-05,74,111,37
6395,2019-07-05,80,101,21
6396,2019-07-05,169,186,17
6397,2019-07-05,46,73,27
6398,2019-07-05,35,39,4
6401,2019-07-05,75,93,18
6402,2019-07-05,49,57,8
6403,2019-07-05,48,46,-2
6404,2019-07-05,25,30,5
6405,2019-07-05,45,56,11
6406,2019-07-05,148,202,54
6407,2019-07-05,27,53,26
6408,2019-07-05,47,43,-4
6409,2019-07-05,31,21,-10
6410,2019-07-05,40,46,6
6411,2019-07-05,148,129,-19
6412,2019-07-05,20,23,3
6413,2019-07-05,28,38,10
6414,2019-07-05,24,35,11
6415,2019-07-05,28,19,-9
6416,2019-07-05,21,13,-8
6417,2019-07-05,36,30,-6
6418,2019-07-05,10,11,1
6419,2019-07-05,10,17,7
6420,2019-07-05,18,26,8
6421,2019-07-05,45,43,-2
6422,2019-07-05,11,7,-4
6423,2019-07-05,19,7,-12
6424,2019-07-05,32,61,29
6425,2019-07-05,65,81,16
6426,2019-07-05,87,89,2
6427,2019-07-05,82,82,0
6428,2019-07-05,25,25,0
6429,2019-07-05,26,41,15
6432,2019-07-05,77,80,3
6433,2019-07-05,35,30,-5
6434,2019-07-05,115,120,5
6435,2019-07-05,33,28,-5
6436,2019-07-05,27,30,3
6501,2019-07-05,122,130,8
6502,2019-07-05,37,32,-5
6503,2019-07-05,46,47,1
6504,2019-07-05,28,28,0
6700,2019-07-05,26,44,18
6701,2019-07-05,94,73,-21
6702,2019-07-05,19,22,3
6703,2019-07-05,90,89,-1
6704,2019-07-05,37,29,-8
6705,2019-07-05,27,26,-1
6706,2019-07-05,37,34,-3
6707,2019-07-05,36,32,-4
6708,2019-07-05,90,107,17
6709,2019-07-05,28,28,0
6710,2019-07-05,10,12,2
6711,2019-07-05,28,33,5
6712,2019-07-05,9,11,2
6713,2019-07-05,20,16,-4
6714,2019-07-05,4,8,4
6715,2019-07-05,34,51,17
6716,2019-07-05,3,11,8
6717,2019-07-05,8,15,7
6718,2019-07-05,29,20,-9
6719,2019-07-05,21,19,-2
6720,2019-07-05,34,36,2
6721,2019-07-05,18,19,1
6722,2019-07-05,20,16,-4
6723,2019-07-05,29,26,-3
6724,2019-07-05,49,84,35
6725,2019-07-05,35,32,-3
6726,2019-07-05,10,11,1
6727,2019-07-05,97,114,17
6728,2019-07-05,12,17,5
6729,2019-07-05,145,149,4
6730,2019-07-05,18,14,-4
6731,2019-07-05,19,17,-2
6732,2019-07-05,38,38,0
6733,2019-07-05,34,34,0
6734,2019-07-05,48,47,-1
6735,2019-07-05,14,13,-1
6736,2019-07-05,14,13,-1
6737,2019-07-05,29,21,-8
6738,2019-07-05,97,65,-32
6739,2019-07-05,6,5,-1
6741,2019-07-05,16,29,13
6742,2019-07-05,62,56,-6
6743,2019-07-05,17,9,-8
6744,2019-07-05,25,24,-1
6745,2019-07-05,32,26,-6
6746,2019-07-05,20,22,2
6747,2019-07-05,58,67,9
6748,2019-07-05,104,105,1
6749,2019-07-05,53,66,13
6750,2019-07-05,70,46,-24
6752,2019-07-05,19,24,5
6753,2019-07-05,21,26,5
6754,2019-07-05,24,23,-1
6901,2019-07-05,51,68,17
6902,2019-07-05,88,100,12
6903,2019-07-05,111,86,-25
6904,2019-07-05,42,34,-8
6905,2019-07-05,52,49,-3
6906,2019-07-05,160,108,-52
6907,2019-07-05,117,73,-44
6908,2019-07-05,59,55,-4
6912,2019-07-05,184,160,-24
6913,2019-07-05,84,45,-39
6915,2019-07-05,99,88,-11
6916,2019-07-05,29,33,4
6917,2019-07-05,15,20,5
6918,2019-07-05,42,26,-16
6919,2019-07-05,28,20,-8
6921,2019-07-05,81,87,6
6923,2019-07-05,46,41,-5
6924,2019-07-05,21,20,-1
6925,2019-07-05,46,40,-6
6926,2019-07-05,74,70,-4
6927,2019-07-05,59,47,-12
6928,2019-07-05,36,14,-22
6929,2019-07-05,45,36,-9
6930,2019-07-05,26,25,-1
7001,2019-07-05,43,38,-5
7002,2019-07-05,13,19,6
7003,2019-07-05,101,90,-11
7004,2019-07-05,15,12,-3
7005,2019-07-05,7,8,1
7006,2019-07-05,10,12,2
7007,2019-07-05,10,23,13
7008,2019-07-05,22,26,4
7009,2019-07-05,100,113,13
7010,2019-07-05,15,13,-2
7011,2019-07-05,89,99,10
7012,2019-07-05,30,40,10
7013,2019-07-05,21,16,-5
7014,2019-07-05,59,37,-22
7015,2019-07-05,17,18,1
7016,2019-07-05,10,13,3
7017,2019-07-05,37,42,5
7018,2019-07-05,39,49,10
7019,2019-07-05,112,115,3
7020,2019-07-05,17,23,6
7021,2019-07-05,41,30,-11
7022,2019-07-05,36,21,-15
7023,2019-07-05,4,7,3
7024,2019-07-05,26,15,-11
7025,2019-07-05,48,45,-3
7026,2019-07-05,74,73,-1
7027,2019-07-05,45,33,-12
7028,2019-07-05,88,71,-17
7029,2019-07-05,51,51,0
7030,2019-07-05,52,56,4
7031,2019-07-05,47,47,0
7032,2019-07-05,67,51,-16
7033,2019-07-05,65,44,-21
7034,2019-07-05,27,56,29
7035,2019-07-05,58,41,-17
7036,2019-07-05,43,46,3
7037,2019-07-05,51,41,-10
7038,2019-07-05,61,74,13
7039,2019-07-05,19,25,6
7040,2019-07-05,76,94,18
7041,2019-07-05,120,116,-4
7042,2019-07-05,44,50,6
7043,2019-07-05,25,17,-8
7044,2019-07-05,9,5,-4
7045,2019-07-05,77,76,-1
7046,2019-07-05,114,121,7
7047,2019-07-05,159,230,71
7048,2019-07-05,18,23,5
7049,2019-07-05,19,45,26
7050,2019-07-05,48,48,0
7051,2019-07-05,18,20,2
7052,2019-07-05,70,71,1
7053,2019-07-05,73,68,-5
7054,2019-07-05,58,77,19
7055,2019-07-05,21,28,7
7056,2019-07-05,17,16,-1
7057,2019-07-05,42,49,7
7058,2019-07-05,41,42,1
7059,2019-07-05,40,48,8
7060,2019-07-05,36,41,5
7061,2019-07-05,19,13,-6
7062,2019-07-05,54,61,7
7063,2019-07-05,25,19,-6
7064,2019-07-05,29,25,-4
7065,2019-07-05,44,29,-15
7066,2019-07-05,78,145,67
7067,2019-07-05,64,66,2
7068,2019-07-05,92,105,13
7069,2019-07-05,121,147,26
7070,2019-07-05,35,35,0
7071,2019-07-05,67,49,-18
7072,2019-07-05,42,41,-1
7073,2019-07-05,86,86,0
7074,2019-07-05,40,46,6
7075,2019-07-05,8,8,0
7076,2019-07-05,57,50,-7
7077,2019-07-05,30,40,10
7078,2019-07-05,49,39,-10
7079,2019-07-05,47,55,8
7080,2019-07-05,86,86,0
7081,2019-07-05,100,107,7
7082,2019-07-05,79,92,13
7083,2019-07-05,67,61,-6
7084,2019-07-05,98,88,-10
7085,2019-07-05,1,1,0
7086,2019-07-05,1,1,0
7087,2019-07-05,4,4,0
7089,2019-07-05,1,1,0
7090,2019-07-05,8,9,1
7091,2019-07-05,4,4,0
7092,2019-07-05,6,8,2
7093,2019-07-05,1,2,1
7094,2019-07-05,4,2,-2
7095,2019-07-05,26,23,-3
7096,2019-07-05,32,35,3
7097,2019-07-05,13,12,-1
7098,2019-07-05,2,2,0
7099,2019-07-05,3,13,10
7100,2019-07-05,6,4,-2
7101,2019-07-05,7,10,3
7102,2019-07-05,19,24,5
7103,2019-07-05,23,28,5
7104,2019-07-05,10,7,-3
7105,2019-07-05,6,13,7
7106,2019-07-05,4,4,0
7107,2019-07-05,8,4,-4
7108,2019-07-05,10,14,4
7109,2019-07-05,17,7,-10
7110,2019-07-05,23,21,-2
7111,2019-07-05,5,6,1
7112,2019-07-05,8,7,-1
7113,2019-07-05,59,62,3
7114,2019-07-05,80,79,-1
7115,2019-07-05,12,12,0
7116,2019-07-05,15,12,-3
7117,2019-07-05,2,4,2
7118,2019-07-05,2,3,1
7119,2019-07-05,11,11,0
7120,2019-07-05,4,3,-1
7121,2019-07-05,11,18,7
7122,2019-07-05,7,8,1
7123,2019-07-05,2,3,1
7124,2019-07-05,17,9,-8
7125,2019-07-05,18,13,-5
7126,2019-07-05,10,7,-3
7127,2019-07-05,23,30,7
7128,2019-07-05,14,12,-2
7129,2019-07-05,13,13,0
7130,2019-07-05,8,9,1
7131,2019-07-05,3,5,2
7132,2019-07-05,3,5,2
7133,2019-07-05,3,4,1
7134,2019-07-05,4,5,1
7135,2019-07-05,3,3,0
7136,2019-07-05,8,4,-4
7137,2019-07-05,7,9,2
7138,2019-07-05,1,4,3
7139,2019-07-05,20,19,-1
7140,2019-07-05,29,26,-3
7141,2019-07-05,31,28,-3
7143,2019-07-05,20,25,5
7144,2019-07-05,44,57,13
7145,2019-07-05,13,13,0
7147,2019-07-05,54,55,1
7148,2019-07-05,5,5,0
7149,2019-07-05,19,21,2
4000,2019-07-06,47,64,17
4001,2019-07-06,5,18,13
4002,2019-07-06,13,11,-2
5002,2019-07-06,8,10,2
5003,2019-07-06,4,9,5
5004,2019-07-06,1,3,2
5006,2019-07-06,9,10,1
5007,2019-07-06,16,18,2
6001,2019-07-06,64,61,-3
6002,2019-07-06,75,80,5
6003,2019-07-06,91,105,14
6004,2019-07-06,47,44,-3
6005,2019-07-06,49,48,-1
6006,2019-07-06,24,19,-5
6008,2019-07-06,89,91,2
6009,2019-07-06,98,96,-2
6011,2019-07-06,44,52,8
6012,2019-07-06,180,487,307
6013,2019-07-06,105,152,47
6014,2019-07-06,73,89,16
6015,2019-07-06,182,300,118
6016,2019-07-06,18,26,8
6017,2019-07-06,58,75,17
6018,2019-07-06,77,81,4
6019,2019-07-06,135,105,-30
6020,2019-07-06,126,135,9
6021,2019-07-06,88,65,-23
6022,2019-07-06,22,40,18
6023,2019-07-06,279,396,117
6024,2019-07-06,10,15,5
6025,2019-07-06,44,47,3
6026,2019-07-06,277,401,124
6027,2019-07-06,63,71,8
6029,2019-07-06,19,33,14
6031,2019-07-06,54,60,6
6032,2019-07-06,67,124,57
6033,2019-07-06,13,8,-5
6034,2019-07-06,29,20,-9
6035,2019-07-06,26,58,32
6036,2019-07-06,369,398,29
6037,2019-07-06,92,98,6
6038,2019-07-06,81,93,12
6039,2019-07-06,86,98,12
6040,2019-07-06,68,77,9
6041,2019-07-06,34,47,13
6042,2019-07-06,34,55,21
6043,2019-07-06,64,62,-2
6044,2019-07-06,83,76,-7
6046,2019-07-06,40,38,-2
6047,2019-07-06,47,29,-18
6048,2019-07-06,10,17,7
6049,2019-07-06,48,46,-2
6050,2019-07-06,27,19,-8
6051,2019-07-06,27,17,-10
6052,2019-07-06,348,446,98
6053,2019-07-06,204,224,20
6057,2019-07-06,46,43,-3
6058,2019-07-06,51,38,-13
6059,2019-07-06,31,17,-14
6060,2019-07-06,31,30,-1
6061,2019-07-06,69,66,-3
6062,2019-07-06,66,44,-22
6063,2019-07-06,98,81,-17
6064,2019-07-06,118,97,-21
6065,2019-07-06,38,38,0
6066,2019-07-06,24,11,-13
6067,2019-07-06,21,41,20
6068,2019-07-06,6,7,1
6070,2019-07-06,119,90,-29
6072,2019-07-06,37,44,7
6073,2019-07-06,133,138,5
6075,2019-07-06,37,8,-29
6076,2019-07-06,25,29,4
6078,2019-07-06,58,75,17
6079,2019-07-06,70,59,-11
6081,2019-07-06,52,48,-4
6082,2019-07-06,19,15,-4
6083,2019-07-06,77,80,3
6084,2019-07-06,50,65,15
6085,2019-07-06,49,105,56
6086,2019-07-06,37,38,1
6087,2019-07-06,131,152,21
6088,2019-07-06,74,80,6
6089,2019-07-06,32,17,-15
6090,2019-07-06,46,51,5
6091,2019-07-06,47,49,2
6092,2019-07-06,74,42,-32
6093,2019-07-06,34,25,-9
6094,2019-07-06,66,55,-11
6095,2019-07-06,123,105,-18
6096,2019-07-06,37,39,2
6097,2019-07-06,82,72,-10
6098,2019-07-06,43,26,-17
6099,2019-07-06,137,172,35
6100,2019-07-06,203,202,-1
6101,2019-07-06,36,17,-19
6102,2019-07-06,34,27,-7
6104,2019-07-06,54,82,28
6105,2019-07-06,55,67,12
6106,2019-07-06,75,70,-5
6107,2019-07-06,114,87,-27
6108,2019-07-06,32,36,4
6109,2019-07-06,29,44,15
6110,2019-07-06,45,49,4
6111,2019-07-06,70,68,-2
6112,2019-07-06,124,123,-1
6114,2019-07-06,225,242,17
6115,2019-07-06,22,27,5
6116,2019-07-06,82,87,5
6117,2019-07-06,43,42,-1
6118,2019-07-06,108,118,10
6119,2019-07-06,120,145,25
6120,2019-07-06,61,96,35
6121,2019-07-06,35,58,23
6122,2019-07-06,37,40,3
6123,2019-07-06,51,54,3
6124,2019-07-06,46,71,25
6125,2019-07-06,20,18,-2
6126,2019-07-06,41,49,8
6127,2019-07-06,60,52,-8
6128,2019-07-06,28,32,4
6129,2019-07-06,59,58,-1
6130,2019-07-06,26,20,-6
6131,2019-07-06,100,69,-31
6132,2019-07-06,54,70,16
6133,2019-07-06,73,70,-3
6134,2019-07-06,41,40,-1
6136,2019-07-06,214,182,-32
6137,2019-07-06,109,76,-33
6138,2019-07-06,88,77,-11
6139,2019-07-06,49,36,-13
6140,2019-07-06,86,90,4
6141,2019-07-06,55,42,-13
6142,2019-07-06,173,150,-23
6143,2019-07-06,161,149,-12
6145,2019-07-06,67,64,-3
6146,2019-07-06,79,59,-20
6147,2019-07-06,85,52,-33
6148,2019-07-06,138,99,-39
6149,2019-07-06,36,51,15
6150,2019-07-06,83,81,-2
6151,2019-07-06,91,83,-8
6152,2019-07-06,135,133,-2
6153,2019-07-06,44,31,-13
6154,2019-07-06,183,194,11
6155,2019-07-06,147,134,-13
6156,2019-07-06,68,64,-4
6157,2019-07-06,153,125,-28
6158,2019-07-06,55,53,-2
6159,2019-07-06,22,22,0
6160,2019-07-06,54,29,-25
6161,2019-07-06,44,38,-6
6162,2019-07-06,7,6,-1
6163,2019-07-06,138,117,-21
6164,2019-07-06,128,136,8
6165,2019-07-06,206,199,-7
6166,2019-07-06,106,103,-3
6167,2019-07-06,41,40,-1
6168,2019-07-06,23,22,-1
6169,2019-07-06,176,141,-35
6170,2019-07-06,90,90,0
6171,2019-07-06,39,41,2
6173,2019-07-06,146,119,-27
6174,2019-07-06,113,79,-34
6175,2019-07-06,88,76,-12
6176,2019-07-06,139,126,-13
6177,2019-07-06,83,76,-7
6178,2019-07-06,161,149,-12
6179,2019-07-06,104,112,8
6180,2019-07-06,81,84,3
6181,2019-07-06,126,86,-40
6182,2019-07-06,64,39,-25
6183,2019-07-06,91,72,-19
6184,2019-07-06,295,209,-86
6186,2019-07-06,78,60,-18
6187,2019-07-06,116,94,-22
6188,2019-07-06,71,59,-12
6189,2019-07-06,21,15,-6
6190,2019-07-06,73,65,-8
6191,2019-07-06,71,67,-4
6193,2019-07-06,165,164,-1
6194,2019-07-06,161,155,-6
6195,2019-07-06,108,74,-34
6196,2019-07-06,146,101,-45
6197,2019-07-06,51,52,1
6198,2019-07-06,35,20,-15
6199,2019-07-06,100,80,-20
6200,2019-07-06,113,104,-9
6201,2019-07-06,88,62,-26
6202,2019-07-06,116,90,-26
6203,2019-07-06,93,82,-11
6204,2019-07-06,81,86,5
6205,2019-07-06,89,68,-21
6206,2019-07-06,145,131,-14
6207,2019-07-06,42,32,-10
6208,2019-07-06,54,53,-1
6209,2019-07-06,110,106,-4
6210,2019-07-06,26,15,-11
6211,2019-07-06,182,163,-19
6212,2019-07-06,96,50,-46
6213,2019-07-06,139,137,-2
6214,2019-07-06,135,107,-28
6215,2019-07-06,48,51,3
6216,2019-07-06,177,133,-44
6217,2019-07-06,114,71,-43
6218,2019-07-06,79,51,-28
6219,2019-07-06,52,41,-11
6220,2019-07-06,103,91,-12
6221,2019-07-06,226,183,-43
6222,2019-07-06,90,76,-14
6223,2019-07-06,143,115,-28
6225,2019-07-06,75,71,-4
6226,2019-07-06,9,13,4
6227,2019-07-06,155,159,4
6228,2019-07-06,32,35,3
6229,2019-07-06,77,55,-22
6230,2019-07-06,96,99,3
6231,2019-07-06,111,109,-2
6232,2019-07-06,29,28,-1
6233,2019-07-06,120,90,-30
6234,2019-07-06,73,73,0
6235,2019-07-06,57,33,-24
6236,2019-07-06,63,55,-8
6237,2019-07-06,54,51,-3
6240,2019-07-06,24,21,-3
6241,2019-07-06,49,47,-2
6243,2019-07-06,56,57,1
6245,2019-07-06,24,25,1
6246,2019-07-06,46,44,-2
6247,2019-07-06,121,132,11
6248,2019-07-06,104,107,3
6249,2019-07-06,65,49,-16
6250,2019-07-06,158,151,-7
6251,2019-07-06,36,40,4
6252,2019-07-06,66,54,-12
6253,2019-07-06,43,31,-12
6254,2019-07-06,73,60,-13
6255,2019-07-06,124,112,-12
6257,2019-07-06,29,22,-7
6258,2019-07-06,105,97,-8
6259,2019-07-06,48,45,-3
6260,2019-07-06,68,60,-8
6261,2019-07-06,70,66,-4
6262,2019-07-06,71,60,-11
6263,2019-07-06,21,25,4
6265,2019-07-06,34,41,7
6267,2019-07-06,64,51,-13
6268,2019-07-06,61,57,-4
6269,2019-07-06,32,31,-1
6270,2019-07-06,40,25,-15
6271,2019-07-06,1,1,0
6272,2019-07-06,39,32,-7
6273,2019-07-06,35,41,6
6274,2019-07-06,52,50,-2
6275,2019-07-06,29,27,-2
6276,2019-07-06,38,38,0
6277,2019-07-06,70,66,-4
6278,2019-07-06,43,39,-4
6281,2019-07-06,33,23,-10
6301,2019-07-06,13,14,1
6302,2019-07-06,28,17,-11
6303,2019-07-06,14,18,4
6304,2019-07-06,7,9,2
6305,2019-07-06,11,11,0
6306,2019-07-06,25,10,-15
6307,2019-07-06,85,81,-4
6309,2019-07-06,12,19,7
6310,2019-07-06,39,23,-16
6311,2019-07-06,51,39,-12
6312,2019-07-06,26,31,5
6313,2019-07-06,81,84,3
6314,2019-07-06,65,63,-2
6315,2019-07-06,63,38,-25
6316,2019-07-06,49,12,-37
6321,2019-07-06,112,95,-17
6322,2019-07-06,34,32,-2
6323,2019-07-06,12,9,-3
6324,2019-07-06,25,27,2
6327,2019-07-06,47,28,-19
6328,2019-07-06,47,37,-10
6329,2019-07-06,27,24,-3
6330,2019-07-06,14,21,7
6331,2019-07-06,18,15,-3
6332,2019-07-06,35,33,-2
6333,2019-07-06,33,33,0
6334,2019-07-06,79,71,-8
6335,2019-07-06,33,36,3
6336,2019-07-06,30,26,-4
6338,2019-07-06,30,32,2
6339,2019-07-06,33,30,-3
6340,2019-07-06,23,22,-1
6341,2019-07-06,52,54,2
6343,2019-07-06,34,35,1
6345,2019-07-06,24,25,1
6346,2019-07-06,20,16,-4
6347,2019-07-06,13,21,8
6349,2019-07-06,30,31,1
6350,2019-07-06,41,34,-7
6354,2019-07-06,47,48,1
6355,2019-07-06,30,29,-1
6356,2019-07-06,34,19,-15
6357,2019-07-06,24,15,-9
6358,2019-07-06,23,27,4
6359,2019-07-06,133,137,4
6360,2019-07-06,29,23,-6
6361,2019-07-06,58,42,-16
6362,2019-07-06,40,28,-12
6363,2019-07-06,11,16,5
6364,2019-07-06,39,40,1
6366,2019-07-06,22,18,-4
6368,2019-07-06,77,78,1
6369,2019-07-06,29,31,2
6370,2019-07-06,41,37,-4
6371,2019-07-06,65,87,22
6372,2019-07-06,90,105,15
6373,2019-07-06,36,25,-11
6374,2019-07-06,36,31,-5
6375,2019-07-06,52,71,19
6376,2019-07-06,21,15,-6
6377,2019-07-06,44,60,16
6379,2019-07-06,42,41,-1
6380,2019-07-06,18,11,-7
6381,2019-07-06,48,45,-3
6383,2019-07-06,36,31,-5
6384,2019-07-06,29,23,-6
6385,2019-07-06,57,54,-3
6386,2019-07-06,78,102,24
6387,2019-07-06,62,78,16
6388,2019-07-06,26,34,8
6389,2019-07-06,37,27,-10
6391,2019-07-06,83,102,19
6393,2019-07-06,67,87,20
6394,2019-07-06,95,120,25
6395,2019-07-06,100,85,-15
6396,2019-07-06,100,132,32
6397,2019-07-06,46,74,28
6398,2019-07-06,39,59,20
6401,2019-07-06,82,105,23
6402,2019-07-06,85,89,4
6403,2019-07-06,26,32,6
6404,2019-07-06,11,21,10
6405,2019-07-06,55,65,10
6406,2019-07-06,256,343,87
6407,2019-07-06,19,37,18
6408,2019-07-06,43,45,2
6409,2019-07-06,20,26,6
6410,2019-07-06,31,25,-6
6411,2019-07-06,121,103,-18
6412,2019-07-06,14,18,4
6413,2019-07-06,8,7,-1
6414,2019-07-06,41,33,-8
6415,2019-07-06,26,28,2
6416,2019-07-06,21,13,-8
6417,2019-07-06,24,27,3
6418,2019-07-06,12,6,-6
6419,2019-07-06,17,15,-2
6420,2019-07-06,39,27,-12
6421,2019-07-06,55,54,-1
6422,2019-07-06,9,21,12
6423,2019-07-06,13,4,-9
6424,2019-07-06,24,48,24
6425,2019-07-06,67,72,5
6426,2019-07-06,53,77,24
6427,2019-07-06,53,70,17
6428,2019-07-06,15,15,0
6429,2019-07-06,18,28,10
6432,2019-07-06,79,79,0
6433,2019-07-06,21,20,-1
6434,2019-07-06,106,105,-1
6435,2019-07-06,31,34,3
6436,2019-07-06,20,23,3
6501,2019-07-06,242,265,23
6502,2019-07-06,42,46,4
6503,2019-07-06,46,41,-5
6504,2019-07-06,60,67,7
6700,2019-07-06,21,29,8
6701,2019-07-06,52,35,-17
6702,2019-07-06,25,25,0
6703,2019-07-06,85,84,-1
6704,2019-07-06,23,20,-3
6705,2019-07-06,18,18,0
6706,2019-07-06,18,25,7
6707,2019-07-06,26,29,3
6708,2019-07-06,78,99,21
6709,2019-07-06,27,26,-1
6710,2019-07-06,10,12,2
6711,2019-07-06,24,15,-9
6712,2019-07-06,23,22,-1
6713,2019-07-06,10,7,-3
6714,2019-07-06,9,10,1
6715,2019-07-06,44,53,9
6716,2019-07-06,7,10,3
6717,2019-07-06,10,13,3
6718,2019-07-06,24,25,1
6719,2019-07-06,18,15,-3
6720,2019-07-06,35,39,4
6721,2019-07-06,17,18,1
6722,2019-07-06,24,27,3
6723,2019-07-06,22,18,-4
6724,2019-07-06,63,82,19
6725,2019-07-06,31,26,-5
6726,2019-07-06,3,6,3
6727,2019-07-06,70,82,12
6728,2019-07-06,16,16,0
6729,2019-07-06,177,169,-8
6730,2019-07-06,16,16,0
6731,2019-07-06,13,15,2
6732,2019-07-06,23,23,0
6733,2019-07-06,36,35,-1
6734,2019-07-06,42,38,-4
6735,2019-07-06,6,7,1
6736,2019-07-06,7,14,7
6737,2019-07-06,19,24,5
6738,2019-07-06,37,34,-3
6739,2019-07-06,10,7,-3
6741,2019-07-06,12,21,9
6742,2019-07-06,68,70,2
6744,2019-07-06,19,13,-6
6745,2019-07-06,24,25,1
6746,2019-07-06,6,10,4
6747,2019-07-06,47,49,2
6748,2019-07-06,96,106,10
6749,2019-07-06,74,72,-2
6750,2019-07-06,40,41,1
6752,2019-07-06,21,20,-1
6753,2019-07-06,19,16,-3
6754,2019-07-06,21,21,0
6901,2019-07-06,44,52,8
6902,2019-07-06,63,88,25
6903,2019-07-06,147,108,-39
6904,2019-07-06,35,37,2
6905,2019-07-06,30,28,-2
6906,2019-07-06,116,79,-37
6907,2019-07-06,86,57,-29
6908,2019-07-06,52,57,5
6912,2019-07-06,146,136,-10
6913,2019-07-06,62,30,-32
6915,2019-07-06,83,61,-22
6916,2019-07-06,31,24,-7
6917,2019-07-06,16,16,0
6918,2019-07-06,43,29,-14
6919,2019-07-06,17,13,-4
6921,2019-07-06,32,40,8
6923,2019-07-06,35,38,3
6924,2019-07-06,27,34,7
6925,2019-07-06,33,41,8
6926,2019-07-06,70,64,-6
6927,2019-07-06,31,25,-6
6928,2019-07-06,16,1,-15
6929,2019-07-06,37,33,-4
6930,2019-07-06,46,50,4
7001,2019-07-06,30,33,3
7002,2019-07-06,5,7,2
7003,2019-07-06,81,81,0
7004,2019-07-06,10,10,0
7005,2019-07-06,11,9,-2
7006,2019-07-06,11,7,-4
7007,2019-07-06,7,3,-4
7008,2019-07-06,17,16,-1
7009,2019-07-06,90,107,17
7010,2019-07-06,18,18,0
7011,2019-07-06,105,103,-2
7012,2019-07-06,39,45,6
7013,2019-07-06,20,18,-2
7014,2019-07-06,21,13,-8
7015,2019-07-06,41,47,6
7016,2019-07-06,6,17,11
7017,2019-07-06,25,25,0
7018,2019-07-06,27,36,9
7019,2019-07-06,13,10,-3
7020,2019-07-06,20,20,0
7021,2019-07-06,37,37,0
7022,2019-07-06,50,39,-11
7023,2019-07-06,2,7,5
7024,2019-07-06,36,22,-14
7025,2019-07-06,52,40,-12
7026,2019-07-06,46,42,-4
7027,2019-07-06,47,36,-11
7028,2019-07-06,45,31,-14
7029,2019-07-06,49,41,-8
7030,2019-07-06,51,47,-4
7031,2019-07-06,39,41,2
7032,2019-07-06,92,51,-41
7033,2019-07-06,71,68,-3
7034,2019-07-06,81,149,68
7035,2019-07-06,34,31,-3
7036,2019-07-06,74,74,0
7037,2019-07-06,63,48,-15
7038,2019-07-06,85,60,-25
7039,2019-07-06,22,20,-2
7040,2019-07-06,63,55,-8
7041,2019-07-06,98,90,-8
7042,2019-07-06,35,33,-2
7043,2019-07-06,23,17,-6
7044,2019-07-06,8,9,1
7045,2019-07-06,119,112,-7
7046,2019-07-06,74,93,19
7047,2019-07-06,145,164,19
7048,2019-07-06,28,29,1
7049,2019-07-06,24,23,-1
7050,2019-07-06,58,57,-1
7051,2019-07-06,9,17,8
7052,2019-07-06,41,40,-1
7053,2019-07-06,81,82,1
7054,2019-07-06,67,81,14
7055,2019-07-06,26,52,26
7056,2019-07-06,16,16,0
7057,2019-07-06,40,41,1
7058,2019-07-06,59,63,4
7059,2019-07-06,33,34,1
7060,2019-07-06,39,38,-1
7061,2019-07-06,26,19,-7
7062,2019-07-06,42,41,-1
7063,2019-07-06,37,27,-10
7064,2019-07-06,9,16,7
7065,2019-07-06,30,25,-5
7066,2019-07-06,95,110,15
7067,2019-07-06,57,41,-16
7068,2019-07-06,140,149,9
7069,2019-07-06,135,138,3
7070,2019-07-06,47,48,1
7071,2019-07-06,67,49,-18
7072,2019-07-06,44,36,-8
7073,2019-07-06,104,86,-18
7074,2019-07-06,38,40,2
7075,2019-07-06,1,3,2
7076,2019-07-06,70,74,4
7077,2019-07-06,238,360,122
7078,2019-07-06,37,46,9
7079,2019-07-06,24,24,0
7080,2019-07-06,59,66,7
7081,2019-07-06,48,48,0
7082,2019-07-06,67,94,27
7083,2019-07-06,58,55,-3
7084,2019-07-06,85,88,3
7086,2019-07-06,5,7,2
7087,2019-07-06,3,1,-2
7088,2019-07-06,1,0,-1
7090,2019-07-06,9,10,1
7091,2019-07-06,3,8,5
7092,2019-07-06,2,4,2
7093,2019-07-06,4,8,4
7094,2019-07-06,6,10,4
7095,2019-07-06,7,6,-1
7096,2019-07-06,8,23,15
7097,2019-07-06,8,12,4
7098,2019-07-06,2,4,2
7099,2019-07-06,1,5,4
7100,2019-07-06,3,2,-1
7101,2019-07-06,2,2,0
7102,2019-07-06,19,14,-5
7103,2019-07-06,40,44,4
7104,2019-07-06,2,1,-1
7105,2019-07-06,6,4,-2
7106,2019-07-06,2,4,2
7107,2019-07-06,11,10,-1
7108,2019-07-06,19,20,1
7109,2019-07-06,4,8,4
7110,2019-07-06,19,23,4
7111,2019-07-06,3,2,-1
7112,2019-07-06,5,7,2
7113,2019-07-06,44,43,-1
7114,2019-07-06,94,90,-4
7115,2019-07-06,21,14,-7
7116,2019-07-06,20,8,-12
7117,2019-07-06,4,3,-1
7119,2019-07-06,22,25,3
7120,2019-07-06,7,6,-1
7121,2019-07-06,3,11,8
7122,2019-07-06,2,5,3
7123,2019-07-06,2,4,2
7124,2019-07-06,10,6,-4
7125,2019-07-06,45,51,6
7126,2019-07-06,13,13,0
7127,2019-07-06,23,19,-4
7128,2019-07-06,10,9,-1
7129,2019-07-06,11,10,-1
7130,2019-07-06,7,7,0
7131,2019-07-06,5,6,1
7132,2019-07-06,3,3,0
7133,2019-07-06,13,12,-1
7134,2019-07-06,4,2,-2
7135,2019-07-06,6,4,-2
7136,2019-07-06,2,3,1
7137,2019-07-06,5,4,-1
7139,2019-07-06,41,41,0
7140,2019-07-06,17,20,3
7141,2019-07-06,23,39,16
7143,2019-07-06,28,33,5
7144,2019-07-06,70,67,-3
7145,2019-07-06,14,12,-2
7147,2019-07-06,35,36,1
7148,2019-07-06,11,13,2
7149,2019-07-06,18,23,5
4000,2019-07-07,63,60,-3
4001,2019-07-07,4,10,6
4002,2019-07-07,22,26,4
5002,2019-07-07,12,13,1
5003,2019-07-07,6,6,0
5004,2019-07-07,4,0,-4
5006,2019-07-07,3,8,5
5007,2019-07-07,25,27,2
6001,2019-07-07,43,43,0
6002,2019-07-07,51,53,2
6003,2019-07-07,54,68,14
6004,2019-07-07,42,24,-18
6005,2019-07-07,32,31,-1
6006,2019-07-07,30,24,-6
6008,2019-07-07,59,52,-7
6009,2019-07-07,89,82,-7
6011,2019-07-07,39,43,4
6012,2019-07-07,130,159,29
6013,2019-07-07,92,126,34
6014,2019-07-07,78,65,-13
6015,2019-07-07,219,335,116
6016,2019-07-07,23,27,4
6017,2019-07-07,49,53,4
6018,2019-07-07,56,56,0
6019,2019-07-07,125,93,-32
6020,2019-07-07,92,124,32
6021,2019-07-07,58,44,-14
6022,2019-07-07,54,51,-3
6023,2019-07-07,196,272,76
6024,2019-07-07,19,19,0
6025,2019-07-07,39,38,-1
6026,2019-07-07,315,391,76
6027,2019-07-07,80,77,-3
6029,2019-07-07,10,24,14
6031,2019-07-07,32,35,3
6032,2019-07-07,87,113,26
6033,2019-07-07,18,14,-4
6034,2019-07-07,10,10,0
6035,2019-07-07,20,24,4
6036,2019-07-07,255,343,88
6037,2019-07-07,57,63,6
6038,2019-07-07,79,76,-3
6039,2019-07-07,65,63,-2
6040,2019-07-07,55,56,1
6041,2019-07-07,35,45,10
6042,2019-07-07,29,26,-3
6043,2019-07-07,67,75,8
6044,2019-07-07,79,86,7
6046,2019-07-07,26,29,3
6047,2019-07-07,45,21,-24
6048,2019-07-07,9,17,8
6049,2019-07-07,39,38,-1
6050,2019-07-07,18,19,1
6051,2019-07-07,44,46,2
6052,2019-07-07,307,432,125
6053,2019-07-07,119,139,20
6057,2019-07-07,39,38,-1
6058,2019-07-07,45,37,-8
6059,2019-07-07,16,15,-1
6060,2019-07-07,14,16,2
6061,2019-07-07,63,63,0
6062,2019-07-07,27,29,2
6063,2019-07-07,73,59,-14
6064,2019-07-07,104,79,-25
6065,2019-07-07,52,66,14
6066,2019-07-07,32,23,-9
6067,2019-07-07,15,11,-4
6068,2019-07-07,11,13,2
6070,2019-07-07,116,102,-14
6072,2019-07-07,25,21,-4
6073,2019-07-07,127,107,-20
6075,2019-07-07,24,11,-13
6076,2019-07-07,26,31,5
6078,2019-07-07,50,84,34
6079,2019-07-07,63,66,3
6081,2019-07-07,42,36,-6
6082,2019-07-07,16,19,3
6083,2019-07-07,66,65,-1
6084,2019-07-07,44,41,-3
6085,2019-07-07,37,106,69
6086,2019-07-07,67,65,-2
6087,2019-07-07,123,144,21
6088,2019-07-07,61,53,-8
6089,2019-07-07,30,18,-12
6090,2019-07-07,34,31,-3
6091,2019-07-07,43,35,-8
6092,2019-07-07,68,50,-18
6093,2019-07-07,27,22,-5
6094,2019-07-07,50,54,4
6095,2019-07-07,95,96,1
6096,2019-07-07,32,35,3
6097,2019-07-07,89,58,-31
6098,2019-07-07,22,24,2
6099,2019-07-07,110,150,40
6100,2019-07-07,173,164,-9
6101,2019-07-07,41,11,-30
6102,2019-07-07,33,35,2
6104,2019-07-07,60,77,17
6105,2019-07-07,53,58,5
6106,2019-07-07,35,46,11
6107,2019-07-07,97,73,-24
6108,2019-07-07,39,42,3
6109,2019-07-07,40,23,-17
6110,2019-07-07,37,48,11
6111,2019-07-07,44,52,8
6112,2019-07-07,119,122,3
6114,2019-07-07,232,246,14
6115,2019-07-07,16,25,9
6116,2019-07-07,58,70,12
6117,2019-07-07,26,29,3
6118,2019-07-07,87,92,5
6119,2019-07-07,117,139,22
6120,2019-07-07,72,98,26
6121,2019-07-07,46,63,17
6122,2019-07-07,14,16,2
6123,2019-07-07,43,43,0
6124,2019-07-07,30,47,17
6125,2019-07-07,13,8,-5
6126,2019-07-07,40,36,-4
6127,2019-07-07,71,66,-5
6128,2019-07-07,25,25,0
6129,2019-07-07,64,72,8
6130,2019-07-07,39,37,-2
6131,2019-07-07,68,57,-11
6132,2019-07-07,45,47,2
6133,2019-07-07,105,96,-9
6134,2019-07-07,40,47,7
6136,2019-07-07,226,180,-46
6137,2019-07-07,109,112,3
6138,2019-07-07,72,73,1
6139,2019-07-07,37,45,8
6140,2019-07-07,124,110,-14
6141,2019-07-07,66,63,-3
6142,2019-07-07,162,114,-48
6143,2019-07-07,179,173,-6
6145,2019-07-07,89,86,-3
6146,2019-07-07,101,91,-10
6147,2019-07-07,98,77,-21
6148,2019-07-07,120,90,-30
6149,2019-07-07,40,33,-7
6150,2019-07-07,66,73,7
6151,2019-07-07,62,56,-6
6152,2019-07-07,143,117,-26
6153,2019-07-07,43,46,3
6154,2019-07-07,140,139,-1
6155,2019-07-07,150,150,0
6156,2019-07-07,57,59,2
6157,2019-07-07,160,158,-2
6158,2019-07-07,69,63,-6
6159,2019-07-07,27,31,4
6160,2019-07-07,48,42,-6
6161,2019-07-07,44,32,-12
6162,2019-07-07,12,16,4
6163,2019-07-07,118,141,23
6164,2019-07-07,118,123,5
6165,2019-07-07,185,199,14
6166,2019-07-07,98,107,9
6167,2019-07-07,33,44,11
6168,2019-07-07,32,32,0
6169,2019-07-07,171,136,-35
6170,2019-07-07,112,114,2
6171,2019-07-07,39,40,1
6173,2019-07-07,128,85,-43
6174,2019-07-07,89,77,-12
6175,2019-07-07,89,52,-37
6176,2019-07-07,135,131,-4
6177,2019-07-07,61,61,0
6178,2019-07-07,120,135,15
6179,2019-07-07,86,72,-14
6180,2019-07-07,53,57,4
6181,2019-07-07,123,101,-22
6182,2019-07-07,84,62,-22
6183,2019-07-07,98,83,-15
6184,2019-07-07,271,212,-59
6186,2019-07-07,91,76,-15
6187,2019-07-07,118,117,-1
6188,2019-07-07,38,33,-5
6189,2019-07-07,23,28,5
6190,2019-07-07,83,60,-23
6191,2019-07-07,56,47,-9
6193,2019-07-07,178,189,11
6194,2019-07-07,180,174,-6
6195,2019-07-07,82,86,4
6196,2019-07-07,109,94,-15
6197,2019-07-07,37,37,0
6198,2019-07-07,15,16,1
6199,2019-07-07,83,69,-14
6200,2019-07-07,123,120,-3
6201,2019-07-07,60,44,-16
6202,2019-07-07,100,82,-18
6203,2019-07-07,75,69,-6
6204,2019-07-07,76,74,-2
6205,2019-07-07,79,85,6
6206,2019-07-07,146,128,-18
6207,2019-07-07,27,37,10
6208,2019-07-07,74,72,-2
6209,2019-07-07,101,94,-7
6210,2019-07-07,46,41,-5
6211,2019-07-07,170,171,1
6212,2019-07-07,131,104,-27
6213,2019-07-07,118,119,1
6214,2019-07-07,133,76,-57
6215,2019-07-07,23,22,-1
6216,2019-07-07,445,323,-122
6217,2019-07-07,84,63,-21
6218,2019-07-07,65,49,-16
6219,2019-07-07,59,50,-9
6220,2019-07-07,91,70,-21
6221,2019-07-07,200,181,-19
6222,2019-07-07,118,117,-1
6223,2019-07-07,214,177,-37
6225,2019-07-07,102,78,-24
6226,2019-07-07,16,9,-7
6227,2019-07-07,177,172,-5
6228,2019-07-07,38,29,-9
6229,2019-07-07,75,59,-16
6230,2019-07-07,130,137,7
6231,2019-07-07,151,153,2
6232,2019-07-07,30,14,-16
6233,2019-07-07,112,114,2
6234,2019-07-07,90,90,0
6235,2019-07-07,25,24,-1
6236,2019-07-07,65,62,-3
6237,2019-07-07,60,54,-6
6240,2019-07-07,20,17,-3
6241,2019-07-07,37,43,6
6243,2019-07-07,81,78,-3
6245,2019-07-07,51,39,-12
6246,2019-07-07,64,52,-12
6247,2019-07-07,140,110,-30
6248,2019-07-07,145,136,-9
6249,2019-07-07,84,84,0
6250,2019-07-07,183,165,-18
6251,2019-07-07,43,40,-3
6252,2019-07-07,81,71,-10
6253,2019-07-07,46,42,-4
6254,2019-07-07,87,82,-5
6255,2019-07-07,122,116,-6
6257,2019-07-07,59,47,-12
6258,2019-07-07,105,76,-29
6259,2019-07-07,38,34,-4
6260,2019-07-07,60,64,4
6261,2019-07-07,45,46,1
6262,2019-07-07,46,46,0
6263,2019-07-07,13,14,1
6265,2019-07-07,43,46,3
6267,2019-07-07,44,52,8
6268,2019-07-07,78,67,-11
6269,2019-07-07,33,29,-4
6270,2019-07-07,40,37,-3
6271,2019-07-07,10,10,0
6272,2019-07-07,22,28,6
6273,2019-07-07,51,44,-7
6274,2019-07-07,31,37,6
6275,2019-07-07,34,30,-4
6276,2019-07-07,55,44,-11
6277,2019-07-07,60,65,5
6278,2019-07-07,27,32,5
6281,2019-07-07,33,22,-11
6301,2019-07-07,23,23,0
6302,2019-07-07,20,21,1
6303,2019-07-07,17,11,-6
6304,2019-07-07,13,12,-1
6305,2019-07-07,18,23,5
6306,2019-07-07,29,12,-17
6307,2019-07-07,80,87,7
6309,2019-07-07,27,36,9
6310,2019-07-07,35,15,-20
6311,2019-07-07,34,36,2
6312,2019-07-07,25,42,17
6313,2019-07-07,90,98,8
6314,2019-07-07,56,59,3
6315,2019-07-07,76,58,-18
6316,2019-07-07,45,22,-23
6321,2019-07-07,192,180,-12
6322,2019-07-07,30,29,-1
6323,2019-07-07,12,18,6
6324,2019-07-07,31,30,-1
6327,2019-07-07,45,32,-13
6328,2019-07-07,56,52,-4
6329,2019-07-07,25,25,0
6330,2019-07-07,34,24,-10
6331,2019-07-07,21,19,-2
6332,2019-07-07,40,39,-1
6333,2019-07-07,33,27,-6
6334,2019-07-07,75,75,0
6335,2019-07-07,33,36,3
6336,2019-07-07,25,26,1
6338,2019-07-07,43,39,-4
6339,2019-07-07,23,18,-5
6340,2019-07-07,27,21,-6
6341,2019-07-07,44,52,8
6343,2019-07-07,30,38,8
6345,2019-07-07,29,27,-2
6346,2019-07-07,20,16,-4
6347,2019-07-07,25,21,-4
6349,2019-07-07,37,37,0
6350,2019-07-07,57,66,9
6354,2019-07-07,30,45,15
6355,2019-07-07,23,54,31
6356,2019-07-07,22,18,-4
6357,2019-07-07,22,22,0
6358,2019-07-07,21,23,2
6359,2019-07-07,88,81,-7
6360,2019-07-07,36,45,9
6361,2019-07-07,64,66,2
6362,2019-07-07,36,32,-4
6363,2019-07-07,16,12,-4
6364,2019-07-07,60,49,-11
6366,2019-07-07,27,22,-5
6368,2019-07-07,86,88,2
6369,2019-07-07,25,21,-4
6370,2019-07-07,41,31,-10
6371,2019-07-07,80,83,3
6372,2019-07-07,111,134,23
6373,2019-07-07,46,36,-10
6374,2019-07-07,43,47,4
6375,2019-07-07,58,72,14
6376,2019-07-07,33,35,2
6377,2019-07-07,33,45,12
6379,2019-07-07,30,39,9
6380,2019-07-07,21,17,-4
6381,2019-07-07,75,78,3
6383,2019-07-07,35,30,-5
6384,2019-07-07,23,28,5
6385,2019-07-07,46,47,1
6386,2019-07-07,51,68,17
6387,2019-07-07,80,91,11
6388,2019-07-07,26,34,8
6389,2019-07-07,43,34,-9
6391,2019-07-07,75,85,10
6393,2019-07-07,76,89,13
6394,2019-07-07,101,106,5
6395,2019-07-07,61,82,21
6396,2019-07-07,86,107,21
6397,2019-07-07,56,67,11
6398,2019-07-07,28,44,16
6401,2019-07-07,65,70,5
6402,2019-07-07,89,105,16
6403,2019-07-07,39,34,-5
6404,2019-07-07,17,17,0
6405,2019-07-07,77,77,0
6406,2019-07-07,333,434,101
6407,2019-07-07,18,42,24
6408,2019-07-07,35,36,1
6409,2019-07-07,15,10,-5
6410,2019-07-07,25,25,0
6411,2019-07-07,105,96,-9
6412,2019-07-07,14,12,-2
6413,2019-07-07,7,7,0
6414,2019-07-07,21,36,15
6415,2019-07-07,16,13,-3
6416,2019-07-07,27,19,-8
6417,2019-07-07,33,37,4
6418,2019-07-07,11,12,1
6419,2019-07-07,18,23,5
6420,2019-07-07,26,24,-2
6421,2019-07-07,51,45,-6
6422,2019-07-07,12,16,4
6423,2019-07-07,15,10,-5
6424,2019-07-07,32,23,-9
6425,2019-07-07,82,87,5
6426,2019-07-07,55,55,0
6427,2019-07-07,79,83,4
6428,2019-07-07,27,27,0
6429,2019-07-07,44,51,7
6432,2019-07-07,66,62,-4
6433,2019-07-07,29,31,2
6434,2019-07-07,80,85,5
6435,2019-07-07,24,30,6
6436,2019-07-07,32,27,-5
6501,2019-07-07,338,456,118
6502,2019-07-07,55,50,-5
6503,2019-07-07,46,40,-6
6504,2019-07-07,56,57,1
6700,2019-07-07,21,44,23
6701,2019-07-07,37,17,-20
6702,2019-07-07,10,13,3
6703,2019-07-07,79,89,10
6704,2019-07-07,29,28,-1
6705,2019-07-07,23,24,1
6706,2019-07-07,22,22,0
6707,2019-07-07,19,23,4
6708,2019-07-07,63,85,22
6709,2019-07-07,36,29,-7
6710,2019-07-07,22,16,-6
6711,2019-07-07,11,15,4
6712,2019-07-07,51,49,-2
6713,2019-07-07,13,16,3
6714,2019-07-07,22,23,1
6715,2019-07-07,52,56,4
6716,2019-07-07,14,15,1
6717,2019-07-07,10,12,2
6718,2019-07-07,26,26,0
6719,2019-07-07,22,22,0
6720,2019-07-07,25,29,4
6721,2019-07-07,16,18,2
6722,2019-07-07,16,20,4
6723,2019-07-07,20,17,-3
6724,2019-07-07,80,94,14
6725,2019-07-07,38,39,1
6726,2019-07-07,13,18,5
6727,2019-07-07,57,68,11
6728,2019-07-07,21,24,3
6729,2019-07-07,118,122,4
6730,2019-07-07,9,15,6
6731,2019-07-07,26,15,-11
6732,2019-07-07,24,35,11
6733,2019-07-07,29,24,-5
6734,2019-07-07,43,42,-1
6735,2019-07-07,15,17,2
6736,2019-07-07,29,28,-1
6737,2019-07-07,22,18,-4
6738,2019-07-07,29,29,0
6739,2019-07-07,4,9,5
6741,2019-07-07,20,15,-5
6742,2019-07-07,80,86,6
6744,2019-07-07,25,30,5
6745,2019-07-07,29,33,4
6746,2019-07-07,29,14,-15
6747,2019-07-07,27,23,-4
6748,2019-07-07,101,104,3
6749,2019-07-07,48,51,3
6750,2019-07-07,43,34,-9
6752,2019-07-07,13,10,-3
6753,2019-07-07,13,11,-2
6754,2019-07-07,23,18,-5
6901,2019-07-07,55,56,1
6902,2019-07-07,64,70,6
6903,2019-07-07,91,89,-2
6904,2019-07-07,38,47,9
6905,2019-07-07,30,22,-8
6906,2019-07-07,89,68,-21
6907,2019-07-07,101,83,-18
6908,2019-07-07,59,54,-5
6912,2019-07-07,140,114,-26
6913,2019-07-07,67,54,-13
6915,2019-07-07,85,76,-9
6916,2019-07-07,27,28,1
6917,2019-07-07,14,20,6
6918,2019-07-07,44,29,-15
6919,2019-07-07,27,19,-8
6921,2019-07-07,59,67,8
6923,2019-07-07,38,35,-3
6924,2019-07-07,31,24,-7
6925,2019-07-07,42,41,-1
6926,2019-07-07,72,59,-13
6927,2019-07-07,37,41,4
6928,2019-07-07,20,13,-7
6929,2019-07-07,36,46,10
6930,2019-07-07,37,37,0
7001,2019-07-07,37,41,4
7002,2019-07-07,5,10,5
7003,2019-07-07,64,67,3
7004,2019-07-07,13,6,-7
7005,2019-07-07,7,10,3
7006,2019-07-07,17,25,8
7007,2019-07-07,15,21,6
7008,2019-07-07,16,18,2
7009,2019-07-07,90,101,11
7010,2019-07-07,22,18,-4
7011,2019-07-07,103,110,7
7012,2019-07-07,31,46,15
7013,2019-07-07,21,26,5
7014,2019-07-07,48,35,-13
7015,2019-07-07,76,65,-11
7016,2019-07-07,14,11,-3
7017,2019-07-07,29,36,7
7018,2019-07-07,31,38,7
7019,2019-07-07,13,13,0
7020,2019-07-07,34,25,-9
7021,2019-07-07,25,25,0
7022,2019-07-07,35,29,-6
7023,2019-07-07,4,1,-3
7024,2019-07-07,42,33,-9
7025,2019-07-07,49,43,-6
7026,2019-07-07,25,29,4
7027,2019-07-07,47,44,-3
7028,2019-07-07,36,28,-8
7029,2019-07-07,43,45,2
7030,2019-07-07,44,50,6
7031,2019-07-07,57,54,-3
7032,2019-07-07,92,68,-24
7033,2019-07-07,62,65,3
7034,2019-07-07,73,125,52
7035,2019-07-07,31,38,7
7036,2019-07-07,42,41,-1
7037,2019-07-07,39,34,-5
7038,2019-07-07,49,61,12
7039,2019-07-07,37,38,1
7040,2019-07-07,69,66,-3
7041,2019-07-07,94,72,-22
7042,2019-07-07,39,45,6
7043,2019-07-07,34,31,-3
7044,2019-07-07,4,7,3
7045,2019-07-07,131,123,-8
7046,2019-07-07,61,46,-15
7047,2019-07-07,130,174,44
7048,2019-07-07,40,47,7
7049,2019-07-07,10,16,6
7050,2019-07-07,55,53,-2
7051,2019-07-07,27,32,5
7052,2019-07-07,26,36,10
7053,2019-07-07,87,102,15
7054,2019-07-07,105,119,14
7055,2019-07-07,50,61,11
7056,2019-07-07,14,15,1
7057,2019-07-07,60,66,6
7058,2019-07-07,41,50,9
7059,2019-07-07,24,30,6
7060,2019-07-07,29,50,21
7061,2019-07-07,20,25,5
7062,2019-07-07,37,41,4
7063,2019-07-07,27,26,-1
7064,2019-07-07,16,21,5
7065,2019-07-07,28,38,10
7066,2019-07-07,79,142,63
7067,2019-07-07,27,27,0
7068,2019-07-07,117,118,1
7069,2019-07-07,61,80,19
7070,2019-07-07,34,31,-3
7071,2019-07-07,46,38,-8
7072,2019-07-07,38,33,-5
7073,2019-07-07,53,63,10
7074,2019-07-07,34,27,-7
7076,2019-07-07,62,46,-16
7077,2019-07-07,88,60,-28
7078,2019-07-07,36,38,2
7079,2019-07-07,16,21,5
7080,2019-07-07,50,50,0
7081,2019-07-07,27,32,5
7082,2019-07-07,70,78,8
7083,2019-07-07,32,45,13
7084,2019-07-07,72,70,-2
7086,2019-07-07,8,6,-2
7087,2019-07-07,4,3,-1
7088,2019-07-07,5,5,0
7089,2019-07-07,2,2,0
7090,2019-07-07,17,17,0
7091,2019-07-07,11,9,-2
7092,2019-07-07,9,6,-3
7093,2019-07-07,10,9,-1
7094,2019-07-07,5,6,1
7095,2019-07-07,5,3,-2
7096,2019-07-07,22,32,10
7097,2019-07-07,10,13,3
7098,2019-07-07,4,3,-1
7099,2019-07-07,5,6,1
7100,2019-07-07,1,3,2
7101,2019-07-07,5,2,-3
7102,2019-07-07,11,17,6
7103,2019-07-07,68,75,7
7104,2019-07-07,6,7,1
7105,2019-07-07,29,30,1
7106,2019-07-07,9,11,2
7107,2019-07-07,14,9,-5
7108,2019-07-07,63,66,3
7109,2019-07-07,5,9,4
7110,2019-07-07,36,33,-3
7111,2019-07-07,3,6,3
7112,2019-07-07,12,12,0
7113,2019-07-07,39,39,0
7114,2019-07-07,114,131,17
7115,2019-07-07,12,11,-1
7116,2019-07-07,12,9,-3
7117,2019-07-07,3,3,0
7118,2019-07-07,1,2,1
7119,2019-07-07,31,28,-3
7120,2019-07-07,10,12,2
7121,2019-07-07,8,9,1
7122,2019-07-07,8,5,-3
7123,2019-07-07,6,10,4
7124,2019-07-07,21,12,-9
7125,2019-07-07,77,75,-2
7126,2019-07-07,4,2,-2
7127,2019-07-07,33,33,0
7128,2019-07-07,13,13,0
7129,2019-07-07,9,8,-1
7130,2019-07-07,3,1,-2
7131,2019-07-07,3,2,-1
7132,2019-07-07,8,3,-5
7133,2019-07-07,5,10,5
7134,2019-07-07,3,8,5
7135,2019-07-07,5,6,1
7136,2019-07-07,2,2,0
7137,2019-07-07,4,9,5
7138,2019-07-07,9,11,2
7139,2019-07-07,93,89,-4
7140,2019-07-07,27,22,-5
7141,2019-07-07,43,53,10
7143,2019-07-07,49,55,6
7144,2019-07-07,68,74,6
7145,2019-07-07,10,12,2
7147,2019-07-07,50,54,4
7148,2019-07-07,11,16,5
7149,2019-07-07,19,17,-2
4000,2019-07-08,62,88,26
4001,2019-07-08,7,17,10
4002,2019-07-08,30,30,0
5002,2019-07-08,20,14,-6
5003,2019-07-08,3,2,-1
5004,2019-07-08,4,10,6
5006,2019-07-08,9,9,0
5007,2019-07-08,29,35,6
6001,2019-07-08,66,97,31
6002,2019-07-08,70,86,16
6003,2019-07-08,79,80,1
6004,2019-07-08,63,65,2
6005,2019-07-08,100,120,20
6006,2019-07-08,37,27,-10
6008,2019-07-08,82,111,29
6009,2019-07-08,83,81,-2
6011,2019-07-08,89,100,11
6012,2019-07-08,149,235,86
6013,2019-07-08,94,101,7
6014,2019-07-08,85,84,-1
6015,2019-07-08,158,216,58
6016,2019-07-08,24,12,-12
6017,2019-07-08,56,78,22
6018,2019-07-08,71,86,15
6019,2019-07-08,158,83,-75
6020,2019-07-08,91,121,30
6021,2019-07-08,102,76,-26
6022,2019-07-08,78,73,-5
6023,2019-07-08,152,177,25
6024,2019-07-08,6,7,1
6025,2019-07-08,40,40,0
6026,2019-07-08,223,277,54
6027,2019-07-08,133,156,23
6029,2019-07-08,27,37,10
6031,2019-07-08,42,68,26
6032,2019-07-08,65,184,119
6033,2019-07-08,27,21,-6
6034,2019-07-08,24,25,1
6035,2019-07-08,29,66,37
6036,2019-07-08,193,256,63
6037,2019-07-08,63,69,6
6038,2019-07-08,104,116,12
6039,2019-07-08,103,104,1
6040,2019-07-08,70,81,11
6041,2019-07-08,83,79,-4
6042,2019-07-08,104,102,-2
6043,2019-07-08,291,452,161
6044,2019-07-08,102,91,-11
6046,2019-07-08,157,155,-2
6047,2019-07-08,63,58,-5
6048,2019-07-08,67,49,-18
6049,2019-07-08,95,101,6
6050,2019-07-08,65,67,2
6051,2019-07-08,58,46,-12
6052,2019-07-08,287,422,135
6053,2019-07-08,139,169,30
6057,2019-07-08,103,91,-12
6058,2019-07-08,93,80,-13
6059,2019-07-08,80,61,-19
6060,2019-07-08,36,22,-14
6061,2019-07-08,72,72,0
6062,2019-07-08,89,60,-29
6063,2019-07-08,133,105,-28
6064,2019-07-08,251,190,-61
6065,2019-07-08,80,57,-23
6066,2019-07-08,49,28,-21
6067,2019-07-08,51,88,37
6068,2019-07-08,27,26,-1
6070,2019-07-08,198,149,-49
6072,2019-07-08,81,87,6
6073,2019-07-08,254,177,-77
6075,2019-07-08,39,24,-15
6076,2019-07-08,29,38,9
6078,2019-07-08,47,67,20
6079,2019-07-08,72,51,-21
6080,2019-07-08,143,141,-2
6081,2019-07-08,55,41,-14
6082,2019-07-08,27,16,-11
6083,2019-07-08,171,172,1
6084,2019-07-08,90,115,25
6085,2019-07-08,112,190,78
6086,2019-07-08,38,44,6
6087,2019-07-08,131,153,22
6088,2019-07-08,73,82,9
6089,2019-07-08,60,68,8
6090,2019-07-08,62,59,-3
6091,2019-07-08,64,63,-1
6092,2019-07-08,75,81,6
6093,2019-07-08,32,23,-9
6094,2019-07-08,79,65,-14
6095,2019-07-08,126,119,-7
6096,2019-07-08,58,94,36
6097,2019-07-08,102,70,-32
6098,2019-07-08,62,38,-24
6099,2019-07-08,112,153,41
6100,2019-07-08,296,250,-46
6101,2019-07-08,54,14,-40
6102,2019-07-08,29,24,-5
6103,2019-07-08,4,9,5
6104,2019-07-08,72,98,26
6105,2019-07-08,42,67,25
6106,2019-07-08,30,33,3
6107,2019-07-08,63,61,-2
6108,2019-07-08,44,55,11
6109,2019-07-08,15,20,5
6110,2019-07-08,50,50,0
6111,2019-07-08,57,75,18
6112,2019-07-08,102,112,10
6114,2019-07-08,181,233,52
6115,2019-07-08,19,27,8
6116,2019-07-08,61,74,13
6117,2019-07-08,32,31,-1
6118,2019-07-08,73,85,12
6119,2019-07-08,82,115,33
6120,2019-07-08,95,111,16
6121,2019-07-08,39,52,13
6122,2019-07-08,22,19,-3
6123,2019-07-08,17,35,18
6124,2019-07-08,50,72,22
6125,2019-07-08,34,30,-4
6126,2019-07-08,44,64,20
6127,2019-07-08,59,46,-13
6128,2019-07-08,24,24,0
6129,2019-07-08,60,65,5
6130,2019-07-08,34,34,0
6131,2019-07-08,99,62,-37
6132,2019-07-08,69,89,20
6133,2019-07-08,88,74,-14
6134,2019-07-08,48,46,-2
6136,2019-07-08,287,223,-64
6137,2019-07-08,98,90,-8
6138,2019-07-08,80,75,-5
6139,2019-07-08,67,57,-10
6140,2019-07-08,111,113,2
6141,2019-07-08,41,51,10
6142,2019-07-08,105,91,-14
6143,2019-07-08,142,119,-23
6145,2019-07-08,67,58,-9
6146,2019-07-08,66,61,-5
6147,2019-07-08,131,88,-43
6148,2019-07-08,155,108,-47
6149,2019-07-08,59,40,-19
6150,2019-07-08,62,68,6
6151,2019-07-08,73,80,7
6152,2019-07-08,146,156,10
6153,2019-07-08,63,72,9
6154,2019-07-08,168,159,-9
6155,2019-07-08,120,135,15
6156,2019-07-08,85,82,-3
6157,2019-07-08,135,114,-21
6158,2019-07-08,55,59,4
6159,2019-07-08,43,49,6
6160,2019-07-08,42,46,4
6161,2019-07-08,58,51,-7
6162,2019-07-08,15,24,9
6163,2019-07-08,100,104,4
6164,2019-07-08,111,118,7
6165,2019-07-08,206,206,0
6166,2019-07-08,101,93,-8
6167,2019-07-08,35,45,10
6168,2019-07-08,56,54,-2
6169,2019-07-08,176,127,-49
6170,2019-07-08,95,92,-3
6171,2019-07-08,36,38,2
6173,2019-07-08,111,58,-53
6174,2019-07-08,109,89,-20
6175,2019-07-08,106,60,-46
6176,2019-07-08,96,88,-8
6177,2019-07-08,86,71,-15
6178,2019-07-08,122,119,-3
6179,2019-07-08,70,67,-3
6180,2019-07-08,80,82,2
6181,2019-07-08,125,87,-38
6182,2019-07-08,52,55,3
6183,2019-07-08,99,72,-27
6184,2019-07-08,251,210,-41
6186,2019-07-08,74,57,-17
6187,2019-07-08,117,130,13
6188,2019-07-08,59,58,-1
6189,2019-07-08,23,20,-3
6190,2019-07-08,117,76,-41
6191,2019-07-08,63,67,4
6193,2019-07-08,114,111,-3
6194,2019-07-08,223,197,-26
6195,2019-07-08,124,77,-47
6196,2019-07-08,129,107,-22
6197,2019-07-08,65,58,-7
6198,2019-07-08,23,14,-9
6199,2019-07-08,103,92,-11
6200,2019-07-08,120,101,-19
6201,2019-07-08,84,76,-8
6202,2019-07-08,129,106,-23
6203,2019-07-08,124,120,-4
6204,2019-07-08,102,100,-2
6205,2019-07-08,114,84,-30
6206,2019-07-08,160,138,-22
6207,2019-07-08,52,47,-5
6208,2019-07-08,87,80,-7
6209,2019-07-08,135,101,-34
6210,2019-07-08,67,48,-19
6211,2019-07-08,171,147,-24
6212,2019-07-08,124,64,-60
6213,2019-07-08,157,146,-11
6214,2019-07-08,121,90,-31
6215,2019-07-08,35,36,1
6216,2019-07-08,146,99,-47
6217,2019-07-08,90,62,-28
6218,2019-07-08,75,57,-18
6219,2019-07-08,76,56,-20
6220,2019-07-08,95,81,-14
6221,2019-07-08,205,185,-20
6222,2019-07-08,93,67,-26
6223,2019-07-08,161,78,-83
6224,2019-07-08,39,34,-5
6225,2019-07-08,89,75,-14
6226,2019-07-08,46,40,-6
6227,2019-07-08,151,138,-13
6228,2019-07-08,30,32,2
6229,2019-07-08,66,62,-4
6230,2019-07-08,99,82,-17
6231,2019-07-08,128,111,-17
6232,2019-07-08,30,34,4
6233,2019-07-08,109,97,-12
6234,2019-07-08,82,74,-8
6235,2019-07-08,81,75,-6
6236,2019-07-08,57,63,6
6237,2019-07-08,48,57,9
6240,2019-07-08,33,25,-8
6241,2019-07-08,53,44,-9
6243,2019-07-08,74,60,-14
6245,2019-07-08,44,43,-1
6246,2019-07-08,74,60,-14
6247,2019-07-08,129,108,-21
6248,2019-07-08,146,118,-28
6249,2019-07-08,77,65,-12
6250,2019-07-08,98,86,-12
6251,2019-07-08,28,22,-6
6252,2019-07-08,50,50,0
6253,2019-07-08,67,43,-24
6254,2019-07-08,77,64,-13
6255,2019-07-08,109,107,-2
6257,2019-07-08,63,37,-26
6258,2019-07-08,128,95,-33
6259,2019-07-08,54,47,-7
6260,2019-07-08,59,54,-5
6261,2019-07-08,57,73,16
6262,2019-07-08,60,64,4
6263,2019-07-08,25,31,6
6265,2019-07-08,54,54,0
6267,2019-07-08,45,53,8
6268,2019-07-08,67,64,-3
6269,2019-07-08,33,41,8
6270,2019-07-08,45,47,2
6271,2019-07-08,3,4,1
6272,2019-07-08,42,38,-4
6273,2019-07-08,23,37,14
6274,2019-07-08,58,46,-12
6275,2019-07-08,36,40,4
6276,2019-07-08,44,41,-3
6277,2019-07-08,80,69,-11
6278,2019-07-08,29,34,5
6281,2019-07-08,30,13,-17
6301,2019-07-08,18,16,-2
6302,2019-07-08,22,18,-4
6303,2019-07-08,24,21,-3
6304,2019-07-08,19,12,-7
6305,2019-07-08,22,19,-3
6306,2019-07-08,64,23,-41
6307,2019-07-08,79,72,-7
6309,2019-07-08,31,32,1
6310,2019-07-08,69,22,-47
6311,2019-07-08,44,37,-7
6312,2019-07-08,25,36,11
6313,2019-07-08,63,76,13
6314,2019-07-08,73,64,-9
6315,2019-07-08,95,55,-40
6316,2019-07-08,53,24,-29
6321,2019-07-08,152,128,-24
6322,2019-07-08,32,37,5
6323,2019-07-08,23,16,-7
6324,2019-07-08,41,33,-8
6327,2019-07-08,49,47,-2
6328,2019-07-08,32,37,5
6329,2019-07-08,32,36,4
6330,2019-07-08,21,15,-6
6331,2019-07-08,23,21,-2
6332,2019-07-08,43,47,4
6333,2019-07-08,22,29,7
6334,2019-07-08,80,85,5
6335,2019-07-08,38,39,1
6336,2019-07-08,34,38,4
6338,2019-07-08,26,25,-1
6339,2019-07-08,23,21,-2
6340,2019-07-08,33,39,6
6341,2019-07-08,39,61,22
6343,2019-07-08,50,50,0
6345,2019-07-08,30,40,10
6346,2019-07-08,19,8,-11
6347,2019-07-08,31,29,-2
6349,2019-07-08,40,45,5
6350,2019-07-08,47,65,18
6354,2019-07-08,45,45,0
6355,2019-07-08,40,48,8
6356,2019-07-08,48,31,-17
6357,2019-07-08,34,25,-9
6358,2019-07-08,30,33,3
6359,2019-07-08,115,143,28
6360,2019-07-08,40,37,-3
6361,2019-07-08,48,50,2
6362,2019-07-08,43,56,13
6363,2019-07-08,20,25,5
6364,2019-07-08,53,58,5
6366,2019-07-08,39,26,-13
6368,2019-07-08,58,70,12
6369,2019-07-08,43,48,5
6370,2019-07-08,26,30,4
6371,2019-07-08,75,88,13
6372,2019-07-08,109,106,-3
6373,2019-07-08,32,45,13
6374,2019-07-08,35,35,0
6375,2019-07-08,66,96,30
6376,2019-07-08,39,38,-1
6377,2019-07-08,51,57,6
6379,2019-07-08,41,51,10
6380,2019-07-08,33,20,-13
6381,2019-07-08,80,75,-5
6383,2019-07-08,39,25,-14
6384,2019-07-08,35,25,-10
6385,2019-07-08,52,54,2
6386,2019-07-08,94,107,13
6387,2019-07-08,76,99,23
6388,2019-07-08,31,36,5
6389,2019-07-08,45,44,-1
6391,2019-07-08,48,88,40
6393,2019-07-08,70,104,34
6394,2019-07-08,73,116,43
6395,2019-07-08,83,83,0
6396,2019-07-08,99,89,-10
6397,2019-07-08,51,78,27
6398,2019-07-08,38,65,27
6401,2019-07-08,58,74,16
6402,2019-07-08,67,74,7
6403,2019-07-08,30,38,8
6404,2019-07-08,17,29,12
6405,2019-07-08,49,59,10
6406,2019-07-08,166,230,64
6407,2019-07-08,25,41,16
6408,2019-07-08,61,56,-5
6409,2019-07-08,22,27,5
6410,2019-07-08,49,61,12
6411,2019-07-08,144,115,-29
6412,2019-07-08,40,42,2
6413,2019-07-08,29,67,38
6414,2019-07-08,21,29,8
6415,2019-07-08,23,28,5
6416,2019-07-08,32,24,-8
6417,2019-07-08,35,39,4
6418,2019-07-08,8,8,0
6419,2019-07-08,14,21,7
6420,2019-07-08,33,33,0
6421,2019-07-08,46,60,14
6422,2019-07-08,16,16,0
6423,2019-07-08,27,15,-12
6424,2019-07-08,42,77,35
6425,2019-07-08,67,71,4
6426,2019-07-08,86,100,14
6427,2019-07-08,87,87,0
6428,2019-07-08,19,34,15
6429,2019-07-08,41,53,12
6432,2019-07-08,84,97,13
6433,2019-07-08,32,34,2
6434,2019-07-08,109,105,-4
6435,2019-07-08,46,40,-6
6436,2019-07-08,27,17,-10
6501,2019-07-08,103,121,18
6502,2019-07-08,15,15,0
6503,2019-07-08,76,75,-1
6504,2019-07-08,18,16,-2
6700,2019-07-08,23,45,22
6701,2019-07-08,85,58,-27
6702,2019-07-08,18,28,10
6703,2019-07-08,62,55,-7
6704,2019-07-08,31,35,4
6705,2019-07-08,19,30,11
6706,2019-07-08,21,34,13
6707,2019-07-08,47,44,-3
6708,2019-07-08,71,134,63
6709,2019-07-08,28,35,7
6710,2019-07-08,20,19,-1
6711,2019-07-08,30,26,-4
6712,2019-07-08,34,37,3
6713,2019-07-08,27,27,0
6714,2019-07-08,12,9,-3
6715,2019-07-08,39,50,11
6716,2019-07-08,11,14,3
6717,2019-07-08,10,19,9
6718,2019-07-08,30,37,7
6719,2019-07-08,22,26,4
6720,2019-07-08,39,46,7
6721,2019-07-08,32,35,3
6722,2019-07-08,10,12,2
6723,2019-07-08,15,18,3
6724,2019-07-08,87,90,3
6725,2019-07-08,34,41,7
6726,2019-07-08,14,17,3
6727,2019-07-08,117,133,16
6728,2019-07-08,11,17,6
6729,2019-07-08,129,144,15
6730,2019-07-08,16,17,1
6731,2019-07-08,27,18,-9
6732,2019-07-08,43,35,-8
6733,2019-07-08,28,37,9
6734,2019-07-08,52,52,0
6735,2019-07-08,9,13,4
6736,2019-07-08,24,28,4
6737,2019-07-08,35,34,-1
6738,2019-07-08,106,87,-19
6739,2019-07-08,7,11,4
6741,2019-07-08,20,19,-1
6742,2019-07-08,62,65,3
6744,2019-07-08,22,29,7
6745,2019-07-08,26,26,0
6746,2019-07-08,28,27,-1
6747,2019-07-08,50,54,4
6748,2019-07-08,89,105,16
6749,2019-07-08,38,47,9
6750,2019-07-08,43,39,-4
6752,2019-07-08,28,34,6
6753,2019-07-08,21,24,3
6754,2019-07-08,21,29,8
6901,2019-07-08,36,56,20
6902,2019-07-08,78,76,-2
6903,2019-07-08,108,108,0
6904,2019-07-08,50,44,-6
6905,2019-07-08,61,47,-14
6906,2019-07-08,203,127,-76
6907,2019-07-08,124,93,-31
6908,2019-07-08,58,60,2
6912,2019-07-08,207,145,-62
6913,2019-07-08,58,48,-10
6915,2019-07-08,88,92,4
6916,2019-07-08,39,27,-12
6917,2019-07-08,14,15,1
6918,2019-07-08,49,35,-14
6919,2019-07-08,31,26,-5
6921,2019-07-08,87,90,3
6923,2019-07-08,61,66,5
6924,2019-07-08,24,31,7
6925,2019-07-08,47,49,2
6926,2019-07-08,69,75,6
6927,2019-07-08,75,47,-28
6928,2019-07-08,36,27,-9
6929,2019-07-08,35,40,5
6930,2019-07-08,30,30,0
7001,2019-07-08,25,34,9
7002,2019-07-08,13,19,6
7003,2019-07-08,136,96,-40
7004,2019-07-08,25,18,-7
7005,2019-07-08,11,16,5
7006,2019-07-08,14,18,4
7007,2019-07-08,6,17,11
7008,2019-07-08,24,22,-2
7009,2019-07-08,106,129,23
7010,2019-07-08,21,26,5
7011,2019-07-08,74,91,17
7012,2019-07-08,47,54,7
7013,2019-07-08,34,39,5
7014,2019-07-08,86,53,-33
7015,2019-07-08,27,24,-3
7016,2019-07-08,11,13,2
7017,2019-07-08,27,39,12
7018,2019-07-08,32,61,29
7019,2019-07-08,134,106,-28
7020,2019-07-08,32,42,10
7021,2019-07-08,34,40,6
7022,2019-07-08,41,37,-4
7023,2019-07-08,7,6,-1
7024,2019-07-08,40,43,3
7025,2019-07-08,58,40,-18
7026,2019-07-08,78,78,0
7027,2019-07-08,52,43,-9
7028,2019-07-08,102,103,1
7029,2019-07-08,41,49,8
7030,2019-07-08,49,53,4
7031,2019-07-08,53,55,2
7032,2019-07-08,91,64,-27
7033,2019-07-08,80,65,-15
7034,2019-07-08,42,56,14
7035,2019-07-08,63,60,-3
7036,2019-07-08,35,40,5
7037,2019-07-08,51,50,-1
7038,2019-07-08,74,77,3
7039,2019-07-08,32,35,3
7040,2019-07-08,64,80,16
7041,2019-07-08,152,143,-9
7042,2019-07-08,53,51,-2
7043,2019-07-08,21,25,4
7044,2019-07-08,12,14,2
7045,2019-07-08,82,80,-2
7046,2019-07-08,106,116,10
7047,2019-07-08,149,202,53
7048,2019-07-08,25,21,-4
7049,2019-07-08,29,35,6
7050,2019-07-08,38,41,3
7051,2019-07-08,11,13,2
7052,2019-07-08,57,52,-5
7053,2019-07-08,76,79,3
7054,2019-07-08,58,73,15
7055,2019-07-08,39,35,-4
7056,2019-07-08,23,27,4
7057,2019-07-08,40,51,11
7058,2019-07-08,44,49,5
7059,2019-07-08,45,43,-2
7060,2019-07-08,38,51,13
7061,2019-07-08,31,27,-4
7062,2019-07-08,76,81,5
7063,2019-07-08,26,26,0
7064,2019-07-08,36,34,-2
7065,2019-07-08,45,33,-12
7066,2019-07-08,90,163,73
7067,2019-07-08,64,70,6
7068,2019-07-08,106,103,-3
7069,2019-07-08,98,99,1
7070,2019-07-08,32,37,5
7071,2019-07-08,70,52,-18
7072,2019-07-08,39,34,-5
7073,2019-07-08,78,86,8
7074,2019-07-08,39,42,3
7075,2019-07-08,9,13,4
7076,2019-07-08,66,47,-19
7077,2019-07-08,24,36,12
7078,2019-07-08,42,40,-2
7079,2019-07-08,46,71,25
7080,2019-07-08,77,92,15
7081,2019-07-08,78,77,-1
7082,2019-07-08,79,106,27
7083,2019-07-08,64,49,-15
7084,2019-07-08,86,74,-12
7086,2019-07-08,3,2,-1
7087,2019-07-08,1,3,2
7088,2019-07-08,3,2,-1
7090,2019-07-08,14,17,3
7091,2019-07-08,5,9,4
7092,2019-07-08,12,12,0
7093,2019-07-08,2,7,5
7094,2019-07-08,2,1,-1
7095,2019-07-08,23,27,4
7096,2019-07-08,36,27,-9
7097,2019-07-08,15,16,1
7098,2019-07-08,3,7,4
7099,2019-07-08,4,5,1
7100,2019-07-08,5,5,0
7101,2019-07-08,14,14,0
7102,2019-07-08,19,28,9
7103,2019-07-08,12,13,1
7104,2019-07-08,10,13,3
7105,2019-07-08,16,15,-1
7106,2019-07-08,4,6,2
7107,2019-07-08,4,3,-1
7108,2019-07-08,18,12,-6
7109,2019-07-08,10,9,-1
7110,2019-07-08,13,15,2
7111,2019-07-08,5,5,0
7112,2019-07-08,13,16,3
7113,2019-07-08,53,60,7
7114,2019-07-08,107,118,11
7115,2019-07-08,17,13,-4
7116,2019-07-08,22,14,-8
7117,2019-07-08,5,5,0
7118,2019-07-08,2,3,1
7119,2019-07-08,12,18,6
7120,2019-07-08,8,7,-1
7121,2019-07-08,9,9,0
7122,2019-07-08,8,9,1
7123,2019-07-08,4,4,0
7124,2019-07-08,19,12,-7
7125,2019-07-08,45,34,-11
7126,2019-07-08,10,4,-6
7127,2019-07-08,36,43,7
7128,2019-07-08,14,12,-2
7129,2019-07-08,12,14,2
7130,2019-07-08,10,7,-3
7131,2019-07-08,4,2,-2
7132,2019-07-08,2,6,4
7133,2019-07-08,12,9,-3
7134,2019-07-08,9,6,-3
7135,2019-07-08,1,5,4
7136,2019-07-08,7,9,2
7137,2019-07-08,10,14,4
7138,2019-07-08,4,3,-1
7139,2019-07-08,38,38,0
7140,2019-07-08,36,41,5
7141,2019-07-08,42,51,9
7143,2019-07-08,33,36,3
7144,2019-07-08,53,65,12
7145,2019-07-08,23,20,-3
7147,2019-07-08,51,56,5
7148,2019-07-08,12,13,1
7149,2019-07-08,17,16,-1
4000,2019-07-09,64,78,14
4001,2019-07-09,13,13,0
4002,2019-07-09,27,27,0
5002,2019-07-09,3,9,6
5003,2019-07-09,4,4,0
5004,2019-07-09,7,4,-3
5006,2019-07-09,8,9,1
5007,2019-07-09,26,34,8
6001,2019-07-09,82,119,37
6002,2019-07-09,53,81,28
6003,2019-07-09,81,109,28
6004,2019-07-09,66,73,7
6005,2019-07-09,99,122,23
6006,2019-07-09,46,30,-16
6007,2019-07-09,23,31,8
6008,2019-07-09,67,102,35
6009,2019-07-09,86,89,3
6011,2019-07-09,89,108,19
6012,2019-07-09,195,278,83
6013,2019-07-09,133,157,24
6014,2019-07-09,57,82,25
6015,2019-07-09,254,352,98
6016,2019-07-09,26,24,-2
6017,2019-07-09,52,65,13
6018,2019-07-09,77,93,16
6019,2019-07-09,204,96,-108
6020,2019-07-09,95,118,23
6021,2019-07-09,83,74,-9
6022,2019-07-09,66,68,2
6023,2019-07-09,159,235,76
6024,2019-07-09,8,5,-3
6025,2019-07-09,38,37,-1
6026,2019-07-09,199,237,38
6027,2019-07-09,170,193,23
6029,2019-07-09,31,44,13
6031,2019-07-09,37,65,28
6032,2019-07-09,79,148,69
6033,2019-07-09,23,16,-7
6034,2019-07-09,22,22,0
6035,2019-07-09,35,82,47
6036,2019-07-09,208,284,76
6037,2019-07-09,66,69,3
6038,2019-07-09,98,100,2
6039,2019-07-09,82,105,23
6040,2019-07-09,71,92,21
6041,2019-07-09,74,80,6
6042,2019-07-09,104,113,9
6043,2019-07-09,257,473,216
6044,2019-07-09,95,85,-10
6046,2019-07-09,135,137,2
6047,2019-07-09,73,68,-5
6048,2019-07-09,58,66,8
6049,2019-07-09,117,138,21
6050,2019-07-09,65,67,2
6051,2019-07-09,48,41,-7
6052,2019-07-09,332,412,80
6053,2019-07-09,169,172,3
6057,2019-07-09,90,85,-5
6058,2019-07-09,77,72,-5
6059,2019-07-09,105,84,-21
6060,2019-07-09,28,29,1
6061,2019-07-09,108,102,-6
6062,2019-07-09,85,67,-18
6063,2019-07-09,120,111,-9
6064,2019-07-09,276,202,-74
6065,2019-07-09,80,55,-25
6066,2019-07-09,52,25,-27
6067,2019-07-09,59,86,27
6068,2019-07-09,24,24,0
6070,2019-07-09,267,174,-93
6072,2019-07-09,72,75,3
6073,2019-07-09,241,178,-63
6075,2019-07-09,40,26,-14
6076,2019-07-09,24,36,12
6078,2019-07-09,67,110,43
6079,2019-07-09,85,65,-20
6080,2019-07-09,171,156,-15
6081,2019-07-09,54,42,-12
6082,2019-07-09,15,17,2
6083,2019-07-09,190,198,8
6084,2019-07-09,71,80,9
6085,2019-07-09,116,235,119
6086,2019-07-09,28,42,14
6087,2019-07-09,131,180,49
6088,2019-07-09,79,105,26
6089,2019-07-09,61,62,1
6090,2019-07-09,79,82,3
6091,2019-07-09,69,58,-11
6092,2019-07-09,91,75,-16
6093,2019-07-09,28,16,-12
6094,2019-07-09,44,43,-1
6095,2019-07-09,126,121,-5
6096,2019-07-09,55,81,26
6097,2019-07-09,114,69,-45
6098,2019-07-09,66,51,-15
6099,2019-07-09,137,163,26
6100,2019-07-09,289,257,-32
6101,2019-07-09,55,24,-31
6102,2019-07-09,42,37,-5
6103,2019-07-09,18,23,5
6104,2019-07-09,110,123,13
6105,2019-07-09,64,80,16
6106,2019-07-09,33,46,13
6107,2019-07-09,120,79,-41
6108,2019-07-09,44,58,14
6109,2019-07-09,23,19,-4
6110,2019-07-09,39,43,4
6111,2019-07-09,51,78,27
6112,2019-07-09,117,115,-2
6114,2019-07-09,193,226,33
6115,2019-07-09,19,23,4
6116,2019-07-09,56,76,20
6117,2019-07-09,45,51,6
6118,2019-07-09,74,95,21
6119,2019-07-09,88,111,23
6120,2019-07-09,88,125,37
6121,2019-07-09,38,41,3
6122,2019-07-09,20,24,4
6123,2019-07-09,27,26,-1
6124,2019-07-09,51,67,16
6125,2019-07-09,34,25,-9
6126,2019-07-09,58,62,4
6127,2019-07-09,57,53,-4
6128,2019-07-09,25,32,7
6129,2019-07-09,83,75,-8
6130,2019-07-09,27,29,2
6131,2019-07-09,99,52,-47
6132,2019-07-09,88,91,3
6133,2019-07-09,91,91,0
6134,2019-07-09,54,58,4
6136,2019-07-09,304,233,-71
6137,2019-07-09,106,95,-11
6138,2019-07-09,93,90,-3
6139,2019-07-09,47,53,6
6140,2019-07-09,96,95,-1
6141,2019-07-09,48,48,0
6142,2019-07-09,137,100,-37
6143,2019-07-09,189,142,-47
6145,2019-07-09,85,77,-8
6146,2019-07-09,105,82,-23
6147,2019-07-09,122,72,-50
6148,2019-07-09,156,108,-48
6149,2019-07-09,54,48,-6
6150,2019-07-09,84,85,1
6151,2019-07-09,97,76,-21
6152,2019-07-09,146,127,-19
6153,2019-07-09,67,71,4
6154,2019-07-09,189,196,7
6155,2019-07-09,149,146,-3
6156,2019-07-09,94,84,-10
6157,2019-07-09,134,118,-16
6158,2019-07-09,63,58,-5
6159,2019-07-09,49,50,1
6160,2019-07-09,41,49,8
6161,2019-07-09,56,44,-12
6162,2019-07-09,17,15,-2
6163,2019-07-09,128,149,21
6164,2019-07-09,89,102,13
6165,2019-07-09,196,209,13
6166,2019-07-09,140,95,-45
6167,2019-07-09,41,53,12
6168,2019-07-09,61,53,-8
6169,2019-07-09,183,131,-52
6170,2019-07-09,112,84,-28
6171,2019-07-09,44,52,8
6173,2019-07-09,92,69,-23
6174,2019-07-09,111,87,-24
6175,2019-07-09,102,71,-31
6176,2019-07-09,87,95,8
6177,2019-07-09,74,72,-2
6178,2019-07-09,136,143,7
6179,2019-07-09,87,86,-1
6180,2019-07-09,75,71,-4
6181,2019-07-09,157,96,-61
6182,2019-07-09,49,43,-6
6183,2019-07-09,94,85,-9
6184,2019-07-09,289,225,-64
6186,2019-07-09,90,79,-11
6187,2019-07-09,138,121,-17
6188,2019-07-09,65,55,-10
6189,2019-07-09,22,21,-1
6190,2019-07-09,117,86,-31
6191,2019-07-09,72,61,-11
6193,2019-07-09,91,99,8
6194,2019-07-09,252,238,-14
6195,2019-07-09,91,66,-25
6196,2019-07-09,127,114,-13
6197,2019-07-09,47,46,-1
6198,2019-07-09,22,19,-3
6199,2019-07-09,147,92,-55
6200,2019-07-09,147,125,-22
6201,2019-07-09,94,71,-23
6202,2019-07-09,136,126,-10
6203,2019-07-09,153,116,-37
6204,2019-07-09,100,122,22
6205,2019-07-09,94,75,-19
6206,2019-07-09,172,169,-3
6207,2019-07-09,58,55,-3
6208,2019-07-09,92,87,-5
6209,2019-07-09,145,125,-20
6210,2019-07-09,50,46,-4
6211,2019-07-09,170,131,-39
6212,2019-07-09,117,68,-49
6213,2019-07-09,139,123,-16
6214,2019-07-09,138,99,-39
6215,2019-07-09,82,76,-6
6216,2019-07-09,189,105,-84
6217,2019-07-09,124,84,-40
6218,2019-07-09,68,66,-2
6219,2019-07-09,77,64,-13
6220,2019-07-09,105,95,-10
6221,2019-07-09,234,191,-43
6222,2019-07-09,94,56,-38
6223,2019-07-09,157,90,-67
6224,2019-07-09,49,54,5
6225,2019-07-09,74,49,-25
6226,2019-07-09,52,45,-7
6227,2019-07-09,174,171,-3
6228,2019-07-09,37,36,-1
6229,2019-07-09,68,71,3
6230,2019-07-09,99,93,-6
6231,2019-07-09,133,98,-35
6232,2019-07-09,29,27,-2
6233,2019-07-09,130,86,-44
6234,2019-07-09,93,82,-11
6235,2019-07-09,106,71,-35
6236,2019-07-09,83,94,11
6237,2019-07-09,70,64,-6
6240,2019-07-09,24,27,3
6241,2019-07-09,46,54,8
6243,2019-07-09,53,59,6
6245,2019-07-09,62,46,-16
6246,2019-07-09,67,60,-7
6247,2019-07-09,151,132,-19
6248,2019-07-09,171,138,-33
6249,2019-07-09,53,41,-12
6250,2019-07-09,103,96,-7
6251,2019-07-09,26,22,-4
6252,2019-07-09,67,61,-6
6253,2019-07-09,63,52,-11
6254,2019-07-09,85,83,-2
6255,2019-07-09,101,109,8
6257,2019-07-09,63,41,-22
6258,2019-07-09,125,87,-38
6259,2019-07-09,53,54,1
6260,2019-07-09,57,58,1
6261,2019-07-09,59,52,-7
6262,2019-07-09,57,60,3
6263,2019-07-09,23,26,3
6265,2019-07-09,63,68,5
6267,2019-07-09,71,72,1
6268,2019-07-09,65,59,-6
6269,2019-07-09,34,46,12
6270,2019-07-09,39,54,15
6271,2019-07-09,1,3,2
6272,2019-07-09,27,36,9
6273,2019-07-09,53,29,-24
6274,2019-07-09,44,46,2
6275,2019-07-09,33,37,4
6276,2019-07-09,45,43,-2
6277,2019-07-09,95,84,-11
6278,2019-07-09,37,42,5
6280,2019-07-09,47,40,-7
6281,2019-07-09,38,22,-16
6301,2019-07-09,28,21,-7
6302,2019-07-09,19,12,-7
6303,2019-07-09,26,24,-2
6304,2019-07-09,9,11,2
6305,2019-07-09,25,17,-8
6306,2019-07-09,78,42,-36
6307,2019-07-09,75,70,-5
6309,2019-07-09,41,39,-2
6310,2019-07-09,87,43,-44
6311,2019-07-09,48,36,-12
6312,2019-07-09,25,36,11
6313,2019-07-09,62,78,16
6314,2019-07-09,78,77,-1
6315,2019-07-09,115,61,-54
6316,2019-07-09,49,22,-27
6321,2019-07-09,138,120,-18
6322,2019-07-09,35,40,5
6323,2019-07-09,30,26,-4
6324,2019-07-09,31,42,11
6327,2019-07-09,45,33,-12
6328,2019-07-09,37,33,-4
6329,2019-07-09,37,26,-11
6330,2019-07-09,32,24,-8
6331,2019-07-09,28,20,-8
6332,2019-07-09,44,46,2
6333,2019-07-09,25,27,2
6334,2019-07-09,99,93,-6
6335,2019-07-09,37,31,-6
6336,2019-07-09,27,27,0
6338,2019-07-09,39,29,-10
6339,2019-07-09,34,22,-12
6340,2019-07-09,31,30,-1
6341,2019-07-09,43,60,17
6343,2019-07-09,52,51,-1
6345,2019-07-09,23,33,10
6346,2019-07-09,32,19,-13
6347,2019-07-09,25,27,2
6349,2019-07-09,53,63,10
6350,2019-07-09,69,71,2
6354,2019-07-09,49,36,-13
6355,2019-07-09,32,59,27
6356,2019-07-09,48,38,-10
6357,2019-07-09,20,15,-5
6358,2019-07-09,30,32,2
6359,2019-07-09,101,122,21
6360,2019-07-09,37,45,8
6361,2019-07-09,50,48,-2
6362,2019-07-09,37,48,11
6363,2019-07-09,23,22,-1
6364,2019-07-09,62,56,-6
6366,2019-07-09,31,22,-9
6368,2019-07-09,86,87,1
6369,2019-07-09,41,54,13
6370,2019-07-09,34,42,8
6371,2019-07-09,74,68,-6
6372,2019-07-09,127,127,0
6373,2019-07-09,49,48,-1
6374,2019-07-09,51,43,-8
6375,2019-07-09,83,94,11
6376,2019-07-09,34,33,-1
6377,2019-07-09,50,62,12
6379,2019-07-09,37,42,5
6380,2019-07-09,37,30,-7
6381,2019-07-09,67,70,3
6383,2019-07-09,39,31,-8
6384,2019-07-09,28,22,-6
6385,2019-07-09,60,58,-2
6386,2019-07-09,89,109,20
6387,2019-07-09,84,98,14
6388,2019-07-09,41,49,8
6389,2019-07-09,53,37,-16
6391,2019-07-09,78,103,25
6393,2019-07-09,65,107,42
6394,2019-07-09,83,118,35
6395,2019-07-09,98,104,6
6396,2019-07-09,105,122,17
6397,2019-07-09,63,74,11
6398,2019-07-09,46,61,15
6401,2019-07-09,70,87,17
6402,2019-07-09,66,62,-4
6403,2019-07-09,24,35,11
6404,2019-07-09,20,32,12
6405,2019-07-09,74,87,13
6406,2019-07-09,154,188,34
6407,2019-07-09,25,37,12
6408,2019-07-09,55,73,18
6409,2019-07-09,25,30,5
6410,2019-07-09,68,67,-1
6411,2019-07-09,129,126,-3
6412,2019-07-09,39,47,8
6413,2019-07-09,36,123,87
6414,2019-07-09,33,42,9
6415,2019-07-09,29,30,1
6416,2019-07-09,27,14,-13
6417,2019-07-09,42,37,-5
6418,2019-07-09,7,10,3
6419,2019-07-09,11,14,3
6420,2019-07-09,34,34,0
6421,2019-07-09,51,53,2
6422,2019-07-09,21,21,0
6423,2019-07-09,27,16,-11
6424,2019-07-09,54,90,36
6425,2019-07-09,51,60,9
6426,2019-07-09,89,90,1
6427,2019-07-09,106,105,-1
6428,2019-07-09,20,41,21
6429,2019-07-09,48,69,21
6432,2019-07-09,121,117,-4
6433,2019-07-09,52,47,-5
6434,2019-07-09,94,97,3
6435,2019-07-09,62,66,4
6436,2019-07-09,27,28,1
6501,2019-07-09,104,120,16
6502,2019-07-09,18,22,4
6503,2019-07-09,77,64,-13
6504,2019-07-09,26,28,2
6700,2019-07-09,18,36,18
6701,2019-07-09,79,55,-24
6702,2019-07-09,3,7,4
6703,2019-07-09,65,65,0
6704,2019-07-09,35,36,1
6705,2019-07-09,32,41,9
6706,2019-07-09,19,28,9
6707,2019-07-09,27,29,2
6708,2019-07-09,47,102,55
6709,2019-07-09,34,33,-1
6710,2019-07-09,23,17,-6
6711,2019-07-09,26,29,3
6712,2019-07-09,21,32,11
6713,2019-07-09,16,19,3
6714,2019-07-09,8,9,1
6715,2019-07-09,33,33,0
6716,2019-07-09,11,14,3
6717,2019-07-09,16,21,5
6718,2019-07-09,29,31,2
6719,2019-07-09,25,24,-1
6720,2019-07-09,35,37,2
6721,2019-07-09,31,30,-1
6722,2019-07-09,16,20,4
6723,2019-07-09,16,21,5
6724,2019-07-09,91,112,21
6725,2019-07-09,43,48,5
6726,2019-07-09,10,12,2
6727,2019-07-09,119,110,-9
6728,2019-07-09,22,22,0
6729,2019-07-09,157,151,-6
6730,2019-07-09,22,18,-4
6731,2019-07-09,23,21,-2
6732,2019-07-09,50,51,1
6733,2019-07-09,36,39,3
6734,2019-07-09,47,47,0
6735,2019-07-09,12,13,1
6736,2019-07-09,24,26,2
6737,2019-07-09,30,30,0
6738,2019-07-09,116,99,-17
6739,2019-07-09,7,9,2
6741,2019-07-09,26,37,11
6742,2019-07-09,71,86,15
6744,2019-07-09,33,37,4
6745,2019-07-09,29,27,-2
6746,2019-07-09,25,24,-1
6747,2019-07-09,64,67,3
6748,2019-07-09,100,119,19
6749,2019-07-09,52,52,0
6750,2019-07-09,54,54,0
6752,2019-07-09,23,28,5
6753,2019-07-09,29,27,-2
6754,2019-07-09,21,25,4
6901,2019-07-09,42,72,30
6902,2019-07-09,85,96,11
6903,2019-07-09,120,105,-15
6904,2019-07-09,48,42,-6
6905,2019-07-09,59,52,-7
6906,2019-07-09,190,116,-74
6907,2019-07-09,106,81,-25
6908,2019-07-09,64,66,2
6912,2019-07-09,234,174,-60
6913,2019-07-09,65,55,-10
6915,2019-07-09,134,100,-34
6916,2019-07-09,33,41,8
6917,2019-07-09,25,26,1
6918,2019-07-09,40,36,-4
6919,2019-07-09,20,25,5
6921,2019-07-09,95,94,-1
6923,2019-07-09,53,54,1
6924,2019-07-09,34,31,-3
6925,2019-07-09,57,57,0
6926,2019-07-09,71,61,-10
6927,2019-07-09,83,49,-34
6928,2019-07-09,43,22,-21
6929,2019-07-09,47,38,-9
6930,2019-07-09,30,31,1
7001,2019-07-09,35,38,3
7002,2019-07-09,13,23,10
7003,2019-07-09,149,118,-31
7004,2019-07-09,17,19,2
7005,2019-07-09,8,8,0
7006,2019-07-09,17,19,2
7007,2019-07-09,12,19,7
7008,2019-07-09,22,21,-1
7009,2019-07-09,107,152,45
7010,2019-07-09,24,24,0
7011,2019-07-09,82,93,11
7012,2019-07-09,56,68,12
7013,2019-07-09,31,26,-5
7014,2019-07-09,83,48,-35
7015,2019-07-09,22,28,6
7016,2019-07-09,24,19,-5
7017,2019-07-09,37,51,14
7018,2019-07-09,42,52,10
7019,2019-07-09,111,114,3
7020,2019-07-09,31,43,12
7021,2019-07-09,48,38,-10
7022,2019-07-09,43,45,2
7023,2019-07-09,7,6,-1
7024,2019-07-09,41,39,-2
7025,2019-07-09,61,43,-18
7026,2019-07-09,96,92,-4
7027,2019-07-09,48,48,0
7028,2019-07-09,135,111,-24
7029,2019-07-09,52,44,-8
7030,2019-07-09,46,56,10
7031,2019-07-09,64,61,-3
7032,2019-07-09,109,65,-44
7033,2019-07-09,80,65,-15
7034,2019-07-09,33,65,32
7035,2019-07-09,56,58,2
7036,2019-07-09,36,36,0
7037,2019-07-09,72,56,-16
7038,2019-07-09,81,72,-9
7039,2019-07-09,36,41,5
7040,2019-07-09,83,104,21
7041,2019-07-09,179,148,-31
7042,2019-07-09,44,52,8
7043,2019-07-09,36,29,-7
7044,2019-07-09,11,12,1
7045,2019-07-09,80,79,-1
7046,2019-07-09,151,176,25
7047,2019-07-09,166,232,66
7048,2019-07-09,30,40,10
7049,2019-07-09,34,47,13
7050,2019-07-09,55,55,0
7051,2019-07-09,7,15,8
7052,2019-07-09,64,67,3
7053,2019-07-09,73,82,9
7054,2019-07-09,55,67,12
7055,2019-07-09,16,44,28
7056,2019-07-09,22,27,5
7057,2019-07-09,39,57,18
7058,2019-07-09,52,67,15
7059,2019-07-09,38,38,0
7060,2019-07-09,53,66,13
7061,2019-07-09,17,25,8
7062,2019-07-09,81,70,-11
7063,2019-07-09,30,22,-8
7064,2019-07-09,39,41,2
7065,2019-07-09,43,45,2
7066,2019-07-09,85,195,110
7067,2019-07-09,64,75,11
7068,2019-07-09,78,111,33
7069,2019-07-09,84,89,5
7070,2019-07-09,45,48,3
7071,2019-07-09,69,63,-6
7072,2019-07-09,51,42,-9
7073,2019-07-09,80,91,11
7074,2019-07-09,56,57,1
7075,2019-07-09,13,19,6
7076,2019-07-09,74,65,-9
7077,2019-07-09,30,33,3
7078,2019-07-09,26,40,14
7079,2019-07-09,51,60,9
7080,2019-07-09,71,82,11
7081,2019-07-09,86,76,-10
7082,2019-07-09,89,109,20
7083,2019-07-09,66,60,-6
7084,2019-07-09,83,82,-1
7085,2019-07-09,1,0,-1
7086,2019-07-09,2,2,0
7087,2019-07-09,2,3,1
7088,2019-07-09,4,4,0
7090,2019-07-09,15,11,-4
7091,2019-07-09,8,7,-1
7092,2019-07-09,13,13,0
7093,2019-07-09,2,3,1
7094,2019-07-09,1,3,2
7095,2019-07-09,18,20,2
7096,2019-07-09,28,49,21
7097,2019-07-09,11,14,3
7098,2019-07-09,2,3,1
7099,2019-07-09,6,1,-5
7100,2019-07-09,2,4,2
7101,2019-07-09,15,13,-2
7102,2019-07-09,24,34,10
7103,2019-07-09,21,27,6
7104,2019-07-09,3,7,4
7105,2019-07-09,15,14,-1
7106,2019-07-09,3,2,-1
7107,2019-07-09,10,14,4
7108,2019-07-09,28,29,1
7109,2019-07-09,6,12,6
7110,2019-07-09,13,11,-2
7111,2019-07-09,9,5,-4
7112,2019-07-09,19,17,-2
7113,2019-07-09,51,62,11
7114,2019-07-09,106,112,6
7115,2019-07-09,27,24,-3
7116,2019-07-09,11,9,-2
7117,2019-07-09,2,7,5
7118,2019-07-09,4,3,-1
7119,2019-07-09,13,12,-1
7120,2019-07-09,6,5,-1
7121,2019-07-09,6,11,5
7122,2019-07-09,6,8,2
7123,2019-07-09,6,8,2
7124,2019-07-09,26,15,-11
7125,2019-07-09,37,32,-5
7126,2019-07-09,10,11,1
7127,2019-07-09,41,49,8
7128,2019-07-09,16,17,1
7129,2019-07-09,16,18,2
7130,2019-07-09,13,11,-2
7131,2019-07-09,9,9,0
7132,2019-07-09,3,6,3
7133,2019-07-09,10,9,-1
7134,2019-07-09,6,7,1
7135,2019-07-09,6,8,2
7136,2019-07-09,18,13,-5
7137,2019-07-09,14,10,-4
7138,2019-07-09,7,7,0
7139,2019-07-09,46,44,-2
7140,2019-07-09,27,31,4
7141,2019-07-09,45,50,5
7143,2019-07-09,29,34,5
7144,2019-07-09,52,62,10
7145,2019-07-09,17,21,4
7147,2019-07-09,52,54,2
7148,2019-07-09,14,17,3
7149,2019-07-09,16,13,-3
4000,2019-07-10,65,95,30
4001,2019-07-10,13,18,5
4002,2019-07-10,26,29,3
5002,2019-07-10,6,6,0
5003,2019-07-10,5,4,-1
5004,2019-07-10,3,5,2
5005,2019-07-10,4,9,5
5006,2019-07-10,7,6,-1
5007,2019-07-10,19,22,3
6001,2019-07-10,56,108,52
6002,2019-07-10,42,64,22
6003,2019-07-10,85,108,23
6004,2019-07-10,71,81,10
6005,2019-07-10,81,107,26
6006,2019-07-10,43,25,-18
6007,2019-07-10,35,27,-8
6008,2019-07-10,49,81,32
6009,2019-07-10,97,94,-3
6011,2019-07-10,89,110,21
6012,2019-07-10,175,262,87
6013,2019-07-10,116,153,37
6014,2019-07-10,81,93,12
6015,2019-07-10,244,329,85
6016,2019-07-10,14,14,0
6017,2019-07-10,51,70,19
6018,2019-07-10,81,88,7
6019,2019-07-10,218,118,-100
6020,2019-07-10,116,161,45
6021,2019-07-10,108,70,-38
6022,2019-07-10,76,77,1
6023,2019-07-10,178,238,60
6024,2019-07-10,5,6,1
6025,2019-07-10,54,58,4
6026,2019-07-10,227,294,67
6027,2019-07-10,162,164,2
6029,2019-07-10,12,18,6
6031,2019-07-10,45,71,26
6032,2019-07-10,94,170,76
6033,2019-07-10,15,18,3
6034,2019-07-10,29,28,-1
6035,2019-07-10,25,67,42
6036,2019-07-10,252,332,80
6037,2019-07-10,74,80,6
6038,2019-07-10,109,116,7
6039,2019-07-10,87,106,19
6040,2019-07-10,66,76,10
6041,2019-07-10,77,94,17
6042,2019-07-10,115,117,2
6043,2019-07-10,239,453,214
6044,2019-07-10,96,96,0
6046,2019-07-10,149,148,-1
6047,2019-07-10,91,55,-36
6048,2019-07-10,55,57,2
6049,2019-07-10,125,129,4
6050,2019-07-10,53,61,8
6051,2019-07-10,50,48,-2
6052,2019-07-10,274,409,135
6053,2019-07-10,155,172,17
6057,2019-07-10,102,100,-2
6058,2019-07-10,72,72,0
6059,2019-07-10,79,79,0
6060,2019-07-10,25,26,1
6061,2019-07-10,71,76,5
6062,2019-07-10,88,69,-19
6063,2019-07-10,118,91,-27
6064,2019-07-10,291,212,-79
6065,2019-07-10,91,69,-22
6066,2019-07-10,46,9,-37
6067,2019-07-10,52,85,33
6068,2019-07-10,19,20,1
6070,2019-07-10,236,194,-42
6072,2019-07-10,96,94,-2
6073,2019-07-10,322,223,-99
6075,2019-07-10,54,23,-31
6076,2019-07-10,27,33,6
6078,2019-07-10,63,99,36
6079,2019-07-10,86,72,-14
6080,2019-07-10,172,171,-1
6081,2019-07-10,49,43,-6
6082,2019-07-10,27,24,-3
6083,2019-07-10,200,197,-3
6084,2019-07-10,75,82,7
6085,2019-07-10,109,196,87
6086,2019-07-10,23,36,13
6087,2019-07-10,147,194,47
6088,2019-07-10,83,99,16
6089,2019-07-10,60,67,7
6090,2019-07-10,73,72,-1
6091,2019-07-10,61,54,-7
6092,2019-07-10,87,88,1
6093,2019-07-10,35,22,-13
6094,2019-07-10,73,55,-18
6095,2019-07-10,158,125,-33
6096,2019-07-10,56,81,25
6097,2019-07-10,88,62,-26
6098,2019-07-10,60,36,-24
6099,2019-07-10,124,176,52
6100,2019-07-10,307,280,-27
6101,2019-07-10,72,30,-42
6102,2019-07-10,42,49,7
6103,2019-07-10,19,17,-2
6104,2019-07-10,107,125,18
6105,2019-07-10,74,99,25
6106,2019-07-10,75,83,8
6107,2019-07-10,120,96,-24
6108,2019-07-10,64,77,13
6109,2019-07-10,19,17,-2
6110,2019-07-10,73,76,3
6111,2019-07-10,95,107,12
6112,2019-07-10,118,130,12
6114,2019-07-10,215,274,59
6115,2019-07-10,24,32,8
6116,2019-07-10,83,105,22
6117,2019-07-10,53,49,-4
6118,2019-07-10,105,117,12
6119,2019-07-10,130,144,14
6120,2019-07-10,104,137,33
6121,2019-07-10,48,59,11
6122,2019-07-10,30,32,2
6123,2019-07-10,35,42,7
6124,2019-07-10,58,95,37
6125,2019-07-10,33,24,-9
6126,2019-07-10,59,67,8
6127,2019-07-10,74,63,-11
6128,2019-07-10,34,35,1
6129,2019-07-10,77,73,-4
6130,2019-07-10,26,23,-3
6131,2019-07-10,85,56,-29
6132,2019-07-10,89,96,7
6133,2019-07-10,95,90,-5
6134,2019-07-10,55,54,-1
6136,2019-07-10,374,247,-127
6137,2019-07-10,114,119,5
6138,2019-07-10,76,77,1
6139,2019-07-10,63,51,-12
6140,2019-07-10,99,94,-5
6141,2019-07-10,47,50,3
6142,2019-07-10,165,110,-55
6143,2019-07-10,142,144,2
6145,2019-07-10,80,80,0
6146,2019-07-10,80,59,-21
6147,2019-07-10,122,78,-44
6148,2019-07-10,124,104,-20
6149,2019-07-10,53,45,-8
6150,2019-07-10,67,76,9
6151,2019-07-10,75,79,4
6152,2019-07-10,128,131,3
6153,2019-07-10,61,60,-1
6154,2019-07-10,172,167,-5
6155,2019-07-10,156,148,-8
6156,2019-07-10,98,87,-11
6157,2019-07-10,170,150,-20
6158,2019-07-10,81,78,-3
6159,2019-07-10,41,47,6
6160,2019-07-10,63,59,-4
6161,2019-07-10,51,57,6
6162,2019-07-10,26,28,2
6163,2019-07-10,106,121,15
6164,2019-07-10,128,142,14
6165,2019-07-10,232,226,-6
6166,2019-07-10,137,92,-45
6167,2019-07-10,31,45,14
6168,2019-07-10,63,49,-14
6169,2019-07-10,158,132,-26
6170,2019-07-10,105,83,-22
6171,2019-07-10,51,51,0
6173,2019-07-10,154,79,-75
6174,2019-07-10,137,89,-48
6175,2019-07-10,109,58,-51
6176,2019-07-10,106,101,-5
6177,2019-07-10,72,72,0
6178,2019-07-10,146,138,-8
6179,2019-07-10,64,58,-6
6180,2019-07-10,55,68,13
6181,2019-07-10,135,85,-50
6182,2019-07-10,107,61,-46
6183,2019-07-10,102,93,-9
6184,2019-07-10,288,237,-51
6186,2019-07-10,109,81,-28
6187,2019-07-10,151,119,-32
6188,2019-07-10,67,72,5
6189,2019-07-10,23,25,2
6190,2019-07-10,161,92,-69
6191,2019-07-10,83,81,-2
6193,2019-07-10,120,118,-2
6194,2019-07-10,204,189,-15
6195,2019-07-10,115,72,-43
6196,2019-07-10,139,99,-40
6197,2019-07-10,65,65,0
6198,2019-07-10,39,26,-13
6199,2019-07-10,134,89,-45
6200,2019-07-10,121,118,-3
6201,2019-07-10,111,67,-44
6202,2019-07-10,135,107,-28
6203,2019-07-10,137,126,-11
6204,2019-07-10,99,90,-9
6205,2019-07-10,129,97,-32
6206,2019-07-10,152,142,-10
6207,2019-07-10,59,65,6
6208,2019-07-10,93,97,4
6209,2019-07-10,171,125,-46
6210,2019-07-10,59,60,1
6211,2019-07-10,175,159,-16
6212,2019-07-10,122,92,-30
6213,2019-07-10,123,115,-8
6214,2019-07-10,139,87,-52
6215,2019-07-10,52,53,1
6216,2019-07-10,183,102,-81
6217,2019-07-10,131,84,-47
6218,2019-07-10,80,61,-19
6219,2019-07-10,79,67,-12
6220,2019-07-10,92,88,-4
6221,2019-07-10,220,184,-36
6222,2019-07-10,97,61,-36
6223,2019-07-10,128,66,-62
6224,2019-07-10,83,76,-7
6225,2019-07-10,80,55,-25
6226,2019-07-10,38,41,3
6227,2019-07-10,142,140,-2
6228,2019-07-10,26,26,0
6229,2019-07-10,71,60,-11
6230,2019-07-10,90,90,0
6231,2019-07-10,109,111,2
6232,2019-07-10,46,39,-7
6233,2019-07-10,107,113,6
6234,2019-07-10,76,75,-1
6235,2019-07-10,80,89,9
6236,2019-07-10,80,86,6
6237,2019-07-10,65,58,-7
6240,2019-07-10,27,27,0
6241,2019-07-10,58,57,-1
6243,2019-07-10,85,75,-10
6245,2019-07-10,41,46,5
6246,2019-07-10,83,69,-14
6247,2019-07-10,159,135,-24
6248,2019-07-10,162,132,-30
6249,2019-07-10,65,66,1
6250,2019-07-10,88,74,-14
6251,2019-07-10,30,25,-5
6252,2019-07-10,75,69,-6
6253,2019-07-10,81,53,-28
6254,2019-07-10,85,73,-12
6255,2019-07-10,125,117,-8
6257,2019-07-10,46,45,-1
6258,2019-07-10,104,81,-23
6259,2019-07-10,47,40,-7
6260,2019-07-10,69,60,-9
6261,2019-07-10,57,70,13
6262,2019-07-10,57,69,12
6263,2019-07-10,29,29,0
6265,2019-07-10,62,63,1
6267,2019-07-10,58,61,3
6268,2019-07-10,79,74,-5
6269,2019-07-10,32,38,6
6270,2019-07-10,55,51,-4
6271,2019-07-10,2,0,-2
6272,2019-07-10,36,32,-4
6273,2019-07-10,53,42,-11
6274,2019-07-10,58,54,-4
6275,2019-07-10,33,27,-6
6276,2019-07-10,65,40,-25
6277,2019-07-10,86,73,-13
6278,2019-07-10,38,32,-6
6280,2019-07-10,81,82,1
6281,2019-07-10,39,28,-11
6301,2019-07-10,24,20,-4
6302,2019-07-10,23,16,-7
6303,2019-07-10,29,22,-7
6304,2019-07-10,17,17,0
6305,2019-07-10,26,15,-11
6306,2019-07-10,85,35,-50
6307,2019-07-10,108,103,-5
6309,2019-07-10,33,31,-2
6310,2019-07-10,92,36,-56
6311,2019-07-10,50,35,-15
6312,2019-07-10,31,44,13
6313,2019-07-10,67,82,15
6314,2019-07-10,98,76,-22
6315,2019-07-10,110,63,-47
6316,2019-07-10,50,16,-34
6321,2019-07-10,146,128,-18
6322,2019-07-10,48,43,-5
6323,2019-07-10,22,21,-1
6324,2019-07-10,37,43,6
6327,2019-07-10,52,47,-5
6328,2019-07-10,31,38,7
6329,2019-07-10,38,33,-5
6330,2019-07-10,33,29,-4
6331,2019-07-10,29,26,-3
6332,2019-07-10,43,58,15
6333,2019-07-10,34,39,5
6334,2019-07-10,90,102,12
6335,2019-07-10,50,48,-2
6336,2019-07-10,41,46,5
6338,2019-07-10,37,36,-1
6339,2019-07-10,36,37,1
6340,2019-07-10,40,41,1
6341,2019-07-10,49,71,22
6343,2019-07-10,44,41,-3
6345,2019-07-10,29,22,-7
6347,2019-07-10,26,24,-2
6349,2019-07-10,43,59,16
6350,2019-07-10,61,67,6
6354,2019-07-10,38,39,1
6355,2019-07-10,49,81,32
6356,2019-07-10,36,24,-12
6357,2019-07-10,33,31,-2
6358,2019-07-10,26,23,-3
6359,2019-07-10,108,114,6
6360,2019-07-10,36,35,-1
6361,2019-07-10,73,68,-5
6362,2019-07-10,49,44,-5
6363,2019-07-10,26,22,-4
6364,2019-07-10,59,53,-6
6366,2019-07-10,34,24,-10
6368,2019-07-10,79,78,-1
6369,2019-07-10,39,41,2
6370,2019-07-10,51,47,-4
6371,2019-07-10,82,80,-2
6372,2019-07-10,104,124,20
6373,2019-07-10,52,48,-4
6374,2019-07-10,49,45,-4
6375,2019-07-10,80,96,16
6376,2019-07-10,47,39,-8
6377,2019-07-10,55,56,1
6379,2019-07-10,35,44,9
6380,2019-07-10,28,31,3
6381,2019-07-10,91,76,-15
6383,2019-07-10,39,39,0
6384,2019-07-10,25,20,-5
6385,2019-07-10,54,57,3
6386,2019-07-10,82,109,27
6387,2019-07-10,92,122,30
6388,2019-07-10,32,36,4
6389,2019-07-10,68,50,-18
6391,2019-07-10,86,114,28
6393,2019-07-10,80,108,28
6394,2019-07-10,95,127,32
6395,2019-07-10,94,99,5
6396,2019-07-10,117,92,-25
6397,2019-07-10,59,81,22
6398,2019-07-10,60,77,17
6401,2019-07-10,64,89,25
6402,2019-07-10,64,75,11
6403,2019-07-10,31,39,8
6404,2019-07-10,19,34,15
6405,2019-07-10,57,74,17
6406,2019-07-10,131,168,37
6407,2019-07-10,26,35,9
6408,2019-07-10,80,80,0
6409,2019-07-10,24,31,7
6410,2019-07-10,60,57,-3
6411,2019-07-10,159,136,-23
6412,2019-07-10,35,47,12
6413,2019-07-10,30,62,32
6414,2019-07-10,34,40,6
6415,2019-07-10,24,28,4
6416,2019-07-10,35,19,-16
6417,2019-07-10,41,44,3
6418,2019-07-10,13,15,2
6419,2019-07-10,16,18,2
6420,2019-07-10,28,29,1
6421,2019-07-10,56,58,2
6422,2019-07-10,14,16,2
6423,2019-07-10,25,14,-11
6424,2019-07-10,47,77,30
6425,2019-07-10,70,79,9
6426,2019-07-10,102,107,5
6427,2019-07-10,86,97,11
6428,2019-07-10,34,45,11
6429,2019-07-10,44,63,19
6432,2019-07-10,109,92,-17
6433,2019-07-10,46,43,-3
6434,2019-07-10,110,110,0
6435,2019-07-10,48,48,0
6436,2019-07-10,25,21,-4
6501,2019-07-10,155,172,17
6502,2019-07-10,36,37,1
6503,2019-07-10,75,73,-2
6504,2019-07-10,56,66,10
6700,2019-07-10,29,31,2
6701,2019-07-10,72,70,-2
6703,2019-07-10,58,49,-9
6704,2019-07-10,40,27,-13
6705,2019-07-10,19,25,6
6706,2019-07-10,30,30,0
6707,2019-07-10,44,52,8
6708,2019-07-10,73,142,69
6709,2019-07-10,30,33,3
6710,2019-07-10,14,20,6
6711,2019-07-10,31,29,-2
6712,2019-07-10,19,29,10
6713,2019-07-10,20,22,2
6714,2019-07-10,7,5,-2
6715,2019-07-10,43,54,11
6716,2019-07-10,14,14,0
6717,2019-07-10,12,26,14
6718,2019-07-10,30,37,7
6719,2019-07-10,20,24,4
6720,2019-07-10,34,45,11
6721,2019-07-10,28,36,8
6722,2019-07-10,19,18,-1
6723,2019-07-10,30,29,-1
6724,2019-07-10,65,93,28
6725,2019-07-10,46,43,-3
6726,2019-07-10,8,16,8
6727,2019-07-10,122,140,18
6728,2019-07-10,22,20,-2
6729,2019-07-10,141,145,4
6730,2019-07-10,24,22,-2
6731,2019-07-10,19,12,-7
6732,2019-07-10,40,47,7
6733,2019-07-10,24,27,3
6734,2019-07-10,62,56,-6
6735,2019-07-10,18,18,0
6736,2019-07-10,21,27,6
6737,2019-07-10,33,29,-4
6738,2019-07-10,115,95,-20
6739,2019-07-10,8,5,-3
6741,2019-07-10,15,27,12
6742,2019-07-10,65,84,19
6744,2019-07-10,32,34,2
6745,2019-07-10,23,23,0
6746,2019-07-10,27,19,-8
6747,2019-07-10,67,69,2
6748,2019-07-10,100,119,19
6749,2019-07-10,45,51,6
6750,2019-07-10,49,44,-5
6752,2019-07-10,33,43,10
6753,2019-07-10,21,21,0
6754,2019-07-10,32,40,8
6901,2019-07-10,47,74,27
6902,2019-07-10,99,112,13
6903,2019-07-10,115,93,-22
6904,2019-07-10,44,44,0
6905,2019-07-10,61,56,-5
6906,2019-07-10,241,138,-103
6907,2019-07-10,98,81,-17
6908,2019-07-10,70,63,-7
6912,2019-07-10,210,161,-49
6913,2019-07-10,62,40,-22
6915,2019-07-10,108,96,-12
6916,2019-07-10,41,31,-10
6917,2019-07-10,17,23,6
6918,2019-07-10,47,30,-17
6919,2019-07-10,36,25,-11
6921,2019-07-10,87,98,11
6923,2019-07-10,43,43,0
6924,2019-07-10,32,29,-3
6925,2019-07-10,48,53,5
6926,2019-07-10,82,83,1
6927,2019-07-10,79,57,-22
6928,2019-07-10,55,29,-26
6929,2019-07-10,53,50,-3
6930,2019-07-10,45,44,-1
7001,2019-07-10,48,43,-5
7002,2019-07-10,26,22,-4
7003,2019-07-10,145,109,-36
7004,2019-07-10,26,23,-3
7005,2019-07-10,12,12,0
7006,2019-07-10,21,24,3
7007,2019-07-10,16,18,2
7008,2019-07-10,29,28,-1
7009,2019-07-10,123,162,39
7010,2019-07-10,28,26,-2
7011,2019-07-10,99,114,15
7012,2019-07-10,60,59,-1
7013,2019-07-10,28,27,-1
7014,2019-07-10,77,45,-32
7015,2019-07-10,27,29,2
7016,2019-07-10,14,13,-1
7017,2019-07-10,35,60,25
7018,2019-07-10,39,52,13
7019,2019-07-10,114,114,0
7020,2019-07-10,35,40,5
7021,2019-07-10,35,38,3
7022,2019-07-10,35,39,4
7023,2019-07-10,2,5,3
7024,2019-07-10,47,35,-12
7025,2019-07-10,72,40,-32
7026,2019-07-10,94,93,-1
7027,2019-07-10,65,55,-10
7028,2019-07-10,123,123,0
7029,2019-07-10,53,53,0
7030,2019-07-10,45,51,6
7031,2019-07-10,42,40,-2
7032,2019-07-10,123,50,-73
7033,2019-07-10,82,65,-17
7034,2019-07-10,40,60,20
7035,2019-07-10,53,52,-1
7036,2019-07-10,44,41,-3
7037,2019-07-10,51,62,11
7038,2019-07-10,76,79,3
7039,2019-07-10,28,36,8
7040,2019-07-10,90,115,25
7041,2019-07-10,150,137,-13
7042,2019-07-10,45,49,4
7043,2019-07-10,36,21,-15
7044,2019-07-10,13,15,2
7045,2019-07-10,68,65,-3
7046,2019-07-10,130,149,19
7047,2019-07-10,176,232,56
7048,2019-07-10,18,18,0
7049,2019-07-10,28,36,8
7050,2019-07-10,47,47,0
7051,2019-07-10,17,19,2
7052,2019-07-10,60,60,0
7053,2019-07-10,98,110,12
7054,2019-07-10,68,81,13
7055,2019-07-10,34,42,8
7056,2019-07-10,18,28,10
7057,2019-07-10,51,67,16
7058,2019-07-10,53,48,-5
7059,2019-07-10,42,44,2
7060,2019-07-10,31,40,9
7061,2019-07-10,34,29,-5
7062,2019-07-10,53,70,17
7063,2019-07-10,42,33,-9
7064,2019-07-10,34,39,5
7065,2019-07-10,33,34,1
7066,2019-07-10,111,220,109
7067,2019-07-10,54,62,8
7068,2019-07-10,111,127,16
7069,2019-07-10,104,124,20
7070,2019-07-10,45,49,4
7071,2019-07-10,78,64,-14
7072,2019-07-10,50,45,-5
7073,2019-07-10,102,105,3
7074,2019-07-10,37,61,24
7075,2019-07-10,7,11,4
7076,2019-07-10,88,63,-25
7077,2019-07-10,213,325,112
7078,2019-07-10,34,51,17
7079,2019-07-10,60,64,4
7080,2019-07-10,97,121,24
7081,2019-07-10,67,84,17
7082,2019-07-10,84,115,31
7083,2019-07-10,92,79,-13
7084,2019-07-10,88,104,16
7086,2019-07-10,1,2,1
7087,2019-07-10,6,8,2
7088,2019-07-10,3,3,0
7089,2019-07-10,2,4,2
7090,2019-07-10,16,18,2
7091,2019-07-10,8,5,-3
7092,2019-07-10,8,9,1
7093,2019-07-10,5,10,5
7094,2019-07-10,4,4,0
7095,2019-07-10,21,27,6
7096,2019-07-10,31,47,16
7097,2019-07-10,15,13,-2
7098,2019-07-10,6,8,2
7099,2019-07-10,7,7,0
7100,2019-07-10,4,3,-1
7101,2019-07-10,12,13,1
7102,2019-07-10,18,24,6
7103,2019-07-10,10,15,5
7104,2019-07-10,7,7,0
7105,2019-07-10,6,6,0
7106,2019-07-10,2,4,2
7107,2019-07-10,3,4,1
7108,2019-07-10,12,14,2
7109,2019-07-10,3,7,4
7110,2019-07-10,7,9,2
7111,2019-07-10,10,6,-4
7112,2019-07-10,12,7,-5
7113,2019-07-10,68,65,-3
7114,2019-07-10,130,144,14
7115,2019-07-10,14,17,3
7116,2019-07-10,15,15,0
7117,2019-07-10,5,7,2
7118,2019-07-10,3,4,1
7119,2019-07-10,10,17,7
7120,2019-07-10,3,5,2
7121,2019-07-10,4,9,5
7122,2019-07-10,8,13,5
7123,2019-07-10,12,10,-2
7124,2019-07-10,21,18,-3
7125,2019-07-10,28,31,3
7126,2019-07-10,9,8,-1
7127,2019-07-10,41,43,2
7128,2019-07-10,18,17,-1
7129,2019-07-10,17,14,-3
7130,2019-07-10,13,13,0
7131,2019-07-10,6,6,0
7132,2019-07-10,12,8,-4
7133,2019-07-10,10,11,1
7134,2019-07-10,10,7,-3
7135,2019-07-10,3,4,1
7136,2019-07-10,10,9,-1
7137,2019-07-10,15,18,3
7138,2019-07-10,5,6,1
7139,2019-07-10,52,46,-6
7140,2019-07-10,40,34,-6
7141,2019-07-10,50,51,1
7143,2019-07-10,24,23,-1
7144,2019-07-10,61,64,3
7145,2019-07-10,23,20,-3
7147,2019-07-10,47,54,7
7148,2019-07-10,5,9,4
7149,2019-07-10,14,18,4
4000,2019-07-11,42,50,8
4001,2019-07-11,10,7,-3
4002,2019-07-11,8,15,7
5004,2019-07-11,4,4,0
5006,2019-07-11,5,4,-1
5007,2019-07-11,12,12,0
6001,2019-07-11,43,73,30
6002,2019-07-11,29,50,21
6003,2019-07-11,43,50,7
6004,2019-07-11,44,41,-3
6005,2019-07-11,69,63,-6
6006,2019-07-11,20,23,3
6007,2019-07-11,18,18,0
6008,2019-07-11,32,47,15
6009,2019-07-11,56,55,-1
6011,2019-07-11,44,46,2
6012,2019-07-11,122,161,39
6013,2019-07-11,67,65,-2
6014,2019-07-11,41,56,15
6015,2019-07-11,96,146,50
6016,2019-07-11,8,11,3
6017,2019-07-11,37,51,14
6018,2019-07-11,40,60,20
6019,2019-07-11,117,79,-38
6020,2019-07-11,60,82,22
6021,2019-07-11,73,45,-28
6022,2019-07-11,46,49,3
6023,2019-07-11,60,84,24
6024,2019-07-11,4,4,0
6025,2019-07-11,19,19,0
6026,2019-07-11,79,107,28
6027,2019-07-11,102,85,-17
6031,2019-07-11,23,22,-1
6032,2019-07-11,45,85,40
6033,2019-07-11,7,6,-1
6034,2019-07-11,15,15,0
6035,2019-07-11,26,32,6
6036,2019-07-11,84,106,22
6037,2019-07-11,35,46,11
6038,2019-07-11,59,71,12
6039,2019-07-11,54,63,9
6040,2019-07-11,41,49,8
6041,2019-07-11,50,56,6
6042,2019-07-11,76,83,7
6043,2019-07-11,111,152,41
6044,2019-07-11,42,46,4
6046,2019-07-11,96,84,-12
6047,2019-07-11,49,24,-25
6048,2019-07-11,39,48,9
6049,2019-07-11,85,81,-4
6050,2019-07-11,32,40,8
6051,2019-07-11,33,39,6
6052,2019-07-11,99,138,39
6053,2019-07-11,112,112,0
6057,2019-07-11,56,49,-7
6058,2019-07-11,42,47,5
6059,2019-07-11,62,39,-23
6060,2019-07-11,20,20,0
6061,2019-07-11,41,39,-2
6062,2019-07-11,51,34,-17
6063,2019-07-11,79,47,-32
6064,2019-07-11,115,78,-37
6065,2019-07-11,64,35,-29
6066,2019-07-11,19,5,-14
6067,2019-07-11,42,38,-4
6068,2019-07-11,12,11,-1
6070,2019-07-11,132,123,-9
6072,2019-07-11,44,36,-8
6073,2019-07-11,100,104,4
6075,2019-07-11,24,16,-8
6076,2019-07-11,13,24,11
6078,2019-07-11,21,39,18
6079,2019-07-11,65,44,-21
6080,2019-07-11,106,95,-11
6081,2019-07-11,26,23,-3
6082,2019-07-11,14,12,-2
6083,2019-07-11,52,51,-1
6084,2019-07-11,45,56,11
6085,2019-07-11,76,142,66
6086,2019-07-11,13,11,-2
6087,2019-07-11,60,87,27
6088,2019-07-11,42,54,12
6089,2019-07-11,31,30,-1
6090,2019-07-11,47,45,-2
6091,2019-07-11,41,39,-2
6092,2019-07-11,33,36,3
6093,2019-07-11,20,9,-11
6094,2019-07-11,36,32,-4
6095,2019-07-11,88,75,-13
6096,2019-07-11,28,49,21
6097,2019-07-11,64,51,-13
6098,2019-07-11,46,17,-29
6099,2019-07-11,45,89,44
6100,2019-07-11,137,142,5
6101,2019-07-11,33,15,-18
6102,2019-07-11,28,17,-11
6103,2019-07-11,14,15,1
6104,2019-07-11,56,55,-1
6105,2019-07-11,34,49,15
6106,2019-07-11,19,25,6
6107,2019-07-11,78,50,-28
6108,2019-07-11,36,42,6
6109,2019-07-11,7,2,-5
6110,2019-07-11,20,30,10
6111,2019-07-11,34,44,10
6112,2019-07-11,69,72,3
6114,2019-07-11,123,134,11
6115,2019-07-11,13,18,5
6116,2019-07-11,40,51,11
6117,2019-07-11,29,37,8
6118,2019-07-11,53,56,3
6119,2019-07-11,61,75,14
6120,2019-07-11,38,66,28
6121,2019-07-11,7,26,19
6122,2019-07-11,18,19,1
6123,2019-07-11,16,28,12
6124,2019-07-11,32,54,22
6125,2019-07-11,21,12,-9
6126,2019-07-11,37,46,9
6127,2019-07-11,38,36,-2
6128,2019-07-11,17,23,6
6129,2019-07-11,54,56,2
6130,2019-07-11,15,13,-2
6131,2019-07-11,58,47,-11
6132,2019-07-11,35,59,24
6133,2019-07-11,42,34,-8
6134,2019-07-11,26,26,0
6136,2019-07-11,235,179,-56
6137,2019-07-11,62,60,-2
6138,2019-07-11,56,58,2
6139,2019-07-11,38,34,-4
6140,2019-07-11,50,53,3
6141,2019-07-11,33,34,1
6142,2019-07-11,67,47,-20
6143,2019-07-11,67,58,-9
6145,2019-07-11,36,34,-2
6146,2019-07-11,49,41,-8
6147,2019-07-11,66,51,-15
6148,2019-07-11,91,78,-13
6149,2019-07-11,36,38,2
6150,2019-07-11,43,49,6
6151,2019-07-11,36,50,14
6152,2019-07-11,79,93,14
6153,2019-07-11,50,60,10
6154,2019-07-11,119,122,3
6155,2019-07-11,91,94,3
6156,2019-07-11,58,57,-1
6157,2019-07-11,100,86,-14
6158,2019-07-11,44,41,-3
6159,2019-07-11,30,36,6
6160,2019-07-11,43,46,3
6161,2019-07-11,33,36,3
6162,2019-07-11,10,8,-2
6163,2019-07-11,102,80,-22
6164,2019-07-11,64,70,6
6165,2019-07-11,50,62,12
6166,2019-07-11,49,39,-10
6167,2019-07-11,31,38,7
6168,2019-07-11,49,28,-21
6169,2019-07-11,116,112,-4
6170,2019-07-11,34,25,-9
6171,2019-07-11,22,31,9
6173,2019-07-11,74,59,-15
6174,2019-07-11,62,66,4
6175,2019-07-11,52,41,-11
6176,2019-07-11,64,72,8
6177,2019-07-11,59,51,-8
6178,2019-07-11,90,90,0
6179,2019-07-11,53,54,1
6180,2019-07-11,37,28,-9
6181,2019-07-11,81,55,-26
6182,2019-07-11,53,38,-15
6183,2019-07-11,65,50,-15
6184,2019-07-11,183,167,-16
6186,2019-07-11,56,47,-9
6187,2019-07-11,73,84,11
6188,2019-07-11,23,30,7
6189,2019-07-11,12,14,2
6190,2019-07-11,79,52,-27
6191,2019-07-11,41,40,-1
6192,2019-07-11,4,5,1
6193,2019-07-11,78,61,-17
6194,2019-07-11,109,79,-30
6195,2019-07-11,85,58,-27
6196,2019-07-11,83,60,-23
6197,2019-07-11,47,39,-8
6198,2019-07-11,22,10,-12
6199,2019-07-11,73,63,-10
6200,2019-07-11,70,69,-1
6201,2019-07-11,42,39,-3
6202,2019-07-11,78,69,-9
6203,2019-07-11,80,72,-8
6204,2019-07-11,70,55,-15
6205,2019-07-11,73,49,-24
6206,2019-07-11,94,85,-9
6207,2019-07-11,27,22,-5
6208,2019-07-11,57,55,-2
6209,2019-07-11,100,85,-15
6210,2019-07-11,22,20,-2
6211,2019-07-11,127,99,-28
6212,2019-07-11,62,30,-32
6213,2019-07-11,87,89,2
6214,2019-07-11,68,48,-20
6215,2019-07-11,33,21,-12
6216,2019-07-11,70,20,-50
6217,2019-07-11,85,58,-27
6218,2019-07-11,33,40,7
6219,2019-07-11,34,46,12
6220,2019-07-11,92,57,-35
6221,2019-07-11,184,142,-42
6222,2019-07-11,46,34,-12
6223,2019-07-11,54,29,-25
6224,2019-07-11,49,26,-23
6225,2019-07-11,44,28,-16
6226,2019-07-11,25,27,2
6227,2019-07-11,105,94,-11
6228,2019-07-11,23,23,0
6229,2019-07-11,39,48,9
6230,2019-07-11,69,48,-21
6231,2019-07-11,89,84,-5
6232,2019-07-11,25,13,-12
6233,2019-07-11,71,62,-9
6234,2019-07-11,63,52,-11
6235,2019-07-11,69,51,-18
6236,2019-07-11,46,53,7
6237,2019-07-11,32,35,3
6240,2019-07-11,9,12,3
6241,2019-07-11,30,30,0
6243,2019-07-11,44,39,-5
6245,2019-07-11,29,26,-3
6246,2019-07-11,25,25,0
6247,2019-07-11,84,67,-17
6248,2019-07-11,116,88,-28
6249,2019-07-11,41,30,-11
6250,2019-07-11,64,49,-15
6251,2019-07-11,14,15,1
6252,2019-07-11,52,36,-16
6253,2019-07-11,40,30,-10
6254,2019-07-11,51,51,0
6255,2019-07-11,59,56,-3
6257,2019-07-11,28,30,2
6258,2019-07-11,51,57,6
6259,2019-07-11,34,34,0
6260,2019-07-11,37,39,2
6261,2019-07-11,34,34,0
6262,2019-07-11,30,33,3
6263,2019-07-11,11,18,7
6265,2019-07-11,39,39,0
6267,2019-07-11,39,43,4
6268,2019-07-11,35,37,2
6269,2019-07-11,9,19,10
6270,2019-07-11,27,32,5
6271,2019-07-11,2,4,2
6272,2019-07-11,19,21,2
6273,2019-07-11,14,22,8
6274,2019-07-11,31,30,-1
6275,2019-07-11,15,21,6
6276,2019-07-11,27,27,0
6277,2019-07-11,37,40,3
6278,2019-07-11,19,19,0
6280,2019-07-11,55,41,-14
6281,2019-07-11,22,11,-11
6301,2019-07-11,13,10,-3
6302,2019-07-11,8,6,-2
6303,2019-07-11,16,16,0
6304,2019-07-11,2,5,3
6305,2019-07-11,15,9,-6
6306,2019-07-11,51,24,-27
6307,2019-07-11,54,56,2
6309,2019-07-11,15,17,2
6310,2019-07-11,44,14,-30
6311,2019-07-11,36,25,-11
6312,2019-07-11,12,18,6
6313,2019-07-11,28,39,11
6314,2019-07-11,54,47,-7
6315,2019-07-11,61,30,-31
6316,2019-07-11,19,9,-10
6321,2019-07-11,42,34,-8
6322,2019-07-11,14,16,2
6323,2019-07-11,11,8,-3
6324,2019-07-11,16,21,5
6327,2019-07-11,21,12,-9
6328,2019-07-11,20,21,1
6329,2019-07-11,17,18,1
6330,2019-07-11,15,19,4
6331,2019-07-11,11,9,-2
6332,2019-07-11,22,33,11
6333,2019-07-11,11,11,0
6334,2019-07-11,36,34,-2
6335,2019-07-11,19,20,1
6336,2019-07-11,18,17,-1
6338,2019-07-11,20,22,2
6339,2019-07-11,22,19,-3
6340,2019-07-11,18,26,8
6341,2019-07-11,32,40,8
6343,2019-07-11,22,25,3
6345,2019-07-11,11,19,8
6347,2019-07-11,19,18,-1
6349,2019-07-11,18,28,10
6350,2019-07-11,34,32,-2
6354,2019-07-11,18,20,2
6355,2019-07-11,19,31,12
6356,2019-07-11,28,19,-9
6357,2019-07-11,14,13,-1
6358,2019-07-11,12,16,4
6359,2019-07-11,65,66,1
6360,2019-07-11,17,25,8
6361,2019-07-11,27,25,-2
6362,2019-07-11,28,26,-2
6363,2019-07-11,12,10,-2
6364,2019-07-11,24,26,2
6366,2019-07-11,19,15,-4
6368,2019-07-11,53,54,1
6369,2019-07-11,25,27,2
6370,2019-07-11,31,28,-3
6371,2019-07-11,41,51,10
6372,2019-07-11,41,59,18
6373,2019-07-11,33,33,0
6374,2019-07-11,26,27,1
6375,2019-07-11,38,49,11
6376,2019-07-11,15,17,2
6377,2019-07-11,25,27,2
6379,2019-07-11,22,26,4
6380,2019-07-11,14,9,-5
6381,2019-07-11,34,37,3
6383,2019-07-11,20,18,-2
6384,2019-07-11,18,12,-6
6385,2019-07-11,26,28,2
6386,2019-07-11,55,65,10
6387,2019-07-11,53,59,6
6388,2019-07-11,20,21,1
6389,2019-07-11,34,22,-12
6391,2019-07-11,47,63,16
6393,2019-07-11,42,71,29
6394,2019-07-11,50,83,33
6395,2019-07-11,52,60,8
6396,2019-07-11,70,63,-7
6397,2019-07-11,43,61,18
6398,2019-07-11,17,52,35
6401,2019-07-11,38,54,16
6402,2019-07-11,27,39,12
6403,2019-07-11,18,27,9
6404,2019-07-11,5,13,8
6405,2019-07-11,27,25,-2
6406,2019-07-11,57,61,4
6407,2019-07-11,11,23,12
6408,2019-07-11,37,32,-5
6409,2019-07-11,11,13,2
6410,2019-07-11,35,45,10
6411,2019-07-11,80,83,3
6412,2019-07-11,14,22,8
6413,2019-07-11,12,13,1
6414,2019-07-11,21,31,10
6415,2019-07-11,12,15,3
6416,2019-07-11,16,9,-7
6417,2019-07-11,22,23,1
6418,2019-07-11,4,5,1
6419,2019-07-11,6,11,5
6420,2019-07-11,13,16,3
6421,2019-07-11,21,25,4
6422,2019-07-11,8,11,3
6423,2019-07-11,18,11,-7
6424,2019-07-11,33,50,17
6425,2019-07-11,22,24,2
6426,2019-07-11,65,77,12
6427,2019-07-11,67,56,-11
6428,2019-07-11,18,21,3
6429,2019-07-11,19,35,16
6432,2019-07-11,42,44,2
6433,2019-07-11,28,23,-5
6434,2019-07-11,50,49,-1
6435,2019-07-11,21,20,-1
6436,2019-07-11,10,13,3
6501,2019-07-11,57,62,5
6502,2019-07-11,9,23,14
6503,2019-07-11,43,36,-7
6504,2019-07-11,3,7,4
6700,2019-07-11,8,22,14
6701,2019-07-11,57,27,-30
6703,2019-07-11,20,21,1
6704,2019-07-11,16,23,7
6705,2019-07-11,12,17,5
6706,2019-07-11,18,20,2
6707,2019-07-11,21,28,7
6708,2019-07-11,47,79,32
6709,2019-07-11,25,25,0
6710,2019-07-11,9,10,1
6711,2019-07-11,18,19,1
6712,2019-07-11,9,7,-2
6713,2019-07-11,7,13,6
6714,2019-07-11,4,2,-2
6715,2019-07-11,15,23,8
6716,2019-07-11,2,7,5
6717,2019-07-11,6,10,4
6718,2019-07-11,17,13,-4
6719,2019-07-11,19,17,-2
6720,2019-07-11,18,23,5
6721,2019-07-11,17,18,1
6722,2019-07-11,7,15,8
6723,2019-07-11,13,16,3
6724,2019-07-11,28,30,2
6725,2019-07-11,24,23,-1
6726,2019-07-11,4,4,0
6727,2019-07-11,61,83,22
6728,2019-07-11,8,8,0
6729,2019-07-11,94,94,0
6730,2019-07-11,13,13,0
6731,2019-07-11,5,4,-1
6732,2019-07-11,32,35,3
6733,2019-07-11,20,22,2
6734,2019-07-11,30,28,-2
6735,2019-07-11,3,5,2
6736,2019-07-11,8,5,-3
6737,2019-07-11,16,10,-6
6738,2019-07-11,67,56,-11
6739,2019-07-11,8,10,2
6741,2019-07-11,9,19,10
6742,2019-07-11,31,27,-4
6744,2019-07-11,21,20,-1
6745,2019-07-11,8,13,5
6746,2019-07-11,12,12,0
6747,2019-07-11,37,39,2
6748,2019-07-11,49,69,20
6749,2019-07-11,25,26,1
6750,2019-07-11,30,36,6
6752,2019-07-11,21,21,0
6753,2019-07-11,14,4,-10
6754,2019-07-11,10,8,-2
6901,2019-07-11,37,33,-4
6902,2019-07-11,55,71,16
6903,2019-07-11,82,78,-4
6904,2019-07-11,25,30,5
6905,2019-07-11,30,27,-3
6906,2019-07-11,111,68,-43
6907,2019-07-11,51,42,-9
6908,2019-07-11,37,35,-2
6912,2019-07-11,139,125,-14
6913,2019-07-11,29,31,2
6915,2019-07-11,67,60,-7
6916,2019-07-11,20,20,0
6917,2019-07-11,7,15,8
6918,2019-07-11,19,10,-9
6919,2019-07-11,21,12,-9
6921,2019-07-11,40,65,25
6923,2019-07-11,24,41,17
6924,2019-07-11,13,18,5
6925,2019-07-11,24,24,0
6926,2019-07-11,40,45,5
6927,2019-07-11,38,22,-16
6928,2019-07-11,34,15,-19
6929,2019-07-11,29,21,-8
6930,2019-07-11,14,14,0
7001,2019-07-11,21,28,7
7002,2019-07-11,8,11,3
7003,2019-07-11,89,60,-29
7004,2019-07-11,10,15,5
7005,2019-07-11,4,3,-1
7006,2019-07-11,5,10,5
7007,2019-07-11,6,9,3
7008,2019-07-11,16,14,-2
7009,2019-07-11,51,72,21
7010,2019-07-11,11,13,2
7011,2019-07-11,55,54,-1
7012,2019-07-11,24,32,8
7013,2019-07-11,11,13,2
7014,2019-07-11,35,30,-5
7015,2019-07-11,3,11,8
7016,2019-07-11,7,9,2
7017,2019-07-11,15,23,8
7018,2019-07-11,17,28,11
7019,2019-07-11,47,47,0
7020,2019-07-11,14,21,7
7021,2019-07-11,17,13,-4
7022,2019-07-11,31,28,-3
7023,2019-07-11,3,2,-1
7024,2019-07-11,45,33,-12
7025,2019-07-11,34,25,-9
7026,2019-07-11,57,57,0
7027,2019-07-11,24,24,0
7028,2019-07-11,69,70,1
7029,2019-07-11,33,34,1
7030,2019-07-11,27,34,7
7032,2019-07-11,64,44,-20
7033,2019-07-11,46,38,-8
7034,2019-07-11,14,22,8
7035,2019-07-11,33,44,11
7036,2019-07-11,32,27,-5
7037,2019-07-11,39,27,-12
7038,2019-07-11,58,52,-6
7039,2019-07-11,19,19,0
7040,2019-07-11,37,51,14
7041,2019-07-11,69,79,10
7042,2019-07-11,32,31,-1
7043,2019-07-11,14,14,0
7044,2019-07-11,6,2,-4
7045,2019-07-11,43,43,0
7046,2019-07-11,78,67,-11
7047,2019-07-11,78,107,29
7048,2019-07-11,15,11,-4
7049,2019-07-11,11,15,4
7050,2019-07-11,29,25,-4
7051,2019-07-11,8,15,7
7052,2019-07-11,24,28,4
7053,2019-07-11,33,38,5
7054,2019-07-11,22,30,8
7055,2019-07-11,11,22,11
7056,2019-07-11,10,16,6
7057,2019-07-11,28,26,-2
7058,2019-07-11,17,28,11
7059,2019-07-11,21,32,11
7060,2019-07-11,15,23,8
7061,2019-07-11,9,9,0
7062,2019-07-11,40,32,-8
7063,2019-07-11,20,17,-3
7064,2019-07-11,23,13,-10
7065,2019-07-11,25,28,3
7066,2019-07-11,76,93,17
7067,2019-07-11,34,30,-4
7068,2019-07-11,41,65,24
7069,2019-07-11,65,68,3
7070,2019-07-11,24,27,3
7071,2019-07-11,44,29,-15
7072,2019-07-11,26,17,-9
7073,2019-07-11,47,59,12
7074,2019-07-11,26,23,-3
7075,2019-07-11,11,12,1
7076,2019-07-11,47,43,-4
7077,2019-07-11,16,12,-4
7078,2019-07-11,21,26,5
7079,2019-07-11,25,35,10
7080,2019-07-11,62,69,7
7081,2019-07-11,30,48,18
7082,2019-07-11,44,69,25
7083,2019-07-11,38,36,-2
7084,2019-07-11,42,43,1
7086,2019-07-11,1,1,0
7087,2019-07-11,1,2,1
7090,2019-07-11,7,6,-1
7091,2019-07-11,4,3,-1
7092,2019-07-11,3,1,-2
7094,2019-07-11,1,1,0
7095,2019-07-11,20,21,1
7096,2019-07-11,22,21,-1
7097,2019-07-11,8,9,1
7098,2019-07-11,2,3,1
7099,2019-07-11,3,3,0
7100,2019-07-11,2,2,0
7101,2019-07-11,4,5,1
7102,2019-07-11,10,13,3
7103,2019-07-11,2,5,3
7105,2019-07-11,5,3,-2
7106,2019-07-11,1,3,2
7107,2019-07-11,2,1,-1
7108,2019-07-11,5,7,2
7109,2019-07-11,3,8,5
7110,2019-07-11,1,0,-1
7111,2019-07-11,4,6,2
7112,2019-07-11,3,2,-1
7113,2019-07-11,45,46,1
7114,2019-07-11,72,85,13
7115,2019-07-11,11,12,1
7116,2019-07-11,12,5,-7
7117,2019-07-11,2,4,2
7118,2019-07-11,2,2,0
7119,2019-07-11,2,5,3
7120,2019-07-11,2,2,0
7121,2019-07-11,3,7,4
7122,2019-07-11,4,6,2
7123,2019-07-11,1,2,1
7124,2019-07-11,13,19,6
7125,2019-07-11,13,12,-1
7126,2019-07-11,3,9,6
7127,2019-07-11,28,27,-1
7128,2019-07-11,9,9,0
7129,2019-07-11,2,5,3
7130,2019-07-11,3,7,4
7131,2019-07-11,2,1,-1
7132,2019-07-11,3,0,-3
7133,2019-07-11,2,4,2
7134,2019-07-11,3,3,0
7135,2019-07-11,1,4,3
7136,2019-07-11,4,3,-1
7137,2019-07-11,6,5,-1
7138,2019-07-11,2,1,-1
7139,2019-07-11,11,10,-1
7140,2019-07-11,10,20,10
7141,2019-07-11,24,21,-3
7143,2019-07-11,12,16,4
7144,2019-07-11,27,35,8
7145,2019-07-11,8,10,2
7147,2019-07-11,27,23,-4
7148,2019-07-11,5,2,-3
7149,2019-07-11,13,13,0
10002,2019-07-11,27,37,10
4000,2019-07-12,72,79,7
4001,2019-07-12,13,16,3
4002,2019-07-12,22,28,6
5002,2019-07-12,6,6,0
5003,2019-07-12,9,4,-5
5004,2019-07-12,3,3,0
5005,2019-07-12,4,10,6
5006,2019-07-12,5,6,1
5007,2019-07-12,20,28,8
6001,2019-07-12,80,110,30
6002,2019-07-12,55,53,-2
6003,2019-07-12,83,92,9
6004,2019-07-12,51,58,7
6005,2019-07-12,96,104,8
6006,2019-07-12,39,25,-14
6007,2019-07-12,28,34,6
6008,2019-07-12,62,97,35
6009,2019-07-12,66,77,11
6011,2019-07-12,89,90,1
6012,2019-07-12,174,264,90
6013,2019-07-12,114,141,27
6014,2019-07-12,67,91,24
6015,2019-07-12,192,326,134
6016,2019-07-12,14,28,14
6017,2019-07-12,52,66,14
6018,2019-07-12,72,78,6
6019,2019-07-12,149,99,-50
6020,2019-07-12,79,128,49
6021,2019-07-12,79,74,-5
6022,2019-07-12,58,58,0
6023,2019-07-12,156,201,45
6024,2019-07-12,2,4,2
6025,2019-07-12,47,51,4
6026,2019-07-12,179,244,65
6027,2019-07-12,148,149,1
6031,2019-07-12,41,62,21
6032,2019-07-12,63,174,111
6033,2019-07-12,13,7,-6
6034,2019-07-12,31,32,1
6035,2019-07-12,26,62,36
6036,2019-07-12,211,346,135
6037,2019-07-12,63,72,9
6038,2019-07-12,96,107,11
6039,2019-07-12,98,107,9
6040,2019-07-12,87,114,27
6041,2019-07-12,82,89,7
6042,2019-07-12,112,101,-11
6043,2019-07-12,202,337,135
6044,2019-07-12,100,90,-10
6046,2019-07-12,113,117,4
6047,2019-07-12,89,40,-49
6048,2019-07-12,39,50,11
6049,2019-07-12,132,112,-20
6050,2019-07-12,41,54,13
6051,2019-07-12,46,42,-4
6052,2019-07-12,200,324,124
6053,2019-07-12,177,205,28
6057,2019-07-12,73,77,4
6058,2019-07-12,92,79,-13
6059,2019-07-12,89,64,-25
6060,2019-07-12,25,25,0
6061,2019-07-12,83,59,-24
6062,2019-07-12,69,60,-9
6063,2019-07-12,98,109,11
6064,2019-07-12,180,169,-11
6065,2019-07-12,63,34,-29
6066,2019-07-12,28,14,-14
6067,2019-07-12,71,80,9
6068,2019-07-12,15,19,4
6070,2019-07-12,153,143,-10
6072,2019-07-12,87,85,-2
6073,2019-07-12,226,169,-57
6075,2019-07-12,29,19,-10
6076,2019-07-12,33,35,2
6078,2019-07-12,63,105,42
6079,2019-07-12,73,57,-16
6080,2019-07-12,136,159,23
6081,2019-07-12,52,45,-7
6082,2019-07-12,25,11,-14
6083,2019-07-12,162,154,-8
6084,2019-07-12,51,65,14
6085,2019-07-12,104,185,81
6086,2019-07-12,23,34,11
6087,2019-07-12,150,173,23
6088,2019-07-12,87,97,10
6089,2019-07-12,55,48,-7
6090,2019-07-12,59,53,-6
6091,2019-07-12,62,45,-17
6092,2019-07-12,84,70,-14
6093,2019-07-12,30,18,-12
6094,2019-07-12,47,43,-4
6095,2019-07-12,148,121,-27
6096,2019-07-12,49,67,18
6097,2019-07-12,109,81,-28
6098,2019-07-12,49,31,-18
6099,2019-07-12,105,159,54
6100,2019-07-12,266,291,25
6101,2019-07-12,56,22,-34
6102,2019-07-12,49,24,-25
6103,2019-07-12,15,9,-6
6104,2019-07-12,84,110,26
6105,2019-07-12,59,70,11
6106,2019-07-12,31,40,9
6107,2019-07-12,103,82,-21
6108,2019-07-12,49,57,8
6109,2019-07-12,17,13,-4
6110,2019-07-12,37,48,11
6111,2019-07-12,40,60,20
6112,2019-07-12,111,138,27
6114,2019-07-12,191,228,37
6115,2019-07-12,14,26,12
6116,2019-07-12,55,78,23
6117,2019-07-12,62,57,-5
6118,2019-07-12,80,95,15
6119,2019-07-12,81,118,37
6120,2019-07-12,73,111,38
6121,2019-07-12,31,38,7
6122,2019-07-12,15,27,12
6123,2019-07-12,34,45,11
6124,2019-07-12,50,65,15
6125,2019-07-12,37,29,-8
6126,2019-07-12,53,65,12
6127,2019-07-12,67,59,-8
6128,2019-07-12,29,34,5
6129,2019-07-12,75,65,-10
6130,2019-07-12,28,20,-8
6131,2019-07-12,92,63,-29
6132,2019-07-12,73,90,17
6133,2019-07-12,82,60,-22
6134,2019-07-12,44,37,-7
6136,2019-07-12,292,218,-74
6137,2019-07-12,120,98,-22
6138,2019-07-12,91,73,-18
6139,2019-07-12,67,45,-22
6140,2019-07-12,109,104,-5
6141,2019-07-12,65,62,-3
6142,2019-07-12,158,134,-24
6143,2019-07-12,125,133,8
6145,2019-07-12,72,69,-3
6146,2019-07-12,76,55,-21
6147,2019-07-12,100,73,-27
6148,2019-07-12,139,120,-19
6149,2019-07-12,54,46,-8
6150,2019-07-12,81,79,-2
6151,2019-07-12,77,71,-6
6152,2019-07-12,159,142,-17
6153,2019-07-12,67,60,-7
6154,2019-07-12,195,183,-12
6155,2019-07-12,171,153,-18
6156,2019-07-12,92,74,-18
6157,2019-07-12,138,130,-8
6158,2019-07-12,69,57,-12
6159,2019-07-12,43,42,-1
6160,2019-07-12,71,50,-21
6161,2019-07-12,58,53,-5
6162,2019-07-12,10,10,0
6163,2019-07-12,144,123,-21
6164,2019-07-12,119,137,18
6165,2019-07-12,141,170,29
6166,2019-07-12,98,87,-11
6167,2019-07-12,50,50,0
6168,2019-07-12,55,40,-15
6169,2019-07-12,188,149,-39
6170,2019-07-12,89,83,-6
6171,2019-07-12,56,70,14
6173,2019-07-12,133,83,-50
6174,2019-07-12,126,109,-17
6175,2019-07-12,92,59,-33
6176,2019-07-12,107,94,-13
6177,2019-07-12,98,75,-23
6178,2019-07-12,185,181,-4
6179,2019-07-12,90,83,-7
6180,2019-07-12,70,73,3
6181,2019-07-12,140,102,-38
6182,2019-07-12,99,62,-37
6183,2019-07-12,97,85,-12
6184,2019-07-12,299,290,-9
6186,2019-07-12,84,81,-3
6187,2019-07-12,131,125,-6
6188,2019-07-12,69,58,-11
6189,2019-07-12,20,21,1
6190,2019-07-12,124,82,-42
6191,2019-07-12,78,70,-8
6192,2019-07-12,40,25,-15
6193,2019-07-12,131,127,-4
6194,2019-07-12,218,185,-33
6195,2019-07-12,115,63,-52
6196,2019-07-12,136,99,-37
6197,2019-07-12,57,49,-8
6198,2019-07-12,20,21,1
6199,2019-07-12,161,126,-35
6200,2019-07-12,145,137,-8
6201,2019-07-12,94,81,-13
6202,2019-07-12,122,103,-19
6203,2019-07-12,113,101,-12
6204,2019-07-12,104,72,-32
6205,2019-07-12,89,89,0
6206,2019-07-12,158,139,-19
6207,2019-07-12,42,40,-2
6208,2019-07-12,78,88,10
6209,2019-07-12,106,91,-15
6210,2019-07-12,47,49,2
6211,2019-07-12,181,154,-27
6212,2019-07-12,97,62,-35
6213,2019-07-12,154,148,-6
6214,2019-07-12,118,94,-24
6215,2019-07-12,63,48,-15
6216,2019-07-12,163,100,-63
6217,2019-07-12,92,86,-6
6218,2019-07-12,77,60,-17
6219,2019-07-12,72,58,-14
6220,2019-07-12,106,95,-11
6221,2019-07-12,223,189,-34
6222,2019-07-12,100,79,-21
6223,2019-07-12,133,62,-71
6224,2019-07-12,95,72,-23
6225,2019-07-12,72,47,-25
6226,2019-07-12,42,33,-9
6227,2019-07-12,183,178,-5
6228,2019-07-12,34,27,-7
6229,2019-07-12,73,64,-9
6230,2019-07-12,86,70,-16
6231,2019-07-12,136,99,-37
6232,2019-07-12,37,29,-8
6233,2019-07-12,125,101,-24
6234,2019-07-12,97,80,-17
6235,2019-07-12,105,84,-21
6236,2019-07-12,97,81,-16
6237,2019-07-12,62,62,0
6240,2019-07-12,43,31,-12
6241,2019-07-12,41,33,-8
6243,2019-07-12,76,73,-3
6245,2019-07-12,57,38,-19
6246,2019-07-12,59,45,-14
6247,2019-07-12,139,132,-7
6248,2019-07-12,164,116,-48
6249,2019-07-12,62,61,-1
6250,2019-07-12,94,99,5
6251,2019-07-12,33,28,-5
6252,2019-07-12,73,64,-9
6253,2019-07-12,76,56,-20
6254,2019-07-12,76,63,-13
6255,2019-07-12,111,114,3
6257,2019-07-12,53,51,-2
6258,2019-07-12,94,60,-34
6259,2019-07-12,50,53,3
6260,2019-07-12,63,50,-13
6261,2019-07-12,76,71,-5
6262,2019-07-12,69,66,-3
6263,2019-07-12,23,25,2
6265,2019-07-12,65,47,-18
6267,2019-07-12,68,59,-9
6268,2019-07-12,73,58,-15
6269,2019-07-12,35,45,10
6270,2019-07-12,54,39,-15
6271,2019-07-12,1,3,2
6272,2019-07-12,38,26,-12
6273,2019-07-12,47,41,-6
6274,2019-07-12,51,53,2
6275,2019-07-12,28,22,-6
6276,2019-07-12,63,58,-5
6277,2019-07-12,82,73,-9
6278,2019-07-12,37,35,-2
6280,2019-07-12,75,75,0
6281,2019-07-12,33,21,-12
6301,2019-07-12,21,19,-2
6302,2019-07-12,17,10,-7
6303,2019-07-12,26,16,-10
6304,2019-07-12,13,14,1
6305,2019-07-12,24,15,-9
6306,2019-07-12,54,23,-31
6307,2019-07-12,76,76,0
6309,2019-07-12,24,28,4
6310,2019-07-12,70,27,-43
6311,2019-07-12,48,36,-12
6312,2019-07-12,27,27,0
6313,2019-07-12,66,91,25
6314,2019-07-12,92,90,-2
6315,2019-07-12,89,52,-37
6316,2019-07-12,46,33,-13
6321,2019-07-12,93,87,-6
6322,2019-07-12,44,41,-3
6323,2019-07-12,10,9,-1
6324,2019-07-12,31,34,3
6327,2019-07-12,41,29,-12
6328,2019-07-12,44,43,-1
6329,2019-07-12,21,24,3
6330,2019-07-12,32,26,-6
6331,2019-07-12,29,18,-11
6332,2019-07-12,39,39,0
6333,2019-07-12,21,21,0
6334,2019-07-12,63,72,9
6335,2019-07-12,36,33,-3
6336,2019-07-12,35,35,0
6338,2019-07-12,45,36,-9
6339,2019-07-12,25,29,4
6340,2019-07-12,33,26,-7
6341,2019-07-12,49,59,10
6343,2019-07-12,35,29,-6
6345,2019-07-12,17,12,-5
6347,2019-07-12,21,26,5
6349,2019-07-12,40,37,-3
6350,2019-07-12,60,44,-16
6354,2019-07-12,44,32,-12
6355,2019-07-12,29,40,11
6356,2019-07-12,32,23,-9
6357,2019-07-12,32,17,-15
6358,2019-07-12,24,24,0
6359,2019-07-12,111,117,6
6360,2019-07-12,46,34,-12
6361,2019-07-12,58,49,-9
6362,2019-07-12,46,35,-11
6363,2019-07-12,28,24,-4
6364,2019-07-12,54,48,-6
6366,2019-07-12,36,30,-6
6368,2019-07-12,84,75,-9
6369,2019-07-12,29,37,8
6370,2019-07-12,48,48,0
6371,2019-07-12,100,83,-17
6372,2019-07-12,90,110,20
6373,2019-07-12,38,46,8
6374,2019-07-12,41,41,0
6375,2019-07-12,68,81,13
6376,2019-07-12,44,41,-3
6377,2019-07-12,50,55,5
6379,2019-07-12,33,39,6
6380,2019-07-12,19,25,6
6381,2019-07-12,65,66,1
6383,2019-07-12,36,30,-6
6384,2019-07-12,27,19,-8
6385,2019-07-12,72,63,-9
6386,2019-07-12,64,81,17
6387,2019-07-12,82,99,17
6388,2019-07-12,35,37,2
6389,2019-07-12,56,50,-6
6391,2019-07-12,74,92,18
6393,2019-07-12,76,105,29
6394,2019-07-12,83,116,33
6395,2019-07-12,81,107,26
6396,2019-07-12,97,109,12
6397,2019-07-12,45,77,32
6398,2019-07-12,36,51,15
6401,2019-07-12,67,78,11
6402,2019-07-12,58,68,10
6403,2019-07-12,32,44,12
6404,2019-07-12,18,21,3
6405,2019-07-12,55,69,14
6406,2019-07-12,127,180,53
6407,2019-07-12,20,34,14
6408,2019-07-12,50,58,8
6409,2019-07-12,20,17,-3
6410,2019-07-12,58,60,2
6411,2019-07-12,140,137,-3
6412,2019-07-12,31,31,0
6413,2019-07-12,35,45,10
6414,2019-07-12,37,52,15
6415,2019-07-12,24,22,-2
6416,2019-07-12,33,15,-18
6417,2019-07-12,33,34,1
6418,2019-07-12,6,10,4
6419,2019-07-12,12,16,4
6420,2019-07-12,29,38,9
6421,2019-07-12,53,44,-9
6422,2019-07-12,14,12,-2
6423,2019-07-12,26,17,-9
6424,2019-07-12,52,82,30
6425,2019-07-12,54,54,0
6426,2019-07-12,73,73,0
6427,2019-07-12,81,90,9
6428,2019-07-12,24,36,12
6429,2019-07-12,44,48,4
6432,2019-07-12,93,101,8
6433,2019-07-12,53,44,-9
6434,2019-07-12,81,71,-10
6435,2019-07-12,56,48,-8
6436,2019-07-12,31,22,-9
6501,2019-07-12,120,143,23
6502,2019-07-12,42,39,-3
6503,2019-07-12,61,63,2
6504,2019-07-12,35,30,-5
6700,2019-07-12,31,45,14
6701,2019-07-12,75,66,-9
6703,2019-07-12,62,65,3
6704,2019-07-12,35,28,-7
6705,2019-07-12,19,17,-2
6706,2019-07-12,25,32,7
6707,2019-07-12,32,45,13
6708,2019-07-12,56,129,73
6709,2019-07-12,38,45,7
6710,2019-07-12,21,24,3
6711,2019-07-12,25,29,4
6712,2019-07-12,21,25,4
6713,2019-07-12,16,16,0
6714,2019-07-12,9,6,-3
6715,2019-07-12,28,28,0
6716,2019-07-12,10,15,5
6717,2019-07-12,13,19,6
6718,2019-07-12,35,34,-1
6719,2019-07-12,19,20,1
6720,2019-07-12,31,37,6
6721,2019-07-12,22,26,4
6722,2019-07-12,8,15,7
6723,2019-07-12,36,31,-5
6724,2019-07-12,78,94,16
6725,2019-07-12,30,32,2
6726,2019-07-12,10,16,6
6727,2019-07-12,103,113,10
6728,2019-07-12,15,13,-2
6729,2019-07-12,116,129,13
6730,2019-07-12,26,11,-15
6731,2019-07-12,20,13,-7
6732,2019-07-12,42,33,-9
6733,2019-07-12,34,26,-8
6734,2019-07-12,50,50,0
6735,2019-07-12,9,6,-3
6736,2019-07-12,11,23,12
6737,2019-07-12,24,31,7
6738,2019-07-12,117,84,-33
6739,2019-07-12,6,3,-3
6741,2019-07-12,33,24,-9
6742,2019-07-12,55,64,9
6744,2019-07-12,36,37,1
6745,2019-07-12,44,41,-3
6746,2019-07-12,27,30,3
6747,2019-07-12,48,57,9
6748,2019-07-12,98,120,22
6749,2019-07-12,50,50,0
6750,2019-07-12,40,31,-9
6752,2019-07-12,21,27,6
6753,2019-07-12,16,21,5
6754,2019-07-12,23,23,0
6901,2019-07-12,50,80,30
6902,2019-07-12,81,104,23
6903,2019-07-12,98,92,-6
6904,2019-07-12,58,42,-16
6905,2019-07-12,38,36,-2
6906,2019-07-12,167,129,-38
6907,2019-07-12,106,76,-30
6908,2019-07-12,68,72,4
6912,2019-07-12,208,180,-28
6913,2019-07-12,72,56,-16
6915,2019-07-12,102,93,-9
6916,2019-07-12,37,34,-3
6917,2019-07-12,12,16,4
6918,2019-07-12,27,22,-5
6919,2019-07-12,24,17,-7
6921,2019-07-12,67,92,25
6923,2019-07-12,53,42,-11
6924,2019-07-12,38,36,-2
6925,2019-07-12,38,43,5
6926,2019-07-12,67,68,1
6927,2019-07-12,64,32,-32
6928,2019-07-12,37,15,-22
6929,2019-07-12,40,34,-6
6930,2019-07-12,24,24,0
7001,2019-07-12,42,39,-3
7002,2019-07-12,18,24,6
7003,2019-07-12,89,79,-10
7004,2019-07-12,13,15,2
7005,2019-07-12,9,9,0
7006,2019-07-12,22,20,-2
7007,2019-07-12,10,15,5
7008,2019-07-12,28,23,-5
7009,2019-07-12,95,126,31
7010,2019-07-12,14,11,-3
7011,2019-07-12,84,103,19
7012,2019-07-12,27,55,28
7013,2019-07-12,26,22,-4
7014,2019-07-12,50,42,-8
7015,2019-07-12,19,12,-7
7016,2019-07-12,15,16,1
7017,2019-07-12,40,46,6
7018,2019-07-12,27,40,13
7019,2019-07-12,136,146,10
7020,2019-07-12,24,24,0
7021,2019-07-12,47,46,-1
7022,2019-07-12,41,29,-12
7023,2019-07-12,4,4,0
7024,2019-07-12,49,48,-1
7025,2019-07-12,63,63,0
7026,2019-07-12,74,74,0
7027,2019-07-12,44,38,-6
7028,2019-07-12,92,83,-9
7029,2019-07-12,50,46,-4
7030,2019-07-12,46,40,-6
7032,2019-07-12,105,57,-48
7033,2019-07-12,83,71,-12
7034,2019-07-12,47,61,14
7035,2019-07-12,50,41,-9
7036,2019-07-12,55,57,2
7037,2019-07-12,50,48,-2
7038,2019-07-12,67,73,6
7039,2019-07-12,32,32,0
7040,2019-07-12,76,80,4
7041,2019-07-12,149,142,-7
7042,2019-07-12,40,50,10
7043,2019-07-12,28,16,-12
7044,2019-07-12,14,18,4
7045,2019-07-12,63,68,5
7046,2019-07-12,126,131,5
7047,2019-07-12,151,241,90
7048,2019-07-12,23,21,-2
7049,2019-07-12,26,34,8
7050,2019-07-12,29,34,5
7051,2019-07-12,17,17,0
7052,2019-07-12,55,60,5
7053,2019-07-12,54,53,-1
7054,2019-07-12,60,67,7
7055,2019-07-12,21,32,11
7056,2019-07-12,14,27,13
7057,2019-07-12,44,53,9
7058,2019-07-12,55,63,8
7059,2019-07-12,36,36,0
7060,2019-07-12,32,42,10
7061,2019-07-12,24,20,-4
7062,2019-07-12,53,67,14
7063,2019-07-12,24,23,-1
7064,2019-07-12,29,34,5
7065,2019-07-12,46,44,-2
7066,2019-07-12,97,164,67
7067,2019-07-12,70,59,-11
7068,2019-07-12,95,85,-10
7069,2019-07-12,90,111,21
7070,2019-07-12,56,54,-2
7071,2019-07-12,77,54,-23
7072,2019-07-12,53,46,-7
7073,2019-07-12,82,100,18
7074,2019-07-12,47,51,4
7075,2019-07-12,10,12,2
7076,2019-07-12,61,49,-12
7077,2019-07-12,60,87,27
7078,2019-07-12,34,38,4
7079,2019-07-12,47,60,13
7080,2019-07-12,99,93,-6
7081,2019-07-12,60,67,7
7082,2019-07-12,85,118,33
7083,2019-07-12,59,53,-6
7084,2019-07-12,81,74,-7
7087,2019-07-12,4,4,0
7088,2019-07-12,1,0,-1
7090,2019-07-12,16,17,1
7091,2019-07-12,8,9,1
7092,2019-07-12,9,5,-4
7093,2019-07-12,5,7,2
7094,2019-07-12,2,1,-1
7095,2019-07-12,26,29,3
7096,2019-07-12,36,38,2
7097,2019-07-12,11,12,1
7098,2019-07-12,3,4,1
7099,2019-07-12,6,9,3
7100,2019-07-12,10,8,-2
7101,2019-07-12,5,5,0
7102,2019-07-12,12,19,7
7103,2019-07-12,19,14,-5
7104,2019-07-12,4,6,2
7105,2019-07-12,11,12,1
7106,2019-07-12,5,3,-2
7108,2019-07-12,8,9,1
7109,2019-07-12,3,4,1
7110,2019-07-12,4,3,-1
7111,2019-07-12,5,5,0
7112,2019-07-12,8,10,2
7113,2019-07-12,56,54,-2
7114,2019-07-12,97,106,9
7115,2019-07-12,25,18,-7
7116,2019-07-12,12,10,-2
7117,2019-07-12,6,6,0
7118,2019-07-12,5,6,1
7119,2019-07-12,8,10,2
7120,2019-07-12,3,5,2
7121,2019-07-12,7,4,-3
7122,2019-07-12,1,6,5
7123,2019-07-12,7,8,1
7124,2019-07-12,19,11,-8
7125,2019-07-12,33,30,-3
7126,2019-07-12,6,7,1
7127,2019-07-12,38,40,2
7128,2019-07-12,11,8,-3
7129,2019-07-12,9,7,-2
7130,2019-07-12,12,9,-3
7131,2019-07-12,7,8,1
7132,2019-07-12,5,7,2
7133,2019-07-12,8,12,4
7134,2019-07-12,4,9,5
7135,2019-07-12,7,9,2
7136,2019-07-12,1,2,1
7137,2019-07-12,7,5,-2
7138,2019-07-12,7,8,1
7139,2019-07-12,38,47,9
7140,2019-07-12,25,30,5
7141,2019-07-12,48,49,1
7143,2019-07-12,23,17,-6
7144,2019-07-12,44,58,14
7145,2019-07-12,21,15,-6
7146,2019-07-12,12,12,0
7147,2019-07-12,57,58,1
7148,2019-07-12,12,10,-2
7149,2019-07-12,15,15,0
10002,2019-07-12,99,99,0
4000,2019-07-13,45,67,22
4001,2019-07-13,13,16,3
4002,2019-07-13,30,25,-5
5002,2019-07-13,3,1,-2
5004,2019-07-13,2,1,-1
5005,2019-07-13,5,8,3
5006,2019-07-13,9,9,0
5007,2019-07-13,20,16,-4
6001,2019-07-13,47,65,18
6002,2019-07-13,50,54,4
6003,2019-07-13,61,58,-3
6004,2019-07-13,38,40,2
6005,2019-07-13,34,37,3
6006,2019-07-13,38,23,-15
6007,2019-07-13,40,29,-11
6008,2019-07-13,38,61,23
6009,2019-07-13,85,91,6
6011,2019-07-13,46,46,0
6012,2019-07-13,101,203,102
6013,2019-07-13,81,128,47
6014,2019-07-13,62,75,13
6015,2019-07-13,173,271,98
6016,2019-07-13,32,27,-5
6017,2019-07-13,57,62,5
6018,2019-07-13,61,92,31
6019,2019-07-13,124,83,-41
6020,2019-07-13,88,125,37
6021,2019-07-13,83,74,-9
6022,2019-07-13,55,63,8
6023,2019-07-13,212,251,39
6024,2019-07-13,11,9,-2
6025,2019-07-13,35,31,-4
6026,2019-07-13,232,402,170
6027,2019-07-13,51,57,6
6031,2019-07-13,30,35,5
6032,2019-07-13,34,129,95
6033,2019-07-13,12,13,1
6034,2019-07-13,23,17,-6
6035,2019-07-13,19,19,0
6036,2019-07-13,257,363,106
6037,2019-07-13,44,47,3
6038,2019-07-13,74,95,21
6039,2019-07-13,67,74,7
6040,2019-07-13,56,59,3
6041,2019-07-13,23,36,13
6042,2019-07-13,22,38,16
6043,2019-07-13,58,73,15
6044,2019-07-13,92,75,-17
6046,2019-07-13,35,22,-13
6047,2019-07-13,48,20,-28
6048,2019-07-13,12,13,1
6049,2019-07-13,36,37,1
6050,2019-07-13,15,12,-3
6051,2019-07-13,37,24,-13
6052,2019-07-13,261,369,108
6053,2019-07-13,92,136,44
6057,2019-07-13,47,39,-8
6058,2019-07-13,36,37,1
6059,2019-07-13,28,13,-15
6060,2019-07-13,13,12,-1
6061,2019-07-13,55,49,-6
6062,2019-07-13,54,39,-15
6063,2019-07-13,66,70,4
6064,2019-07-13,122,120,-2
6065,2019-07-13,51,46,-5
6066,2019-07-13,39,23,-16
6067,2019-07-13,24,25,1
6068,2019-07-13,5,8,3
6070,2019-07-13,122,104,-18
6072,2019-07-13,27,36,9
6073,2019-07-13,142,132,-10
6075,2019-07-13,25,14,-11
6076,2019-07-13,14,19,5
6078,2019-07-13,32,62,30
6079,2019-07-13,57,51,-6
6080,2019-07-13,93,111,18
6081,2019-07-13,29,26,-3
6082,2019-07-13,18,6,-12
6083,2019-07-13,77,78,1
6084,2019-07-13,26,28,2
6085,2019-07-13,38,84,46
6086,2019-07-13,40,51,11
6087,2019-07-13,94,113,19
6088,2019-07-13,59,67,8
6089,2019-07-13,34,21,-13
6090,2019-07-13,44,44,0
6091,2019-07-13,55,49,-6
6092,2019-07-13,55,40,-15
6093,2019-07-13,19,13,-6
6094,2019-07-13,52,41,-11
6095,2019-07-13,121,110,-11
6096,2019-07-13,23,28,5
6097,2019-07-13,65,58,-7
6098,2019-07-13,40,23,-17
6099,2019-07-13,95,159,64
6100,2019-07-13,192,199,7
6101,2019-07-13,23,11,-12
6102,2019-07-13,32,22,-10
6103,2019-07-13,14,21,7
6104,2019-07-13,51,59,8
6105,2019-07-13,34,47,13
6106,2019-07-13,30,36,6
6107,2019-07-13,93,69,-24
6108,2019-07-13,27,31,4
6109,2019-07-13,42,48,6
6110,2019-07-13,27,28,1
6111,2019-07-13,49,59,10
6112,2019-07-13,114,125,11
6114,2019-07-13,192,214,22
6115,2019-07-13,11,17,6
6116,2019-07-13,53,57,4
6117,2019-07-13,41,38,-3
6118,2019-07-13,76,85,9
6119,2019-07-13,85,99,14
6120,2019-07-13,52,83,31
6121,2019-07-13,33,38,5
6122,2019-07-13,21,28,7
6123,2019-07-13,39,33,-6
6124,2019-07-13,37,59,22
6125,2019-07-13,17,17,0
6126,2019-07-13,33,38,5
6127,2019-07-13,55,43,-12
6128,2019-07-13,17,17,0
6129,2019-07-13,68,57,-11
6130,2019-07-13,28,27,-1
6131,2019-07-13,94,49,-45
6132,2019-07-13,39,52,13
6133,2019-07-13,82,79,-3
6134,2019-07-13,45,34,-11
6136,2019-07-13,198,168,-30
6137,2019-07-13,87,79,-8
6138,2019-07-13,90,82,-8
6139,2019-07-13,51,45,-6
6140,2019-07-13,99,89,-10
6141,2019-07-13,43,32,-11
6142,2019-07-13,124,115,-9
6143,2019-07-13,236,204,-32
6145,2019-07-13,75,68,-7
6146,2019-07-13,114,97,-17
6147,2019-07-13,87,54,-33
6148,2019-07-13,114,79,-35
6149,2019-07-13,41,41,0
6150,2019-07-13,58,57,-1
6151,2019-07-13,90,94,4
6152,2019-07-13,139,129,-10
6153,2019-07-13,56,51,-5
6154,2019-07-13,177,170,-7
6155,2019-07-13,136,147,11
6156,2019-07-13,63,59,-4
6157,2019-07-13,171,175,4
6158,2019-07-13,59,49,-10
6159,2019-07-13,17,25,8
6160,2019-07-13,44,34,-10
6161,2019-07-13,49,48,-1
6162,2019-07-13,22,19,-3
6163,2019-07-13,144,143,-1
6164,2019-07-13,134,131,-3
6165,2019-07-13,189,198,9
6166,2019-07-13,92,71,-21
6167,2019-07-13,29,30,1
6168,2019-07-13,35,28,-7
6169,2019-07-13,154,135,-19
6170,2019-07-13,96,91,-5
6171,2019-07-13,34,50,16
6173,2019-07-13,138,80,-58
6174,2019-07-13,111,97,-14
6175,2019-07-13,83,55,-28
6176,2019-07-13,119,107,-12
6177,2019-07-13,67,72,5
6178,2019-07-13,202,192,-10
6179,2019-07-13,102,97,-5
6180,2019-07-13,60,62,2
6181,2019-07-13,94,95,1
6182,2019-07-13,65,50,-15
6183,2019-07-13,103,91,-12
6184,2019-07-13,254,217,-37
6186,2019-07-13,82,67,-15
6187,2019-07-13,170,136,-34
6188,2019-07-13,48,52,4
6189,2019-07-13,28,24,-4
6190,2019-07-13,86,54,-32
6191,2019-07-13,44,41,-3
6192,2019-07-13,32,18,-14
6193,2019-07-13,143,138,-5
6194,2019-07-13,188,164,-24
6195,2019-07-13,84,46,-38
6196,2019-07-13,117,94,-23
6197,2019-07-13,52,40,-12
6198,2019-07-13,29,20,-9
6199,2019-07-13,79,51,-28
6200,2019-07-13,112,110,-2
6201,2019-07-13,82,67,-15
6202,2019-07-13,77,64,-13
6203,2019-07-13,68,64,-4
6204,2019-07-13,79,76,-3
6205,2019-07-13,90,62,-28
6206,2019-07-13,131,102,-29
6207,2019-07-13,28,28,0
6208,2019-07-13,45,45,0
6209,2019-07-13,100,80,-20
6210,2019-07-13,30,26,-4
6211,2019-07-13,131,113,-18
6212,2019-07-13,93,80,-13
6213,2019-07-13,142,126,-16
6214,2019-07-13,95,85,-10
6215,2019-07-13,40,40,0
6216,2019-07-13,181,133,-48
6217,2019-07-13,92,83,-9
6218,2019-07-13,47,38,-9
6219,2019-07-13,67,72,5
6220,2019-07-13,99,83,-16
6221,2019-07-13,198,173,-25
6222,2019-07-13,94,77,-17
6223,2019-07-13,143,85,-58
6224,2019-07-13,68,43,-25
6225,2019-07-13,94,66,-28
6226,2019-07-13,8,10,2
6227,2019-07-13,171,161,-10
6228,2019-07-13,33,30,-3
6229,2019-07-13,70,50,-20
6230,2019-07-13,119,104,-15
6231,2019-07-13,125,129,4
6232,2019-07-13,26,22,-4
6233,2019-07-13,106,105,-1
6234,2019-07-13,68,70,2
6235,2019-07-13,36,22,-14
6236,2019-07-13,79,69,-10
6237,2019-07-13,51,46,-5
6240,2019-07-13,16,10,-6
6241,2019-07-13,35,38,3
6243,2019-07-13,84,81,-3
6245,2019-07-13,34,30,-4
6246,2019-07-13,47,58,11
6247,2019-07-13,113,118,5
6248,2019-07-13,139,126,-13
6249,2019-07-13,78,66,-12
6250,2019-07-13,162,163,1
6251,2019-07-13,27,28,1
6252,2019-07-13,71,64,-7
6253,2019-07-13,69,50,-19
6254,2019-07-13,75,83,8
6255,2019-07-13,110,111,1
6257,2019-07-13,46,47,1
6258,2019-07-13,96,65,-31
6259,2019-07-13,52,45,-7
6260,2019-07-13,59,54,-5
6261,2019-07-13,64,63,-1
6262,2019-07-13,71,59,-12
6263,2019-07-13,16,13,-3
6265,2019-07-13,42,40,-2
6267,2019-07-13,62,63,1
6268,2019-07-13,75,75,0
6269,2019-07-13,29,31,2
6270,2019-07-13,36,43,7
6271,2019-07-13,3,2,-1
6272,2019-07-13,33,23,-10
6273,2019-07-13,44,38,-6
6274,2019-07-13,45,47,2
6275,2019-07-13,26,26,0
6276,2019-07-13,48,42,-6
6277,2019-07-13,59,58,-1
6278,2019-07-13,32,36,4
6280,2019-07-13,90,83,-7
6281,2019-07-13,49,20,-29
6301,2019-07-13,21,15,-6
6302,2019-07-13,16,10,-6
6303,2019-07-13,20,19,-1
6304,2019-07-13,15,11,-4
6305,2019-07-13,19,9,-10
6306,2019-07-13,18,9,-9
6307,2019-07-13,87,76,-11
6309,2019-07-13,20,21,1
6310,2019-07-13,42,23,-19
6311,2019-07-13,45,38,-7
6312,2019-07-13,17,27,10
6313,2019-07-13,82,88,6
6314,2019-07-13,68,63,-5
6315,2019-07-13,79,43,-36
6316,2019-07-13,32,15,-17
6321,2019-07-13,142,129,-13
6322,2019-07-13,23,29,6
6324,2019-07-13,35,29,-6
6327,2019-07-13,33,31,-2
6328,2019-07-13,51,40,-11
6329,2019-07-13,27,16,-11
6330,2019-07-13,31,26,-5
6331,2019-07-13,23,15,-8
6332,2019-07-13,18,28,10
6333,2019-07-13,17,12,-5
6334,2019-07-13,59,68,9
6335,2019-07-13,44,40,-4
6336,2019-07-13,40,35,-5
6338,2019-07-13,37,35,-2
6339,2019-07-13,30,30,0
6340,2019-07-13,32,27,-5
6341,2019-07-13,48,52,4
6343,2019-07-13,37,36,-1
6345,2019-07-13,21,23,2
6347,2019-07-13,14,17,3
6349,2019-07-13,26,28,2
6350,2019-07-13,32,38,6
6354,2019-07-13,29,35,6
6355,2019-07-13,43,37,-6
6356,2019-07-13,26,12,-14
6357,2019-07-13,13,14,1
6358,2019-07-13,27,21,-6
6359,2019-07-13,64,83,19
6360,2019-07-13,32,37,5
6361,2019-07-13,45,48,3
6362,2019-07-13,37,46,9
6363,2019-07-13,17,9,-8
6364,2019-07-13,49,34,-15
6366,2019-07-13,26,22,-4
6368,2019-07-13,83,86,3
6369,2019-07-13,31,44,13
6370,2019-07-13,39,25,-14
6371,2019-07-13,94,86,-8
6372,2019-07-13,103,84,-19
6373,2019-07-13,48,43,-5
6374,2019-07-13,41,37,-4
6375,2019-07-13,49,74,25
6376,2019-07-13,29,28,-1
6377,2019-07-13,33,35,2
6379,2019-07-13,23,32,9
6380,2019-07-13,20,15,-5
6381,2019-07-13,58,58,0
6383,2019-07-13,43,24,-19
6384,2019-07-13,27,17,-10
6385,2019-07-13,46,48,2
6386,2019-07-13,39,76,37
6387,2019-07-13,56,72,16
6388,2019-07-13,32,34,2
6389,2019-07-13,57,58,1
6391,2019-07-13,75,85,10
6393,2019-07-13,58,68,10
6394,2019-07-13,109,133,24
6395,2019-07-13,77,70,-7
6396,2019-07-13,103,152,49
6397,2019-07-13,52,68,16
6398,2019-07-13,29,39,10
6401,2019-07-13,54,63,9
6402,2019-07-13,81,80,-1
6403,2019-07-13,42,37,-5
6404,2019-07-13,23,31,8
6405,2019-07-13,69,89,20
6406,2019-07-13,302,337,35
6407,2019-07-13,14,43,29
6408,2019-07-13,25,38,13
6409,2019-07-13,6,19,13
6410,2019-07-13,28,27,-1
6411,2019-07-13,103,90,-13
6412,2019-07-13,16,13,-3
6413,2019-07-13,5,6,1
6414,2019-07-13,32,30,-2
6415,2019-07-13,17,15,-2
6416,2019-07-13,16,12,-4
6417,2019-07-13,21,28,7
6418,2019-07-13,12,12,0
6419,2019-07-13,7,15,8
6420,2019-07-13,32,27,-5
6421,2019-07-13,49,46,-3
6422,2019-07-13,17,15,-2
6423,2019-07-13,17,11,-6
6424,2019-07-13,21,48,27
6425,2019-07-13,53,59,6
6426,2019-07-13,54,67,13
6427,2019-07-13,59,66,7
6428,2019-07-13,38,41,3
6429,2019-07-13,37,36,-1
6432,2019-07-13,75,71,-4
6433,2019-07-13,29,26,-3
6434,2019-07-13,67,62,-5
6435,2019-07-13,46,43,-3
6436,2019-07-13,29,21,-8
6501,2019-07-13,290,307,17
6502,2019-07-13,36,37,1
6503,2019-07-13,45,45,0
6504,2019-07-13,40,43,3
6700,2019-07-13,19,33,14
6701,2019-07-13,41,31,-10
6703,2019-07-13,114,113,-1
6704,2019-07-13,34,25,-9
6705,2019-07-13,13,22,9
6706,2019-07-13,19,19,0
6707,2019-07-13,25,30,5
6708,2019-07-13,46,91,45
6709,2019-07-13,22,15,-7
6710,2019-07-13,29,30,1
6711,2019-07-13,17,17,0
6712,2019-07-13,33,42,9
6713,2019-07-13,13,13,0
6714,2019-07-13,6,7,1
6715,2019-07-13,41,42,1
6716,2019-07-13,7,11,4
6717,2019-07-13,12,11,-1
6718,2019-07-13,34,22,-12
6719,2019-07-13,18,16,-2
6720,2019-07-13,33,31,-2
6721,2019-07-13,23,20,-3
6722,2019-07-13,16,20,4
6723,2019-07-13,13,13,0
6724,2019-07-13,66,79,13
6725,2019-07-13,37,44,7
6726,2019-07-13,11,17,6
6727,2019-07-13,37,54,17
6728,2019-07-13,11,8,-3
6729,2019-07-13,133,140,7
6730,2019-07-13,11,15,4
6731,2019-07-13,27,22,-5
6732,2019-07-13,36,43,7
6733,2019-07-13,30,34,4
6734,2019-07-13,33,34,1
6735,2019-07-13,9,6,-3
6736,2019-07-13,22,17,-5
6737,2019-07-13,27,30,3
6738,2019-07-13,27,32,5
6739,2019-07-13,6,3,-3
6741,2019-07-13,23,26,3
6742,2019-07-13,48,45,-3
6744,2019-07-13,17,19,2
6745,2019-07-13,25,21,-4
6746,2019-07-13,13,23,10
6747,2019-07-13,24,37,13
6748,2019-07-13,66,93,27
6749,2019-07-13,43,37,-6
6750,2019-07-13,47,43,-4
6752,2019-07-13,12,8,-4
6753,2019-07-13,12,18,6
6754,2019-07-13,16,19,3
6901,2019-07-13,40,57,17
6902,2019-07-13,64,79,15
6903,2019-07-13,104,104,0
6904,2019-07-13,36,46,10
6905,2019-07-13,33,41,8
6906,2019-07-13,114,84,-30
6907,2019-07-13,131,89,-42
6908,2019-07-13,84,69,-15
6912,2019-07-13,185,156,-29
6913,2019-07-13,66,58,-8
6915,2019-07-13,115,105,-10
6916,2019-07-13,30,27,-3
6917,2019-07-13,17,17,0
6918,2019-07-13,29,28,-1
6919,2019-07-13,30,19,-11
6921,2019-07-13,36,46,10
6923,2019-07-13,40,46,6
6924,2019-07-13,31,29,-2
6925,2019-07-13,36,40,4
6926,2019-07-13,49,50,1
6927,2019-07-13,33,30,-3
6928,2019-07-13,15,10,-5
6929,2019-07-13,42,30,-12
6930,2019-07-13,41,46,5
7001,2019-07-13,30,36,6
7002,2019-07-13,9,10,1
7003,2019-07-13,106,83,-23
7004,2019-07-13,11,11,0
7005,2019-07-13,5,7,2
7006,2019-07-13,13,18,5
7007,2019-07-13,6,8,2
7008,2019-07-13,16,24,8
7009,2019-07-13,62,81,19
7010,2019-07-13,10,17,7
7011,2019-07-13,92,104,12
7012,2019-07-13,33,35,2
7013,2019-07-13,15,12,-3
7014,2019-07-13,39,20,-19
7015,2019-07-13,31,16,-15
7016,2019-07-13,18,21,3
7017,2019-07-13,30,41,11
7018,2019-07-13,29,40,11
7019,2019-07-13,9,12,3
7020,2019-07-13,19,18,-1
7021,2019-07-13,43,40,-3
7022,2019-07-13,31,31,0
7023,2019-07-13,1,4,3
7024,2019-07-13,39,27,-12
7025,2019-07-13,39,39,0
7026,2019-07-13,54,47,-7
7027,2019-07-13,38,36,-2
7028,2019-07-13,28,30,2
7029,2019-07-13,40,42,2
7030,2019-07-13,53,44,-9
7032,2019-07-13,68,48,-20
7033,2019-07-13,61,50,-11
7034,2019-07-13,67,84,17
7035,2019-07-13,26,23,-3
7036,2019-07-13,50,41,-9
7037,2019-07-13,39,27,-12
7038,2019-07-13,71,58,-13
7039,2019-07-13,28,25,-3
7040,2019-07-13,46,46,0
7041,2019-07-13,73,69,-4
7042,2019-07-13,41,44,3
7043,2019-07-13,15,12,-3
7044,2019-07-13,9,3,-6
7045,2019-07-13,98,94,-4
7046,2019-07-13,68,71,3
7047,2019-07-13,150,178,28
7048,2019-07-13,15,21,6
7049,2019-07-13,10,17,7
7050,2019-07-13,35,36,1
7051,2019-07-13,24,22,-2
7052,2019-07-13,32,30,-2
7053,2019-07-13,50,46,-4
7054,2019-07-13,94,113,19
7055,2019-07-13,27,48,21
7056,2019-07-13,15,19,4
7057,2019-07-13,51,60,9
7058,2019-07-13,38,43,5
7059,2019-07-13,31,32,1
7060,2019-07-13,28,40,12
7061,2019-07-13,38,38,0
7062,2019-07-13,38,29,-9
7063,2019-07-13,32,24,-8
7064,2019-07-13,20,31,11
7065,2019-07-13,36,38,2
7066,2019-07-13,77,144,67
7067,2019-07-13,40,41,1
7068,2019-07-13,122,140,18
7069,2019-07-13,88,101,13
7070,2019-07-13,38,36,-2
7071,2019-07-13,37,29,-8
7072,2019-07-13,32,16,-16
7073,2019-07-13,59,78,19
7074,2019-07-13,36,51,15
7075,2019-07-13,6,8,2
7076,2019-07-13,68,52,-16
7077,2019-07-13,53,67,14
7078,2019-07-13,31,36,5
7079,2019-07-13,20,29,9
7080,2019-07-13,65,70,5
7081,2019-07-13,30,35,5
7082,2019-07-13,50,85,35
7083,2019-07-13,49,43,-6
7084,2019-07-13,58,54,-4
7087,2019-07-13,1,1,0
7088,2019-07-13,1,1,0
7090,2019-07-13,12,15,3
7091,2019-07-13,8,7,-1
7092,2019-07-13,3,3,0
7093,2019-07-13,4,6,2
7094,2019-07-13,3,4,1
7095,2019-07-13,10,10,0
7096,2019-07-13,11,18,7
7097,2019-07-13,7,9,2
7098,2019-07-13,8,2,-6
7099,2019-07-13,5,5,0
7101,2019-07-13,8,9,1
7102,2019-07-13,17,18,1
7103,2019-07-13,48,53,5
7104,2019-07-13,12,10,-2
7105,2019-07-13,21,22,1
7106,2019-07-13,5,5,0
7107,2019-07-13,10,4,-6
7108,2019-07-13,34,30,-4
7109,2019-07-13,8,7,-1
7110,2019-07-13,9,13,4
7111,2019-07-13,3,3,0
7112,2019-07-13,16,15,-1
7113,2019-07-13,35,34,-1
7114,2019-07-13,95,107,12
7115,2019-07-13,9,16,7
7116,2019-07-13,9,12,3
7117,2019-07-13,3,7,4
7119,2019-07-13,21,28,7
7120,2019-07-13,10,11,1
7121,2019-07-13,3,10,7
7122,2019-07-13,2,1,-1
7123,2019-07-13,2,1,-1
7124,2019-07-13,7,9,2
7125,2019-07-13,36,31,-5
7126,2019-07-13,2,7,5
7127,2019-07-13,22,22,0
7128,2019-07-13,12,4,-8
7129,2019-07-13,7,5,-2
7130,2019-07-13,5,9,4
7131,2019-07-13,4,6,2
7132,2019-07-13,4,5,1
7133,2019-07-13,8,9,1
7134,2019-07-13,2,4,2
7135,2019-07-13,4,4,0
7136,2019-07-13,4,1,-3
7137,2019-07-13,6,8,2
7138,2019-07-13,4,4,0
7139,2019-07-13,57,63,6
7140,2019-07-13,30,24,-6
7141,2019-07-13,42,46,4
7143,2019-07-13,41,36,-5
7144,2019-07-13,45,47,2
7145,2019-07-13,13,7,-6
7146,2019-07-13,15,19,4
7147,2019-07-13,32,31,-1
7148,2019-07-13,22,15,-7
7149,2019-07-13,17,12,-5
10002,2019-07-13,97,102,5
4000,2019-07-14,50,44,-6
4001,2019-07-14,10,12,2
4002,2019-07-14,19,21,2
5002,2019-07-14,5,7,2
5003,2019-07-14,3,3,0
5004,2019-07-14,3,3,0
5005,2019-07-14,2,4,2
5006,2019-07-14,6,10,4
5007,2019-07-14,13,14,1
6001,2019-07-14,52,66,14
6002,2019-07-14,55,67,12
6003,2019-07-14,38,43,5
6004,2019-07-14,18,19,1
6005,2019-07-14,31,28,-3
6006,2019-07-14,35,24,-11
6007,2019-07-14,27,27,0
6008,2019-07-14,61,67,6
6009,2019-07-14,78,73,-5
6011,2019-07-14,30,39,9
6012,2019-07-14,122,182,60
6013,2019-07-14,80,109,29
6014,2019-07-14,58,64,6
6015,2019-07-14,203,318,115
6016,2019-07-14,10,13,3
6017,2019-07-14,34,53,19
6018,2019-07-14,56,62,6
6019,2019-07-14,104,68,-36
6020,2019-07-14,87,115,28
6021,2019-07-14,54,52,-2
6022,2019-07-14,39,45,6
6023,2019-07-14,178,235,57
6024,2019-07-14,5,7,2
6025,2019-07-14,38,37,-1
6026,2019-07-14,229,296,67
6027,2019-07-14,81,100,19
6031,2019-07-14,38,43,5
6032,2019-07-14,51,115,64
6033,2019-07-14,14,5,-9
6034,2019-07-14,13,12,-1
6035,2019-07-14,12,30,18
6036,2019-07-14,243,336,93
6037,2019-07-14,50,50,0
6038,2019-07-14,72,68,-4
6039,2019-07-14,41,53,12
6040,2019-07-14,36,32,-4
6041,2019-07-14,35,26,-9
6042,2019-07-14,25,17,-8
6043,2019-07-14,64,84,20
6044,2019-07-14,63,68,5
6046,2019-07-14,25,25,0
6047,2019-07-14,32,20,-12
6048,2019-07-14,13,13,0
6049,2019-07-14,32,36,4
6050,2019-07-14,27,17,-10
6051,2019-07-14,31,32,1
6052,2019-07-14,217,263,46
6053,2019-07-14,102,115,13
6057,2019-07-14,27,27,0
6058,2019-07-14,30,30,0
6059,2019-07-14,23,21,-2
6060,2019-07-14,11,11,0
6061,2019-07-14,36,36,0
6062,2019-07-14,38,26,-12
6063,2019-07-14,64,58,-6
6064,2019-07-14,113,89,-24
6065,2019-07-14,34,39,5
6066,2019-07-14,39,19,-20
6067,2019-07-14,18,15,-3
6068,2019-07-14,13,8,-5
6070,2019-07-14,83,72,-11
6072,2019-07-14,19,20,1
6073,2019-07-14,85,84,-1
6075,2019-07-14,22,12,-10
6076,2019-07-14,21,26,5
6078,2019-07-14,66,104,38
6079,2019-07-14,60,55,-5
6080,2019-07-14,87,87,0
6081,2019-07-14,15,18,3
6082,2019-07-14,13,13,0
6083,2019-07-14,57,55,-2
6084,2019-07-14,25,23,-2
6085,2019-07-14,48,79,31
6086,2019-07-14,49,74,25
6087,2019-07-14,95,123,28
6088,2019-07-14,32,35,3
6089,2019-07-14,15,13,-2
6090,2019-07-14,32,35,3
6091,2019-07-14,52,45,-7
6092,2019-07-14,52,34,-18
6093,2019-07-14,21,21,0
6094,2019-07-14,46,43,-3
6095,2019-07-14,79,87,8
6096,2019-07-14,22,42,20
6097,2019-07-14,73,47,-26
6098,2019-07-14,25,19,-6
6099,2019-07-14,105,150,45
6100,2019-07-14,192,193,1
6101,2019-07-14,46,3,-43
6102,2019-07-14,37,27,-10
6103,2019-07-14,10,25,15
6104,2019-07-14,43,61,18
6105,2019-07-14,37,50,13
6106,2019-07-14,41,39,-2
6107,2019-07-14,91,70,-21
6108,2019-07-14,31,33,2
6109,2019-07-14,23,16,-7
6110,2019-07-14,40,35,-5
6111,2019-07-14,37,44,7
6112,2019-07-14,92,85,-7
6114,2019-07-14,151,197,46
6115,2019-07-14,14,27,13
6116,2019-07-14,34,49,15
6117,2019-07-14,34,30,-4
6118,2019-07-14,71,89,18
6119,2019-07-14,100,101,1
6120,2019-07-14,80,80,0
6121,2019-07-14,27,46,19
6122,2019-07-14,18,25,7
6123,2019-07-14,23,26,3
6124,2019-07-14,31,54,23
6125,2019-07-14,21,14,-7
6126,2019-07-14,29,35,6
6127,2019-07-14,70,63,-7
6128,2019-07-14,28,32,4
6129,2019-07-14,60,51,-9
6130,2019-07-14,39,31,-8
6131,2019-07-14,70,38,-32
6132,2019-07-14,45,46,1
6133,2019-07-14,62,80,18
6134,2019-07-14,35,35,0
6136,2019-07-14,222,147,-75
6137,2019-07-14,70,62,-8
6138,2019-07-14,64,64,0
6139,2019-07-14,53,62,9
6140,2019-07-14,92,91,-1
6141,2019-07-14,59,46,-13
6142,2019-07-14,145,126,-19
6143,2019-07-14,157,159,2
6145,2019-07-14,69,70,1
6146,2019-07-14,89,56,-33
6147,2019-07-14,68,43,-25
6148,2019-07-14,100,65,-35
6149,2019-07-14,40,35,-5
6150,2019-07-14,55,61,6
6151,2019-07-14,71,66,-5
6152,2019-07-14,115,114,-1
6153,2019-07-14,50,43,-7
6154,2019-07-14,145,150,5
6155,2019-07-14,134,127,-7
6156,2019-07-14,59,63,4
6157,2019-07-14,106,104,-2
6158,2019-07-14,66,73,7
6159,2019-07-14,29,31,2
6160,2019-07-14,53,42,-11
6161,2019-07-14,27,36,9
6162,2019-07-14,5,4,-1
6163,2019-07-14,109,111,2
6164,2019-07-14,107,116,9
6165,2019-07-14,122,138,16
6166,2019-07-14,68,77,9
6167,2019-07-14,43,39,-4
6168,2019-07-14,34,29,-5
6169,2019-07-14,150,133,-17
6170,2019-07-14,62,69,7
6171,2019-07-14,30,45,15
6173,2019-07-14,102,65,-37
6174,2019-07-14,123,97,-26
6175,2019-07-14,103,44,-59
6176,2019-07-14,94,78,-16
6177,2019-07-14,87,80,-7
6178,2019-07-14,147,141,-6
6179,2019-07-14,67,62,-5
6180,2019-07-14,44,57,13
6181,2019-07-14,94,82,-12
6182,2019-07-14,57,39,-18
6183,2019-07-14,79,84,5
6184,2019-07-14,230,212,-18
6186,2019-07-14,67,58,-9
6187,2019-07-14,104,106,2
6188,2019-07-14,48,37,-11
6189,2019-07-14,28,19,-9
6190,2019-07-14,99,53,-46
6191,2019-07-14,50,46,-4
6192,2019-07-14,30,26,-4
6193,2019-07-14,137,140,3
6194,2019-07-14,130,117,-13
6195,2019-07-14,49,41,-8
6196,2019-07-14,94,79,-15
6197,2019-07-14,24,27,3
6198,2019-07-14,20,14,-6
6199,2019-07-14,60,51,-9
6200,2019-07-14,99,107,8
6201,2019-07-14,66,56,-10
6202,2019-07-14,83,68,-15
6203,2019-07-14,84,59,-25
6204,2019-07-14,56,52,-4
6205,2019-07-14,75,71,-4
6206,2019-07-14,109,119,10
6207,2019-07-14,35,34,-1
6208,2019-07-14,53,42,-11
6209,2019-07-14,88,66,-22
6210,2019-07-14,33,27,-6
6211,2019-07-14,137,116,-21
6212,2019-07-14,108,73,-35
6213,2019-07-14,122,107,-15
6214,2019-07-14,111,78,-33
6215,2019-07-14,30,30,0
6216,2019-07-14,257,198,-59
6217,2019-07-14,84,56,-28
6218,2019-07-14,39,43,4
6219,2019-07-14,52,44,-8
6220,2019-07-14,86,80,-6
6221,2019-07-14,175,150,-25
6222,2019-07-14,47,56,9
6223,2019-07-14,102,86,-16
6224,2019-07-14,56,58,2
6225,2019-07-14,64,50,-14
6226,2019-07-14,12,7,-5
6227,2019-07-14,163,133,-30
6228,2019-07-14,28,24,-4
6229,2019-07-14,65,50,-15
6230,2019-07-14,103,82,-21
6231,2019-07-14,111,98,-13
6232,2019-07-14,26,30,4
6233,2019-07-14,122,109,-13
6234,2019-07-14,78,79,1
6235,2019-07-14,26,19,-7
6236,2019-07-14,63,60,-3
6237,2019-07-14,47,34,-13
6240,2019-07-14,11,23,12
6241,2019-07-14,42,35,-7
6243,2019-07-14,84,80,-4
6245,2019-07-14,33,31,-2
6246,2019-07-14,40,35,-5
6247,2019-07-14,116,95,-21
6248,2019-07-14,117,88,-29
6249,2019-07-14,57,53,-4
6250,2019-07-14,169,149,-20
6251,2019-07-14,22,24,2
6252,2019-07-14,57,50,-7
6253,2019-07-14,56,50,-6
6254,2019-07-14,64,60,-4
6255,2019-07-14,115,96,-19
6257,2019-07-14,38,31,-7
6258,2019-07-14,76,86,10
6259,2019-07-14,31,30,-1
6260,2019-07-14,46,40,-6
6261,2019-07-14,53,47,-6
6262,2019-07-14,38,47,9
6263,2019-07-14,7,12,5
6265,2019-07-14,34,32,-2
6267,2019-07-14,51,56,5
6268,2019-07-14,61,54,-7
6269,2019-07-14,24,30,6
6270,2019-07-14,39,31,-8
6271,2019-07-14,1,1,0
6272,2019-07-14,31,27,-4
6273,2019-07-14,35,35,0
6274,2019-07-14,39,40,1
6275,2019-07-14,29,34,5
6276,2019-07-14,33,32,-1
6277,2019-07-14,74,87,13
6278,2019-07-14,27,37,10
6280,2019-07-14,62,59,-3
6281,2019-07-14,31,33,2
6301,2019-07-14,21,13,-8
6302,2019-07-14,15,15,0
6303,2019-07-14,17,14,-3
6304,2019-07-14,9,9,0
6305,2019-07-14,15,11,-4
6306,2019-07-14,27,16,-11
6307,2019-07-14,69,71,2
6309,2019-07-14,25,28,3
6310,2019-07-14,29,18,-11
6311,2019-07-14,24,20,-4
6312,2019-07-14,24,27,3
6313,2019-07-14,57,51,-6
6314,2019-07-14,64,61,-3
6315,2019-07-14,74,43,-31
6316,2019-07-14,32,20,-12
6321,2019-07-14,101,80,-21
6322,2019-07-14,35,27,-8
6324,2019-07-14,30,32,2
6327,2019-07-14,32,30,-2
6328,2019-07-14,40,26,-14
6329,2019-07-14,21,18,-3
6330,2019-07-14,21,17,-4
6331,2019-07-14,30,27,-3
6332,2019-07-14,34,33,-1
6333,2019-07-14,17,22,5
6334,2019-07-14,52,46,-6
6335,2019-07-14,43,46,3
6336,2019-07-14,26,21,-5
6338,2019-07-14,47,50,3
6339,2019-07-14,27,19,-8
6340,2019-07-14,27,25,-2
6341,2019-07-14,35,47,12
6343,2019-07-14,28,32,4
6345,2019-07-14,15,11,-4
6347,2019-07-14,23,23,0
6349,2019-07-14,26,35,9
6350,2019-07-14,48,49,1
6354,2019-07-14,39,36,-3
6355,2019-07-14,36,38,2
6356,2019-07-14,28,20,-8
6357,2019-07-14,17,17,0
6358,2019-07-14,18,22,4
6359,2019-07-14,69,89,20
6360,2019-07-14,48,50,2
6361,2019-07-14,46,45,-1
6362,2019-07-14,36,27,-9
6363,2019-07-14,13,11,-2
6364,2019-07-14,59,47,-12
6366,2019-07-14,23,22,-1
6368,2019-07-14,69,80,11
6369,2019-07-14,24,35,11
6370,2019-07-14,32,33,1
6371,2019-07-14,79,90,11
6372,2019-07-14,87,112,25
6373,2019-07-14,36,32,-4
6374,2019-07-14,45,43,-2
6375,2019-07-14,49,62,13
6376,2019-07-14,25,32,7
6377,2019-07-14,15,22,7
6379,2019-07-14,26,32,6
6380,2019-07-14,31,16,-15
6381,2019-07-14,64,60,-4
6383,2019-07-14,30,32,2
6384,2019-07-14,17,18,1
6385,2019-07-14,51,52,1
6386,2019-07-14,48,43,-5
6387,2019-07-14,56,60,4
6388,2019-07-14,35,36,1
6389,2019-07-14,50,57,7
6391,2019-07-14,72,86,14
6393,2019-07-14,61,81,20
6394,2019-07-14,65,87,22
6395,2019-07-14,53,62,9
6396,2019-07-14,94,78,-16
6397,2019-07-14,51,75,24
6398,2019-07-14,29,35,6
6401,2019-07-14,51,72,21
6402,2019-07-14,66,72,6
6403,2019-07-14,26,20,-6
6404,2019-07-14,23,26,3
6405,2019-07-14,61,60,-1
6406,2019-07-14,258,330,72
6407,2019-07-14,12,26,14
6408,2019-07-14,31,30,-1
6409,2019-07-14,11,16,5
6410,2019-07-14,37,38,1
6411,2019-07-14,85,75,-10
6412,2019-07-14,24,30,6
6413,2019-07-14,8,8,0
6414,2019-07-14,28,40,12
6415,2019-07-14,23,18,-5
6416,2019-07-14,24,11,-13
6417,2019-07-14,23,28,5
6418,2019-07-14,14,11,-3
6419,2019-07-14,21,19,-2
6420,2019-07-14,26,29,3
6421,2019-07-14,38,40,2
6422,2019-07-14,16,17,1
6423,2019-07-14,25,18,-7
6424,2019-07-14,26,30,4
6425,2019-07-14,50,45,-5
6426,2019-07-14,50,60,10
6427,2019-07-14,58,65,7
6428,2019-07-14,24,29,5
6429,2019-07-14,38,45,7
6432,2019-07-14,61,58,-3
6433,2019-07-14,30,35,5
6434,2019-07-14,41,37,-4
6435,2019-07-14,39,41,2
6436,2019-07-14,22,13,-9
6501,2019-07-14,250,328,78
6502,2019-07-14,28,29,1
6503,2019-07-14,52,38,-14
6504,2019-07-14,49,49,0
6700,2019-07-14,14,22,8
6701,2019-07-14,31,21,-10
6703,2019-07-14,75,76,1
6704,2019-07-14,40,44,4
6705,2019-07-14,19,22,3
6706,2019-07-14,18,24,6
6707,2019-07-14,23,23,0
6708,2019-07-14,38,64,26
6709,2019-07-14,30,35,5
6710,2019-07-14,13,19,6
6711,2019-07-14,10,16,6
6712,2019-07-14,45,34,-11
6713,2019-07-14,17,16,-1
6714,2019-07-14,1,5,4
6715,2019-07-14,40,35,-5
6716,2019-07-14,8,5,-3
6717,2019-07-14,21,15,-6
6718,2019-07-14,32,25,-7
6719,2019-07-14,20,22,2
6720,2019-07-14,29,31,2
6721,2019-07-14,26,23,-3
6722,2019-07-14,23,25,2
6723,2019-07-14,18,20,2
6724,2019-07-14,99,99,0
6725,2019-07-14,35,38,3
6726,2019-07-14,6,5,-1
6727,2019-07-14,64,110,46
6728,2019-07-14,12,19,7
6729,2019-07-14,122,124,2
6730,2019-07-14,18,17,-1
6731,2019-07-14,24,19,-5
6732,2019-07-14,28,33,5
6733,2019-07-14,33,29,-4
6734,2019-07-14,37,34,-3
6735,2019-07-14,13,16,3
6736,2019-07-14,30,29,-1
6737,2019-07-14,21,20,-1
6738,2019-07-14,35,29,-6
6739,2019-07-14,8,10,2
6741,2019-07-14,15,10,-5
6742,2019-07-14,58,60,2
6744,2019-07-14,18,16,-2
6745,2019-07-14,18,25,7
6746,2019-07-14,14,13,-1
6747,2019-07-14,36,31,-5
6748,2019-07-14,77,87,10
6749,2019-07-14,46,45,-1
6750,2019-07-14,44,31,-13
6752,2019-07-14,12,13,1
6753,2019-07-14,16,18,2
6754,2019-07-14,19,20,1
6901,2019-07-14,56,66,10
6902,2019-07-14,54,64,10
6903,2019-07-14,78,79,1
6904,2019-07-14,38,25,-13
6905,2019-07-14,37,32,-5
6906,2019-07-14,116,75,-41
6907,2019-07-14,110,73,-37
6908,2019-07-14,61,53,-8
6912,2019-07-14,124,116,-8
6913,2019-07-14,53,44,-9
6915,2019-07-14,79,67,-12
6916,2019-07-14,29,29,0
6917,2019-07-14,12,11,-1
6918,2019-07-14,25,24,-1
6919,2019-07-14,33,24,-9
6921,2019-07-14,29,32,3
6923,2019-07-14,26,33,7
6924,2019-07-14,22,20,-2
6925,2019-07-14,37,35,-2
6926,2019-07-14,58,50,-8
6927,2019-07-14,37,26,-11
6928,2019-07-14,13,6,-7
6929,2019-07-14,34,32,-2
6930,2019-07-14,43,45,2
7001,2019-07-14,28,32,4
7002,2019-07-14,12,13,1
7003,2019-07-14,98,70,-28
7004,2019-07-14,16,19,3
7005,2019-07-14,11,10,-1
7006,2019-07-14,19,14,-5
7007,2019-07-14,14,17,3
7008,2019-07-14,20,18,-2
7009,2019-07-14,71,79,8
7010,2019-07-14,21,23,2
7011,2019-07-14,78,96,18
7012,2019-07-14,34,41,7
7013,2019-07-14,23,13,-10
7014,2019-07-14,29,23,-6
7015,2019-07-14,67,73,6
7016,2019-07-14,12,10,-2
7017,2019-07-14,28,35,7
7018,2019-07-14,29,36,7
7019,2019-07-14,17,13,-4
7020,2019-07-14,20,24,4
7021,2019-07-14,28,42,14
7022,2019-07-14,41,38,-3
7023,2019-07-14,7,8,1
7024,2019-07-14,49,22,-27
7025,2019-07-14,22,25,3
7026,2019-07-14,42,39,-3
7027,2019-07-14,32,39,7
7028,2019-07-14,23,22,-1
7029,2019-07-14,45,51,6
7030,2019-07-14,34,37,3
7032,2019-07-14,63,42,-21
7033,2019-07-14,71,67,-4
7034,2019-07-14,51,77,26
7035,2019-07-14,31,28,-3
7036,2019-07-14,44,48,4
7037,2019-07-14,45,43,-2
7038,2019-07-14,59,57,-2
7039,2019-07-14,28,30,2
7040,2019-07-14,53,50,-3
7041,2019-07-14,64,53,-11
7042,2019-07-14,34,38,4
7043,2019-07-14,14,9,-5
7044,2019-07-14,5,9,4
7045,2019-07-14,89,91,2
7046,2019-07-14,65,65,0
7047,2019-07-14,112,133,21
7048,2019-07-14,31,32,1
7049,2019-07-14,13,20,7
7050,2019-07-14,28,33,5
7051,2019-07-14,13,16,3
7052,2019-07-14,20,21,1
7053,2019-07-14,52,51,-1
7054,2019-07-14,86,91,5
7055,2019-07-14,23,30,7
7056,2019-07-14,10,16,6
7057,2019-07-14,51,50,-1
7058,2019-07-14,44,48,4
7059,2019-07-14,33,33,0
7060,2019-07-14,42,39,-3
7061,2019-07-14,21,18,-3
7062,2019-07-14,33,34,1
7063,2019-07-14,24,24,0
7064,2019-07-14,11,20,9
7065,2019-07-14,28,37,9
7066,2019-07-14,59,120,61
7067,2019-07-14,27,29,2
7068,2019-07-14,99,107,8
7069,2019-07-14,47,67,20
7070,2019-07-14,36,39,3
7071,2019-07-14,33,30,-3
7072,2019-07-14,42,29,-13
7073,2019-07-14,81,70,-11
7074,2019-07-14,26,29,3
7075,2019-07-14,12,12,0
7076,2019-07-14,45,40,-5
7077,2019-07-14,55,54,-1
7078,2019-07-14,15,30,15
7079,2019-07-14,21,19,-2
7080,2019-07-14,52,50,-2
7081,2019-07-14,35,26,-9
7082,2019-07-14,56,66,10
7083,2019-07-14,51,48,-3
7084,2019-07-14,45,45,0
7086,2019-07-14,2,2,0
7089,2019-07-14,6,3,-3
7090,2019-07-14,10,16,6
7091,2019-07-14,6,10,4
7092,2019-07-14,7,11,4
7093,2019-07-14,5,9,4
7094,2019-07-14,3,6,3
7095,2019-07-14,9,9,0
7096,2019-07-14,16,15,-1
7097,2019-07-14,7,11,4
7098,2019-07-14,3,3,0
7099,2019-07-14,7,6,-1
7100,2019-07-14,6,5,-1
7101,2019-07-14,4,3,-1
7102,2019-07-14,19,21,2
7103,2019-07-14,29,36,7
7104,2019-07-14,10,23,13
7105,2019-07-14,13,20,7
7106,2019-07-14,6,8,2
7107,2019-07-14,17,9,-8
7108,2019-07-14,34,34,0
7109,2019-07-14,10,10,0
7110,2019-07-14,30,30,0
7111,2019-07-14,6,6,0
7112,2019-07-14,21,21,0
7113,2019-07-14,35,33,-2
7114,2019-07-14,95,91,-4
7115,2019-07-14,12,7,-5
7116,2019-07-14,13,8,-5
7117,2019-07-14,2,4,2
7119,2019-07-14,13,22,9
7120,2019-07-14,2,3,1
7121,2019-07-14,8,12,4
7122,2019-07-14,7,9,2
7123,2019-07-14,5,6,1
7124,2019-07-14,7,14,7
7125,2019-07-14,34,29,-5
7126,2019-07-14,4,4,0
7127,2019-07-14,17,14,-3
7128,2019-07-14,11,11,0
7129,2019-07-14,5,9,4
7130,2019-07-14,4,2,-2
7131,2019-07-14,6,9,3
7132,2019-07-14,9,7,-2
7133,2019-07-14,11,12,1
7134,2019-07-14,12,14,2
7135,2019-07-14,7,7,0
7137,2019-07-14,3,3,0
7138,2019-07-14,7,7,0
7139,2019-07-14,51,52,1
7140,2019-07-14,9,16,7
7141,2019-07-14,49,42,-7
7143,2019-07-14,25,28,3
7144,2019-07-14,62,51,-11
7145,2019-07-14,6,8,2
7146,2019-07-14,15,11,-4
7147,2019-07-14,20,19,-1
7148,2019-07-14,28,28,0
7149,2019-07-14,20,17,-3
10002,2019-07-14,75,87,12
4000,2019-07-15,58,89,31
4001,2019-07-15,8,10,2
4002,2019-07-15,27,33,6
5002,2019-07-15,4,3,-1
5003,2019-07-15,1,4,3
5004,2019-07-15,4,4,0
5005,2019-07-15,8,8,0
5006,2019-07-15,3,4,1
5007,2019-07-15,19,15,-4
6001,2019-07-15,60,95,35
6002,2019-07-15,56,83,27
6003,2019-07-15,73,83,10
6004,2019-07-15,62,65,3
6005,2019-07-15,92,103,11
6006,2019-07-15,36,26,-10
6007,2019-07-15,29,36,7
6008,2019-07-15,62,89,27
6009,2019-07-15,90,84,-6
6011,2019-07-15,73,92,19
6012,2019-07-15,175,278,103
6013,2019-07-15,73,86,13
6014,2019-07-15,70,79,9
6015,2019-07-15,146,199,53
6016,2019-07-15,26,29,3
6017,2019-07-15,52,59,7
6018,2019-07-15,73,74,1
6019,2019-07-15,131,75,-56
6020,2019-07-15,80,113,33
6021,2019-07-15,110,60,-50
6022,2019-07-15,74,71,-3
6023,2019-07-15,158,194,36
6024,2019-07-15,6,10,4
6025,2019-07-15,41,42,1
6026,2019-07-15,191,240,49
6027,2019-07-15,176,145,-31
6029,2019-07-15,4,7,3
6031,2019-07-15,47,77,30
6032,2019-07-15,66,167,101
6033,2019-07-15,27,21,-6
6034,2019-07-15,22,35,13
6035,2019-07-15,25,64,39
6036,2019-07-15,167,236,69
6037,2019-07-15,45,51,6
6038,2019-07-15,90,98,8
6039,2019-07-15,103,102,-1
6040,2019-07-15,80,86,6
6041,2019-07-15,76,82,6
6042,2019-07-15,92,90,-2
6043,2019-07-15,251,416,165
6044,2019-07-15,91,86,-5
6046,2019-07-15,141,142,1
6047,2019-07-15,76,56,-20
6048,2019-07-15,63,70,7
6049,2019-07-15,94,104,10
6050,2019-07-15,49,64,15
6051,2019-07-15,51,48,-3
6052,2019-07-15,290,397,107
6053,2019-07-15,150,179,29
6057,2019-07-15,88,89,1
6058,2019-07-15,76,73,-3
6059,2019-07-15,91,66,-25
6060,2019-07-15,34,24,-10
6061,2019-07-15,65,65,0
6062,2019-07-15,69,48,-21
6063,2019-07-15,102,101,-1
6064,2019-07-15,225,174,-51
6065,2019-07-15,55,41,-14
6066,2019-07-15,35,10,-25
6067,2019-07-15,44,58,14
6068,2019-07-15,25,27,2
6070,2019-07-15,213,178,-35
6072,2019-07-15,66,72,6
6073,2019-07-15,270,187,-83
6075,2019-07-15,37,18,-19
6076,2019-07-15,23,32,9
6078,2019-07-15,46,56,10
6079,2019-07-15,82,60,-22
6080,2019-07-15,181,156,-25
6081,2019-07-15,34,32,-2
6082,2019-07-15,21,17,-4
6083,2019-07-15,190,210,20
6084,2019-07-15,56,62,6
6085,2019-07-15,115,197,82
6086,2019-07-15,23,33,10
6087,2019-07-15,137,174,37
6088,2019-07-15,75,85,10
6089,2019-07-15,53,51,-2
6090,2019-07-15,61,58,-3
6091,2019-07-15,48,50,2
6092,2019-07-15,73,73,0
6093,2019-07-15,35,23,-12
6094,2019-07-15,56,49,-7
6095,2019-07-15,145,121,-24
6096,2019-07-15,39,67,28
6097,2019-07-15,77,50,-27
6098,2019-07-15,61,34,-27
6099,2019-07-15,99,141,42
6100,2019-07-15,274,238,-36
6101,2019-07-15,53,19,-34
6102,2019-07-15,42,34,-8
6103,2019-07-15,24,26,2
6104,2019-07-15,84,99,15
6105,2019-07-15,62,78,16
6106,2019-07-15,35,53,18
6107,2019-07-15,97,71,-26
6108,2019-07-15,48,54,6
6109,2019-07-15,24,23,-1
6110,2019-07-15,30,38,8
6111,2019-07-15,62,65,3
6112,2019-07-15,89,106,17
6114,2019-07-15,174,223,49
6115,2019-07-15,18,32,14
6116,2019-07-15,66,86,20
6117,2019-07-15,37,41,4
6118,2019-07-15,71,86,15
6119,2019-07-15,79,113,34
6120,2019-07-15,74,104,30
6121,2019-07-15,29,45,16
6122,2019-07-15,25,19,-6
6123,2019-07-15,25,33,8
6124,2019-07-15,45,66,21
6125,2019-07-15,27,20,-7
6126,2019-07-15,50,78,28
6127,2019-07-15,48,53,5
6128,2019-07-15,29,38,9
6129,2019-07-15,61,48,-13
6130,2019-07-15,23,21,-2
6131,2019-07-15,81,43,-38
6132,2019-07-15,66,71,5
6133,2019-07-15,90,78,-12
6134,2019-07-15,42,46,4
6136,2019-07-15,289,223,-66
6137,2019-07-15,104,91,-13
6138,2019-07-15,73,68,-5
6139,2019-07-15,62,66,4
6140,2019-07-15,82,87,5
6141,2019-07-15,54,49,-5
6142,2019-07-15,176,141,-35
6143,2019-07-15,146,136,-10
6145,2019-07-15,80,79,-1
6146,2019-07-15,71,62,-9
6147,2019-07-15,105,73,-32
6148,2019-07-15,131,101,-30
6149,2019-07-15,65,39,-26
6150,2019-07-15,76,70,-6
6151,2019-07-15,86,97,11
6152,2019-07-15,145,133,-12
6153,2019-07-15,73,77,4
6154,2019-07-15,168,163,-5
6155,2019-07-15,139,135,-4
6156,2019-07-15,79,89,10
6157,2019-07-15,145,124,-21
6158,2019-07-15,49,64,15
6159,2019-07-15,50,55,5
6160,2019-07-15,48,49,1
6161,2019-07-15,38,27,-11
6162,2019-07-15,13,17,4
6163,2019-07-15,119,106,-13
6164,2019-07-15,90,122,32
6165,2019-07-15,184,184,0
6166,2019-07-15,105,107,2
6167,2019-07-15,30,44,14
6168,2019-07-15,64,52,-12
6169,2019-07-15,153,127,-26
6170,2019-07-15,77,65,-12
6171,2019-07-15,52,48,-4
6173,2019-07-15,130,84,-46
6174,2019-07-15,23,10,-13
6175,2019-07-15,99,72,-27
6176,2019-07-15,84,85,1
6177,2019-07-15,84,82,-2
6178,2019-07-15,127,141,14
6179,2019-07-15,88,80,-8
6180,2019-07-15,79,85,6
6181,2019-07-15,133,98,-35
6182,2019-07-15,67,49,-18
6183,2019-07-15,87,71,-16
6184,2019-07-15,272,222,-50
6186,2019-07-15,103,74,-29
6187,2019-07-15,140,121,-19
6188,2019-07-15,53,56,3
6189,2019-07-15,24,25,1
6190,2019-07-15,80,55,-25
6191,2019-07-15,76,67,-9
6192,2019-07-15,39,34,-5
6193,2019-07-15,122,122,0
6194,2019-07-15,173,152,-21
6195,2019-07-15,91,48,-43
6196,2019-07-15,132,97,-35
6197,2019-07-15,55,49,-6
6198,2019-07-15,31,17,-14
6199,2019-07-15,88,84,-4
6200,2019-07-15,119,108,-11
6201,2019-07-15,96,74,-22
6202,2019-07-15,132,109,-23
6203,2019-07-15,91,89,-2
6204,2019-07-15,110,112,2
6205,2019-07-15,98,67,-31
6206,2019-07-15,134,119,-15
6207,2019-07-15,41,44,3
6208,2019-07-15,78,71,-7
6209,2019-07-15,120,67,-53
6210,2019-07-15,57,47,-10
6211,2019-07-15,183,158,-25
6212,2019-07-15,117,77,-40
6213,2019-07-15,132,130,-2
6214,2019-07-15,134,94,-40
6215,2019-07-15,45,45,0
6216,2019-07-15,165,88,-77
6217,2019-07-15,109,69,-40
6218,2019-07-15,75,56,-19
6219,2019-07-15,77,78,1
6220,2019-07-15,107,84,-23
6221,2019-07-15,240,199,-41
6222,2019-07-15,100,62,-38
6223,2019-07-15,99,66,-33
6224,2019-07-15,65,53,-12
6225,2019-07-15,72,65,-7
6226,2019-07-15,36,37,1
6227,2019-07-15,141,139,-2
6228,2019-07-15,31,29,-2
6229,2019-07-15,81,63,-18
6230,2019-07-15,105,99,-6
6231,2019-07-15,120,102,-18
6232,2019-07-15,50,33,-17
6233,2019-07-15,115,104,-11
6234,2019-07-15,80,65,-15
6235,2019-07-15,61,81,20
6236,2019-07-15,74,82,8
6237,2019-07-15,53,52,-1
6240,2019-07-15,22,17,-5
6241,2019-07-15,56,51,-5
6243,2019-07-15,64,62,-2
6245,2019-07-15,38,47,9
6246,2019-07-15,55,50,-5
6247,2019-07-15,152,125,-27
6248,2019-07-15,153,125,-28
6249,2019-07-15,67,53,-14
6250,2019-07-15,116,103,-13
6251,2019-07-15,18,19,1
6252,2019-07-15,67,53,-14
6253,2019-07-15,68,49,-19
6254,2019-07-15,93,89,-4
6255,2019-07-15,88,87,-1
6257,2019-07-15,35,36,1
6258,2019-07-15,94,82,-12
6259,2019-07-15,47,38,-9
6260,2019-07-15,59,55,-4
6261,2019-07-15,44,63,19
6262,2019-07-15,49,54,5
6263,2019-07-15,31,36,5
6265,2019-07-15,52,59,7
6267,2019-07-15,46,51,5
6268,2019-07-15,66,63,-3
6269,2019-07-15,29,36,7
6270,2019-07-15,36,40,4
6271,2019-07-15,2,2,0
6272,2019-07-15,35,35,0
6273,2019-07-15,55,52,-3
6274,2019-07-15,57,41,-16
6275,2019-07-15,38,31,-7
6276,2019-07-15,51,50,-1
6277,2019-07-15,68,75,7
6278,2019-07-15,36,28,-8
6280,2019-07-15,76,69,-7
6281,2019-07-15,36,22,-14
6301,2019-07-15,23,26,3
6302,2019-07-15,28,21,-7
6303,2019-07-15,30,18,-12
6304,2019-07-15,17,9,-8
6305,2019-07-15,20,20,0
6306,2019-07-15,68,30,-38
6307,2019-07-15,71,66,-5
6309,2019-07-15,27,34,7
6310,2019-07-15,69,38,-31
6311,2019-07-15,44,40,-4
6312,2019-07-15,29,45,16
6313,2019-07-15,50,72,22
6314,2019-07-15,66,56,-10
6315,2019-07-15,79,39,-40
6316,2019-07-15,52,18,-34
6321,2019-07-15,137,123,-14
6322,2019-07-15,41,42,1
6324,2019-07-15,22,28,6
6327,2019-07-15,34,32,-2
6328,2019-07-15,64,55,-9
6329,2019-07-15,35,34,-1
6330,2019-07-15,36,39,3
6331,2019-07-15,29,20,-9
6332,2019-07-15,51,60,9
6333,2019-07-15,19,18,-1
6334,2019-07-15,74,73,-1
6335,2019-07-15,47,43,-4
6336,2019-07-15,42,38,-4
6338,2019-07-15,34,43,9
6339,2019-07-15,35,30,-5
6340,2019-07-15,24,27,3
6341,2019-07-15,40,63,23
6343,2019-07-15,46,44,-2
6345,2019-07-15,17,24,7
6347,2019-07-15,30,31,1
6349,2019-07-15,30,33,3
6350,2019-07-15,40,42,2
6354,2019-07-15,27,41,14
6355,2019-07-15,28,37,9
6356,2019-07-15,42,31,-11
6357,2019-07-15,28,16,-12
6358,2019-07-15,21,24,3
6359,2019-07-15,115,114,-1
6360,2019-07-15,30,37,7
6361,2019-07-15,40,56,16
6362,2019-07-15,46,38,-8
6363,2019-07-15,22,25,3
6364,2019-07-15,54,48,-6
6366,2019-07-15,30,29,-1
6368,2019-07-15,62,74,12
6369,2019-07-15,38,47,9
6370,2019-07-15,40,37,-3
6371,2019-07-15,75,75,0
6372,2019-07-15,117,128,11
6373,2019-07-15,32,37,5
6374,2019-07-15,40,44,4
6375,2019-07-15,88,97,9
6376,2019-07-15,29,30,1
6377,2019-07-15,46,46,0
6379,2019-07-15,27,37,10
6380,2019-07-15,22,22,0
6381,2019-07-15,55,57,2
6383,2019-07-15,34,26,-8
6384,2019-07-15,30,25,-5
6385,2019-07-15,53,59,6
6386,2019-07-15,74,89,15
6387,2019-07-15,64,97,33
6388,2019-07-15,23,50,27
6389,2019-07-15,46,34,-12
6391,2019-07-15,71,83,12
6393,2019-07-15,63,95,32
6394,2019-07-15,61,77,16
6395,2019-07-15,94,100,6
6396,2019-07-15,120,106,-14
6397,2019-07-15,44,56,12
6398,2019-07-15,51,67,16
6401,2019-07-15,65,91,26
6402,2019-07-15,62,75,13
6403,2019-07-15,23,27,4
6404,2019-07-15,21,39,18
6405,2019-07-15,59,67,8
6406,2019-07-15,136,173,37
6407,2019-07-15,21,35,14
6408,2019-07-15,60,65,5
6409,2019-07-15,19,27,8
6410,2019-07-15,64,66,2
6411,2019-07-15,139,120,-19
6412,2019-07-15,33,34,1
6413,2019-07-15,49,68,19
6414,2019-07-15,48,58,10
6415,2019-07-15,27,33,6
6416,2019-07-15,19,11,-8
6417,2019-07-15,35,39,4
6418,2019-07-15,8,12,4
6419,2019-07-15,19,15,-4
6420,2019-07-15,33,27,-6
6421,2019-07-15,35,44,9
6422,2019-07-15,16,13,-3
6423,2019-07-15,21,13,-8
6424,2019-07-15,65,73,8
6425,2019-07-15,46,59,13
6426,2019-07-15,85,88,3
6427,2019-07-15,95,104,9
6428,2019-07-15,30,39,9
6429,2019-07-15,42,54,12
6432,2019-07-15,90,85,-5
6433,2019-07-15,42,41,-1
6434,2019-07-15,90,94,4
6435,2019-07-15,40,39,-1
6436,2019-07-15,26,21,-5
6501,2019-07-15,119,140,21
6502,2019-07-15,16,13,-3
6503,2019-07-15,98,96,-2
6504,2019-07-15,20,15,-5
6700,2019-07-15,26,33,7
6701,2019-07-15,77,77,0
6703,2019-07-15,56,56,0
6704,2019-07-15,40,34,-6
6705,2019-07-15,17,19,2
6706,2019-07-15,26,33,7
6707,2019-07-15,40,38,-2
6708,2019-07-15,80,133,53
6709,2019-07-15,35,38,3
6710,2019-07-15,25,24,-1
6711,2019-07-15,37,35,-2
6712,2019-07-15,33,41,8
6713,2019-07-15,17,20,3
6714,2019-07-15,7,4,-3
6715,2019-07-15,26,33,7
6716,2019-07-15,8,9,1
6717,2019-07-15,10,21,11
6718,2019-07-15,36,41,5
6719,2019-07-15,35,38,3
6720,2019-07-15,31,47,16
6721,2019-07-15,27,34,7
6722,2019-07-15,13,21,8
6723,2019-07-15,18,20,2
6724,2019-07-15,99,115,16
6725,2019-07-15,46,43,-3
6726,2019-07-15,11,17,6
6727,2019-07-15,100,113,13
6728,2019-07-15,19,17,-2
6729,2019-07-15,133,139,6
6730,2019-07-15,17,21,4
6731,2019-07-15,29,23,-6
6732,2019-07-15,39,57,18
6733,2019-07-15,41,31,-10
6734,2019-07-15,40,37,-3
6735,2019-07-15,8,9,1
6736,2019-07-15,25,21,-4
6737,2019-07-15,26,33,7
6738,2019-07-15,96,89,-7
6739,2019-07-15,7,6,-1
6741,2019-07-15,12,20,8
6742,2019-07-15,76,79,3
6744,2019-07-15,24,31,7
6745,2019-07-15,30,23,-7
6746,2019-07-15,24,16,-8
6747,2019-07-15,53,55,2
6748,2019-07-15,90,101,11
6749,2019-07-15,42,41,-1
6750,2019-07-15,50,36,-14
6752,2019-07-15,24,24,0
6753,2019-07-15,27,27,0
6754,2019-07-15,17,22,5
6901,2019-07-15,43,57,14
6902,2019-07-15,72,92,20
6903,2019-07-15,118,108,-10
6904,2019-07-15,42,56,14
6905,2019-07-15,41,38,-3
6906,2019-07-15,180,98,-82
6907,2019-07-15,93,60,-33
6908,2019-07-15,61,62,1
6910,2019-07-15,44,59,15
6912,2019-07-15,201,110,-91
6913,2019-07-15,53,31,-22
6915,2019-07-15,88,81,-7
6916,2019-07-15,43,31,-12
6917,2019-07-15,22,26,4
6918,2019-07-15,30,19,-11
6919,2019-07-15,27,24,-3
6921,2019-07-15,88,89,1
6923,2019-07-15,44,46,2
6924,2019-07-15,35,31,-4
6925,2019-07-15,50,49,-1
6926,2019-07-15,66,60,-6
6927,2019-07-15,83,43,-40
6928,2019-07-15,39,18,-21
6929,2019-07-15,53,35,-18
6930,2019-07-15,22,21,-1
7001,2019-07-15,50,50,0
7002,2019-07-15,13,20,7
7003,2019-07-15,113,85,-28
7004,2019-07-15,32,30,-2
7005,2019-07-15,7,12,5
7006,2019-07-15,22,26,4
7007,2019-07-15,10,13,3
7008,2019-07-15,30,30,0
7009,2019-07-15,84,111,27
7010,2019-07-15,31,22,-9
7011,2019-07-15,68,67,-1
7012,2019-07-15,47,64,17
7013,2019-07-15,29,34,5
7014,2019-07-15,56,38,-18
7015,2019-07-15,30,34,4
7016,2019-07-15,12,15,3
7017,2019-07-15,33,51,18
7018,2019-07-15,35,51,16
7019,2019-07-15,148,134,-14
7020,2019-07-15,26,28,2
7021,2019-07-15,43,47,4
7022,2019-07-15,44,38,-6
7023,2019-07-15,4,6,2
7024,2019-07-15,53,39,-14
7025,2019-07-15,43,40,-3
7026,2019-07-15,67,67,0
7027,2019-07-15,53,42,-11
7028,2019-07-15,80,78,-2
7029,2019-07-15,40,45,5
7030,2019-07-15,38,46,8
7032,2019-07-15,92,52,-40
7033,2019-07-15,75,63,-12
7034,2019-07-15,57,73,16
7035,2019-07-15,47,54,7
7036,2019-07-15,48,46,-2
7037,2019-07-15,67,65,-2
7038,2019-07-15,68,69,1
7039,2019-07-15,40,41,1
7040,2019-07-15,60,73,13
7041,2019-07-15,135,131,-4
7042,2019-07-15,40,46,6
7043,2019-07-15,20,22,2
7044,2019-07-15,12,11,-1
7045,2019-07-15,62,67,5
7046,2019-07-15,148,124,-24
7047,2019-07-15,153,209,56
7048,2019-07-15,21,26,5
7049,2019-07-15,21,20,-1
7050,2019-07-15,38,37,-1
7051,2019-07-15,14,18,4
7052,2019-07-15,56,63,7
7053,2019-07-15,50,63,13
7054,2019-07-15,65,78,13
7055,2019-07-15,18,35,17
7056,2019-07-15,21,27,6
7057,2019-07-15,37,39,2
7058,2019-07-15,48,42,-6
7059,2019-07-15,23,41,18
7060,2019-07-15,32,46,14
7061,2019-07-15,30,29,-1
7062,2019-07-15,51,50,-1
7063,2019-07-15,31,35,4
7064,2019-07-15,31,26,-5
7065,2019-07-15,41,40,-1
7066,2019-07-15,94,161,67
7067,2019-07-15,64,79,15
7068,2019-07-15,96,103,7
7069,2019-07-15,87,102,15
7070,2019-07-15,37,40,3
7071,2019-07-15,54,42,-12
7072,2019-07-15,37,26,-11
7073,2019-07-15,70,86,16
7074,2019-07-15,25,33,8
7075,2019-07-15,8,16,8
7076,2019-07-15,63,52,-11
7077,2019-07-15,34,34,0
7078,2019-07-15,30,34,4
7079,2019-07-15,45,45,0
7080,2019-07-15,88,86,-2
7081,2019-07-15,48,57,9
7082,2019-07-15,96,128,32
7083,2019-07-15,62,55,-7
7084,2019-07-15,79,70,-9
7086,2019-07-15,3,1,-2
7087,2019-07-15,6,7,1
7088,2019-07-15,5,6,1
7089,2019-07-15,1,1,0
7090,2019-07-15,15,17,2
7091,2019-07-15,6,10,4
7092,2019-07-15,10,16,6
7093,2019-07-15,7,7,0
7094,2019-07-15,7,12,5
7095,2019-07-15,21,23,2
7096,2019-07-15,30,46,16
7097,2019-07-15,12,12,0
7098,2019-07-15,5,6,1
7099,2019-07-15,7,4,-3
7100,2019-07-15,4,7,3
7101,2019-07-15,11,8,-3
7102,2019-07-15,18,24,6
7103,2019-07-15,34,36,2
7104,2019-07-15,3,3,0
7105,2019-07-15,22,26,4
7106,2019-07-15,4,3,-1
7107,2019-07-15,6,3,-3
7108,2019-07-15,13,18,5
7109,2019-07-15,3,5,2
7110,2019-07-15,17,11,-6
7111,2019-07-15,9,9,0
7112,2019-07-15,9,8,-1
7113,2019-07-15,58,58,0
7114,2019-07-15,110,127,17
7115,2019-07-15,13,17,4
7116,2019-07-15,22,11,-11
7117,2019-07-15,7,8,1
7118,2019-07-15,2,1,-1
7119,2019-07-15,18,17,-1
7120,2019-07-15,13,11,-2
7121,2019-07-15,14,24,10
7122,2019-07-15,4,5,1
7123,2019-07-15,5,6,1
7124,2019-07-15,26,14,-12
7125,2019-07-15,34,31,-3
7126,2019-07-15,9,6,-3
7127,2019-07-15,26,30,4
7128,2019-07-15,15,6,-9
7129,2019-07-15,14,17,3
7130,2019-07-15,12,11,-1
7131,2019-07-15,6,4,-2
7132,2019-07-15,3,7,4
7133,2019-07-15,6,9,3
7134,2019-07-15,4,0,-4
7135,2019-07-15,5,5,0
7136,2019-07-15,4,6,2
7137,2019-07-15,5,7,2
7138,2019-07-15,7,7,0
7139,2019-07-15,34,32,-2
7140,2019-07-15,25,31,6
7141,2019-07-15,40,46,6
7143,2019-07-15,33,32,-1
7144,2019-07-15,57,73,16
7145,2019-07-15,15,17,2
7146,2019-07-15,21,15,-6
7147,2019-07-15,53,56,3
7148,2019-07-15,8,14,6
7149,2019-07-15,12,13,1
10002,2019-07-15,126,128,2
4000,2019-07-16,65,67,2
4001,2019-07-16,13,13,0
4002,2019-07-16,17,20,3
5002,2019-07-16,4,7,3
5003,2019-07-16,5,5,0
5004,2019-07-16,5,7,2
5005,2019-07-16,3,5,2
5006,2019-07-16,6,5,-1
5007,2019-07-16,21,16,-5
6001,2019-07-16,83,111,28
6002,2019-07-16,51,69,18
6003,2019-07-16,98,112,14
6004,2019-07-16,69,67,-2
6005,2019-07-16,107,133,26
6006,2019-07-16,46,34,-12
6007,2019-07-16,45,41,-4
6008,2019-07-16,52,102,50
6009,2019-07-16,88,86,-2
6011,2019-07-16,91,106,15
6012,2019-07-16,181,301,120
6013,2019-07-16,69,101,32
6014,2019-07-16,83,97,14
6015,2019-07-16,203,274,71
6016,2019-07-16,20,22,2
6017,2019-07-16,51,74,23
6018,2019-07-16,69,86,17
6019,2019-07-16,161,69,-92
6020,2019-07-16,100,146,46
6021,2019-07-16,88,70,-18
6022,2019-07-16,70,72,2
6023,2019-07-16,148,221,73
6024,2019-07-16,3,7,4
6025,2019-07-16,49,46,-3
6026,2019-07-16,158,199,41
6027,2019-07-16,149,171,22
6029,2019-07-16,17,25,8
6031,2019-07-16,55,75,20
6032,2019-07-16,69,166,97
6033,2019-07-16,15,16,1
6034,2019-07-16,36,34,-2
6035,2019-07-16,23,65,42
6036,2019-07-16,163,166,3
6037,2019-07-16,61,68,7
6038,2019-07-16,103,113,10
6039,2019-07-16,83,100,17
6040,2019-07-16,88,105,17
6041,2019-07-16,86,87,1
6042,2019-07-16,98,99,1
6043,2019-07-16,239,473,234
6044,2019-07-16,117,83,-34
6046,2019-07-16,154,142,-12
6047,2019-07-16,83,75,-8
6048,2019-07-16,56,58,2
6049,2019-07-16,114,117,3
6050,2019-07-16,62,63,1
6051,2019-07-16,64,55,-9
6052,2019-07-16,229,343,114
6053,2019-07-16,184,191,7
6057,2019-07-16,102,91,-11
6058,2019-07-16,93,73,-20
6059,2019-07-16,75,77,2
6060,2019-07-16,27,28,1
6061,2019-07-16,70,76,6
6062,2019-07-16,58,57,-1
6063,2019-07-16,105,93,-12
6064,2019-07-16,223,188,-35
6065,2019-07-16,84,67,-17
6066,2019-07-16,59,22,-37
6067,2019-07-16,52,61,9
6068,2019-07-16,17,23,6
6070,2019-07-16,212,160,-52
6072,2019-07-16,75,74,-1
6073,2019-07-16,266,133,-133
6075,2019-07-16,65,34,-31
6076,2019-07-16,32,43,11
6078,2019-07-16,38,83,45
6079,2019-07-16,67,62,-5
6080,2019-07-16,167,147,-20
6081,2019-07-16,42,38,-4
6082,2019-07-16,24,24,0
6083,2019-07-16,172,219,47
6084,2019-07-16,73,85,12
6085,2019-07-16,118,212,94
6086,2019-07-16,25,31,6
6087,2019-07-16,127,162,35
6088,2019-07-16,75,94,19
6089,2019-07-16,64,65,1
6090,2019-07-16,62,68,6
6091,2019-07-16,52,51,-1
6092,2019-07-16,70,75,5
6093,2019-07-16,46,28,-18
6094,2019-07-16,56,48,-8
6095,2019-07-16,110,119,9
6096,2019-07-16,46,67,21
6097,2019-07-16,66,64,-2
6098,2019-07-16,67,33,-34
6099,2019-07-16,108,156,48
6100,2019-07-16,295,248,-47
6101,2019-07-16,74,26,-48
6102,2019-07-16,44,43,-1
6103,2019-07-16,21,27,6
6104,2019-07-16,75,99,24
6105,2019-07-16,62,83,21
6106,2019-07-16,31,41,10
6107,2019-07-16,107,78,-29
6108,2019-07-16,48,54,6
6109,2019-07-16,19,19,0
6110,2019-07-16,36,34,-2
6111,2019-07-16,71,81,10
6112,2019-07-16,90,105,15
6114,2019-07-16,169,225,56
6115,2019-07-16,27,35,8
6116,2019-07-16,51,68,17
6117,2019-07-16,56,56,0
6118,2019-07-16,83,109,26
6119,2019-07-16,88,108,20
6120,2019-07-16,86,120,34
6121,2019-07-16,25,53,28
6122,2019-07-16,31,42,11
6123,2019-07-16,32,39,7
6124,2019-07-16,44,68,24
6125,2019-07-16,31,25,-6
6126,2019-07-16,71,79,8
6127,2019-07-16,67,54,-13
6128,2019-07-16,23,27,4
6129,2019-07-16,67,69,2
6130,2019-07-16,32,25,-7
6131,2019-07-16,85,65,-20
6132,2019-07-16,65,85,20
6133,2019-07-16,66,60,-6
6134,2019-07-16,56,57,1
6136,2019-07-16,272,185,-87
6137,2019-07-16,86,84,-2
6138,2019-07-16,82,73,-9
6139,2019-07-16,79,67,-12
6140,2019-07-16,91,96,5
6141,2019-07-16,60,60,0
6142,2019-07-16,128,88,-40
6143,2019-07-16,136,123,-13
6145,2019-07-16,86,77,-9
6146,2019-07-16,77,58,-19
6147,2019-07-16,128,57,-71
6148,2019-07-16,136,107,-29
6149,2019-07-16,57,64,7
6150,2019-07-16,66,78,12
6151,2019-07-16,72,74,2
6152,2019-07-16,133,140,7
6153,2019-07-16,65,67,2
6154,2019-07-16,166,161,-5
6155,2019-07-16,122,130,8
6156,2019-07-16,82,85,3
6157,2019-07-16,135,124,-11
6158,2019-07-16,60,47,-13
6159,2019-07-16,42,46,4
6160,2019-07-16,56,48,-8
6161,2019-07-16,38,48,10
6162,2019-07-16,18,13,-5
6163,2019-07-16,129,94,-35
6164,2019-07-16,103,98,-5
6165,2019-07-16,138,145,7
6166,2019-07-16,93,80,-13
6167,2019-07-16,49,48,-1
6168,2019-07-16,57,57,0
6169,2019-07-16,181,153,-28
6170,2019-07-16,47,43,-4
6171,2019-07-16,63,65,2
6173,2019-07-16,128,102,-26
6175,2019-07-16,81,49,-32
6176,2019-07-16,81,81,0
6177,2019-07-16,87,72,-15
6178,2019-07-16,128,119,-9
6179,2019-07-16,115,100,-15
6180,2019-07-16,77,86,9
6181,2019-07-16,139,78,-61
6182,2019-07-16,47,42,-5
6183,2019-07-16,87,73,-14
6184,2019-07-16,259,215,-44
6186,2019-07-16,96,58,-38
6187,2019-07-16,146,130,-16
6188,2019-07-16,52,54,2
6189,2019-07-16,23,23,0
6190,2019-07-16,131,67,-64
6191,2019-07-16,77,76,-1
6192,2019-07-16,32,25,-7
6193,2019-07-16,127,107,-20
6194,2019-07-16,248,212,-36
6195,2019-07-16,88,52,-36
6196,2019-07-16,122,89,-33
6197,2019-07-16,55,56,1
6198,2019-07-16,25,24,-1
6199,2019-07-16,112,82,-30
6200,2019-07-16,107,108,1
6201,2019-07-16,88,76,-12
6202,2019-07-16,155,113,-42
6203,2019-07-16,128,110,-18
6204,2019-07-16,103,112,9
6205,2019-07-16,112,78,-34
6206,2019-07-16,154,144,-10
6207,2019-07-16,56,66,10
6208,2019-07-16,74,76,2
6209,2019-07-16,145,98,-47
6210,2019-07-16,54,52,-2
6211,2019-07-16,167,136,-31
6212,2019-07-16,121,81,-40
6213,2019-07-16,131,127,-4
6214,2019-07-16,121,88,-33
6215,2019-07-16,58,56,-2
6216,2019-07-16,182,77,-105
6217,2019-07-16,104,84,-20
6218,2019-07-16,70,51,-19
6219,2019-07-16,83,87,4
6220,2019-07-16,108,87,-21
6221,2019-07-16,214,173,-41
6222,2019-07-16,85,66,-19
6223,2019-07-16,133,78,-55
6224,2019-07-16,58,56,-2
6225,2019-07-16,68,54,-14
6226,2019-07-16,47,41,-6
6227,2019-07-16,158,145,-13
6228,2019-07-16,35,26,-9
6229,2019-07-16,52,54,2
6230,2019-07-16,122,105,-17
6231,2019-07-16,125,129,4
6232,2019-07-16,26,26,0
6233,2019-07-16,124,91,-33
6234,2019-07-16,82,72,-10
6235,2019-07-16,83,67,-16
6236,2019-07-16,74,78,4
6237,2019-07-16,59,55,-4
6240,2019-07-16,19,14,-5
6241,2019-07-16,60,52,-8
6243,2019-07-16,75,74,-1
6245,2019-07-16,52,46,-6
6246,2019-07-16,68,58,-10
6247,2019-07-16,162,140,-22
6248,2019-07-16,181,142,-39
6249,2019-07-16,57,59,2
6250,2019-07-16,90,90,0
6251,2019-07-16,35,24,-11
6252,2019-07-16,68,61,-7
6253,2019-07-16,74,49,-25
6254,2019-07-16,72,60,-12
6255,2019-07-16,103,93,-10
6257,2019-07-16,42,42,0
6258,2019-07-16,97,80,-17
6259,2019-07-16,55,55,0
6260,2019-07-16,53,54,1
6261,2019-07-16,61,61,0
6262,2019-07-16,58,52,-6
6263,2019-07-16,23,23,0
6265,2019-07-16,47,47,0
6267,2019-07-16,57,59,2
6268,2019-07-16,54,46,-8
6269,2019-07-16,26,42,16
6270,2019-07-16,40,42,2
6271,2019-07-16,1,2,1
6272,2019-07-16,38,36,-2
6273,2019-07-16,53,47,-6
6274,2019-07-16,55,49,-6
6275,2019-07-16,33,32,-1
6276,2019-07-16,56,45,-11
6277,2019-07-16,59,72,13
6278,2019-07-16,30,37,7
6280,2019-07-16,94,97,3
6281,2019-07-16,24,22,-2
6301,2019-07-16,21,22,1
6302,2019-07-16,23,16,-7
6303,2019-07-16,18,12,-6
6304,2019-07-16,16,8,-8
6305,2019-07-16,20,12,-8
6306,2019-07-16,61,32,-29
6307,2019-07-16,56,65,9
6309,2019-07-16,27,26,-1
6310,2019-07-16,59,36,-23
6311,2019-07-16,48,40,-8
6312,2019-07-16,26,30,4
6313,2019-07-16,48,62,14
6314,2019-07-16,88,68,-20
6315,2019-07-16,95,51,-44
6316,2019-07-16,33,16,-17
6321,2019-07-16,98,98,0
6322,2019-07-16,35,28,-7
6324,2019-07-16,21,27,6
6327,2019-07-16,38,29,-9
6328,2019-07-16,43,40,-3
6329,2019-07-16,43,37,-6
6330,2019-07-16,31,31,0
6331,2019-07-16,21,20,-1
6332,2019-07-16,45,46,1
6333,2019-07-16,26,33,7
6334,2019-07-16,79,79,0
6335,2019-07-16,47,32,-15
6336,2019-07-16,42,40,-2
6338,2019-07-16,26,26,0
6339,2019-07-16,44,40,-4
6340,2019-07-16,35,42,7
6341,2019-07-16,63,77,14
6343,2019-07-16,39,33,-6
6345,2019-07-16,25,24,-1
6347,2019-07-16,31,27,-4
6349,2019-07-16,25,40,15
6350,2019-07-16,37,37,0
6354,2019-07-16,41,41,0
6355,2019-07-16,30,56,26
6356,2019-07-16,47,28,-19
6357,2019-07-16,33,25,-8
6358,2019-07-16,28,31,3
6359,2019-07-16,132,154,22
6360,2019-07-16,46,48,2
6361,2019-07-16,53,51,-2
6362,2019-07-16,34,36,2
6363,2019-07-16,25,28,3
6364,2019-07-16,50,42,-8
6366,2019-07-16,26,27,1
6368,2019-07-16,77,78,1
6369,2019-07-16,35,41,6
6370,2019-07-16,32,44,12
6371,2019-07-16,106,81,-25
6372,2019-07-16,96,101,5
6373,2019-07-16,38,37,-1
6374,2019-07-16,53,45,-8
6375,2019-07-16,81,92,11
6376,2019-07-16,34,34,0
6377,2019-07-16,39,44,5
6379,2019-07-16,30,37,7
6380,2019-07-16,31,30,-1
6381,2019-07-16,66,69,3
6383,2019-07-16,33,29,-4
6384,2019-07-16,31,24,-7
6385,2019-07-16,48,56,8
6386,2019-07-16,68,88,20
6387,2019-07-16,78,95,17
6388,2019-07-16,23,34,11
6389,2019-07-16,65,41,-24
6391,2019-07-16,58,87,29
6393,2019-07-16,60,93,33
6394,2019-07-16,84,102,18
6395,2019-07-16,86,95,9
6396,2019-07-16,110,91,-19
6397,2019-07-16,50,68,18
6398,2019-07-16,44,52,8
6401,2019-07-16,54,71,17
6402,2019-07-16,57,85,28
6403,2019-07-16,28,32,4
6404,2019-07-16,21,32,11
6405,2019-07-16,58,64,6
6406,2019-07-16,106,167,61
6407,2019-07-16,26,42,16
6408,2019-07-16,49,69,20
6409,2019-07-16,20,23,3
6410,2019-07-16,52,52,0
6411,2019-07-16,157,155,-2
6412,2019-07-16,33,29,-4
6413,2019-07-16,45,121,76
6414,2019-07-16,43,51,8
6415,2019-07-16,29,32,3
6416,2019-07-16,33,18,-15
6417,2019-07-16,36,46,10
6418,2019-07-16,15,13,-2
6419,2019-07-16,10,19,9
6420,2019-07-16,27,35,8
6421,2019-07-16,46,46,0
6422,2019-07-16,18,18,0
6423,2019-07-16,27,19,-8
6424,2019-07-16,44,63,19
6425,2019-07-16,46,55,9
6426,2019-07-16,80,93,13
6427,2019-07-16,86,95,9
6428,2019-07-16,30,38,8
6429,2019-07-16,41,56,15
6432,2019-07-16,101,106,5
6433,2019-07-16,41,40,-1
6434,2019-07-16,93,85,-8
6435,2019-07-16,45,37,-8
6436,2019-07-16,20,32,12
6501,2019-07-16,81,105,24
6502,2019-07-16,15,10,-5
6503,2019-07-16,67,61,-6
6504,2019-07-16,24,22,-2
6700,2019-07-16,26,40,14
6701,2019-07-16,84,84,0
6703,2019-07-16,48,42,-6
6704,2019-07-16,32,25,-7
6705,2019-07-16,18,23,5
6706,2019-07-16,28,34,6
6707,2019-07-16,39,38,-1
6708,2019-07-16,61,119,58
6709,2019-07-16,32,33,1
6710,2019-07-16,19,20,1
6711,2019-07-16,33,35,2
6712,2019-07-16,19,25,6
6713,2019-07-16,17,19,2
6714,2019-07-16,4,5,1
6715,2019-07-16,37,36,-1
6716,2019-07-16,17,16,-1
6717,2019-07-16,16,21,5
6718,2019-07-16,35,39,4
6719,2019-07-16,19,20,1
6720,2019-07-16,29,42,13
6721,2019-07-16,29,34,5
6722,2019-07-16,19,27,8
6723,2019-07-16,22,26,4
6724,2019-07-16,62,75,13
6725,2019-07-16,35,32,-3
6726,2019-07-16,15,14,-1
6727,2019-07-16,112,112,0
6728,2019-07-16,17,13,-4
6729,2019-07-16,166,171,5
6730,2019-07-16,16,19,3
6731,2019-07-16,19,13,-6
6732,2019-07-16,42,45,3
6733,2019-07-16,40,36,-4
6734,2019-07-16,49,46,-3
6735,2019-07-16,7,6,-1
6736,2019-07-16,26,25,-1
6737,2019-07-16,29,32,3
6738,2019-07-16,113,89,-24
6739,2019-07-16,4,9,5
6741,2019-07-16,19,20,1
6742,2019-07-16,63,68,5
6744,2019-07-16,26,29,3
6745,2019-07-16,24,19,-5
6746,2019-07-16,22,17,-5
6747,2019-07-16,46,58,12
6748,2019-07-16,79,102,23
6749,2019-07-16,49,49,0
6750,2019-07-16,47,42,-5
6752,2019-07-16,26,30,4
6753,2019-07-16,29,19,-10
6754,2019-07-16,16,23,7
6901,2019-07-16,44,50,6
6902,2019-07-16,90,107,17
6903,2019-07-16,129,102,-27
6904,2019-07-16,39,40,1
6905,2019-07-16,39,35,-4
6906,2019-07-16,195,106,-89
6907,2019-07-16,112,67,-45
6908,2019-07-16,56,56,0
6910,2019-07-16,88,70,-18
6912,2019-07-16,203,136,-67
6913,2019-07-16,63,37,-26
6915,2019-07-16,103,102,-1
6916,2019-07-16,45,37,-8
6917,2019-07-16,18,18,0
6918,2019-07-16,33,19,-14
6919,2019-07-16,25,18,-7
6921,2019-07-16,80,81,1
6923,2019-07-16,43,38,-5
6924,2019-07-16,30,25,-5
6925,2019-07-16,58,60,2
6926,2019-07-16,74,69,-5
6927,2019-07-16,71,44,-27
6928,2019-07-16,40,20,-20
6929,2019-07-16,38,29,-9
6930,2019-07-16,20,27,7
7001,2019-07-16,35,30,-5
7002,2019-07-16,16,21,5
7003,2019-07-16,123,86,-37
7004,2019-07-16,25,19,-6
7005,2019-07-16,5,10,5
7006,2019-07-16,10,16,6
7007,2019-07-16,13,20,7
7008,2019-07-16,25,23,-2
7009,2019-07-16,87,101,14
7010,2019-07-16,34,31,-3
7011,2019-07-16,100,113,13
7012,2019-07-16,39,54,15
7013,2019-07-16,40,36,-4
7014,2019-07-16,91,42,-49
7015,2019-07-16,20,21,1
7016,2019-07-16,10,12,2
7017,2019-07-16,40,52,12
7018,2019-07-16,24,52,28
7019,2019-07-16,104,104,0
7020,2019-07-16,22,29,7
7021,2019-07-16,43,45,2
7022,2019-07-16,52,37,-15
7023,2019-07-16,5,5,0
7024,2019-07-16,50,35,-15
7025,2019-07-16,46,47,1
7026,2019-07-16,67,66,-1
7027,2019-07-16,43,48,5
7028,2019-07-16,92,98,6
7029,2019-07-16,40,42,2
7030,2019-07-16,46,55,9
7031,2019-07-16,14,14,0
7032,2019-07-16,99,65,-34
7033,2019-07-16,57,53,-4
7034,2019-07-16,40,51,11
7035,2019-07-16,55,59,4
7036,2019-07-16,47,40,-7
7037,2019-07-16,53,46,-7
7038,2019-07-16,76,70,-6
7039,2019-07-16,35,28,-7
7040,2019-07-16,74,94,20
7041,2019-07-16,135,120,-15
7042,2019-07-16,52,63,11
7043,2019-07-16,32,25,-7
7044,2019-07-16,15,13,-2
7045,2019-07-16,64,67,3
7046,2019-07-16,112,111,-1
7047,2019-07-16,140,207,67
7048,2019-07-16,25,24,-1
7049,2019-07-16,21,37,16
7050,2019-07-16,40,43,3
7051,2019-07-16,9,13,4
7052,2019-07-16,63,63,0
7053,2019-07-16,55,59,4
7054,2019-07-16,68,88,20
7055,2019-07-16,25,30,5
7056,2019-07-16,24,28,4
7057,2019-07-16,32,41,9
7058,2019-07-16,46,54,8
7059,2019-07-16,41,35,-6
7060,2019-07-16,36,45,9
7061,2019-07-16,37,29,-8
7062,2019-07-16,59,65,6
7063,2019-07-16,22,27,5
7064,2019-07-16,29,39,10
7065,2019-07-16,35,35,0
7066,2019-07-16,86,178,92
7067,2019-07-16,69,59,-10
7068,2019-07-16,72,112,40
7069,2019-07-16,93,118,25
7070,2019-07-16,40,37,-3
7071,2019-07-16,63,50,-13
7072,2019-07-16,40,27,-13
7073,2019-07-16,70,75,5
7074,2019-07-16,39,45,6
7075,2019-07-16,13,8,-5
7076,2019-07-16,76,69,-7
7077,2019-07-16,22,30,8
7078,2019-07-16,30,35,5
7079,2019-07-16,54,66,12
7080,2019-07-16,86,78,-8
7081,2019-07-16,64,59,-5
7082,2019-07-16,102,119,17
7083,2019-07-16,67,71,4
7084,2019-07-16,76,78,2
7085,2019-07-16,1,0,-1
7086,2019-07-16,1,2,1
7088,2019-07-16,1,1,0
7090,2019-07-16,16,19,3
7091,2019-07-16,4,4,0
7092,2019-07-16,14,14,0
7094,2019-07-16,5,5,0
7095,2019-07-16,18,19,1
7096,2019-07-16,24,43,19
7097,2019-07-16,14,17,3
7098,2019-07-16,3,4,1
7099,2019-07-16,5,6,1
7100,2019-07-16,10,6,-4
7101,2019-07-16,15,14,-1
7102,2019-07-16,29,36,7
7103,2019-07-16,11,8,-3
7104,2019-07-16,1,3,2
7105,2019-07-16,13,13,0
7106,2019-07-16,4,5,1
7107,2019-07-16,4,7,3
7108,2019-07-16,7,5,-2
7109,2019-07-16,11,10,-1
7110,2019-07-16,5,5,0
7111,2019-07-16,5,7,2
7112,2019-07-16,10,14,4
7113,2019-07-16,52,49,-3
7114,2019-07-16,108,122,14
7115,2019-07-16,13,12,-1
7116,2019-07-16,15,12,-3
7118,2019-07-16,3,2,-1
7119,2019-07-16,15,16,1
7120,2019-07-16,8,7,-1
7121,2019-07-16,4,13,9
7122,2019-07-16,6,11,5
7123,2019-07-16,3,6,3
7124,2019-07-16,18,8,-10
7125,2019-07-16,33,32,-1
7126,2019-07-16,8,11,3
7127,2019-07-16,35,38,3
7128,2019-07-16,23,13,-10
7129,2019-07-16,6,14,8
7130,2019-07-16,10,8,-2
7131,2019-07-16,5,4,-1
7132,2019-07-16,1,5,4
7133,2019-07-16,2,7,5
7134,2019-07-16,7,4,-3
7135,2019-07-16,4,7,3
7136,2019-07-16,7,8,1
7137,2019-07-16,11,12,1
7138,2019-07-16,9,9,0
7139,2019-07-16,32,35,3
7140,2019-07-16,32,27,-5
7141,2019-07-16,39,42,3
7143,2019-07-16,9,9,0
7144,2019-07-16,59,69,10
7145,2019-07-16,16,17,1
7146,2019-07-16,16,25,9
7147,2019-07-16,62,62,0
7148,2019-07-16,6,11,5
7149,2019-07-16,16,15,-1
10002,2019-07-16,97,104,7
4000,2019-07-17,66,83,17
4001,2019-07-17,14,25,11
4002,2019-07-17,24,27,3
5002,2019-07-17,3,2,-1
5003,2019-07-17,3,5,2
5004,2019-07-17,5,2,-3
5005,2019-07-17,2,1,-1
5006,2019-07-17,9,4,-5
5007,2019-07-17,11,20,9
6001,2019-07-17,80,109,29
6002,2019-07-17,58,89,31
6003,2019-07-17,78,104,26
6004,2019-07-17,41,55,14
6005,2019-07-17,101,104,3
6006,2019-07-17,37,30,-7
6007,2019-07-17,32,32,0
6008,2019-07-17,72,101,29
6009,2019-07-17,84,91,7
6011,2019-07-17,94,112,18
6012,2019-07-17,205,313,108
6013,2019-07-17,93,100,7
6014,2019-07-17,98,103,5
6015,2019-07-17,191,276,85
6016,2019-07-17,20,24,4
6017,2019-07-17,47,76,29
6018,2019-07-17,83,97,14
6019,2019-07-17,187,106,-81
6020,2019-07-17,89,136,47
6021,2019-07-17,93,66,-27
6022,2019-07-17,66,72,6
6023,2019-07-17,188,253,65
6024,2019-07-17,4,5,1
6025,2019-07-17,51,51,0
6026,2019-07-17,266,346,80
6027,2019-07-17,133,146,13
6029,2019-07-17,25,40,15
6031,2019-07-17,42,63,21
6032,2019-07-17,77,172,95
6033,2019-07-17,22,19,-3
6034,2019-07-17,28,28,0
6035,2019-07-17,17,57,40
6036,2019-07-17,102,177,75
6037,2019-07-17,85,87,2
6038,2019-07-17,95,102,7
6039,2019-07-17,107,121,14
6040,2019-07-17,74,91,17
6041,2019-07-17,77,86,9
6042,2019-07-17,96,94,-2
6043,2019-07-17,233,448,215
6044,2019-07-17,146,115,-31
6046,2019-07-17,142,139,-3
6047,2019-07-17,88,58,-30
6048,2019-07-17,55,55,0
6049,2019-07-17,112,135,23
6050,2019-07-17,46,55,9
6051,2019-07-17,71,58,-13
6052,2019-07-17,246,346,100
6053,2019-07-17,227,275,48
6057,2019-07-17,96,101,5
6058,2019-07-17,65,75,10
6059,2019-07-17,68,67,-1
6060,2019-07-17,29,29,0
6061,2019-07-17,59,71,12
6062,2019-07-17,78,55,-23
6063,2019-07-17,96,86,-10
6064,2019-07-17,225,167,-58
6065,2019-07-17,54,44,-10
6066,2019-07-17,28,12,-16
6067,2019-07-17,53,82,29
6068,2019-07-17,16,18,2
6070,2019-07-17,206,147,-59
6072,2019-07-17,100,72,-28
6073,2019-07-17,250,190,-60
6075,2019-07-17,61,17,-44
6076,2019-07-17,34,40,6
6078,2019-07-17,62,84,22
6079,2019-07-17,76,63,-13
6080,2019-07-17,171,171,0
6081,2019-07-17,40,41,1
6082,2019-07-17,35,18,-17
6083,2019-07-17,163,186,23
6084,2019-07-17,71,94,23
6085,2019-07-17,103,170,67
6086,2019-07-17,42,55,13
6087,2019-07-17,132,180,48
6088,2019-07-17,76,96,20
6089,2019-07-17,57,70,13
6090,2019-07-17,72,72,0
6091,2019-07-17,69,68,-1
6092,2019-07-17,81,67,-14
6093,2019-07-17,43,24,-19
6094,2019-07-17,63,57,-6
6095,2019-07-17,153,125,-28
6096,2019-07-17,48,70,22
6097,2019-07-17,81,51,-30
6098,2019-07-17,74,25,-49
6099,2019-07-17,103,175,72
6100,2019-07-17,294,283,-11
6101,2019-07-17,75,31,-44
6102,2019-07-17,50,38,-12
6103,2019-07-17,34,38,4
6104,2019-07-17,109,131,22
6105,2019-07-17,72,79,7
6106,2019-07-17,69,79,10
6107,2019-07-17,132,84,-48
6108,2019-07-17,71,92,21
6109,2019-07-17,18,26,8
6110,2019-07-17,57,54,-3
6111,2019-07-17,110,107,-3
6112,2019-07-17,118,132,14
6114,2019-07-17,212,276,64
6115,2019-07-17,17,32,15
6116,2019-07-17,77,93,16
6117,2019-07-17,52,51,-1
6118,2019-07-17,86,109,23
6119,2019-07-17,118,137,19
6120,2019-07-17,92,139,47
6121,2019-07-17,29,55,26
6122,2019-07-17,41,47,6
6123,2019-07-17,36,38,2
6124,2019-07-17,62,105,43
6125,2019-07-17,31,27,-4
6126,2019-07-17,59,83,24
6127,2019-07-17,55,53,-2
6128,2019-07-17,25,37,12
6129,2019-07-17,72,74,2
6130,2019-07-17,30,15,-15
6131,2019-07-17,104,63,-41
6132,2019-07-17,82,94,12
6133,2019-07-17,90,98,8
6134,2019-07-17,52,53,1
6136,2019-07-17,343,234,-109
6137,2019-07-17,101,96,-5
6138,2019-07-17,82,78,-4
6139,2019-07-17,65,61,-4
6140,2019-07-17,104,113,9
6141,2019-07-17,50,49,-1
6142,2019-07-17,141,99,-42
6143,2019-07-17,135,120,-15
6145,2019-07-17,73,85,12
6146,2019-07-17,78,73,-5
6147,2019-07-17,130,77,-53
6148,2019-07-17,167,116,-51
6149,2019-07-17,59,54,-5
6150,2019-07-17,84,83,-1
6151,2019-07-17,98,95,-3
6152,2019-07-17,132,148,16
6153,2019-07-17,87,77,-10
6154,2019-07-17,159,181,22
6155,2019-07-17,176,153,-23
6156,2019-07-17,91,86,-5
6157,2019-07-17,140,136,-4
6158,2019-07-17,52,57,5
6159,2019-07-17,44,39,-5
6160,2019-07-17,58,45,-13
6161,2019-07-17,55,56,1
6162,2019-07-17,19,29,10
6163,2019-07-17,100,98,-2
6164,2019-07-17,125,132,7
6165,2019-07-17,170,176,6
6166,2019-07-17,91,73,-18
6167,2019-07-17,45,54,9
6168,2019-07-17,55,53,-2
6169,2019-07-17,178,153,-25
6170,2019-07-17,91,71,-20
6171,2019-07-17,48,53,5
6173,2019-07-17,136,65,-71
6175,2019-07-17,116,57,-59
6176,2019-07-17,101,107,6
6177,2019-07-17,85,75,-10
6178,2019-07-17,172,155,-17
6179,2019-07-17,110,113,3
6180,2019-07-17,67,70,3
6181,2019-07-17,140,80,-60
6182,2019-07-17,67,49,-18
6183,2019-07-17,99,72,-27
6184,2019-07-17,317,250,-67
6185,2019-07-17,4,4,0
6186,2019-07-17,95,80,-15
6187,2019-07-17,160,145,-15
6188,2019-07-17,64,66,2
6189,2019-07-17,27,22,-5
6190,2019-07-17,126,77,-49
6191,2019-07-17,65,69,4
6192,2019-07-17,46,26,-20
6193,2019-07-17,146,131,-15
6194,2019-07-17,197,170,-27
6195,2019-07-17,99,49,-50
6196,2019-07-17,141,94,-47
6197,2019-07-17,62,52,-10
6198,2019-07-17,29,22,-7
6199,2019-07-17,128,112,-16
6200,2019-07-17,119,110,-9
6201,2019-07-17,76,77,1
6202,2019-07-17,122,124,2
6203,2019-07-17,121,120,-1
6204,2019-07-17,111,98,-13
6205,2019-07-17,116,80,-36
6206,2019-07-17,154,142,-12
6207,2019-07-17,67,59,-8
6208,2019-07-17,89,91,2
6209,2019-07-17,135,93,-42
6210,2019-07-17,48,50,2
6211,2019-07-17,209,166,-43
6212,2019-07-17,91,61,-30
6213,2019-07-17,125,123,-2
6214,2019-07-17,139,100,-39
6215,2019-07-17,58,59,1
6216,2019-07-17,171,89,-82
6217,2019-07-17,105,89,-16
6218,2019-07-17,95,70,-25
6219,2019-07-17,113,108,-5
6220,2019-07-17,98,96,-2
6221,2019-07-17,233,192,-41
6222,2019-07-17,112,68,-44
6223,2019-07-17,135,84,-51
6224,2019-07-17,69,67,-2
6225,2019-07-17,72,65,-7
6226,2019-07-17,31,31,0
6227,2019-07-17,180,157,-23
6228,2019-07-17,39,27,-12
6229,2019-07-17,68,62,-6
6230,2019-07-17,94,86,-8
6231,2019-07-17,133,125,-8
6232,2019-07-17,37,27,-10
6233,2019-07-17,112,93,-19
6234,2019-07-17,72,70,-2
6235,2019-07-17,69,69,0
6236,2019-07-17,79,75,-4
6237,2019-07-17,61,73,12
6240,2019-07-17,22,19,-3
6241,2019-07-17,63,49,-14
6243,2019-07-17,91,72,-19
6245,2019-07-17,49,51,2
6246,2019-07-17,67,52,-15
6247,2019-07-17,141,121,-20
6248,2019-07-17,179,148,-31
6249,2019-07-17,78,58,-20
6250,2019-07-17,97,84,-13
6251,2019-07-17,30,27,-3
6252,2019-07-17,62,61,-1
6253,2019-07-17,78,47,-31
6254,2019-07-17,94,68,-26
6255,2019-07-17,93,85,-8
6257,2019-07-17,51,40,-11
6258,2019-07-17,99,68,-31
6259,2019-07-17,59,48,-11
6260,2019-07-17,77,60,-17
6261,2019-07-17,63,62,-1
6262,2019-07-17,51,57,6
6263,2019-07-17,23,29,6
6265,2019-07-17,64,72,8
6267,2019-07-17,45,54,9
6268,2019-07-17,57,67,10
6269,2019-07-17,48,56,8
6270,2019-07-17,43,37,-6
6271,2019-07-17,2,3,1
6272,2019-07-17,36,29,-7
6273,2019-07-17,40,39,-1
6274,2019-07-17,46,54,8
6275,2019-07-17,29,33,4
6276,2019-07-17,60,52,-8
6277,2019-07-17,96,71,-25
6278,2019-07-17,31,36,5
6279,2019-07-17,5,7,2
6280,2019-07-17,101,98,-3
6281,2019-07-17,35,21,-14
6301,2019-07-17,30,23,-7
6302,2019-07-17,15,11,-4
6303,2019-07-17,30,21,-9
6304,2019-07-17,17,15,-2
6305,2019-07-17,19,14,-5
6306,2019-07-17,62,27,-35
6307,2019-07-17,96,97,1
6309,2019-07-17,28,25,-3
6310,2019-07-17,92,35,-57
6311,2019-07-17,40,31,-9
6312,2019-07-17,27,36,9
6313,2019-07-17,72,89,17
6314,2019-07-17,72,62,-10
6315,2019-07-17,97,50,-47
6316,2019-07-17,50,23,-27
6321,2019-07-17,101,102,1
6322,2019-07-17,26,31,5
6324,2019-07-17,31,29,-2
6327,2019-07-17,49,51,2
6328,2019-07-17,43,41,-2
6329,2019-07-17,29,23,-6
6330,2019-07-17,33,27,-6
6331,2019-07-17,33,21,-12
6332,2019-07-17,52,51,-1
6333,2019-07-17,20,18,-2
6334,2019-07-17,83,84,1
6335,2019-07-17,36,29,-7
6336,2019-07-17,45,41,-4
6338,2019-07-17,31,24,-7
6339,2019-07-17,32,26,-6
6340,2019-07-17,35,25,-10
6341,2019-07-17,46,58,12
6343,2019-07-17,36,41,5
6345,2019-07-17,28,21,-7
6347,2019-07-17,30,29,-1
6349,2019-07-17,32,46,14
6350,2019-07-17,61,57,-4
6354,2019-07-17,32,34,2
6355,2019-07-17,45,67,22
6356,2019-07-17,36,24,-12
6357,2019-07-17,31,27,-4
6358,2019-07-17,22,20,-2
6359,2019-07-17,152,175,23
6360,2019-07-17,48,48,0
6361,2019-07-17,52,48,-4
6362,2019-07-17,46,47,1
6363,2019-07-17,27,21,-6
6364,2019-07-17,62,42,-20
6366,2019-07-17,40,27,-13
6368,2019-07-17,78,79,1
6369,2019-07-17,35,34,-1
6370,2019-07-17,46,48,2
6371,2019-07-17,82,66,-16
6372,2019-07-17,111,122,11
6373,2019-07-17,50,42,-8
6374,2019-07-17,50,47,-3
6375,2019-07-17,84,101,17
6376,2019-07-17,27,30,3
6377,2019-07-17,54,53,-1
6379,2019-07-17,31,37,6
6380,2019-07-17,22,19,-3
6381,2019-07-17,62,55,-7
6383,2019-07-17,29,27,-2
6384,2019-07-17,29,18,-11
6385,2019-07-17,56,57,1
6386,2019-07-17,98,111,13
6387,2019-07-17,78,96,18
6388,2019-07-17,38,50,12
6389,2019-07-17,46,42,-4
6391,2019-07-17,69,94,25
6393,2019-07-17,83,110,27
6394,2019-07-17,84,118,34
6395,2019-07-17,126,127,1
6396,2019-07-17,137,127,-10
6397,2019-07-17,66,78,12
6398,2019-07-17,45,67,22
6401,2019-07-17,70,88,18
6402,2019-07-17,64,68,4
6403,2019-07-17,30,36,6
6404,2019-07-17,23,34,11
6405,2019-07-17,54,51,-3
6406,2019-07-17,122,158,36
6407,2019-07-17,21,41,20
6408,2019-07-17,61,60,-1
6409,2019-07-17,19,25,6
6410,2019-07-17,64,62,-2
6411,2019-07-17,141,118,-23
6412,2019-07-17,24,34,10
6413,2019-07-17,39,67,28
6414,2019-07-17,33,47,14
6415,2019-07-17,29,35,6
6416,2019-07-17,30,14,-16
6417,2019-07-17,38,47,9
6418,2019-07-17,9,15,6
6419,2019-07-17,8,19,11
6420,2019-07-17,33,29,-4
6421,2019-07-17,50,54,4
6422,2019-07-17,17,19,2
6423,2019-07-17,26,17,-9
6424,2019-07-17,40,68,28
6425,2019-07-17,39,44,5
6426,2019-07-17,99,108,9
6427,2019-07-17,81,77,-4
6428,2019-07-17,18,25,7
6429,2019-07-17,35,48,13
6432,2019-07-17,94,92,-2
6433,2019-07-17,38,36,-2
6434,2019-07-17,76,81,5
6435,2019-07-17,54,56,2
6436,2019-07-17,33,28,-5
6501,2019-07-17,89,110,21
6502,2019-07-17,20,20,0
6503,2019-07-17,99,80,-19
6504,2019-07-17,28,41,13
6700,2019-07-17,32,44,12
6701,2019-07-17,77,81,4
6703,2019-07-17,63,61,-2
6704,2019-07-17,40,35,-5
6705,2019-07-17,19,31,12
6706,2019-07-17,28,29,1
6707,2019-07-17,36,39,3
6708,2019-07-17,65,141,76
6709,2019-07-17,23,32,9
6710,2019-07-17,12,13,1
6711,2019-07-17,33,36,3
6712,2019-07-17,16,20,4
6713,2019-07-17,28,24,-4
6714,2019-07-17,4,3,-1
6715,2019-07-17,29,29,0
6716,2019-07-17,13,16,3
6717,2019-07-17,9,16,7
6718,2019-07-17,38,41,3
6719,2019-07-17,25,17,-8
6720,2019-07-17,44,48,4
6721,2019-07-17,24,26,2
6722,2019-07-17,16,24,8
6723,2019-07-17,31,26,-5
6724,2019-07-17,79,81,2
6725,2019-07-17,33,40,7
6726,2019-07-17,12,17,5
6727,2019-07-17,101,119,18
6728,2019-07-17,21,17,-4
6729,2019-07-17,139,140,1
6730,2019-07-17,28,23,-5
6731,2019-07-17,15,17,2
6732,2019-07-17,44,54,10
6733,2019-07-17,36,37,1
6734,2019-07-17,39,37,-2
6735,2019-07-17,14,13,-1
6736,2019-07-17,17,18,1
6737,2019-07-17,26,38,12
6738,2019-07-17,128,97,-31
6739,2019-07-17,9,14,5
6741,2019-07-17,21,23,2
6742,2019-07-17,76,78,2
6744,2019-07-17,26,29,3
6745,2019-07-17,24,18,-6
6746,2019-07-17,29,20,-9
6747,2019-07-17,42,50,8
6748,2019-07-17,93,113,20
6749,2019-07-17,46,46,0
6750,2019-07-17,50,44,-6
6752,2019-07-17,26,39,13
6753,2019-07-17,21,19,-2
6754,2019-07-17,25,39,14
6901,2019-07-17,59,80,21
6902,2019-07-17,102,120,18
6903,2019-07-17,120,100,-20
6904,2019-07-17,58,57,-1
6905,2019-07-17,50,44,-6
6906,2019-07-17,193,115,-78
6907,2019-07-17,79,58,-21
6908,2019-07-17,71,72,1
6910,2019-07-17,118,79,-39
6912,2019-07-17,178,94,-84
6913,2019-07-17,50,36,-14
6915,2019-07-17,100,99,-1
6916,2019-07-17,48,36,-12
6917,2019-07-17,22,20,-2
6918,2019-07-17,12,10,-2
6919,2019-07-17,26,25,-1
6921,2019-07-17,72,76,4
6923,2019-07-17,45,44,-1
6924,2019-07-17,30,31,1
6925,2019-07-17,44,47,3
6926,2019-07-17,74,80,6
6927,2019-07-17,65,41,-24
6928,2019-07-17,36,15,-21
6929,2019-07-17,43,34,-9
6930,2019-07-17,33,31,-2
7001,2019-07-17,32,45,13
7002,2019-07-17,23,23,0
7003,2019-07-17,114,94,-20
7004,2019-07-17,26,19,-7
7005,2019-07-17,12,15,3
7006,2019-07-17,22,26,4
7007,2019-07-17,9,12,3
7008,2019-07-17,30,30,0
7009,2019-07-17,89,129,40
7010,2019-07-17,20,23,3
7011,2019-07-17,117,138,21
7012,2019-07-17,54,64,10
7013,2019-07-17,28,24,-4
7014,2019-07-17,82,35,-47
7015,2019-07-17,10,9,-1
7016,2019-07-17,17,20,3
7017,2019-07-17,40,51,11
7018,2019-07-17,41,52,11
7019,2019-07-17,188,144,-44
7020,2019-07-17,24,42,18
7021,2019-07-17,46,39,-7
7022,2019-07-17,47,47,0
7023,2019-07-17,3,3,0
7024,2019-07-17,49,36,-13
7025,2019-07-17,41,41,0
7026,2019-07-17,75,84,9
7027,2019-07-17,56,51,-5
7028,2019-07-17,88,88,0
7029,2019-07-17,51,48,-3
7030,2019-07-17,58,58,0
7031,2019-07-17,27,20,-7
7032,2019-07-17,122,58,-64
7033,2019-07-17,89,69,-20
7034,2019-07-17,33,54,21
7035,2019-07-17,56,57,1
7036,2019-07-17,50,45,-5
7037,2019-07-17,63,46,-17
7038,2019-07-17,72,64,-8
7039,2019-07-17,32,28,-4
7040,2019-07-17,72,102,30
7041,2019-07-17,140,129,-11
7042,2019-07-17,37,49,12
7043,2019-07-17,34,30,-4
7044,2019-07-17,17,22,5
7045,2019-07-17,84,79,-5
7046,2019-07-17,121,140,19
7047,2019-07-17,176,233,57
7048,2019-07-17,26,25,-1
7049,2019-07-17,27,31,4
7050,2019-07-17,47,51,4
7051,2019-07-17,11,13,2
7052,2019-07-17,67,70,3
7053,2019-07-17,54,57,3
7054,2019-07-17,63,75,12
7055,2019-07-17,31,39,8
7056,2019-07-17,20,20,0
7057,2019-07-17,43,55,12
7058,2019-07-17,48,58,10
7059,2019-07-17,31,37,6
7060,2019-07-17,36,45,9
7061,2019-07-17,33,30,-3
7062,2019-07-17,58,61,3
7063,2019-07-17,38,34,-4
7064,2019-07-17,25,27,2
7065,2019-07-17,30,40,10
7066,2019-07-17,78,165,87
7067,2019-07-17,67,77,10
7068,2019-07-17,110,115,5
7069,2019-07-17,104,131,27
7070,2019-07-17,44,53,9
7071,2019-07-17,72,46,-26
7072,2019-07-17,41,30,-11
7073,2019-07-17,101,101,0
7074,2019-07-17,45,46,1
7075,2019-07-17,10,8,-2
7076,2019-07-17,81,66,-15
7077,2019-07-17,256,382,126
7078,2019-07-17,30,41,11
7079,2019-07-17,58,66,8
7080,2019-07-17,79,104,25
7081,2019-07-17,77,64,-13
7082,2019-07-17,81,123,42
7083,2019-07-17,76,70,-6
7084,2019-07-17,74,74,0
7089,2019-07-17,1,2,1
7090,2019-07-17,13,11,-2
7091,2019-07-17,3,4,1
7092,2019-07-17,13,9,-4
7093,2019-07-17,3,2,-1
7094,2019-07-17,5,8,3
7095,2019-07-17,17,21,4
7096,2019-07-17,38,38,0
7097,2019-07-17,13,12,-1
7098,2019-07-17,2,5,3
7099,2019-07-17,12,8,-4
7100,2019-07-17,4,7,3
7101,2019-07-17,11,7,-4
7102,2019-07-17,19,27,8
7103,2019-07-17,20,20,0
7104,2019-07-17,5,8,3
7105,2019-07-17,19,21,2
7106,2019-07-17,3,3,0
7107,2019-07-17,6,6,0
7108,2019-07-17,7,13,6
7109,2019-07-17,6,8,2
7110,2019-07-17,6,5,-1
7111,2019-07-17,12,7,-5
7112,2019-07-17,14,19,5
7113,2019-07-17,72,61,-11
7114,2019-07-17,104,118,14
7115,2019-07-17,17,14,-3
7116,2019-07-17,14,15,1
7117,2019-07-17,2,6,4
7118,2019-07-17,2,2,0
7119,2019-07-17,7,9,2
7120,2019-07-17,5,6,1
7121,2019-07-17,11,15,4
7122,2019-07-17,4,8,4
7123,2019-07-17,3,4,1
7124,2019-07-17,23,22,-1
7125,2019-07-17,33,23,-10
7126,2019-07-17,13,12,-1
7127,2019-07-17,43,51,8
7128,2019-07-17,15,17,2
7129,2019-07-17,10,13,3
7130,2019-07-17,17,14,-3
7131,2019-07-17,8,4,-4
7132,2019-07-17,2,2,0
7133,2019-07-17,3,9,6
7134,2019-07-17,2,5,3
7135,2019-07-17,4,4,0
7136,2019-07-17,7,3,-4
7137,2019-07-17,12,12,0
7138,2019-07-17,6,4,-2
7139,2019-07-17,36,29,-7
7140,2019-07-17,38,28,-10
7141,2019-07-17,43,43,0
7142,2019-07-17,8,19,11
7143,2019-07-17,18,20,2
7144,2019-07-17,49,53,4
7145,2019-07-17,23,20,-3
7146,2019-07-17,21,23,2
7147,2019-07-17,45,54,9
7148,2019-07-17,11,14,3
7149,2019-07-17,14,13,-1
10002,2019-07-17,118,134,16
4000,2019-07-18,85,91,6
4001,2019-07-18,12,10,-2
4002,2019-07-18,23,36,13
5002,2019-07-18,3,5,2
5003,2019-07-18,3,3,0
5004,2019-07-18,2,4,2
5005,2019-07-18,5,7,2
5006,2019-07-18,4,8,4
5007,2019-07-18,22,15,-7
6001,2019-07-18,62,110,48
6002,2019-07-18,52,73,21
6003,2019-07-18,94,116,22
6004,2019-07-18,65,67,2
6005,2019-07-18,109,131,22
6006,2019-07-18,41,30,-11
6007,2019-07-18,29,32,3
6008,2019-07-18,66,87,21
6009,2019-07-18,84,89,5
6011,2019-07-18,68,104,36
6012,2019-07-18,206,302,96
6013,2019-07-18,86,122,36
6014,2019-07-18,79,108,29
6015,2019-07-18,214,323,109
6016,2019-07-18,16,21,5
6017,2019-07-18,62,76,14
6018,2019-07-18,69,89,20
6019,2019-07-18,196,105,-91
6020,2019-07-18,96,136,40
6021,2019-07-18,92,94,2
6022,2019-07-18,73,80,7
6023,2019-07-18,167,248,81
6024,2019-07-18,8,10,2
6025,2019-07-18,61,61,0
6026,2019-07-18,243,278,35
6027,2019-07-18,163,166,3
6029,2019-07-18,40,49,9
6031,2019-07-18,47,71,24
6032,2019-07-18,83,184,101
6033,2019-07-18,18,13,-5
6034,2019-07-18,40,53,13
6035,2019-07-18,26,43,17
6036,2019-07-18,211,310,99
6037,2019-07-18,67,70,3
6038,2019-07-18,133,133,0
6039,2019-07-18,78,102,24
6040,2019-07-18,74,95,21
6041,2019-07-18,84,91,7
6042,2019-07-18,137,110,-27
6043,2019-07-18,232,471,239
6044,2019-07-18,92,84,-8
6046,2019-07-18,156,136,-20
6047,2019-07-18,77,56,-21
6048,2019-07-18,71,77,6
6049,2019-07-18,119,113,-6
6050,2019-07-18,55,66,11
6051,2019-07-18,55,47,-8
6052,2019-07-18,324,483,159
6053,2019-07-18,243,248,5
6057,2019-07-18,118,106,-12
6058,2019-07-18,84,78,-6
6059,2019-07-18,142,74,-68
6060,2019-07-18,37,29,-8
6061,2019-07-18,92,71,-21
6062,2019-07-18,47,61,14
6063,2019-07-18,142,119,-23
6064,2019-07-18,212,172,-40
6065,2019-07-18,65,33,-32
6066,2019-07-18,50,28,-22
6067,2019-07-18,76,63,-13
6068,2019-07-18,15,22,7
6070,2019-07-18,233,190,-43
6072,2019-07-18,90,86,-4
6073,2019-07-18,243,180,-63
6075,2019-07-18,32,13,-19
6076,2019-07-18,25,34,9
6078,2019-07-18,52,31,-21
6079,2019-07-18,81,64,-17
6080,2019-07-18,186,174,-12
6081,2019-07-18,47,33,-14
6082,2019-07-18,15,21,6
6083,2019-07-18,195,207,12
6084,2019-07-18,63,65,2
6085,2019-07-18,97,194,97
6086,2019-07-18,41,69,28
6087,2019-07-18,140,193,53
6088,2019-07-18,83,101,18
6089,2019-07-18,58,69,11
6090,2019-07-18,64,65,1
6091,2019-07-18,68,65,-3
6092,2019-07-18,73,78,5
6093,2019-07-18,43,26,-17
6094,2019-07-18,64,55,-9
6095,2019-07-18,125,104,-21
6096,2019-07-18,54,67,13
6097,2019-07-18,109,67,-42
6098,2019-07-18,67,41,-26
6099,2019-07-18,127,162,35
6100,2019-07-18,343,315,-28
6101,2019-07-18,52,26,-26
6102,2019-07-18,62,46,-16
6103,2019-07-18,24,21,-3
6104,2019-07-18,84,114,30
6105,2019-07-18,70,91,21
6106,2019-07-18,37,38,1
6107,2019-07-18,117,80,-37
6108,2019-07-18,56,63,7
6109,2019-07-18,37,40,3
6110,2019-07-18,35,41,6
6111,2019-07-18,47,69,22
6112,2019-07-18,105,128,23
6113,2019-07-18,19,25,6
6114,2019-07-18,198,241,43
6115,2019-07-18,26,38,12
6116,2019-07-18,81,85,4
6117,2019-07-18,41,47,6
6118,2019-07-18,78,113,35
6119,2019-07-18,92,116,24
6120,2019-07-18,96,126,30
6121,2019-07-18,37,44,7
6122,2019-07-18,22,31,9
6123,2019-07-18,24,35,11
6124,2019-07-18,50,64,14
6125,2019-07-18,30,26,-4
6126,2019-07-18,58,61,3
6127,2019-07-18,80,67,-13
6128,2019-07-18,33,33,0
6129,2019-07-18,67,65,-2
6130,2019-07-18,28,27,-1
6131,2019-07-18,119,66,-53
6132,2019-07-18,87,94,7
6133,2019-07-18,91,87,-4
6134,2019-07-18,49,40,-9
6136,2019-07-18,351,287,-64
6137,2019-07-18,109,114,5
6138,2019-07-18,55,54,-1
6139,2019-07-18,56,52,-4
6140,2019-07-18,125,132,7
6141,2019-07-18,61,57,-4
6142,2019-07-18,178,127,-51
6143,2019-07-18,145,133,-12
6145,2019-07-18,94,87,-7
6146,2019-07-18,75,61,-14
6147,2019-07-18,112,60,-52
6148,2019-07-18,112,102,-10
6149,2019-07-18,60,53,-7
6150,2019-07-18,78,74,-4
6151,2019-07-18,83,83,0
6152,2019-07-18,193,199,6
6153,2019-07-18,103,98,-5
6154,2019-07-18,205,203,-2
6155,2019-07-18,189,152,-37
6156,2019-07-18,106,85,-21
6157,2019-07-18,159,127,-32
6158,2019-07-18,70,74,4
6159,2019-07-18,46,51,5
6160,2019-07-18,61,54,-7
6161,2019-07-18,65,71,6
6162,2019-07-18,12,15,3
6163,2019-07-18,152,115,-37
6164,2019-07-18,133,128,-5
6165,2019-07-18,221,234,13
6166,2019-07-18,95,93,-2
6167,2019-07-18,43,53,10
6168,2019-07-18,65,53,-12
6169,2019-07-18,190,173,-17
6170,2019-07-18,105,94,-11
6171,2019-07-18,61,56,-5
6173,2019-07-18,139,89,-50
6175,2019-07-18,100,72,-28
6176,2019-07-18,125,113,-12
6177,2019-07-18,108,100,-8
6178,2019-07-18,154,149,-5
6179,2019-07-18,109,105,-4
6180,2019-07-18,71,89,18
6181,2019-07-18,133,103,-30
6182,2019-07-18,79,54,-25
6183,2019-07-18,117,104,-13
6184,2019-07-18,298,273,-25
6185,2019-07-18,18,22,4
6186,2019-07-18,92,59,-33
6187,2019-07-18,147,140,-7
6188,2019-07-18,61,55,-6
6189,2019-07-18,19,23,4
6190,2019-07-18,114,76,-38
6191,2019-07-18,80,68,-12
6192,2019-07-18,46,37,-9
6193,2019-07-18,130,123,-7
6194,2019-07-18,211,193,-18
6195,2019-07-18,93,52,-41
6196,2019-07-18,157,102,-55
6197,2019-07-18,57,60,3
6198,2019-07-18,31,25,-6
6199,2019-07-18,153,135,-18
6200,2019-07-18,134,133,-1
6201,2019-07-18,85,71,-14
6202,2019-07-18,147,128,-19
6203,2019-07-18,109,109,0
6204,2019-07-18,104,93,-11
6205,2019-07-18,118,90,-28
6206,2019-07-18,152,136,-16
6207,2019-07-18,55,52,-3
6208,2019-07-18,92,97,5
6209,2019-07-18,138,115,-23
6210,2019-07-18,65,57,-8
6211,2019-07-18,188,154,-34
6212,2019-07-18,122,92,-30
6213,2019-07-18,139,140,1
6214,2019-07-18,92,78,-14
6215,2019-07-18,64,56,-8
6216,2019-07-18,182,92,-90
6217,2019-07-18,151,98,-53
6218,2019-07-18,77,55,-22
6219,2019-07-18,122,100,-22
6220,2019-07-18,120,100,-20
6221,2019-07-18,216,182,-34
6222,2019-07-18,100,83,-17
6223,2019-07-18,144,78,-66
6224,2019-07-18,70,58,-12
6225,2019-07-18,78,49,-29
6226,2019-07-18,50,45,-5
6227,2019-07-18,171,165,-6
6228,2019-07-18,32,41,9
6229,2019-07-18,71,62,-9
6230,2019-07-18,109,90,-19
6231,2019-07-18,138,116,-22
6232,2019-07-18,38,38,0
6233,2019-07-18,151,113,-38
6234,2019-07-18,54,45,-9
6235,2019-07-18,79,77,-2
6236,2019-07-18,89,97,8
6237,2019-07-18,65,67,2
6240,2019-07-18,26,33,7
6241,2019-07-18,50,47,-3
6243,2019-07-18,72,71,-1
6245,2019-07-18,59,55,-4
6246,2019-07-18,64,50,-14
6247,2019-07-18,144,124,-20
6248,2019-07-18,182,162,-20
6249,2019-07-18,85,76,-9
6250,2019-07-18,110,107,-3
6251,2019-07-18,19,20,1
6252,2019-07-18,80,65,-15
6253,2019-07-18,81,59,-22
6254,2019-07-18,118,97,-21
6255,2019-07-18,98,92,-6
6257,2019-07-18,52,38,-14
6258,2019-07-18,109,81,-28
6259,2019-07-18,59,65,6
6260,2019-07-18,68,63,-5
6261,2019-07-18,73,69,-4
6262,2019-07-18,63,62,-1
6263,2019-07-18,26,32,6
6265,2019-07-18,55,57,2
6267,2019-07-18,69,71,2
6268,2019-07-18,88,83,-5
6269,2019-07-18,31,35,4
6270,2019-07-18,59,55,-4
6271,2019-07-18,7,7,0
6272,2019-07-18,45,37,-8
6273,2019-07-18,47,47,0
6274,2019-07-18,52,45,-7
6275,2019-07-18,41,36,-5
6276,2019-07-18,58,55,-3
6277,2019-07-18,98,94,-4
6278,2019-07-18,36,31,-5
6279,2019-07-18,16,20,4
6280,2019-07-18,85,87,2
6281,2019-07-18,45,26,-19
6301,2019-07-18,21,13,-8
6302,2019-07-18,24,16,-8
6303,2019-07-18,20,24,4
6304,2019-07-18,11,11,0
6305,2019-07-18,9,15,6
6306,2019-07-18,46,23,-23
6307,2019-07-18,101,90,-11
6309,2019-07-18,28,40,12
6310,2019-07-18,90,33,-57
6311,2019-07-18,44,46,2
6312,2019-07-18,30,37,7
6313,2019-07-18,81,95,14
6314,2019-07-18,66,62,-4
6315,2019-07-18,101,44,-57
6316,2019-07-18,53,29,-24
6321,2019-07-18,142,135,-7
6322,2019-07-18,32,25,-7
6324,2019-07-18,29,34,5
6327,2019-07-18,61,41,-20
6328,2019-07-18,47,36,-11
6329,2019-07-18,40,37,-3
6330,2019-07-18,28,30,2
6331,2019-07-18,32,23,-9
6332,2019-07-18,47,48,1
6333,2019-07-18,25,28,3
6334,2019-07-18,78,80,2
6335,2019-07-18,50,41,-9
6336,2019-07-18,44,41,-3
6338,2019-07-18,37,43,6
6339,2019-07-18,40,29,-11
6340,2019-07-18,24,29,5
6341,2019-07-18,58,71,13
6343,2019-07-18,43,46,3
6345,2019-07-18,33,29,-4
6347,2019-07-18,26,26,0
6349,2019-07-18,38,41,3
6350,2019-07-18,54,74,20
6354,2019-07-18,44,39,-5
6355,2019-07-18,41,62,21
6356,2019-07-18,42,25,-17
6357,2019-07-18,28,27,-1
6358,2019-07-18,21,28,7
6359,2019-07-18,131,145,14
6360,2019-07-18,43,45,2
6361,2019-07-18,64,61,-3
6362,2019-07-18,54,52,-2
6363,2019-07-18,26,24,-2
6364,2019-07-18,67,60,-7
6366,2019-07-18,31,26,-5
6368,2019-07-18,78,79,1
6369,2019-07-18,44,57,13
6370,2019-07-18,40,41,1
6371,2019-07-18,103,83,-20
6372,2019-07-18,132,133,1
6373,2019-07-18,54,43,-11
6374,2019-07-18,58,55,-3
6375,2019-07-18,98,106,8
6376,2019-07-18,37,29,-8
6377,2019-07-18,37,43,6
6379,2019-07-18,38,44,6
6380,2019-07-18,31,21,-10
6381,2019-07-18,83,77,-6
6383,2019-07-18,43,38,-5
6384,2019-07-18,32,28,-4
6385,2019-07-18,64,71,7
6386,2019-07-18,84,101,17
6387,2019-07-18,86,108,22
6388,2019-07-18,37,40,3
6389,2019-07-18,54,52,-2
6391,2019-07-18,64,100,36
6393,2019-07-18,76,113,37
6394,2019-07-18,87,126,39
6395,2019-07-18,104,112,8
6396,2019-07-18,122,109,-13
6397,2019-07-18,61,95,34
6398,2019-07-18,40,62,22
6401,2019-07-18,63,82,19
6402,2019-07-18,63,60,-3
6403,2019-07-18,27,37,10
6404,2019-07-18,23,37,14
6405,2019-07-18,56,83,27
6406,2019-07-18,204,225,21
6407,2019-07-18,31,45,14
6408,2019-07-18,56,56,0
6409,2019-07-18,23,27,4
6410,2019-07-18,60,59,-1
6411,2019-07-18,148,136,-12
6412,2019-07-18,27,30,3
6413,2019-07-18,30,61,31
6414,2019-07-18,28,44,16
6415,2019-07-18,26,30,4
6416,2019-07-18,29,12,-17
6417,2019-07-18,33,37,4
6418,2019-07-18,9,14,5
6419,2019-07-18,12,18,6
6420,2019-07-18,31,24,-7
6421,2019-07-18,50,48,-2
6422,2019-07-18,21,28,7
6423,2019-07-18,27,17,-10
6424,2019-07-18,38,90,52
6425,2019-07-18,63,74,11
6426,2019-07-18,98,100,2
6427,2019-07-18,94,100,6
6428,2019-07-18,20,27,7
6429,2019-07-18,40,59,19
6432,2019-07-18,115,116,1
6433,2019-07-18,38,39,1
6434,2019-07-18,97,92,-5
6435,2019-07-18,47,48,1
6436,2019-07-18,30,28,-2
6501,2019-07-18,177,194,17
6502,2019-07-18,14,15,1
6503,2019-07-18,96,80,-16
6504,2019-07-18,36,35,-1
6700,2019-07-18,40,52,12
6701,2019-07-18,89,81,-8
6703,2019-07-18,56,61,5
6704,2019-07-18,39,38,-1
6705,2019-07-18,25,31,6
6706,2019-07-18,24,31,7
6707,2019-07-18,27,35,8
6708,2019-07-18,48,100,52
6709,2019-07-18,32,35,3
6710,2019-07-18,20,17,-3
6711,2019-07-18,30,31,1
6712,2019-07-18,28,30,2
6713,2019-07-18,24,24,0
6714,2019-07-18,10,13,3
6715,2019-07-18,35,42,7
6716,2019-07-18,10,14,4
6717,2019-07-18,16,22,6
6718,2019-07-18,39,46,7
6719,2019-07-18,17,24,7
6720,2019-07-18,49,55,6
6721,2019-07-18,27,33,6
6722,2019-07-18,22,25,3
6723,2019-07-18,21,20,-1
6724,2019-07-18,85,107,22
6725,2019-07-18,38,35,-3
6726,2019-07-18,14,14,0
6727,2019-07-18,120,121,1
6728,2019-07-18,15,15,0
6729,2019-07-18,145,159,14
6730,2019-07-18,28,24,-4
6731,2019-07-18,20,18,-2
6732,2019-07-18,45,48,3
6733,2019-07-18,39,44,5
6734,2019-07-18,49,44,-5
6735,2019-07-18,8,9,1
6736,2019-07-18,14,21,7
6737,2019-07-18,32,33,1
6738,2019-07-18,123,100,-23
6739,2019-07-18,11,10,-1
6741,2019-07-18,16,30,14
6742,2019-07-18,54,68,14
6744,2019-07-18,27,33,6
6745,2019-07-18,17,18,1
6746,2019-07-18,27,30,3
6747,2019-07-18,75,86,11
6748,2019-07-18,109,117,8
6749,2019-07-18,65,61,-4
6750,2019-07-18,57,52,-5
6752,2019-07-18,32,40,8
6753,2019-07-18,23,29,6
6754,2019-07-18,23,22,-1
6901,2019-07-18,52,84,32
6902,2019-07-18,88,112,24
6903,2019-07-18,132,110,-22
6904,2019-07-18,30,19,-11
6905,2019-07-18,42,45,3
6906,2019-07-18,170,113,-57
6907,2019-07-18,111,66,-45
6908,2019-07-18,87,78,-9
6910,2019-07-18,143,121,-22
6912,2019-07-18,180,131,-49
6913,2019-07-18,57,41,-16
6915,2019-07-18,101,79,-22
6916,2019-07-18,42,35,-7
6917,2019-07-18,20,19,-1
6918,2019-07-18,40,27,-13
6919,2019-07-18,23,17,-6
6921,2019-07-18,89,93,4
6923,2019-07-18,53,53,0
6924,2019-07-18,26,30,4
6925,2019-07-18,46,46,0
6926,2019-07-18,68,60,-8
6927,2019-07-18,105,53,-52
6928,2019-07-18,41,18,-23
6929,2019-07-18,42,32,-10
6930,2019-07-18,27,29,2
7001,2019-07-18,42,37,-5
7002,2019-07-18,23,25,2
7003,2019-07-18,125,119,-6
7004,2019-07-18,14,21,7
7005,2019-07-18,7,13,6
7006,2019-07-18,18,20,2
7007,2019-07-18,11,21,10
7008,2019-07-18,28,24,-4
7009,2019-07-18,106,118,12
7010,2019-07-18,18,30,12
7011,2019-07-18,98,116,18
7012,2019-07-18,61,61,0
7013,2019-07-18,26,27,1
7014,2019-07-18,72,49,-23
7015,2019-07-18,30,43,13
7016,2019-07-18,8,14,6
7017,2019-07-18,19,38,19
7018,2019-07-18,35,50,15
7019,2019-07-18,130,146,16
7020,2019-07-18,24,41,17
7021,2019-07-18,51,47,-4
7022,2019-07-18,53,42,-11
7023,2019-07-18,7,8,1
7024,2019-07-18,43,38,-5
7025,2019-07-18,84,86,2
7026,2019-07-18,99,92,-7
7027,2019-07-18,52,56,4
7028,2019-07-18,150,143,-7
7029,2019-07-18,37,47,10
7030,2019-07-18,66,62,-4
7031,2019-07-18,51,42,-9
7032,2019-07-18,135,70,-65
7033,2019-07-18,93,75,-18
7034,2019-07-18,39,62,23
7035,2019-07-18,60,63,3
7036,2019-07-18,58,53,-5
7037,2019-07-18,55,56,1
7038,2019-07-18,69,71,2
7039,2019-07-18,37,34,-3
7040,2019-07-18,85,99,14
7041,2019-07-18,144,127,-17
7042,2019-07-18,48,47,-1
7043,2019-07-18,35,29,-6
7044,2019-07-18,16,15,-1
7045,2019-07-18,79,70,-9
7046,2019-07-18,116,137,21
7047,2019-07-18,143,219,76
7048,2019-07-18,23,24,1
7049,2019-07-18,26,25,-1
7050,2019-07-18,54,51,-3
7051,2019-07-18,14,21,7
7052,2019-07-18,68,82,14
7053,2019-07-18,59,63,4
7054,2019-07-18,75,104,29
7055,2019-07-18,25,45,20
7056,2019-07-18,18,23,5
7057,2019-07-18,43,59,16
7058,2019-07-18,55,66,11
7059,2019-07-18,30,37,7
7060,2019-07-18,42,47,5
7061,2019-07-18,35,35,0
7062,2019-07-18,59,70,11
7063,2019-07-18,27,16,-11
7064,2019-07-18,37,40,3
7065,2019-07-18,40,26,-14
7066,2019-07-18,83,159,76
7067,2019-07-18,59,58,-1
7068,2019-07-18,120,123,3
7069,2019-07-18,112,141,29
7070,2019-07-18,54,55,1
7071,2019-07-18,60,54,-6
7072,2019-07-18,25,26,1
7073,2019-07-18,64,84,20
7074,2019-07-18,49,50,1
7075,2019-07-18,11,14,3
7076,2019-07-18,88,71,-17
7077,2019-07-18,56,44,-12
7078,2019-07-18,38,41,3
7079,2019-07-18,47,54,7
7080,2019-07-18,108,102,-6
7081,2019-07-18,63,70,7
7082,2019-07-18,128,128,0
7083,2019-07-18,57,59,2
7084,2019-07-18,85,86,1
7085,2019-07-18,1,0,-1
7086,2019-07-18,1,1,0
7087,2019-07-18,2,2,0
7088,2019-07-18,3,4,1
7089,2019-07-18,2,2,0
7090,2019-07-18,18,8,-10
7091,2019-07-18,6,6,0
7092,2019-07-18,12,14,2
7093,2019-07-18,2,1,-1
7094,2019-07-18,3,2,-1
7095,2019-07-18,28,26,-2
7096,2019-07-18,40,41,1
7097,2019-07-18,15,14,-1
7098,2019-07-18,2,4,2
7099,2019-07-18,8,18,10
7100,2019-07-18,12,12,0
7101,2019-07-18,9,9,0
7102,2019-07-18,18,23,5
7103,2019-07-18,22,26,4
7104,2019-07-18,2,7,5
7105,2019-07-18,12,11,-1
7106,2019-07-18,3,4,1
7107,2019-07-18,7,5,-2
7108,2019-07-18,23,31,8
7109,2019-07-18,7,6,-1
7110,2019-07-18,6,5,-1
7111,2019-07-18,8,8,0
7112,2019-07-18,22,13,-9
7113,2019-07-18,75,79,4
7114,2019-07-18,102,108,6
7115,2019-07-18,20,17,-3
7116,2019-07-18,20,18,-2
7117,2019-07-18,8,6,-2
7118,2019-07-18,2,3,1
7119,2019-07-18,14,21,7
7120,2019-07-18,4,4,0
7121,2019-07-18,8,12,4
7122,2019-07-18,5,5,0
7123,2019-07-18,4,5,1
7124,2019-07-18,27,13,-14
7125,2019-07-18,35,41,6
7126,2019-07-18,6,9,3
7127,2019-07-18,37,45,8
7128,2019-07-18,10,4,-6
7129,2019-07-18,10,8,-2
7130,2019-07-18,11,11,0
7131,2019-07-18,4,4,0
7132,2019-07-18,1,4,3
7133,2019-07-18,7,7,0
7134,2019-07-18,5,4,-1
7135,2019-07-18,2,4,2
7136,2019-07-18,3,6,3
7137,2019-07-18,9,12,3
7138,2019-07-18,3,4,1
7139,2019-07-18,65,69,4
7140,2019-07-18,29,31,2
7141,2019-07-18,45,46,1
7142,2019-07-18,12,15,3
7143,2019-07-18,27,29,2
7144,2019-07-18,62,72,10
7145,2019-07-18,13,20,7
7146,2019-07-18,21,32,11
7147,2019-07-18,48,53,5
7148,2019-07-18,12,10,-2
7149,2019-07-18,18,21,3
10002,2019-07-18,108,133,25
4000,2019-07-19,55,64,9
4001,2019-07-19,7,10,3
4002,2019-07-19,9,20,11
5002,2019-07-19,1,5,4
5003,2019-07-19,4,6,2
5004,2019-07-19,1,1,0
5005,2019-07-19,1,5,4
5006,2019-07-19,7,3,-4
5007,2019-07-19,15,21,6
6001,2019-07-19,79,97,18
6002,2019-07-19,36,39,3
6003,2019-07-19,82,92,10
6004,2019-07-19,73,70,-3
6005,2019-07-19,110,97,-13
6006,2019-07-19,37,29,-8
6007,2019-07-19,26,25,-1
6008,2019-07-19,45,71,26
6009,2019-07-19,80,84,4
6011,2019-07-19,71,89,18
6012,2019-07-19,231,401,170
6013,2019-07-19,68,72,4
6014,2019-07-19,75,76,1
6015,2019-07-19,149,292,143
6016,2019-07-19,18,18,0
6017,2019-07-19,50,62,12
6018,2019-07-19,63,85,22
6019,2019-07-19,156,111,-45
6020,2019-07-19,78,114,36
6021,2019-07-19,80,63,-17
6022,2019-07-19,60,60,0
6023,2019-07-19,133,176,43
6024,2019-07-19,6,8,2
6025,2019-07-19,34,41,7
6026,2019-07-19,164,291,127
6027,2019-07-19,119,114,-5
6029,2019-07-19,34,44,10
6031,2019-07-19,29,53,24
6032,2019-07-19,65,150,85
6033,2019-07-19,11,9,-2
6034,2019-07-19,26,37,11
6035,2019-07-19,18,49,31
6036,2019-07-19,198,300,102
6037,2019-07-19,87,89,2
6038,2019-07-19,103,113,10
6039,2019-07-19,94,122,28
6040,2019-07-19,56,87,31
6041,2019-07-19,91,103,12
6042,2019-07-19,88,88,0
6043,2019-07-19,182,329,147
6044,2019-07-19,91,89,-2
6046,2019-07-19,104,103,-1
6047,2019-07-19,69,51,-18
6048,2019-07-19,46,56,10
6049,2019-07-19,90,113,23
6050,2019-07-19,33,51,18
6051,2019-07-19,48,43,-5
6052,2019-07-19,238,326,88
6053,2019-07-19,224,254,30
6057,2019-07-19,79,65,-14
6058,2019-07-19,72,62,-10
6059,2019-07-19,70,43,-27
6060,2019-07-19,39,23,-16
6061,2019-07-19,112,86,-26
6062,2019-07-19,65,49,-16
6063,2019-07-19,97,77,-20
6064,2019-07-19,177,120,-57
6065,2019-07-19,75,52,-23
6066,2019-07-19,41,16,-25
6067,2019-07-19,61,61,0
6068,2019-07-19,13,17,4
6070,2019-07-19,165,147,-18
6072,2019-07-19,66,68,2
6073,2019-07-19,169,187,18
6075,2019-07-19,33,13,-20
6076,2019-07-19,22,33,11
6078,2019-07-19,40,39,-1
6079,2019-07-19,60,47,-13
6080,2019-07-19,145,146,1
6081,2019-07-19,47,35,-12
6082,2019-07-19,24,21,-3
6083,2019-07-19,132,137,5
6084,2019-07-19,68,71,3
6085,2019-07-19,95,181,86
6086,2019-07-19,29,53,24
6087,2019-07-19,124,159,35
6088,2019-07-19,77,88,11
6089,2019-07-19,59,70,11
6090,2019-07-19,60,57,-3
6091,2019-07-19,58,54,-4
6092,2019-07-19,78,73,-5
6093,2019-07-19,29,23,-6
6094,2019-07-19,42,42,0
6095,2019-07-19,129,111,-18
6096,2019-07-19,45,65,20
6097,2019-07-19,86,47,-39
6098,2019-07-19,54,34,-20
6099,2019-07-19,100,155,55
6100,2019-07-19,240,248,8
6101,2019-07-19,30,16,-14
6102,2019-07-19,56,40,-16
6103,2019-07-19,18,21,3
6104,2019-07-19,82,94,12
6105,2019-07-19,65,66,1
6106,2019-07-19,27,48,21
6107,2019-07-19,126,104,-22
6108,2019-07-19,41,49,8
6109,2019-07-19,16,29,13
6110,2019-07-19,44,50,6
6111,2019-07-19,43,78,35
6112,2019-07-19,107,124,17
6113,2019-07-19,33,43,10
6114,2019-07-19,151,206,55
6115,2019-07-19,22,29,7
6116,2019-07-19,58,66,8
6117,2019-07-19,81,82,1
6118,2019-07-19,80,98,18
6119,2019-07-19,82,97,15
6120,2019-07-19,62,117,55
6121,2019-07-19,25,47,22
6122,2019-07-19,22,19,-3
6123,2019-07-19,23,27,4
6124,2019-07-19,40,56,16
6125,2019-07-19,19,20,1
6126,2019-07-19,44,51,7
6127,2019-07-19,47,46,-1
6128,2019-07-19,32,27,-5
6129,2019-07-19,55,56,1
6130,2019-07-19,24,22,-2
6131,2019-07-19,89,69,-20
6132,2019-07-19,59,72,13
6133,2019-07-19,90,78,-12
6134,2019-07-19,54,49,-5
6136,2019-07-19,291,253,-38
6137,2019-07-19,99,79,-20
6138,2019-07-19,68,64,-4
6139,2019-07-19,59,53,-6
6140,2019-07-19,95,88,-7
6141,2019-07-19,57,41,-16
6142,2019-07-19,149,112,-37
6143,2019-07-19,125,126,1
6145,2019-07-19,50,57,7
6146,2019-07-19,85,65,-20
6147,2019-07-19,112,71,-41
6148,2019-07-19,145,95,-50
6149,2019-07-19,61,53,-8
6150,2019-07-19,87,71,-16
6151,2019-07-19,96,94,-2
6152,2019-07-19,139,144,5
6153,2019-07-19,71,75,4
6154,2019-07-19,178,173,-5
6155,2019-07-19,149,137,-12
6156,2019-07-19,85,82,-3
6157,2019-07-19,98,88,-10
6158,2019-07-19,69,67,-2
6159,2019-07-19,39,41,2
6160,2019-07-19,56,42,-14
6161,2019-07-19,56,46,-10
6162,2019-07-19,11,9,-2
6163,2019-07-19,123,133,10
6164,2019-07-19,89,111,22
6165,2019-07-19,185,206,21
6166,2019-07-19,126,91,-35
6167,2019-07-19,48,45,-3
6168,2019-07-19,51,38,-13
6169,2019-07-19,186,176,-10
6170,2019-07-19,72,71,-1
6171,2019-07-19,45,46,1
6173,2019-07-19,156,81,-75
6175,2019-07-19,99,49,-50
6176,2019-07-19,104,100,-4
6177,2019-07-19,94,86,-8
6178,2019-07-19,149,122,-27
6179,2019-07-19,94,98,4
6180,2019-07-19,65,83,18
6181,2019-07-19,119,77,-42
6182,2019-07-19,57,36,-21
6183,2019-07-19,127,105,-22
6184,2019-07-19,274,247,-27
6185,2019-07-19,17,18,1
6186,2019-07-19,107,71,-36
6187,2019-07-19,144,144,0
6188,2019-07-19,71,59,-12
6189,2019-07-19,20,24,4
6190,2019-07-19,114,69,-45
6191,2019-07-19,80,70,-10
6192,2019-07-19,40,23,-17
6193,2019-07-19,106,108,2
6194,2019-07-19,169,154,-15
6195,2019-07-19,77,61,-16
6196,2019-07-19,135,122,-13
6197,2019-07-19,57,58,1
6198,2019-07-19,23,25,2
6199,2019-07-19,121,93,-28
6200,2019-07-19,136,133,-3
6201,2019-07-19,77,58,-19
6202,2019-07-19,136,113,-23
6203,2019-07-19,103,90,-13
6204,2019-07-19,100,75,-25
6205,2019-07-19,94,77,-17
6206,2019-07-19,145,128,-17
6207,2019-07-19,56,46,-10
6208,2019-07-19,59,52,-7
6209,2019-07-19,129,111,-18
6210,2019-07-19,43,43,0
6211,2019-07-19,222,191,-31
6212,2019-07-19,103,53,-50
6213,2019-07-19,136,129,-7
6214,2019-07-19,123,85,-38
6215,2019-07-19,89,52,-37
6216,2019-07-19,127,67,-60
6217,2019-07-19,98,66,-32
6218,2019-07-19,71,62,-9
6219,2019-07-19,89,72,-17
6220,2019-07-19,119,106,-13
6221,2019-07-19,244,203,-41
6222,2019-07-19,84,63,-21
6223,2019-07-19,146,84,-62
6224,2019-07-19,74,57,-17
6225,2019-07-19,72,41,-31
6226,2019-07-19,31,22,-9
6227,2019-07-19,183,159,-24
6228,2019-07-19,36,27,-9
6229,2019-07-19,54,50,-4
6230,2019-07-19,111,90,-21
6231,2019-07-19,112,88,-24
6232,2019-07-19,27,25,-2
6233,2019-07-19,126,102,-24
6234,2019-07-19,37,36,-1
6235,2019-07-19,92,78,-14
6236,2019-07-19,64,53,-11
6237,2019-07-19,74,60,-14
6240,2019-07-19,22,17,-5
6241,2019-07-19,42,51,9
6243,2019-07-19,87,69,-18
6245,2019-07-19,40,36,-4
6246,2019-07-19,48,51,3
6247,2019-07-19,133,122,-11
6248,2019-07-19,188,146,-42
6249,2019-07-19,88,66,-22
6250,2019-07-19,98,99,1
6251,2019-07-19,34,25,-9
6252,2019-07-19,50,46,-4
6253,2019-07-19,69,51,-18
6254,2019-07-19,106,92,-14
6255,2019-07-19,92,88,-4
6257,2019-07-19,43,34,-9
6258,2019-07-19,101,74,-27
6259,2019-07-19,68,52,-16
6260,2019-07-19,50,46,-4
6261,2019-07-19,60,58,-2
6262,2019-07-19,56,56,0
6263,2019-07-19,24,24,0
6265,2019-07-19,66,58,-8
6267,2019-07-19,69,63,-6
6268,2019-07-19,77,56,-21
6269,2019-07-19,32,48,16
6270,2019-07-19,46,37,-9
6271,2019-07-19,5,5,0
6272,2019-07-19,38,36,-2
6273,2019-07-19,58,46,-12
6274,2019-07-19,53,41,-12
6275,2019-07-19,30,27,-3
6276,2019-07-19,49,37,-12
6277,2019-07-19,78,66,-12
6278,2019-07-19,37,33,-4
6279,2019-07-19,15,14,-1
6280,2019-07-19,101,85,-16
6281,2019-07-19,35,22,-13
6301,2019-07-19,25,24,-1
6302,2019-07-19,21,13,-8
6303,2019-07-19,23,16,-7
6304,2019-07-19,9,7,-2
6305,2019-07-19,17,9,-8
6306,2019-07-19,32,10,-22
6307,2019-07-19,93,87,-6
6309,2019-07-19,24,28,4
6310,2019-07-19,54,17,-37
6311,2019-07-19,47,35,-12
6312,2019-07-19,26,32,6
6313,2019-07-19,59,91,32
6314,2019-07-19,85,79,-6
6315,2019-07-19,67,34,-33
6316,2019-07-19,56,21,-35
6321,2019-07-19,108,106,-2
6322,2019-07-19,24,28,4
6324,2019-07-19,19,23,4
6327,2019-07-19,24,36,12
6328,2019-07-19,32,35,3
6329,2019-07-19,36,33,-3
6330,2019-07-19,34,28,-6
6331,2019-07-19,24,14,-10
6332,2019-07-19,36,29,-7
6333,2019-07-19,22,22,0
6334,2019-07-19,83,89,6
6335,2019-07-19,35,40,5
6336,2019-07-19,36,40,4
6338,2019-07-19,32,33,1
6339,2019-07-19,28,22,-6
6340,2019-07-19,28,21,-7
6341,2019-07-19,38,54,16
6343,2019-07-19,50,49,-1
6345,2019-07-19,23,28,5
6346,2019-07-19,4,2,-2
6347,2019-07-19,24,31,7
6349,2019-07-19,42,40,-2
6350,2019-07-19,41,46,5
6354,2019-07-19,35,34,-1
6355,2019-07-19,35,52,17
6356,2019-07-19,21,16,-5
6357,2019-07-19,26,22,-4
6358,2019-07-19,21,21,0
6359,2019-07-19,123,166,43
6360,2019-07-19,29,31,2
6361,2019-07-19,57,49,-8
6362,2019-07-19,50,52,2
6363,2019-07-19,27,25,-2
6364,2019-07-19,39,30,-9
6366,2019-07-19,35,31,-4
6368,2019-07-19,64,54,-10
6369,2019-07-19,26,29,3
6370,2019-07-19,41,32,-9
6371,2019-07-19,83,76,-7
6372,2019-07-19,99,123,24
6373,2019-07-19,56,36,-20
6374,2019-07-19,40,35,-5
6375,2019-07-19,70,92,22
6376,2019-07-19,26,26,0
6377,2019-07-19,45,44,-1
6379,2019-07-19,33,28,-5
6380,2019-07-19,23,20,-3
6381,2019-07-19,50,44,-6
6383,2019-07-19,39,25,-14
6384,2019-07-19,23,18,-5
6385,2019-07-19,72,62,-10
6386,2019-07-19,65,96,31
6387,2019-07-19,76,99,23
6388,2019-07-19,21,30,9
6389,2019-07-19,51,55,4
6391,2019-07-19,77,106,29
6393,2019-07-19,68,94,26
6394,2019-07-19,76,105,29
6395,2019-07-19,67,77,10
6396,2019-07-19,105,96,-9
6397,2019-07-19,55,71,16
6398,2019-07-19,34,53,19
6401,2019-07-19,65,79,14
6402,2019-07-19,58,78,20
6403,2019-07-19,39,38,-1
6404,2019-07-19,17,27,10
6405,2019-07-19,51,55,4
6406,2019-07-19,156,180,24
6407,2019-07-19,19,42,23
6408,2019-07-19,49,55,6
6409,2019-07-19,25,19,-6
6410,2019-07-19,52,56,4
6411,2019-07-19,170,138,-32
6412,2019-07-19,19,28,9
6413,2019-07-19,25,45,20
6414,2019-07-19,25,41,16
6415,2019-07-19,17,25,8
6416,2019-07-19,31,16,-15
6417,2019-07-19,28,30,2
6418,2019-07-19,4,5,1
6419,2019-07-19,7,17,10
6420,2019-07-19,27,23,-4
6421,2019-07-19,50,50,0
6422,2019-07-19,9,10,1
6423,2019-07-19,24,16,-8
6424,2019-07-19,47,92,45
6425,2019-07-19,48,62,14
6426,2019-07-19,76,76,0
6427,2019-07-19,63,75,12
6428,2019-07-19,13,21,8
6429,2019-07-19,28,35,7
6432,2019-07-19,95,84,-11
6433,2019-07-19,52,34,-18
6434,2019-07-19,79,75,-4
6435,2019-07-19,41,27,-14
6436,2019-07-19,30,23,-7
6501,2019-07-19,108,126,18
6502,2019-07-19,27,31,4
6503,2019-07-19,70,61,-9
6504,2019-07-19,25,29,4
6700,2019-07-19,14,33,19
6701,2019-07-19,84,71,-13
6703,2019-07-19,46,41,-5
6704,2019-07-19,22,32,10
6705,2019-07-19,15,22,7
6706,2019-07-19,19,22,3
6707,2019-07-19,26,34,8
6708,2019-07-19,68,107,39
6709,2019-07-19,30,31,1
6710,2019-07-19,9,16,7
6711,2019-07-19,23,25,2
6712,2019-07-19,17,15,-2
6713,2019-07-19,17,12,-5
6714,2019-07-19,3,6,3
6715,2019-07-19,33,44,11
6716,2019-07-19,11,13,2
6717,2019-07-19,10,16,6
6718,2019-07-19,30,32,2
6719,2019-07-19,15,15,0
6720,2019-07-19,26,34,8
6721,2019-07-19,21,30,9
6722,2019-07-19,13,21,8
6723,2019-07-19,22,24,2
6724,2019-07-19,49,68,19
6725,2019-07-19,32,42,10
6726,2019-07-19,16,13,-3
6727,2019-07-19,83,88,5
6728,2019-07-19,18,15,-3
6729,2019-07-19,142,157,15
6730,2019-07-19,22,21,-1
6731,2019-07-19,19,15,-4
6732,2019-07-19,28,33,5
6733,2019-07-19,33,29,-4
6734,2019-07-19,42,34,-8
6735,2019-07-19,6,9,3
6736,2019-07-19,10,16,6
6737,2019-07-19,28,26,-2
6738,2019-07-19,94,65,-29
6739,2019-07-19,6,6,0
6741,2019-07-19,22,32,10
6742,2019-07-19,61,63,2
6744,2019-07-19,21,22,1
6745,2019-07-19,27,19,-8
6746,2019-07-19,26,23,-3
6747,2019-07-19,54,57,3
6748,2019-07-19,87,96,9
6749,2019-07-19,39,44,5
6750,2019-07-19,59,51,-8
6752,2019-07-19,24,30,6
6753,2019-07-19,26,28,2
6754,2019-07-19,16,21,5
6901,2019-07-19,56,86,30
6902,2019-07-19,88,102,14
6903,2019-07-19,105,90,-15
6904,2019-07-19,25,17,-8
6905,2019-07-19,46,40,-6
6906,2019-07-19,189,128,-61
6907,2019-07-19,106,74,-32
6908,2019-07-19,66,57,-9
6910,2019-07-19,142,127,-15
6912,2019-07-19,191,121,-70
6913,2019-07-19,48,36,-12
6915,2019-07-19,84,84,0
6916,2019-07-19,38,38,0
6917,2019-07-19,28,26,-2
6918,2019-07-19,26,20,-6
6919,2019-07-19,20,28,8
6921,2019-07-19,82,76,-6
6923,2019-07-19,48,46,-2
6924,2019-07-19,30,36,6
6925,2019-07-19,40,32,-8
6926,2019-07-19,69,69,0
6927,2019-07-19,66,38,-28
6928,2019-07-19,39,19,-20
6929,2019-07-19,42,33,-9
6930,2019-07-19,23,21,-2
7001,2019-07-19,41,41,0
7002,2019-07-19,9,16,7
7003,2019-07-19,91,94,3
7004,2019-07-19,12,9,-3
7005,2019-07-19,9,9,0
7006,2019-07-19,11,20,9
7007,2019-07-19,6,7,1
7008,2019-07-19,25,24,-1
7009,2019-07-19,82,128,46
7010,2019-07-19,16,18,2
7011,2019-07-19,91,104,13
7012,2019-07-19,42,45,3
7013,2019-07-19,23,29,6
7014,2019-07-19,75,37,-38
7015,2019-07-19,14,14,0
7016,2019-07-19,9,8,-1
7017,2019-07-19,28,34,6
7018,2019-07-19,40,46,6
7019,2019-07-19,119,102,-17
7020,2019-07-19,23,22,-1
7021,2019-07-19,47,39,-8
7022,2019-07-19,35,24,-11
7023,2019-07-19,6,4,-2
7024,2019-07-19,52,31,-21
7025,2019-07-19,70,50,-20
7026,2019-07-19,80,83,3
7027,2019-07-19,41,30,-11
7028,2019-07-19,96,80,-16
7029,2019-07-19,50,50,0
7030,2019-07-19,49,52,3
7031,2019-07-19,51,49,-2
7032,2019-07-19,87,50,-37
7033,2019-07-19,88,69,-19
7034,2019-07-19,46,75,29
7035,2019-07-19,53,42,-11
7036,2019-07-19,65,55,-10
7037,2019-07-19,49,44,-5
7038,2019-07-19,70,79,9
7039,2019-07-19,22,24,2
7040,2019-07-19,85,94,9
7041,2019-07-19,121,121,0
7042,2019-07-19,32,42,10
7043,2019-07-19,27,21,-6
7044,2019-07-19,14,10,-4
7045,2019-07-19,85,95,10
7046,2019-07-19,134,135,1
7047,2019-07-19,147,209,62
7048,2019-07-19,16,19,3
7049,2019-07-19,15,27,12
7050,2019-07-19,45,44,-1
7051,2019-07-19,11,11,0
7052,2019-07-19,41,60,19
7053,2019-07-19,38,50,12
7054,2019-07-19,70,84,14
7055,2019-07-19,19,34,15
7056,2019-07-19,18,23,5
7057,2019-07-19,41,52,11
7058,2019-07-19,39,43,4
7059,2019-07-19,32,31,-1
7060,2019-07-19,23,36,13
7061,2019-07-19,35,28,-7
7062,2019-07-19,46,51,5
7063,2019-07-19,29,26,-3
7064,2019-07-19,28,32,4
7065,2019-07-19,34,33,-1
7066,2019-07-19,88,188,100
7067,2019-07-19,85,66,-19
7068,2019-07-19,93,100,7
7069,2019-07-19,96,124,28
7070,2019-07-19,51,56,5
7071,2019-07-19,67,46,-21
7072,2019-07-19,42,28,-14
7073,2019-07-19,66,76,10
7074,2019-07-19,33,49,16
7075,2019-07-19,15,11,-4
7076,2019-07-19,76,57,-19
7077,2019-07-19,35,55,20
7078,2019-07-19,39,47,8
7079,2019-07-19,47,57,10
7080,2019-07-19,94,95,1
7081,2019-07-19,67,68,1
7082,2019-07-19,89,91,2
7083,2019-07-19,65,44,-21
7084,2019-07-19,91,89,-2
7086,2019-07-19,6,6,0
7088,2019-07-19,3,4,1
7090,2019-07-19,10,2,-8
7091,2019-07-19,4,6,2
7092,2019-07-19,8,5,-3
7093,2019-07-19,1,2,1
7094,2019-07-19,3,1,-2
7095,2019-07-19,17,18,1
7096,2019-07-19,24,21,-3
7097,2019-07-19,11,7,-4
7098,2019-07-19,5,7,2
7099,2019-07-19,5,6,1
7100,2019-07-19,7,8,1
7101,2019-07-19,4,7,3
7102,2019-07-19,14,16,2
7103,2019-07-19,10,10,0
7104,2019-07-19,2,7,5
7105,2019-07-19,9,5,-4
7106,2019-07-19,4,2,-2
7107,2019-07-19,9,7,-2
7108,2019-07-19,10,11,1
7109,2019-07-19,6,7,1
7110,2019-07-19,10,10,0
7111,2019-07-19,12,8,-4
7112,2019-07-19,11,15,4
7113,2019-07-19,77,76,-1
7114,2019-07-19,114,110,-4
7115,2019-07-19,16,16,0
7116,2019-07-19,19,18,-1
7117,2019-07-19,7,9,2
7118,2019-07-19,2,2,0
7119,2019-07-19,9,17,8
7120,2019-07-19,10,10,0
7121,2019-07-19,10,11,1
7122,2019-07-19,4,7,3
7123,2019-07-19,1,5,4
7124,2019-07-19,12,14,2
7125,2019-07-19,18,17,-1
7126,2019-07-19,6,10,4
7127,2019-07-19,29,32,3
7128,2019-07-19,16,14,-2
7129,2019-07-19,7,7,0
7130,2019-07-19,7,7,0
7131,2019-07-19,4,3,-1
7132,2019-07-19,4,4,0
7133,2019-07-19,2,5,3
7134,2019-07-19,4,7,3
7135,2019-07-19,6,4,-2
7136,2019-07-19,5,4,-1
7137,2019-07-19,4,7,3
7138,2019-07-19,7,7,0
7139,2019-07-19,29,31,2
7140,2019-07-19,24,23,-1
7141,2019-07-19,38,43,5
7142,2019-07-19,7,12,5
7143,2019-07-19,25,26,1
7144,2019-07-19,38,51,13
7145,2019-07-19,14,16,2
7146,2019-07-19,16,21,5
7147,2019-07-19,41,49,8
7148,2019-07-19,9,16,7
7149,2019-07-19,20,16,-4
10002,2019-07-19,90,86,-4
4000,2019-07-20,32,56,24
4001,2019-07-20,5,10,5
4002,2019-07-20,19,25,6
5002,2019-07-20,2,5,3
5003,2019-07-20,7,6,-1
5004,2019-07-20,1,2,1
5006,2019-07-20,8,10,2
5007,2019-07-20,24,21,-3
6001,2019-07-20,37,44,7
6002,2019-07-20,37,48,11
6003,2019-07-20,73,71,-2
6004,2019-07-20,48,60,12
6005,2019-07-20,41,41,0
6006,2019-07-20,27,20,-7
6007,2019-07-20,17,24,7
6008,2019-07-20,50,49,-1
6009,2019-07-20,68,74,6
6011,2019-07-20,41,51,10
6012,2019-07-20,201,334,133
6013,2019-07-20,43,83,40
6014,2019-07-20,57,80,23
6015,2019-07-20,157,234,77
6016,2019-07-20,14,16,2
6017,2019-07-20,63,53,-10
6018,2019-07-20,66,73,7
6019,2019-07-20,121,89,-32
6020,2019-07-20,67,78,11
6021,2019-07-20,67,55,-12
6022,2019-07-20,29,37,8
6023,2019-07-20,189,246,57
6024,2019-07-20,7,8,1
6025,2019-07-20,39,39,0
6026,2019-07-20,250,399,149
6027,2019-07-20,52,51,-1
6029,2019-07-20,23,29,6
6031,2019-07-20,53,47,-6
6032,2019-07-20,69,130,61
6033,2019-07-20,6,11,5
6034,2019-07-20,19,18,-1
6035,2019-07-20,18,19,1
6036,2019-07-20,211,344,133
6037,2019-07-20,66,72,6
6038,2019-07-20,98,104,6
6039,2019-07-20,49,56,7
6040,2019-07-20,48,52,4
6041,2019-07-20,34,32,-2
6042,2019-07-20,29,27,-2
6043,2019-07-20,57,68,11
6044,2019-07-20,107,102,-5
6046,2019-07-20,33,18,-15
6047,2019-07-20,48,37,-11
6048,2019-07-20,14,15,1
6049,2019-07-20,31,31,0
6050,2019-07-20,22,24,2
6051,2019-07-20,26,28,2
6052,2019-07-20,233,297,64
6053,2019-07-20,122,167,45
6057,2019-07-20,40,30,-10
6058,2019-07-20,39,32,-7
6059,2019-07-20,42,17,-25
6060,2019-07-20,12,12,0
6061,2019-07-20,73,71,-2
6062,2019-07-20,54,27,-27
6063,2019-07-20,52,57,5
6064,2019-07-20,102,67,-35
6065,2019-07-20,46,47,1
6066,2019-07-20,38,20,-18
6067,2019-07-20,23,22,-1
6068,2019-07-20,3,7,4
6070,2019-07-20,93,94,1
6072,2019-07-20,33,31,-2
6073,2019-07-20,82,93,11
6075,2019-07-20,29,3,-26
6076,2019-07-20,31,31,0
6078,2019-07-20,35,36,1
6079,2019-07-20,73,62,-11
6080,2019-07-20,81,84,3
6081,2019-07-20,39,30,-9
6082,2019-07-20,25,15,-10
6083,2019-07-20,53,50,-3
6084,2019-07-20,42,42,0
6085,2019-07-20,48,81,33
6086,2019-07-20,18,37,19
6087,2019-07-20,105,137,32
6088,2019-07-20,71,70,-1
6089,2019-07-20,25,17,-8
6090,2019-07-20,27,33,6
6091,2019-07-20,50,41,-9
6092,2019-07-20,58,43,-15
6093,2019-07-20,17,16,-1
6094,2019-07-20,44,46,2
6095,2019-07-20,109,96,-13
6096,2019-07-20,21,27,6
6097,2019-07-20,65,57,-8
6098,2019-07-20,39,33,-6
6099,2019-07-20,101,138,37
6100,2019-07-20,171,192,21
6101,2019-07-20,33,19,-14
6102,2019-07-20,34,28,-6
6103,2019-07-20,27,20,-7
6104,2019-07-20,49,74,25
6105,2019-07-20,37,49,12
6106,2019-07-20,58,54,-4
6107,2019-07-20,98,82,-16
6108,2019-07-20,32,44,12
6109,2019-07-20,37,41,4
6110,2019-07-20,39,49,10
6111,2019-07-20,58,64,6
6112,2019-07-20,107,118,11
6113,2019-07-20,59,63,4
6114,2019-07-20,165,186,21
6115,2019-07-20,18,18,0
6116,2019-07-20,50,68,18
6117,2019-07-20,51,53,2
6118,2019-07-20,85,110,25
6119,2019-07-20,98,145,47
6120,2019-07-20,61,82,21
6121,2019-07-20,15,37,22
6122,2019-07-20,18,27,9
6123,2019-07-20,32,49,17
6124,2019-07-20,53,70,17
6125,2019-07-20,17,11,-6
6126,2019-07-20,31,48,17
6127,2019-07-20,56,49,-7
6128,2019-07-20,28,39,11
6129,2019-07-20,54,40,-14
6130,2019-07-20,34,23,-11
6131,2019-07-20,91,76,-15
6132,2019-07-20,50,52,2
6133,2019-07-20,90,110,20
6134,2019-07-20,58,48,-10
6136,2019-07-20,204,173,-31
6137,2019-07-20,85,76,-9
6138,2019-07-20,79,65,-14
6139,2019-07-20,53,34,-19
6140,2019-07-20,86,81,-5
6141,2019-07-20,44,43,-1
6142,2019-07-20,142,95,-47
6143,2019-07-20,122,129,7
6145,2019-07-20,71,64,-7
6146,2019-07-20,97,76,-21
6147,2019-07-20,69,52,-17
6148,2019-07-20,133,95,-38
6149,2019-07-20,45,42,-3
6150,2019-07-20,80,80,0
6151,2019-07-20,105,89,-16
6152,2019-07-20,110,124,14
6153,2019-07-20,58,49,-9
6154,2019-07-20,149,140,-9
6155,2019-07-20,125,126,1
6156,2019-07-20,69,60,-9
6157,2019-07-20,120,113,-7
6158,2019-07-20,49,37,-12
6159,2019-07-20,26,27,1
6160,2019-07-20,30,41,11
6161,2019-07-20,44,25,-19
6162,2019-07-20,6,11,5
6163,2019-07-20,104,97,-7
6164,2019-07-20,152,155,3
6165,2019-07-20,190,201,11
6166,2019-07-20,100,94,-6
6167,2019-07-20,50,54,4
6168,2019-07-20,35,29,-6
6169,2019-07-20,174,166,-8
6170,2019-07-20,104,106,2
6171,2019-07-20,37,60,23
6173,2019-07-20,143,103,-40
6175,2019-07-20,86,54,-32
6176,2019-07-20,119,122,3
6177,2019-07-20,99,92,-7
6178,2019-07-20,136,126,-10
6179,2019-07-20,106,109,3
6180,2019-07-20,66,67,1
6181,2019-07-20,101,71,-30
6182,2019-07-20,67,62,-5
6183,2019-07-20,98,85,-13
6184,2019-07-20,217,200,-17
6185,2019-07-20,15,16,1
6186,2019-07-20,88,74,-14
6187,2019-07-20,136,120,-16
6188,2019-07-20,46,53,7
6189,2019-07-20,22,22,0
6190,2019-07-20,85,65,-20
6191,2019-07-20,55,46,-9
6192,2019-07-20,41,18,-23
6193,2019-07-20,103,91,-12
6194,2019-07-20,140,126,-14
6195,2019-07-20,73,33,-40
6196,2019-07-20,144,109,-35
6197,2019-07-20,38,35,-3
6198,2019-07-20,25,20,-5
6199,2019-07-20,81,63,-18
6200,2019-07-20,136,116,-20
6201,2019-07-20,69,54,-15
6202,2019-07-20,95,83,-12
6203,2019-07-20,79,69,-10
6204,2019-07-20,82,76,-6
6205,2019-07-20,80,66,-14
6206,2019-07-20,136,127,-9
6207,2019-07-20,35,25,-10
6208,2019-07-20,55,57,2
6209,2019-07-20,108,73,-35
6210,2019-07-20,18,14,-4
6211,2019-07-20,159,154,-5
6212,2019-07-20,101,89,-12
6213,2019-07-20,115,101,-14
6214,2019-07-20,133,82,-51
6215,2019-07-20,69,45,-24
6216,2019-07-20,157,129,-28
6217,2019-07-20,118,82,-36
6218,2019-07-20,60,37,-23
6219,2019-07-20,79,62,-17
6220,2019-07-20,79,56,-23
6221,2019-07-20,186,155,-31
6222,2019-07-20,65,46,-19
6223,2019-07-20,94,56,-38
6224,2019-07-20,73,47,-26
6225,2019-07-20,59,38,-21
6226,2019-07-20,13,17,4
6227,2019-07-20,188,143,-45
6228,2019-07-20,29,25,-4
6229,2019-07-20,61,39,-22
6230,2019-07-20,117,103,-14
6231,2019-07-20,111,104,-7
6232,2019-07-20,35,24,-11
6233,2019-07-20,126,142,16
6234,2019-07-20,63,57,-6
6235,2019-07-20,40,22,-18
6236,2019-07-20,73,71,-2
6237,2019-07-20,60,64,4
6240,2019-07-20,24,25,1
6241,2019-07-20,43,34,-9
6243,2019-07-20,52,48,-4
6245,2019-07-20,39,29,-10
6246,2019-07-20,51,48,-3
6247,2019-07-20,112,96,-16
6248,2019-07-20,124,98,-26
6249,2019-07-20,74,70,-4
6250,2019-07-20,134,133,-1
6251,2019-07-20,30,28,-2
6252,2019-07-20,71,66,-5
6253,2019-07-20,58,53,-5
6254,2019-07-20,75,62,-13
6255,2019-07-20,94,107,13
6257,2019-07-20,38,34,-4
6258,2019-07-20,90,75,-15
6259,2019-07-20,32,36,4
6260,2019-07-20,52,56,4
6261,2019-07-20,59,43,-16
6262,2019-07-20,55,50,-5
6263,2019-07-20,17,12,-5
6265,2019-07-20,41,32,-9
6267,2019-07-20,47,43,-4
6268,2019-07-20,56,57,1
6269,2019-07-20,26,32,6
6270,2019-07-20,50,40,-10
6271,2019-07-20,1,3,2
6272,2019-07-20,38,28,-10
6273,2019-07-20,25,18,-7
6274,2019-07-20,55,34,-21
6275,2019-07-20,41,36,-5
6276,2019-07-20,42,33,-9
6277,2019-07-20,53,51,-2
6278,2019-07-20,33,31,-2
6279,2019-07-20,17,17,0
6280,2019-07-20,74,71,-3
6281,2019-07-20,30,22,-8
6301,2019-07-20,22,20,-2
6302,2019-07-20,16,18,2
6303,2019-07-20,9,18,9
6304,2019-07-20,16,10,-6
6305,2019-07-20,8,6,-2
6306,2019-07-20,27,11,-16
6307,2019-07-20,75,72,-3
6309,2019-07-20,17,19,2
6310,2019-07-20,35,24,-11
6311,2019-07-20,41,37,-4
6312,2019-07-20,15,22,7
6313,2019-07-20,50,75,25
6314,2019-07-20,54,38,-16
6315,2019-07-20,56,44,-12
6316,2019-07-20,47,25,-22
6321,2019-07-20,120,121,1
6322,2019-07-20,29,27,-2
6324,2019-07-20,21,22,1
6327,2019-07-20,47,29,-18
6328,2019-07-20,43,30,-13
6329,2019-07-20,32,22,-10
6330,2019-07-20,31,21,-10
6331,2019-07-20,16,20,4
6332,2019-07-20,26,23,-3
6333,2019-07-20,23,22,-1
6334,2019-07-20,69,58,-11
6335,2019-07-20,30,31,1
6336,2019-07-20,26,28,2
6338,2019-07-20,34,36,2
6339,2019-07-20,28,25,-3
6340,2019-07-20,16,27,11
6341,2019-07-20,38,40,2
6343,2019-07-20,32,25,-7
6345,2019-07-20,13,16,3
6346,2019-07-20,8,6,-2
6347,2019-07-20,18,15,-3
6349,2019-07-20,23,28,5
6350,2019-07-20,33,26,-7
6354,2019-07-20,25,30,5
6355,2019-07-20,27,41,14
6356,2019-07-20,9,8,-1
6357,2019-07-20,15,16,1
6358,2019-07-20,26,23,-3
6359,2019-07-20,118,109,-9
6360,2019-07-20,35,29,-6
6361,2019-07-20,44,56,12
6362,2019-07-20,32,28,-4
6363,2019-07-20,17,15,-2
6364,2019-07-20,26,23,-3
6366,2019-07-20,23,16,-7
6368,2019-07-20,63,59,-4
6369,2019-07-20,6,29,23
6370,2019-07-20,36,28,-8
6371,2019-07-20,75,75,0
6372,2019-07-20,67,85,18
6373,2019-07-20,32,36,4
6374,2019-07-20,53,51,-2
6375,2019-07-20,53,48,-5
6376,2019-07-20,26,27,1
6377,2019-07-20,32,39,7
6379,2019-07-20,30,27,-3
6380,2019-07-20,22,14,-8
6381,2019-07-20,59,53,-6
6383,2019-07-20,32,32,0
6384,2019-07-20,15,14,-1
6385,2019-07-20,45,48,3
6386,2019-07-20,37,58,21
6387,2019-07-20,63,74,11
6388,2019-07-20,32,26,-6
6389,2019-07-20,46,32,-14
6391,2019-07-20,59,87,28
6393,2019-07-20,53,68,15
6394,2019-07-20,73,94,21
6395,2019-07-20,50,53,3
6396,2019-07-20,68,87,19
6397,2019-07-20,55,67,12
6398,2019-07-20,24,28,4
6401,2019-07-20,39,52,13
6402,2019-07-20,72,78,6
6403,2019-07-20,18,27,9
6404,2019-07-20,9,17,8
6405,2019-07-20,59,63,4
6406,2019-07-20,177,219,42
6407,2019-07-20,15,28,13
6408,2019-07-20,30,28,-2
6409,2019-07-20,11,14,3
6410,2019-07-20,19,30,11
6411,2019-07-20,120,85,-35
6412,2019-07-20,9,10,1
6413,2019-07-20,10,11,1
6414,2019-07-20,26,36,10
6415,2019-07-20,12,14,2
6416,2019-07-20,17,9,-8
6417,2019-07-20,23,26,3
6418,2019-07-20,6,4,-2
6419,2019-07-20,6,13,7
6420,2019-07-20,29,24,-5
6421,2019-07-20,54,45,-9
6422,2019-07-20,9,12,3
6423,2019-07-20,13,9,-4
6424,2019-07-20,19,37,18
6425,2019-07-20,50,51,1
6426,2019-07-20,58,60,2
6427,2019-07-20,49,61,12
6428,2019-07-20,15,16,1
6429,2019-07-20,37,52,15
6432,2019-07-20,62,57,-5
6433,2019-07-20,25,29,4
6434,2019-07-20,46,44,-2
6435,2019-07-20,44,29,-15
6436,2019-07-20,25,17,-8
6501,2019-07-20,222,247,25
6502,2019-07-20,43,49,6
6503,2019-07-20,39,35,-4
6504,2019-07-20,46,46,0
6700,2019-07-20,23,34,11
6701,2019-07-20,50,36,-14
6703,2019-07-20,47,48,1
6704,2019-07-20,21,29,8
6705,2019-07-20,21,18,-3
6706,2019-07-20,26,28,2
6707,2019-07-20,25,31,6
6708,2019-07-20,51,61,10
6709,2019-07-20,24,22,-2
6710,2019-07-20,13,15,2
6711,2019-07-20,33,20,-13
6712,2019-07-20,25,29,4
6713,2019-07-20,13,12,-1
6714,2019-07-20,3,6,3
6715,2019-07-20,51,54,3
6716,2019-07-20,8,8,0
6717,2019-07-20,9,16,7
6718,2019-07-20,16,16,0
6719,2019-07-20,14,8,-6
6720,2019-07-20,36,34,-2
6721,2019-07-20,30,31,1
6722,2019-07-20,7,11,4
6723,2019-07-20,22,17,-5
6724,2019-07-20,59,50,-9
6725,2019-07-20,34,31,-3
6726,2019-07-20,6,14,8
6727,2019-07-20,52,53,1
6728,2019-07-20,13,16,3
6729,2019-07-20,158,154,-4
6730,2019-07-20,10,17,7
6731,2019-07-20,16,11,-5
6732,2019-07-20,18,17,-1
6733,2019-07-20,18,23,5
6734,2019-07-20,52,44,-8
6735,2019-07-20,8,12,4
6736,2019-07-20,10,9,-1
6737,2019-07-20,16,16,0
6738,2019-07-20,16,21,5
6739,2019-07-20,2,5,3
6741,2019-07-20,9,19,10
6742,2019-07-20,34,38,4
6744,2019-07-20,14,19,5
6745,2019-07-20,15,16,1
6746,2019-07-20,13,16,3
6747,2019-07-20,38,27,-11
6748,2019-07-20,76,107,31
6749,2019-07-20,54,53,-1
6750,2019-07-20,54,49,-5
6752,2019-07-20,9,9,0
6753,2019-07-20,8,12,4
6754,2019-07-20,9,17,8
6901,2019-07-20,46,72,26
6902,2019-07-20,68,80,12
6903,2019-07-20,84,51,-33
6904,2019-07-20,23,13,-10
6905,2019-07-20,39,32,-7
6906,2019-07-20,118,91,-27
6907,2019-07-20,108,79,-29
6908,2019-07-20,56,48,-8
6910,2019-07-20,139,131,-8
6912,2019-07-20,117,99,-18
6913,2019-07-20,60,45,-15
6915,2019-07-20,102,100,-2
6916,2019-07-20,35,28,-7
6917,2019-07-20,14,16,2
6918,2019-07-20,29,21,-8
6919,2019-07-20,32,23,-9
6921,2019-07-20,29,35,6
6923,2019-07-20,29,34,5
6924,2019-07-20,20,15,-5
6925,2019-07-20,27,24,-3
6926,2019-07-20,55,55,0
6927,2019-07-20,49,50,1
6928,2019-07-20,22,7,-15
6929,2019-07-20,32,30,-2
6930,2019-07-20,7,7,0
7001,2019-07-20,31,32,1
7002,2019-07-20,5,7,2
7003,2019-07-20,75,61,-14
7004,2019-07-20,8,4,-4
7005,2019-07-20,4,7,3
7006,2019-07-20,16,16,0
7007,2019-07-20,6,10,4
7008,2019-07-20,17,19,2
7009,2019-07-20,83,94,11
7010,2019-07-20,8,12,4
7011,2019-07-20,103,106,3
7012,2019-07-20,29,32,3
7013,2019-07-20,18,19,1
7014,2019-07-20,34,23,-11
7015,2019-07-20,30,21,-9
7016,2019-07-20,4,12,8
7017,2019-07-20,26,30,4
7018,2019-07-20,30,35,5
7019,2019-07-20,12,5,-7
7020,2019-07-20,21,29,8
7021,2019-07-20,35,38,3
7022,2019-07-20,34,30,-4
7023,2019-07-20,4,3,-1
7024,2019-07-20,36,24,-12
7025,2019-07-20,28,26,-2
7026,2019-07-20,41,41,0
7027,2019-07-20,33,35,2
7028,2019-07-20,46,36,-10
7029,2019-07-20,49,44,-5
7030,2019-07-20,55,49,-6
7031,2019-07-20,45,37,-8
7032,2019-07-20,72,53,-19
7033,2019-07-20,80,68,-12
7034,2019-07-20,51,86,35
7035,2019-07-20,27,17,-10
7036,2019-07-20,55,49,-6
7037,2019-07-20,35,32,-3
7038,2019-07-20,70,71,1
7039,2019-07-20,9,14,5
7040,2019-07-20,50,44,-6
7041,2019-07-20,76,74,-2
7042,2019-07-20,31,33,2
7043,2019-07-20,14,11,-3
7044,2019-07-20,4,9,5
7045,2019-07-20,83,84,1
7046,2019-07-20,52,48,-4
7047,2019-07-20,130,175,45
7048,2019-07-20,19,15,-4
7049,2019-07-20,16,15,-1
7050,2019-07-20,44,46,2
7051,2019-07-20,11,9,-2
7052,2019-07-20,13,18,5
7053,2019-07-20,45,50,5
7054,2019-07-20,69,82,13
7055,2019-07-20,37,49,12
7056,2019-07-20,15,20,5
7057,2019-07-20,45,53,8
7058,2019-07-20,39,44,5
7059,2019-07-20,12,18,6
7060,2019-07-20,32,32,0
7061,2019-07-20,19,18,-1
7062,2019-07-20,20,27,7
7063,2019-07-20,19,19,0
7064,2019-07-20,11,15,4
7065,2019-07-20,40,32,-8
7066,2019-07-20,80,109,29
7067,2019-07-20,26,29,3
7068,2019-07-20,67,90,23
7069,2019-07-20,72,97,25
7070,2019-07-20,27,25,-2
7071,2019-07-20,46,42,-4
7072,2019-07-20,39,28,-11
7073,2019-07-20,85,80,-5
7074,2019-07-20,38,41,3
7075,2019-07-20,1,3,2
7076,2019-07-20,73,55,-18
7077,2019-07-20,188,267,79
7078,2019-07-20,25,22,-3
7079,2019-07-20,20,25,5
7080,2019-07-20,46,48,2
7081,2019-07-20,63,85,22
7082,2019-07-20,73,89,16
7083,2019-07-20,69,59,-10
7084,2019-07-20,56,49,-7
7087,2019-07-20,2,1,-1
7088,2019-07-20,1,1,0
7089,2019-07-20,1,1,0
7090,2019-07-20,4,5,1
7091,2019-07-20,5,4,-1
7092,2019-07-20,3,4,1
7093,2019-07-20,3,6,3
7094,2019-07-20,1,5,4
7095,2019-07-20,6,9,3
7096,2019-07-20,13,14,1
7097,2019-07-20,4,5,1
7098,2019-07-20,3,6,3
7099,2019-07-20,2,3,1
7100,2019-07-20,6,5,-1
7101,2019-07-20,4,6,2
7102,2019-07-20,22,10,-12
7103,2019-07-20,25,28,3
7104,2019-07-20,3,1,-2
7105,2019-07-20,11,10,-1
7106,2019-07-20,1,0,-1
7107,2019-07-20,6,2,-4
7108,2019-07-20,16,26,10
7109,2019-07-20,5,4,-1
7110,2019-07-20,3,6,3
7111,2019-07-20,5,7,2
7112,2019-07-20,6,8,2
7113,2019-07-20,22,21,-1
7114,2019-07-20,87,93,6
7115,2019-07-20,18,12,-6
7116,2019-07-20,17,9,-8
7117,2019-07-20,5,9,4
7119,2019-07-20,5,6,1
7120,2019-07-20,4,1,-3
7121,2019-07-20,5,12,7
7122,2019-07-20,3,2,-1
7123,2019-07-20,1,4,3
7124,2019-07-20,16,14,-2
7125,2019-07-20,17,28,11
7126,2019-07-20,4,3,-1
7127,2019-07-20,20,15,-5
7128,2019-07-20,8,11,3
7129,2019-07-20,2,4,2
7130,2019-07-20,3,1,-2
7131,2019-07-20,2,3,1
7132,2019-07-20,1,2,1
7133,2019-07-20,10,7,-3
7134,2019-07-20,5,3,-2
7135,2019-07-20,1,2,1
7137,2019-07-20,4,2,-2
7138,2019-07-20,4,6,2
7139,2019-07-20,52,61,9
7140,2019-07-20,12,19,7
7141,2019-07-20,32,39,7
7142,2019-07-20,11,14,3
7143,2019-07-20,26,38,12
7144,2019-07-20,33,45,12
7145,2019-07-20,11,11,0
7146,2019-07-20,10,17,7
7147,2019-07-20,30,37,7
7148,2019-07-20,6,5,-1
7149,2019-07-20,9,3,-6
10002,2019-07-20,53,70,17
4000,2019-07-21,53,62,9
4001,2019-07-21,21,18,-3
4002,2019-07-21,17,18,1
5002,2019-07-21,5,8,3
5003,2019-07-21,1,1,0
5004,2019-07-21,2,0,-2
5005,2019-07-21,2,3,1
5006,2019-07-21,3,6,3
5007,2019-07-21,19,17,-2
6001,2019-07-21,50,49,-1
6002,2019-07-21,37,60,23
6003,2019-07-21,56,83,27
6004,2019-07-21,19,33,14
6005,2019-07-21,17,18,1
6006,2019-07-21,28,19,-9
6007,2019-07-21,27,20,-7
6008,2019-07-21,38,33,-5
6009,2019-07-21,77,63,-14
6011,2019-07-21,34,41,7
6012,2019-07-21,226,295,69
6013,2019-07-21,55,50,-5
6014,2019-07-21,47,59,12
6015,2019-07-21,157,230,73
6016,2019-07-21,4,8,4
6017,2019-07-21,50,62,12
6018,2019-07-21,49,79,30
6019,2019-07-21,103,66,-37
6020,2019-07-21,77,91,14
6021,2019-07-21,67,51,-16
6022,2019-07-21,43,43,0
6023,2019-07-21,139,194,55
6024,2019-07-21,7,12,5
6025,2019-07-21,31,39,8
6026,2019-07-21,227,314,87
6027,2019-07-21,77,89,12
6029,2019-07-21,20,23,3
6031,2019-07-21,26,38,12
6032,2019-07-21,62,120,58
6033,2019-07-21,6,8,2
6034,2019-07-21,11,9,-2
6035,2019-07-21,16,24,8
6036,2019-07-21,221,292,71
6037,2019-07-21,51,50,-1
6038,2019-07-21,61,74,13
6039,2019-07-21,41,45,4
6040,2019-07-21,36,26,-10
6041,2019-07-21,42,34,-8
6042,2019-07-21,20,14,-6
6043,2019-07-21,39,60,21
6044,2019-07-21,90,93,3
6046,2019-07-21,26,25,-1
6047,2019-07-21,51,26,-25
6048,2019-07-21,7,8,1
6049,2019-07-21,30,33,3
6050,2019-07-21,19,21,2
6051,2019-07-21,32,35,3
6052,2019-07-21,247,269,22
6053,2019-07-21,169,225,56
6057,2019-07-21,23,25,2
6058,2019-07-21,47,46,-1
6059,2019-07-21,9,5,-4
6060,2019-07-21,30,28,-2
6061,2019-07-21,46,46,0
6062,2019-07-21,36,37,1
6063,2019-07-21,69,62,-7
6064,2019-07-21,88,82,-6
6065,2019-07-21,37,34,-3
6066,2019-07-21,26,15,-11
6067,2019-07-21,37,30,-7
6068,2019-07-21,7,8,1
6070,2019-07-21,91,94,3
6072,2019-07-21,35,29,-6
6073,2019-07-21,98,87,-11
6075,2019-07-21,21,8,-13
6076,2019-07-21,19,26,7
6078,2019-07-21,25,26,1
6079,2019-07-21,53,37,-16
6080,2019-07-21,80,83,3
6081,2019-07-21,32,28,-4
6082,2019-07-21,15,18,3
6083,2019-07-21,43,43,0
6084,2019-07-21,36,27,-9
6085,2019-07-21,48,111,63
6086,2019-07-21,27,36,9
6087,2019-07-21,88,109,21
6088,2019-07-21,39,50,11
6089,2019-07-21,27,23,-4
6090,2019-07-21,36,30,-6
6091,2019-07-21,46,45,-1
6092,2019-07-21,50,38,-12
6093,2019-07-21,25,13,-12
6094,2019-07-21,36,37,1
6095,2019-07-21,81,87,6
6096,2019-07-21,13,25,12
6097,2019-07-21,79,44,-35
6098,2019-07-21,34,22,-12
6099,2019-07-21,88,120,32
6100,2019-07-21,172,172,0
6101,2019-07-21,28,7,-21
6102,2019-07-21,34,24,-10
6103,2019-07-21,17,27,10
6104,2019-07-21,43,44,1
6105,2019-07-21,23,34,11
6106,2019-07-21,20,26,6
6107,2019-07-21,87,74,-13
6108,2019-07-21,52,43,-9
6109,2019-07-21,41,35,-6
6110,2019-07-21,47,46,-1
6111,2019-07-21,38,42,4
6112,2019-07-21,87,95,8
6113,2019-07-21,36,24,-12
6114,2019-07-21,142,159,17
6115,2019-07-21,12,14,2
6116,2019-07-21,48,55,7
6117,2019-07-21,45,43,-2
6118,2019-07-21,61,75,14
6119,2019-07-21,92,124,32
6120,2019-07-21,61,93,32
6121,2019-07-21,19,25,6
6122,2019-07-21,17,22,5
6123,2019-07-21,29,31,2
6124,2019-07-21,27,42,15
6125,2019-07-21,8,12,4
6126,2019-07-21,27,30,3
6127,2019-07-21,57,52,-5
6128,2019-07-21,27,25,-2
6129,2019-07-21,46,38,-8
6130,2019-07-21,26,28,2
6131,2019-07-21,98,88,-10
6132,2019-07-21,41,48,7
6133,2019-07-21,77,67,-10
6134,2019-07-21,41,37,-4
6136,2019-07-21,201,149,-52
6137,2019-07-21,80,79,-1
6138,2019-07-21,46,55,9
6139,2019-07-21,61,56,-5
6140,2019-07-21,81,91,10
6141,2019-07-21,43,49,6
6142,2019-07-21,146,113,-33
6143,2019-07-21,141,116,-25
6145,2019-07-21,88,78,-10
6146,2019-07-21,87,80,-7
6147,2019-07-21,94,46,-48
6148,2019-07-21,89,71,-18
6149,2019-07-21,28,24,-4
6150,2019-07-21,73,65,-8
6151,2019-07-21,64,78,14
6152,2019-07-21,110,106,-4
6153,2019-07-21,45,42,-3
6154,2019-07-21,150,161,11
6155,2019-07-21,122,128,6
6156,2019-07-21,70,75,5
6157,2019-07-21,111,118,7
6158,2019-07-21,49,51,2
6159,2019-07-21,21,22,1
6160,2019-07-21,38,27,-11
6161,2019-07-21,38,34,-4
6162,2019-07-21,13,16,3
6163,2019-07-21,100,111,11
6164,2019-07-21,98,117,19
6165,2019-07-21,182,175,-7
6166,2019-07-21,88,86,-2
6167,2019-07-21,49,53,4
6168,2019-07-21,20,20,0
6169,2019-07-21,178,177,-1
6170,2019-07-21,103,90,-13
6171,2019-07-21,32,30,-2
6173,2019-07-21,106,65,-41
6175,2019-07-21,92,50,-42
6176,2019-07-21,108,117,9
6177,2019-07-21,91,80,-11
6178,2019-07-21,131,129,-2
6179,2019-07-21,91,84,-7
6180,2019-07-21,56,63,7
6181,2019-07-21,108,87,-21
6182,2019-07-21,62,40,-22
6183,2019-07-21,95,79,-16
6184,2019-07-21,213,185,-28
6185,2019-07-21,20,16,-4
6186,2019-07-21,74,58,-16
6187,2019-07-21,105,86,-19
6188,2019-07-21,36,35,-1
6189,2019-07-21,23,28,5
6190,2019-07-21,95,59,-36
6191,2019-07-21,45,45,0
6192,2019-07-21,40,28,-12
6193,2019-07-21,108,122,14
6194,2019-07-21,157,122,-35
6195,2019-07-21,66,44,-22
6196,2019-07-21,119,98,-21
6197,2019-07-21,38,41,3
6198,2019-07-21,25,11,-14
6199,2019-07-21,62,60,-2
6200,2019-07-21,77,86,9
6201,2019-07-21,63,48,-15
6202,2019-07-21,75,75,0
6203,2019-07-21,83,63,-20
6204,2019-07-21,56,53,-3
6205,2019-07-21,75,64,-11
6206,2019-07-21,126,110,-16
6207,2019-07-21,38,28,-10
6208,2019-07-21,33,40,7
6209,2019-07-21,83,57,-26
6210,2019-07-21,22,23,1
6211,2019-07-21,130,123,-7
6212,2019-07-21,87,66,-21
6213,2019-07-21,75,82,7
6214,2019-07-21,92,74,-18
6215,2019-07-21,34,34,0
6216,2019-07-21,273,192,-81
6217,2019-07-21,100,66,-34
6218,2019-07-21,61,44,-17
6219,2019-07-21,74,73,-1
6220,2019-07-21,75,67,-8
6221,2019-07-21,214,187,-27
6222,2019-07-21,50,57,7
6223,2019-07-21,142,83,-59
6224,2019-07-21,69,65,-4
6225,2019-07-21,49,43,-6
6226,2019-07-21,5,4,-1
6227,2019-07-21,155,158,3
6228,2019-07-21,27,21,-6
6229,2019-07-21,78,49,-29
6230,2019-07-21,94,104,10
6231,2019-07-21,124,126,2
6232,2019-07-21,28,22,-6
6233,2019-07-21,131,124,-7
6234,2019-07-21,53,50,-3
6235,2019-07-21,33,16,-17
6236,2019-07-21,55,61,6
6237,2019-07-21,55,59,4
6240,2019-07-21,20,27,7
6241,2019-07-21,32,32,0
6243,2019-07-21,71,77,6
6245,2019-07-21,38,39,1
6246,2019-07-21,49,40,-9
6247,2019-07-21,122,93,-29
6248,2019-07-21,122,93,-29
6249,2019-07-21,67,60,-7
6250,2019-07-21,143,120,-23
6251,2019-07-21,27,31,4
6252,2019-07-21,63,54,-9
6253,2019-07-21,57,30,-27
6254,2019-07-21,69,69,0
6255,2019-07-21,119,119,0
6257,2019-07-21,36,34,-2
6258,2019-07-21,83,86,3
6259,2019-07-21,36,30,-6
6260,2019-07-21,36,32,-4
6261,2019-07-21,50,50,0
6262,2019-07-21,42,45,3
6263,2019-07-21,12,18,6
6265,2019-07-21,48,42,-6
6267,2019-07-21,46,46,0
6268,2019-07-21,69,65,-4
6269,2019-07-21,26,34,8
6270,2019-07-21,36,30,-6
6271,2019-07-21,1,1,0
6272,2019-07-21,30,28,-2
6273,2019-07-21,23,29,6
6274,2019-07-21,32,38,6
6275,2019-07-21,30,29,-1
6276,2019-07-21,37,41,4
6277,2019-07-21,55,62,7
6278,2019-07-21,25,32,7
6279,2019-07-21,14,11,-3
6280,2019-07-21,67,68,1
6281,2019-07-21,35,30,-5
6301,2019-07-21,14,16,2
6302,2019-07-21,14,8,-6
6303,2019-07-21,10,10,0
6304,2019-07-21,6,7,1
6305,2019-07-21,7,6,-1
6306,2019-07-21,19,10,-9
6307,2019-07-21,76,79,3
6309,2019-07-21,22,25,3
6310,2019-07-21,41,9,-32
6311,2019-07-21,46,34,-12
6312,2019-07-21,22,27,5
6313,2019-07-21,77,67,-10
6314,2019-07-21,65,63,-2
6315,2019-07-21,59,47,-12
6316,2019-07-21,42,15,-27
6321,2019-07-21,126,123,-3
6322,2019-07-21,24,28,4
6324,2019-07-21,19,26,7
6327,2019-07-21,33,30,-3
6328,2019-07-21,34,43,9
6329,2019-07-21,19,22,3
6330,2019-07-21,24,23,-1
6331,2019-07-21,28,19,-9
6332,2019-07-21,24,30,6
6333,2019-07-21,24,22,-2
6334,2019-07-21,41,42,1
6335,2019-07-21,39,29,-10
6336,2019-07-21,32,24,-8
6338,2019-07-21,34,32,-2
6339,2019-07-21,25,26,1
6340,2019-07-21,25,20,-5
6341,2019-07-21,41,53,12
6343,2019-07-21,31,37,6
6345,2019-07-21,29,26,-3
6346,2019-07-21,11,3,-8
6347,2019-07-21,16,22,6
6349,2019-07-21,23,30,7
6350,2019-07-21,33,38,5
6354,2019-07-21,31,27,-4
6355,2019-07-21,41,44,3
6356,2019-07-21,22,17,-5
6357,2019-07-21,16,15,-1
6358,2019-07-21,23,19,-4
6359,2019-07-21,131,128,-3
6360,2019-07-21,34,36,2
6361,2019-07-21,48,48,0
6362,2019-07-21,45,39,-6
6363,2019-07-21,14,12,-2
6364,2019-07-21,40,34,-6
6366,2019-07-21,18,24,6
6368,2019-07-21,78,77,-1
6369,2019-07-21,25,32,7
6370,2019-07-21,45,35,-10
6371,2019-07-21,52,85,33
6372,2019-07-21,106,107,1
6373,2019-07-21,22,23,1
6374,2019-07-21,31,33,2
6375,2019-07-21,48,63,15
6376,2019-07-21,24,19,-5
6377,2019-07-21,41,44,3
6379,2019-07-21,26,23,-3
6380,2019-07-21,17,18,1
6381,2019-07-21,60,70,10
6383,2019-07-21,39,30,-9
6384,2019-07-21,20,18,-2
6385,2019-07-21,48,44,-4
6386,2019-07-21,45,48,3
6387,2019-07-21,66,88,22
6388,2019-07-21,36,40,4
6389,2019-07-21,40,41,1
6391,2019-07-21,59,80,21
6393,2019-07-21,50,79,29
6394,2019-07-21,69,105,36
6395,2019-07-21,49,46,-3
6396,2019-07-21,77,74,-3
6397,2019-07-21,46,64,18
6398,2019-07-21,33,56,23
6401,2019-07-21,59,50,-9
6402,2019-07-21,51,69,18
6403,2019-07-21,20,21,1
6404,2019-07-21,14,23,9
6405,2019-07-21,59,62,3
6406,2019-07-21,222,315,93
6407,2019-07-21,10,29,19
6408,2019-07-21,34,37,3
6409,2019-07-21,9,11,2
6410,2019-07-21,23,19,-4
6411,2019-07-21,115,84,-31
6412,2019-07-21,15,16,1
6413,2019-07-21,11,10,-1
6414,2019-07-21,18,21,3
6415,2019-07-21,7,9,2
6416,2019-07-21,14,5,-9
6417,2019-07-21,26,22,-4
6418,2019-07-21,10,15,5
6419,2019-07-21,18,18,0
6420,2019-07-21,28,28,0
6421,2019-07-21,39,45,6
6422,2019-07-21,11,14,3
6423,2019-07-21,15,9,-6
6424,2019-07-21,48,32,-16
6425,2019-07-21,58,64,6
6426,2019-07-21,53,52,-1
6427,2019-07-21,29,29,0
6428,2019-07-21,22,21,-1
6429,2019-07-21,25,29,4
6432,2019-07-21,63,62,-1
6433,2019-07-21,33,41,8
6434,2019-07-21,51,48,-3
6435,2019-07-21,31,29,-2
6436,2019-07-21,12,14,2
6501,2019-07-21,187,216,29
6502,2019-07-21,29,31,2
6503,2019-07-21,38,39,1
6504,2019-07-21,23,23,0
6700,2019-07-21,18,28,10
6701,2019-07-21,34,34,0
6703,2019-07-21,78,93,15
6704,2019-07-21,14,14,0
6705,2019-07-21,14,24,10
6706,2019-07-21,18,32,14
6707,2019-07-21,17,19,2
6708,2019-07-21,56,50,-6
6709,2019-07-21,39,28,-11
6710,2019-07-21,20,14,-6
6711,2019-07-21,17,20,3
6712,2019-07-21,44,43,-1
6713,2019-07-21,13,14,1
6714,2019-07-21,10,11,1
6715,2019-07-21,61,62,1
6716,2019-07-21,5,7,2
6717,2019-07-21,11,11,0
6718,2019-07-21,30,31,1
6719,2019-07-21,25,25,0
6720,2019-07-21,23,28,5
6721,2019-07-21,27,22,-5
6722,2019-07-21,6,8,2
6723,2019-07-21,25,19,-6
6724,2019-07-21,72,83,11
6725,2019-07-21,31,30,-1
6726,2019-07-21,11,6,-5
6727,2019-07-21,48,67,19
6728,2019-07-21,24,33,9
6729,2019-07-21,133,142,9
6730,2019-07-21,8,14,6
6731,2019-07-21,30,34,4
6732,2019-07-21,16,13,-3
6733,2019-07-21,31,30,-1
6734,2019-07-21,33,21,-12
6735,2019-07-21,12,7,-5
6737,2019-07-21,19,19,0
6738,2019-07-21,13,8,-5
6739,2019-07-21,4,5,1
6741,2019-07-21,16,16,0
6742,2019-07-21,34,32,-2
6744,2019-07-21,28,24,-4
6745,2019-07-21,12,22,10
6746,2019-07-21,17,12,-5
6747,2019-07-21,20,20,0
6748,2019-07-21,59,62,3
6749,2019-07-21,30,30,0
6750,2019-07-21,28,38,10
6752,2019-07-21,21,17,-4
6753,2019-07-21,4,11,7
6754,2019-07-21,10,7,-3
6901,2019-07-21,47,50,3
6902,2019-07-21,72,93,21
6903,2019-07-21,89,93,4
6904,2019-07-21,21,23,2
6905,2019-07-21,16,20,4
6906,2019-07-21,111,60,-51
6907,2019-07-21,92,62,-30
6908,2019-07-21,64,60,-4
6910,2019-07-21,87,81,-6
6912,2019-07-21,118,90,-28
6913,2019-07-21,37,24,-13
6915,2019-07-21,72,56,-16
6916,2019-07-21,25,27,2
6917,2019-07-21,11,9,-2
6918,2019-07-21,32,31,-1
6919,2019-07-21,16,14,-2
6921,2019-07-21,23,36,13
6923,2019-07-21,29,33,4
6924,2019-07-21,17,21,4
6925,2019-07-21,29,28,-1
6926,2019-07-21,68,65,-3
6927,2019-07-21,65,47,-18
6928,2019-07-21,20,11,-9
6929,2019-07-21,37,29,-8
6930,2019-07-21,6,6,0
7001,2019-07-21,36,39,3
7002,2019-07-21,6,10,4
7003,2019-07-21,74,87,13
7004,2019-07-21,9,9,0
7005,2019-07-21,13,13,0
7006,2019-07-21,6,12,6
7007,2019-07-21,7,15,8
7008,2019-07-21,23,26,3
7009,2019-07-21,67,72,5
7010,2019-07-21,12,14,2
7011,2019-07-21,73,87,14
7012,2019-07-21,26,24,-2
7013,2019-07-21,24,20,-4
7014,2019-07-21,38,22,-16
7015,2019-07-21,51,58,7
7016,2019-07-21,9,10,1
7017,2019-07-21,21,33,12
7018,2019-07-21,27,38,11
7019,2019-07-21,13,11,-2
7020,2019-07-21,21,21,0
7021,2019-07-21,25,34,9
7022,2019-07-21,39,37,-2
7023,2019-07-21,6,7,1
7024,2019-07-21,40,23,-17
7025,2019-07-21,38,26,-12
7026,2019-07-21,31,24,-7
7027,2019-07-21,32,33,1
7028,2019-07-21,31,32,1
7029,2019-07-21,45,49,4
7030,2019-07-21,45,45,0
7031,2019-07-21,39,36,-3
7032,2019-07-21,76,52,-24
7033,2019-07-21,65,63,-2
7034,2019-07-21,43,90,47
7035,2019-07-21,35,37,2
7036,2019-07-21,43,46,3
7037,2019-07-21,57,51,-6
7038,2019-07-21,57,55,-2
7039,2019-07-21,11,14,3
7040,2019-07-21,35,39,4
7041,2019-07-21,76,77,1
7042,2019-07-21,46,44,-2
7043,2019-07-21,18,14,-4
7044,2019-07-21,5,10,5
7045,2019-07-21,114,112,-2
7046,2019-07-21,49,43,-6
7047,2019-07-21,134,147,13
7048,2019-07-21,28,26,-2
7049,2019-07-21,13,28,15
7050,2019-07-21,39,34,-5
7051,2019-07-21,18,15,-3
7052,2019-07-21,18,25,7
7053,2019-07-21,40,41,1
7054,2019-07-21,89,88,-1
7055,2019-07-21,20,51,31
7056,2019-07-21,11,18,7
7057,2019-07-21,50,53,3
7058,2019-07-21,46,42,-4
7059,2019-07-21,25,23,-2
7060,2019-07-21,34,37,3
7061,2019-07-21,33,28,-5
7062,2019-07-21,21,22,1
7063,2019-07-21,30,20,-10
7064,2019-07-21,7,13,6
7065,2019-07-21,26,28,2
7066,2019-07-21,53,129,76
7067,2019-07-21,25,35,10
7068,2019-07-21,57,90,33
7069,2019-07-21,61,83,22
7070,2019-07-21,38,36,-2
7071,2019-07-21,45,42,-3
7072,2019-07-21,21,20,-1
7073,2019-07-21,52,59,7
7074,2019-07-21,30,40,10
7075,2019-07-21,2,5,3
7076,2019-07-21,42,33,-9
7077,2019-07-21,30,35,5
7078,2019-07-21,19,26,7
7079,2019-07-21,31,28,-3
7080,2019-07-21,54,48,-6
7081,2019-07-21,66,66,0
7082,2019-07-21,53,69,16
7083,2019-07-21,47,31,-16
7084,2019-07-21,48,47,-1
7086,2019-07-21,2,3,1
7087,2019-07-21,1,0,-1
7090,2019-07-21,4,4,0
7091,2019-07-21,9,8,-1
7092,2019-07-21,5,3,-2
7093,2019-07-21,5,6,1
7094,2019-07-21,3,1,-2
7095,2019-07-21,11,17,6
7096,2019-07-21,15,17,2
7097,2019-07-21,3,6,3
7098,2019-07-21,2,2,0
7099,2019-07-21,10,5,-5
7100,2019-07-21,5,6,1
7101,2019-07-21,7,5,-2
7102,2019-07-21,7,17,10
7103,2019-07-21,37,38,1
7104,2019-07-21,2,7,5
7105,2019-07-21,7,6,-1
7106,2019-07-21,7,5,-2
7107,2019-07-21,9,5,-4
7108,2019-07-21,20,20,0
7109,2019-07-21,3,3,0
7110,2019-07-21,14,17,3
7111,2019-07-21,6,5,-1
7112,2019-07-21,7,9,2
7113,2019-07-21,24,22,-2
7114,2019-07-21,95,87,-8
7115,2019-07-21,4,7,3
7116,2019-07-21,17,15,-2
7117,2019-07-21,4,4,0
7119,2019-07-21,13,13,0
7120,2019-07-21,4,6,2
7121,2019-07-21,7,8,1
7122,2019-07-21,2,2,0
7123,2019-07-21,2,5,3
7124,2019-07-21,7,6,-1
7125,2019-07-21,37,32,-5
7126,2019-07-21,7,5,-2
7127,2019-07-21,10,11,1
7128,2019-07-21,12,14,2
7129,2019-07-21,6,11,5
7130,2019-07-21,5,5,0
7131,2019-07-21,2,3,1
7132,2019-07-21,1,3,2
7133,2019-07-21,11,9,-2
7134,2019-07-21,2,2,0
7135,2019-07-21,4,1,-3
7137,2019-07-21,5,2,-3
7138,2019-07-21,8,12,4
7139,2019-07-21,57,60,3
7140,2019-07-21,16,25,9
7141,2019-07-21,26,37,11
7142,2019-07-21,35,39,4
7143,2019-07-21,44,46,2
7144,2019-07-21,46,42,-4
7145,2019-07-21,14,15,1
7146,2019-07-21,7,21,14
7147,2019-07-21,35,31,-4
7148,2019-07-21,6,8,2
7149,2019-07-21,17,20,3
10002,2019-07-21,72,83,11
4000,2019-07-22,65,80,15
4001,2019-07-22,12,17,5
4002,2019-07-22,16,25,9
5002,2019-07-22,7,5,-2
5003,2019-07-22,6,5,-1
5004,2019-07-22,3,1,-2
5005,2019-07-22,1,0,-1
5006,2019-07-22,2,5,3
5007,2019-07-22,14,28,14
6001,2019-07-22,80,88,8
6002,2019-07-22,45,60,15
6003,2019-07-22,73,96,23
6004,2019-07-22,55,58,3
6005,2019-07-22,111,115,4
6006,2019-07-22,30,16,-14
6007,2019-07-22,43,48,5
6008,2019-07-22,44,69,25
6009,2019-07-22,76,79,3
6011,2019-07-22,66,86,20
6012,2019-07-22,157,242,85
6013,2019-07-22,55,59,4
6014,2019-07-22,84,96,12
6015,2019-07-22,137,190,53
6016,2019-07-22,19,20,1
6017,2019-07-22,50,76,26
6018,2019-07-22,45,69,24
6019,2019-07-22,136,74,-62
6020,2019-07-22,69,93,24
6021,2019-07-22,78,54,-24
6022,2019-07-22,81,71,-10
6023,2019-07-22,143,197,54
6024,2019-07-22,3,6,3
6025,2019-07-22,40,41,1
6026,2019-07-22,155,194,39
6027,2019-07-22,171,134,-37
6029,2019-07-22,25,45,20
6031,2019-07-22,42,65,23
6032,2019-07-22,65,146,81
6033,2019-07-22,24,13,-11
6034,2019-07-22,27,29,2
6035,2019-07-22,12,38,26
6036,2019-07-22,179,252,73
6037,2019-07-22,54,63,9
6038,2019-07-22,85,90,5
6039,2019-07-22,84,78,-6
6040,2019-07-22,75,86,11
6041,2019-07-22,72,82,10
6042,2019-07-22,79,87,8
6043,2019-07-22,218,401,183
6044,2019-07-22,87,84,-3
6046,2019-07-22,135,135,0
6047,2019-07-22,77,65,-12
6048,2019-07-22,46,48,2
6049,2019-07-22,92,101,9
6050,2019-07-22,45,61,16
6051,2019-07-22,49,42,-7
6052,2019-07-22,280,384,104
6053,2019-07-22,180,201,21
6057,2019-07-22,99,98,-1
6058,2019-07-22,86,70,-16
6059,2019-07-22,76,58,-18
6060,2019-07-22,43,29,-14
6061,2019-07-22,96,94,-2
6062,2019-07-22,75,48,-27
6063,2019-07-22,126,90,-36
6064,2019-07-22,192,158,-34
6065,2019-07-22,70,52,-18
6066,2019-07-22,42,25,-17
6067,2019-07-22,76,58,-18
6068,2019-07-22,36,26,-10
6070,2019-07-22,183,150,-33
6072,2019-07-22,73,78,5
6073,2019-07-22,220,166,-54
6075,2019-07-22,40,17,-23
6076,2019-07-22,26,35,9
6078,2019-07-22,65,58,-7
6079,2019-07-22,63,59,-4
6080,2019-07-22,182,152,-30
6081,2019-07-22,40,36,-4
6082,2019-07-22,20,18,-2
6083,2019-07-22,195,169,-26
6084,2019-07-22,65,86,21
6085,2019-07-22,128,194,66
6086,2019-07-22,27,36,9
6087,2019-07-22,111,170,59
6088,2019-07-22,69,77,8
6089,2019-07-22,52,63,11
6090,2019-07-22,48,49,1
6091,2019-07-22,40,36,-4
6092,2019-07-22,80,66,-14
6093,2019-07-22,35,24,-11
6094,2019-07-22,41,38,-3
6095,2019-07-22,124,114,-10
6096,2019-07-22,41,69,28
6097,2019-07-22,79,71,-8
6098,2019-07-22,54,32,-22
6099,2019-07-22,97,144,47
6100,2019-07-22,283,250,-33
6101,2019-07-22,63,14,-49
6102,2019-07-22,48,45,-3
6103,2019-07-22,20,18,-2
6104,2019-07-22,79,95,16
6105,2019-07-22,40,68,28
6106,2019-07-22,27,27,0
6107,2019-07-22,69,65,-4
6108,2019-07-22,43,53,10
6109,2019-07-22,12,20,8
6110,2019-07-22,38,44,6
6111,2019-07-22,71,64,-7
6112,2019-07-22,100,108,8
6113,2019-07-22,24,28,4
6114,2019-07-22,149,209,60
6115,2019-07-22,19,23,4
6116,2019-07-22,64,75,11
6117,2019-07-22,85,85,0
6118,2019-07-22,66,95,29
6119,2019-07-22,87,131,44
6120,2019-07-22,76,104,28
6121,2019-07-22,33,44,11
6122,2019-07-22,28,38,10
6123,2019-07-22,26,33,7
6124,2019-07-22,50,72,22
6125,2019-07-22,23,20,-3
6126,2019-07-22,43,60,17
6127,2019-07-22,54,43,-11
6128,2019-07-22,20,28,8
6129,2019-07-22,72,62,-10
6130,2019-07-22,32,19,-13
6131,2019-07-22,92,39,-53
6132,2019-07-22,55,79,24
6133,2019-07-22,63,49,-14
6134,2019-07-22,57,49,-8
6136,2019-07-22,259,204,-55
6137,2019-07-22,101,87,-14
6138,2019-07-22,76,64,-12
6139,2019-07-22,66,54,-12
6140,2019-07-22,86,83,-3
6141,2019-07-22,47,51,4
6142,2019-07-22,140,105,-35
6143,2019-07-22,111,98,-13
6145,2019-07-22,64,58,-6
6146,2019-07-22,64,53,-11
6147,2019-07-22,102,62,-40
6148,2019-07-22,169,113,-56
6149,2019-07-22,44,32,-12
6150,2019-07-22,65,65,0
6151,2019-07-22,97,86,-11
6152,2019-07-22,150,143,-7
6153,2019-07-22,75,71,-4
6154,2019-07-22,198,173,-25
6155,2019-07-22,129,111,-18
6156,2019-07-22,78,73,-5
6157,2019-07-22,108,116,8
6158,2019-07-22,67,66,-1
6159,2019-07-22,46,50,4
6160,2019-07-22,56,48,-8
6161,2019-07-22,41,42,1
6162,2019-07-22,19,15,-4
6163,2019-07-22,98,93,-5
6164,2019-07-22,106,113,7
6165,2019-07-22,132,137,5
6166,2019-07-22,86,69,-17
6167,2019-07-22,41,48,7
6168,2019-07-22,74,59,-15
6169,2019-07-22,171,144,-27
6170,2019-07-22,65,58,-7
6171,2019-07-22,35,34,-1
6173,2019-07-22,116,60,-56
6174,2019-07-22,50,55,5
6175,2019-07-22,111,67,-44
6176,2019-07-22,91,107,16
6177,2019-07-22,59,69,10
6178,2019-07-22,126,123,-3
6179,2019-07-22,88,85,-3
6180,2019-07-22,58,62,4
6181,2019-07-22,131,89,-42
6182,2019-07-22,68,45,-23
6183,2019-07-22,85,77,-8
6184,2019-07-22,241,220,-21
6185,2019-07-22,19,24,5
6186,2019-07-22,82,74,-8
6187,2019-07-22,107,124,17
6188,2019-07-22,66,67,1
6189,2019-07-22,19,22,3
6190,2019-07-22,89,74,-15
6191,2019-07-22,65,66,1
6192,2019-07-22,52,41,-11
6193,2019-07-22,121,107,-14
6194,2019-07-22,171,141,-30
6195,2019-07-22,91,42,-49
6196,2019-07-22,126,84,-42
6197,2019-07-22,62,44,-18
6198,2019-07-22,34,21,-13
6199,2019-07-22,117,98,-19
6200,2019-07-22,87,80,-7
6201,2019-07-22,55,64,9
6202,2019-07-22,118,98,-20
6203,2019-07-22,90,83,-7
6204,2019-07-22,89,83,-6
6205,2019-07-22,98,87,-11
6206,2019-07-22,163,157,-6
6207,2019-07-22,67,64,-3
6208,2019-07-22,76,72,-4
6209,2019-07-22,127,109,-18
6210,2019-07-22,52,51,-1
6211,2019-07-22,171,146,-25
6212,2019-07-22,86,62,-24
6213,2019-07-22,143,131,-12
6214,2019-07-22,85,66,-19
6215,2019-07-22,79,78,-1
6216,2019-07-22,151,88,-63
6217,2019-07-22,99,61,-38
6218,2019-07-22,61,57,-4
6219,2019-07-22,94,78,-16
6220,2019-07-22,90,79,-11
6221,2019-07-22,210,179,-31
6222,2019-07-22,91,54,-37
6223,2019-07-22,125,64,-61
6224,2019-07-22,51,39,-12
6225,2019-07-22,60,44,-16
6226,2019-07-22,45,32,-13
6227,2019-07-22,161,147,-14
6228,2019-07-22,26,22,-4
6229,2019-07-22,64,57,-7
6230,2019-07-22,100,91,-9
6231,2019-07-22,119,111,-8
6232,2019-07-22,50,47,-3
6233,2019-07-22,112,86,-26
6234,2019-07-22,46,41,-5
6235,2019-07-22,92,57,-35
6236,2019-07-22,63,64,1
6237,2019-07-22,60,57,-3
6240,2019-07-22,31,36,5
6241,2019-07-22,34,30,-4
6243,2019-07-22,49,53,4
6245,2019-07-22,48,44,-4
6246,2019-07-22,56,44,-12
6247,2019-07-22,127,109,-18
6248,2019-07-22,157,152,-5
6249,2019-07-22,81,57,-24
6250,2019-07-22,88,77,-11
6251,2019-07-22,28,24,-4
6252,2019-07-22,56,55,-1
6253,2019-07-22,74,56,-18
6254,2019-07-22,94,89,-5
6255,2019-07-22,85,84,-1
6257,2019-07-22,40,42,2
6258,2019-07-22,88,91,3
6259,2019-07-22,47,42,-5
6260,2019-07-22,64,62,-2
6261,2019-07-22,46,64,18
6262,2019-07-22,55,49,-6
6263,2019-07-22,20,32,12
6265,2019-07-22,57,55,-2
6267,2019-07-22,49,57,8
6268,2019-07-22,80,72,-8
6269,2019-07-22,20,27,7
6270,2019-07-22,25,33,8
6272,2019-07-22,28,38,10
6273,2019-07-22,33,28,-5
6274,2019-07-22,53,47,-6
6275,2019-07-22,40,40,0
6276,2019-07-22,31,35,4
6277,2019-07-22,69,74,5
6278,2019-07-22,27,25,-2
6279,2019-07-22,16,10,-6
6280,2019-07-22,73,70,-3
6281,2019-07-22,31,18,-13
6301,2019-07-22,26,28,2
6302,2019-07-22,16,6,-10
6303,2019-07-22,20,12,-8
6304,2019-07-22,11,6,-5
6305,2019-07-22,19,5,-14
6306,2019-07-22,49,19,-30
6307,2019-07-22,84,79,-5
6309,2019-07-22,25,28,3
6310,2019-07-22,80,31,-49
6311,2019-07-22,44,37,-7
6312,2019-07-22,23,27,4
6313,2019-07-22,41,54,13
6314,2019-07-22,70,74,4
6315,2019-07-22,89,51,-38
6316,2019-07-22,49,11,-38
6321,2019-07-22,116,104,-12
6322,2019-07-22,33,33,0
6324,2019-07-22,24,33,9
6327,2019-07-22,36,35,-1
6328,2019-07-22,23,28,5
6329,2019-07-22,34,28,-6
6330,2019-07-22,33,31,-2
6331,2019-07-22,20,17,-3
6332,2019-07-22,44,57,13
6333,2019-07-22,23,28,5
6334,2019-07-22,76,79,3
6335,2019-07-22,29,35,6
6336,2019-07-22,27,29,2
6338,2019-07-22,27,26,-1
6339,2019-07-22,24,23,-1
6340,2019-07-22,25,34,9
6341,2019-07-22,37,59,22
6343,2019-07-22,38,36,-2
6345,2019-07-22,25,30,5
6346,2019-07-22,12,8,-4
6347,2019-07-22,32,24,-8
6349,2019-07-22,36,41,5
6350,2019-07-22,27,44,17
6354,2019-07-22,39,41,2
6355,2019-07-22,38,53,15
6356,2019-07-22,27,22,-5
6357,2019-07-22,24,31,7
6358,2019-07-22,29,33,4
6359,2019-07-22,110,125,15
6360,2019-07-22,33,33,0
6361,2019-07-22,53,40,-13
6362,2019-07-22,42,46,4
6363,2019-07-22,17,19,2
6364,2019-07-22,39,37,-2
6366,2019-07-22,37,35,-2
6368,2019-07-22,60,67,7
6369,2019-07-22,34,41,7
6370,2019-07-22,29,37,8
6371,2019-07-22,82,70,-12
6372,2019-07-22,80,109,29
6373,2019-07-22,37,29,-8
6374,2019-07-22,41,45,4
6375,2019-07-22,65,77,12
6376,2019-07-22,39,31,-8
6377,2019-07-22,45,54,9
6379,2019-07-22,26,37,11
6380,2019-07-22,22,18,-4
6381,2019-07-22,57,65,8
6383,2019-07-22,28,23,-5
6384,2019-07-22,17,15,-2
6385,2019-07-22,48,56,8
6386,2019-07-22,72,82,10
6387,2019-07-22,60,68,8
6388,2019-07-22,31,32,1
6389,2019-07-22,60,48,-12
6391,2019-07-22,52,88,36
6393,2019-07-22,71,102,31
6394,2019-07-22,74,101,27
6395,2019-07-22,94,95,1
6396,2019-07-22,103,97,-6
6397,2019-07-22,52,78,26
6398,2019-07-22,40,64,24
6401,2019-07-22,62,66,4
6402,2019-07-22,67,83,16
6403,2019-07-22,24,27,3
6404,2019-07-22,20,31,11
6405,2019-07-22,45,67,22
6406,2019-07-22,129,158,29
6407,2019-07-22,23,36,13
6408,2019-07-22,52,50,-2
6409,2019-07-22,17,24,7
6410,2019-07-22,45,42,-3
6411,2019-07-22,132,108,-24
6412,2019-07-22,34,35,1
6413,2019-07-22,33,59,26
6414,2019-07-22,22,28,6
6415,2019-07-22,28,29,1
6416,2019-07-22,22,14,-8
6417,2019-07-22,25,32,7
6418,2019-07-22,6,6,0
6419,2019-07-22,13,13,0
6420,2019-07-22,35,25,-10
6421,2019-07-22,49,48,-1
6422,2019-07-22,15,12,-3
6423,2019-07-22,18,8,-10
6424,2019-07-22,41,74,33
6425,2019-07-22,46,47,1
6426,2019-07-22,81,88,7
6427,2019-07-22,75,73,-2
6428,2019-07-22,9,20,11
6429,2019-07-22,47,45,-2
6432,2019-07-22,100,106,6
6433,2019-07-22,46,40,-6
6434,2019-07-22,80,73,-7
6435,2019-07-22,57,54,-3
6436,2019-07-22,31,28,-3
6501,2019-07-22,109,125,16
6502,2019-07-22,20,18,-2
6503,2019-07-22,76,62,-14
6504,2019-07-22,15,13,-2
6700,2019-07-22,18,40,22
6701,2019-07-22,86,83,-3
6702,2019-07-22,6,12,6
6703,2019-07-22,48,45,-3
6704,2019-07-22,36,35,-1
6705,2019-07-22,25,29,4
6706,2019-07-22,28,30,2
6707,2019-07-22,21,20,-1
6708,2019-07-22,58,127,69
6709,2019-07-22,25,34,9
6710,2019-07-22,19,28,9
6711,2019-07-22,21,21,0
6712,2019-07-22,29,32,3
6713,2019-07-22,26,28,2
6714,2019-07-22,15,16,1
6715,2019-07-22,30,30,0
6716,2019-07-22,6,8,2
6717,2019-07-22,7,13,6
6718,2019-07-22,35,42,7
6719,2019-07-22,18,20,2
6720,2019-07-22,36,46,10
6721,2019-07-22,23,27,4
6722,2019-07-22,19,22,3
6723,2019-07-22,15,20,5
6724,2019-07-22,61,77,16
6725,2019-07-22,39,44,5
6726,2019-07-22,10,12,2
6727,2019-07-22,109,105,-4
6728,2019-07-22,24,21,-3
6729,2019-07-22,135,152,17
6730,2019-07-22,17,18,1
6731,2019-07-22,20,12,-8
6732,2019-07-22,32,39,7
6733,2019-07-22,33,34,1
6734,2019-07-22,37,43,6
6735,2019-07-22,7,7,0
6736,2019-07-22,23,19,-4
6737,2019-07-22,20,21,1
6738,2019-07-22,112,107,-5
6739,2019-07-22,5,6,1
6741,2019-07-22,16,15,-1
6742,2019-07-22,48,49,1
6744,2019-07-22,26,29,3
6745,2019-07-22,23,19,-4
6746,2019-07-22,20,13,-7
6747,2019-07-22,38,47,9
6748,2019-07-22,75,85,10
6749,2019-07-22,36,46,10
6750,2019-07-22,47,41,-6
6752,2019-07-22,19,23,4
6753,2019-07-22,33,18,-15
6754,2019-07-22,20,21,1
6901,2019-07-22,59,75,16
6902,2019-07-22,63,86,23
6903,2019-07-22,107,106,-1
6904,2019-07-22,39,44,5
6905,2019-07-22,48,45,-3
6906,2019-07-22,165,113,-52
6907,2019-07-22,77,58,-19
6908,2019-07-22,60,57,-3
6910,2019-07-22,107,89,-18
6912,2019-07-22,167,95,-72
6913,2019-07-22,51,31,-20
6915,2019-07-22,80,79,-1
6916,2019-07-22,40,36,-4
6917,2019-07-22,14,17,3
6918,2019-07-22,29,21,-8
6919,2019-07-22,27,29,2
6921,2019-07-22,87,90,3
6923,2019-07-22,55,54,-1
6924,2019-07-22,26,27,1
6925,2019-07-22,46,50,4
6926,2019-07-22,65,59,-6
6927,2019-07-22,72,40,-32
6928,2019-07-22,45,20,-25
6929,2019-07-22,46,40,-6
6930,2019-07-22,28,28,0
7001,2019-07-22,31,40,9
7002,2019-07-22,18,27,9
7003,2019-07-22,133,105,-28
7004,2019-07-22,11,20,9
7005,2019-07-22,9,7,-2
7006,2019-07-22,13,17,4
7007,2019-07-22,8,11,3
7008,2019-07-22,37,29,-8
7009,2019-07-22,93,108,15
7010,2019-07-22,27,21,-6
7011,2019-07-22,76,85,9
7012,2019-07-22,38,54,16
7013,2019-07-22,31,32,1
7014,2019-07-22,52,48,-4
7015,2019-07-22,25,22,-3
7016,2019-07-22,8,13,5
7017,2019-07-22,32,45,13
7018,2019-07-22,40,41,1
7019,2019-07-22,134,132,-2
7020,2019-07-22,35,39,4
7021,2019-07-22,45,37,-8
7022,2019-07-22,47,38,-9
7023,2019-07-22,8,8,0
7024,2019-07-22,62,53,-9
7025,2019-07-22,43,42,-1
7026,2019-07-22,60,62,2
7027,2019-07-22,50,46,-4
7028,2019-07-22,83,89,6
7029,2019-07-22,51,55,4
7030,2019-07-22,36,42,6
7031,2019-07-22,32,26,-6
7032,2019-07-22,91,55,-36
7033,2019-07-22,86,78,-8
7034,2019-07-22,37,55,18
7035,2019-07-22,50,50,0
7036,2019-07-22,51,45,-6
7037,2019-07-22,54,55,1
7038,2019-07-22,76,71,-5
7039,2019-07-22,36,37,1
7040,2019-07-22,75,93,18
7041,2019-07-22,110,127,17
7042,2019-07-22,45,49,4
7043,2019-07-22,22,18,-4
7044,2019-07-22,15,12,-3
7045,2019-07-22,67,74,7
7046,2019-07-22,133,102,-31
7047,2019-07-22,161,212,51
7048,2019-07-22,23,29,6
7049,2019-07-22,18,25,7
7050,2019-07-22,42,45,3
7051,2019-07-22,12,18,6
7052,2019-07-22,62,65,3
7053,2019-07-22,46,55,9
7054,2019-07-22,49,66,17
7055,2019-07-22,20,32,12
7056,2019-07-22,11,18,7
7057,2019-07-22,42,45,3
7058,2019-07-22,44,43,-1
7059,2019-07-22,33,32,-1
7060,2019-07-22,33,47,14
7061,2019-07-22,27,19,-8
7062,2019-07-22,69,62,-7
7063,2019-07-22,22,18,-4
7064,2019-07-22,37,39,2
7065,2019-07-22,29,31,2
7066,2019-07-22,87,150,63
7067,2019-07-22,70,73,3
7068,2019-07-22,78,90,12
7069,2019-07-22,88,110,22
7070,2019-07-22,27,42,15
7071,2019-07-22,51,47,-4
7072,2019-07-22,40,21,-19
7073,2019-07-22,64,69,5
7074,2019-07-22,35,43,8
7075,2019-07-22,11,10,-1
7076,2019-07-22,59,58,-1
7077,2019-07-22,24,34,10
7078,2019-07-22,17,34,17
7079,2019-07-22,41,52,11
7080,2019-07-22,104,130,26
7081,2019-07-22,61,62,1
7082,2019-07-22,94,110,16
7083,2019-07-22,71,66,-5
7084,2019-07-22,72,68,-4
7086,2019-07-22,1,0,-1
7087,2019-07-22,1,0,-1
7090,2019-07-22,7,7,0
7091,2019-07-22,5,4,-1
7092,2019-07-22,11,16,5
7093,2019-07-22,4,4,0
7094,2019-07-22,1,3,2
7095,2019-07-22,17,17,0
7096,2019-07-22,30,48,18
7097,2019-07-22,13,10,-3
7098,2019-07-22,6,6,0
7099,2019-07-22,5,10,5
7100,2019-07-22,4,3,-1
7101,2019-07-22,8,10,2
7102,2019-07-22,18,24,6
7103,2019-07-22,16,18,2
7104,2019-07-22,6,8,2
7105,2019-07-22,17,16,-1
7106,2019-07-22,14,15,1
7107,2019-07-22,7,5,-2
7108,2019-07-22,12,15,3
7109,2019-07-22,4,5,1
7110,2019-07-22,5,9,4
7111,2019-07-22,10,8,-2
7112,2019-07-22,21,22,1
7113,2019-07-22,51,60,9
7114,2019-07-22,112,123,11
7115,2019-07-22,14,18,4
7116,2019-07-22,13,16,3
7117,2019-07-22,4,5,1
7118,2019-07-22,4,3,-1
7119,2019-07-22,9,14,5
7120,2019-07-22,6,3,-3
7121,2019-07-22,12,14,2
7122,2019-07-22,4,7,3
7123,2019-07-22,3,6,3
7124,2019-07-22,12,10,-2
7125,2019-07-22,39,28,-11
7126,2019-07-22,14,7,-7
7127,2019-07-22,36,36,0
7128,2019-07-22,20,12,-8
7129,2019-07-22,13,10,-3
7130,2019-07-22,11,11,0
7131,2019-07-22,13,16,3
7132,2019-07-22,5,6,1
7133,2019-07-22,4,5,1
7134,2019-07-22,5,9,4
7135,2019-07-22,5,8,3
7136,2019-07-22,3,5,2
7137,2019-07-22,6,11,5
7138,2019-07-22,6,6,0
7139,2019-07-22,44,41,-3
7140,2019-07-22,31,27,-4
7141,2019-07-22,39,35,-4
7142,2019-07-22,12,16,4
7143,2019-07-22,20,21,1
7144,2019-07-22,67,62,-5
7145,2019-07-22,11,17,6
7146,2019-07-22,19,25,6
7147,2019-07-22,60,58,-2
7148,2019-07-22,8,12,4
7149,2019-07-22,16,17,1
10002,2019-07-22,103,107,4
4000,2019-07-23,73,76,3
4001,2019-07-23,20,17,-3
4002,2019-07-23,21,28,7
5002,2019-07-23,1,3,2
5003,2019-07-23,5,5,0
5004,2019-07-23,9,6,-3
5005,2019-07-23,10,10,0
5006,2019-07-23,5,7,2
5007,2019-07-23,18,21,3
6001,2019-07-23,79,110,31
6002,2019-07-23,54,76,22
6003,2019-07-23,76,82,6
6004,2019-07-23,54,57,3
6005,2019-07-23,93,108,15
6006,2019-07-23,54,32,-22
6007,2019-07-23,25,36,11
6008,2019-07-23,58,85,27
6009,2019-07-23,91,88,-3
6011,2019-07-23,85,106,21
6012,2019-07-23,201,335,134
6013,2019-07-23,50,75,25
6014,2019-07-23,87,95,8
6015,2019-07-23,190,297,107
6016,2019-07-23,25,24,-1
6017,2019-07-23,38,53,15
6018,2019-07-23,59,82,23
6019,2019-07-23,147,83,-64
6020,2019-07-23,79,139,60
6021,2019-07-23,85,76,-9
6022,2019-07-23,75,78,3
6023,2019-07-23,135,194,59
6024,2019-07-23,5,7,2
6025,2019-07-23,49,50,1
6026,2019-07-23,180,227,47
6027,2019-07-23,180,161,-19
6029,2019-07-23,31,43,12
6031,2019-07-23,32,60,28
6032,2019-07-23,73,132,59
6033,2019-07-23,18,21,3
6034,2019-07-23,35,33,-2
6035,2019-07-23,16,54,38
6036,2019-07-23,186,259,73
6037,2019-07-23,63,74,11
6038,2019-07-23,96,109,13
6039,2019-07-23,73,102,29
6040,2019-07-23,85,86,1
6041,2019-07-23,71,80,9
6042,2019-07-23,92,95,3
6043,2019-07-23,238,428,190
6044,2019-07-23,115,93,-22
6046,2019-07-23,150,148,-2
6047,2019-07-23,90,64,-26
6048,2019-07-23,50,59,9
6049,2019-07-23,123,126,3
6050,2019-07-23,47,61,14
6051,2019-07-23,46,38,-8
6052,2019-07-23,252,363,111
6053,2019-07-23,211,220,9
6057,2019-07-23,93,73,-20
6058,2019-07-23,73,81,8
6059,2019-07-23,121,77,-44
6060,2019-07-23,32,32,0
6061,2019-07-23,74,72,-2
6062,2019-07-23,72,62,-10
6063,2019-07-23,126,99,-27
6064,2019-07-23,212,187,-25
6065,2019-07-23,58,60,2
6066,2019-07-23,42,16,-26
6067,2019-07-23,80,63,-17
6068,2019-07-23,21,24,3
6070,2019-07-23,183,149,-34
6072,2019-07-23,120,83,-37
6073,2019-07-23,221,179,-42
6075,2019-07-23,39,16,-23
6076,2019-07-23,29,33,4
6078,2019-07-23,80,62,-18
6079,2019-07-23,80,64,-16
6080,2019-07-23,170,164,-6
6081,2019-07-23,44,37,-7
6082,2019-07-23,29,23,-6
6083,2019-07-23,139,177,38
6084,2019-07-23,86,85,-1
6085,2019-07-23,116,195,79
6086,2019-07-23,23,34,11
6087,2019-07-23,127,170,43
6088,2019-07-23,66,93,27
6089,2019-07-23,66,66,0
6090,2019-07-23,53,55,2
6091,2019-07-23,62,52,-10
6092,2019-07-23,95,80,-15
6093,2019-07-23,43,31,-12
6094,2019-07-23,42,40,-2
6095,2019-07-23,126,125,-1
6096,2019-07-23,55,64,9
6097,2019-07-23,83,58,-25
6098,2019-07-23,51,22,-29
6099,2019-07-23,103,169,66
6100,2019-07-23,284,254,-30
6101,2019-07-23,52,14,-38
6102,2019-07-23,53,41,-12
6103,2019-07-23,33,34,1
6104,2019-07-23,88,112,24
6105,2019-07-23,53,74,21
6106,2019-07-23,36,44,8
6107,2019-07-23,107,97,-10
6108,2019-07-23,56,66,10
6109,2019-07-23,30,30,0
6110,2019-07-23,40,47,7
6111,2019-07-23,59,66,7
6112,2019-07-23,106,117,11
6113,2019-07-23,21,31,10
6114,2019-07-23,174,215,41
6115,2019-07-23,37,33,-4
6116,2019-07-23,75,76,1
6117,2019-07-23,64,78,14
6118,2019-07-23,73,82,9
6119,2019-07-23,81,114,33
6120,2019-07-23,98,102,4
6121,2019-07-23,27,54,27
6122,2019-07-23,25,33,8
6123,2019-07-23,35,46,11
6124,2019-07-23,42,67,25
6125,2019-07-23,23,18,-5
6126,2019-07-23,57,68,11
6127,2019-07-23,42,42,0
6128,2019-07-23,28,33,5
6129,2019-07-23,73,62,-11
6130,2019-07-23,19,16,-3
6131,2019-07-23,106,53,-53
6132,2019-07-23,81,97,16
6133,2019-07-23,81,79,-2
6134,2019-07-23,41,44,3
6136,2019-07-23,305,217,-88
6137,2019-07-23,109,105,-4
6138,2019-07-23,82,64,-18
6139,2019-07-23,65,49,-16
6140,2019-07-23,104,96,-8
6141,2019-07-23,69,52,-17
6142,2019-07-23,157,118,-39
6143,2019-07-23,129,132,3
6145,2019-07-23,68,59,-9
6146,2019-07-23,79,75,-4
6147,2019-07-23,120,58,-62
6148,2019-07-23,132,108,-24
6149,2019-07-23,57,58,1
6150,2019-07-23,83,89,6
6151,2019-07-23,66,69,3
6152,2019-07-23,162,153,-9
6153,2019-07-23,59,73,14
6154,2019-07-23,162,162,0
6155,2019-07-23,145,134,-11
6156,2019-07-23,87,89,2
6157,2019-07-23,118,109,-9
6158,2019-07-23,64,64,0
6159,2019-07-23,47,54,7
6160,2019-07-23,48,42,-6
6161,2019-07-23,47,41,-6
6162,2019-07-23,22,20,-2
6163,2019-07-23,120,113,-7
6164,2019-07-23,96,114,18
6165,2019-07-23,180,190,10
6166,2019-07-23,94,74,-20
6167,2019-07-23,47,45,-2
6168,2019-07-23,62,56,-6
6169,2019-07-23,165,165,0
6170,2019-07-23,72,61,-11
6171,2019-07-23,45,51,6
6173,2019-07-23,126,77,-49
6174,2019-07-23,104,68,-36
6175,2019-07-23,93,55,-38
6176,2019-07-23,115,104,-11
6177,2019-07-23,80,61,-19
6178,2019-07-23,147,131,-16
6179,2019-07-23,86,74,-12
6180,2019-07-23,70,77,7
6181,2019-07-23,137,92,-45
6182,2019-07-23,63,51,-12
6183,2019-07-23,116,79,-37
6184,2019-07-23,234,243,9
6185,2019-07-23,23,25,2
6186,2019-07-23,93,75,-18
6187,2019-07-23,135,134,-1
6188,2019-07-23,62,56,-6
6189,2019-07-23,28,23,-5
6190,2019-07-23,106,73,-33
6191,2019-07-23,53,59,6
6192,2019-07-23,49,40,-9
6193,2019-07-23,105,107,2
6194,2019-07-23,210,178,-32
6195,2019-07-23,79,62,-17
6196,2019-07-23,133,98,-35
6197,2019-07-23,68,62,-6
6198,2019-07-23,32,19,-13
6199,2019-07-23,119,108,-11
6200,2019-07-23,120,118,-2
6201,2019-07-23,89,70,-19
6202,2019-07-23,122,115,-7
6203,2019-07-23,130,111,-19
6204,2019-07-23,100,97,-3
6205,2019-07-23,75,60,-15
6206,2019-07-23,154,159,5
6207,2019-07-23,58,50,-8
6208,2019-07-23,82,94,12
6209,2019-07-23,113,99,-14
6210,2019-07-23,62,61,-1
6211,2019-07-23,161,141,-20
6212,2019-07-23,123,84,-39
6213,2019-07-23,140,133,-7
6214,2019-07-23,127,90,-37
6215,2019-07-23,95,100,5
6216,2019-07-23,172,90,-82
6217,2019-07-23,114,78,-36
6218,2019-07-23,80,46,-34
6219,2019-07-23,92,80,-12
6220,2019-07-23,83,79,-4
6221,2019-07-23,196,173,-23
6222,2019-07-23,96,59,-37
6223,2019-07-23,125,71,-54
6224,2019-07-23,72,54,-18
6225,2019-07-23,59,34,-25
6226,2019-07-23,40,39,-1
6227,2019-07-23,159,155,-4
6228,2019-07-23,37,23,-14
6229,2019-07-23,65,59,-6
6230,2019-07-23,117,99,-18
6231,2019-07-23,113,116,3
6232,2019-07-23,37,24,-13
6233,2019-07-23,159,132,-27
6234,2019-07-23,47,26,-21
6235,2019-07-23,67,67,0
6236,2019-07-23,73,76,3
6237,2019-07-23,53,51,-2
6240,2019-07-23,26,30,4
6241,2019-07-23,61,47,-14
6243,2019-07-23,70,65,-5
6245,2019-07-23,59,45,-14
6246,2019-07-23,69,59,-10
6247,2019-07-23,139,113,-26
6248,2019-07-23,162,140,-22
6249,2019-07-23,75,68,-7
6250,2019-07-23,112,113,1
6251,2019-07-23,37,25,-12
6252,2019-07-23,66,58,-8
6253,2019-07-23,83,66,-17
6254,2019-07-23,80,77,-3
6255,2019-07-23,94,78,-16
6257,2019-07-23,56,50,-6
6258,2019-07-23,102,90,-12
6259,2019-07-23,65,52,-13
6260,2019-07-23,70,54,-16
6261,2019-07-23,50,48,-2
6262,2019-07-23,55,49,-6
6263,2019-07-23,22,27,5
6265,2019-07-23,71,62,-9
6267,2019-07-23,60,60,0
6268,2019-07-23,77,71,-6
6269,2019-07-23,30,37,7
6270,2019-07-23,54,53,-1
6272,2019-07-23,49,32,-17
6273,2019-07-23,33,31,-2
6274,2019-07-23,57,60,3
6275,2019-07-23,46,46,0
6276,2019-07-23,49,43,-6
6277,2019-07-23,91,87,-4
6278,2019-07-23,35,28,-7
6279,2019-07-23,18,7,-11
6280,2019-07-23,80,81,1
6281,2019-07-23,40,29,-11
6301,2019-07-23,23,16,-7
6302,2019-07-23,14,12,-2
6303,2019-07-23,27,20,-7
6304,2019-07-23,15,11,-4
6305,2019-07-23,26,10,-16
6306,2019-07-23,62,37,-25
6307,2019-07-23,82,82,0
6309,2019-07-23,33,32,-1
6310,2019-07-23,77,35,-42
6311,2019-07-23,39,32,-7
6312,2019-07-23,35,37,2
6313,2019-07-23,56,68,12
6314,2019-07-23,70,61,-9
6315,2019-07-23,92,51,-41
6316,2019-07-23,65,30,-35
6321,2019-07-23,123,108,-15
6322,2019-07-23,29,38,9
6323,2019-07-23,7,8,1
6324,2019-07-23,30,38,8
6327,2019-07-23,40,36,-4
6328,2019-07-23,38,27,-11
6329,2019-07-23,36,27,-9
6330,2019-07-23,36,30,-6
6331,2019-07-23,24,22,-2
6332,2019-07-23,44,54,10
6333,2019-07-23,25,25,0
6334,2019-07-23,72,72,0
6335,2019-07-23,44,45,1
6336,2019-07-23,30,28,-2
6338,2019-07-23,31,33,2
6339,2019-07-23,28,19,-9
6340,2019-07-23,33,30,-3
6341,2019-07-23,45,58,13
6343,2019-07-23,53,54,1
6345,2019-07-23,20,25,5
6346,2019-07-23,17,9,-8
6347,2019-07-23,23,24,1
6349,2019-07-23,25,37,12
6350,2019-07-23,47,45,-2
6354,2019-07-23,45,36,-9
6355,2019-07-23,31,39,8
6356,2019-07-23,42,18,-24
6357,2019-07-23,23,19,-4
6358,2019-07-23,27,27,0
6359,2019-07-23,127,161,34
6360,2019-07-23,39,29,-10
6361,2019-07-23,53,48,-5
6362,2019-07-23,49,49,0
6363,2019-07-23,23,25,2
6364,2019-07-23,56,44,-12
6366,2019-07-23,37,23,-14
6368,2019-07-23,63,68,5
6369,2019-07-23,37,51,14
6370,2019-07-23,44,37,-7
6371,2019-07-23,84,84,0
6372,2019-07-23,93,110,17
6373,2019-07-23,35,33,-2
6374,2019-07-23,40,41,1
6375,2019-07-23,68,84,16
6376,2019-07-23,25,20,-5
6377,2019-07-23,42,52,10
6379,2019-07-23,36,45,9
6380,2019-07-23,28,26,-2
6381,2019-07-23,73,67,-6
6383,2019-07-23,31,28,-3
6384,2019-07-23,23,17,-6
6385,2019-07-23,61,61,0
6386,2019-07-23,82,102,20
6387,2019-07-23,73,108,35
6388,2019-07-23,33,44,11
6389,2019-07-23,47,46,-1
6391,2019-07-23,57,74,17
6393,2019-07-23,79,117,38
6394,2019-07-23,86,114,28
6395,2019-07-23,89,108,19
6396,2019-07-23,130,119,-11
6397,2019-07-23,47,65,18
6398,2019-07-23,42,59,17
6401,2019-07-23,52,70,18
6402,2019-07-23,59,73,14
6403,2019-07-23,34,32,-2
6404,2019-07-23,19,32,13
6405,2019-07-23,56,79,23
6406,2019-07-23,142,182,40
6407,2019-07-23,25,39,14
6408,2019-07-23,56,61,5
6409,2019-07-23,21,24,3
6410,2019-07-23,52,58,6
6411,2019-07-23,145,134,-11
6412,2019-07-23,39,40,1
6413,2019-07-23,33,57,24
6414,2019-07-23,27,35,8
6415,2019-07-23,29,27,-2
6416,2019-07-23,33,18,-15
6417,2019-07-23,27,36,9
6418,2019-07-23,8,10,2
6419,2019-07-23,12,19,7
6420,2019-07-23,35,38,3
6421,2019-07-23,63,54,-9
6422,2019-07-23,14,13,-1
6423,2019-07-23,25,14,-11
6424,2019-07-23,55,93,38
6425,2019-07-23,63,67,4
6426,2019-07-23,101,95,-6
6427,2019-07-23,91,91,0
6428,2019-07-23,20,29,9
6429,2019-07-23,40,60,20
6432,2019-07-23,107,99,-8
6433,2019-07-23,34,37,3
6434,2019-07-23,78,79,1
6435,2019-07-23,43,49,6
6436,2019-07-23,24,24,0
6501,2019-07-23,124,144,20
6502,2019-07-23,24,28,4
6503,2019-07-23,93,88,-5
6504,2019-07-23,23,28,5
6700,2019-07-23,25,38,13
6701,2019-07-23,92,78,-14
6702,2019-07-23,25,25,0
6703,2019-07-23,60,56,-4
6704,2019-07-23,38,33,-5
6705,2019-07-23,20,26,6
6706,2019-07-23,22,28,6
6707,2019-07-23,36,36,0
6708,2019-07-23,69,140,71
6709,2019-07-23,25,30,5
6710,2019-07-23,15,24,9
6711,2019-07-23,28,29,1
6712,2019-07-23,20,31,11
6713,2019-07-23,15,16,1
6714,2019-07-23,8,2,-6
6715,2019-07-23,40,40,0
6716,2019-07-23,14,15,1
6717,2019-07-23,12,20,8
6718,2019-07-23,31,35,4
6719,2019-07-23,25,27,2
6720,2019-07-23,33,42,9
6721,2019-07-23,20,27,7
6722,2019-07-23,20,27,7
6723,2019-07-23,18,25,7
6724,2019-07-23,73,76,3
6725,2019-07-23,43,45,2
6726,2019-07-23,14,17,3
6727,2019-07-23,113,111,-2
6728,2019-07-23,22,21,-1
6729,2019-07-23,141,155,14
6730,2019-07-23,19,19,0
6731,2019-07-23,33,31,-2
6732,2019-07-23,27,36,9
6733,2019-07-23,39,28,-11
6734,2019-07-23,60,53,-7
6735,2019-07-23,9,9,0
6736,2019-07-23,25,26,1
6737,2019-07-23,22,29,7
6738,2019-07-23,111,75,-36
6739,2019-07-23,10,9,-1
6741,2019-07-23,14,22,8
6742,2019-07-23,62,75,13
6744,2019-07-23,26,29,3
6745,2019-07-23,34,26,-8
6746,2019-07-23,25,26,1
6747,2019-07-23,41,49,8
6748,2019-07-23,94,126,32
6749,2019-07-23,63,59,-4
6750,2019-07-23,49,43,-6
6752,2019-07-23,24,35,11
6753,2019-07-23,26,34,8
6754,2019-07-23,24,29,5
6901,2019-07-23,54,83,29
6902,2019-07-23,72,86,14
6903,2019-07-23,129,112,-17
6904,2019-07-23,38,23,-15
6905,2019-07-23,46,49,3
6906,2019-07-23,189,104,-85
6907,2019-07-23,95,59,-36
6908,2019-07-23,82,81,-1
6910,2019-07-23,126,115,-11
6912,2019-07-23,175,128,-47
6913,2019-07-23,52,36,-16
6915,2019-07-23,86,82,-4
6916,2019-07-23,39,36,-3
6917,2019-07-23,22,22,0
6918,2019-07-23,31,28,-3
6919,2019-07-23,33,31,-2
6921,2019-07-23,93,91,-2
6923,2019-07-23,58,49,-9
6924,2019-07-23,26,19,-7
6925,2019-07-23,36,31,-5
6926,2019-07-23,69,78,9
6927,2019-07-23,76,50,-26
6928,2019-07-23,40,24,-16
6929,2019-07-23,42,33,-9
6930,2019-07-23,38,38,0
7001,2019-07-23,38,41,3
7002,2019-07-23,24,21,-3
7003,2019-07-23,130,103,-27
7004,2019-07-23,22,20,-2
7005,2019-07-23,10,18,8
7006,2019-07-23,24,25,1
7007,2019-07-23,13,24,11
7008,2019-07-23,34,37,3
7009,2019-07-23,93,118,25
7010,2019-07-23,23,26,3
7011,2019-07-23,77,91,14
7012,2019-07-23,37,47,10
7013,2019-07-23,29,30,1
7014,2019-07-23,72,44,-28
7015,2019-07-23,21,26,5
7016,2019-07-23,10,14,4
7017,2019-07-23,27,42,15
7018,2019-07-23,36,51,15
7019,2019-07-23,166,135,-31
7020,2019-07-23,25,26,1
7021,2019-07-23,50,48,-2
7022,2019-07-23,45,30,-15
7023,2019-07-23,12,11,-1
7024,2019-07-23,53,46,-7
7025,2019-07-23,54,56,2
7026,2019-07-23,69,78,9
7027,2019-07-23,71,54,-17
7028,2019-07-23,98,107,9
7029,2019-07-23,43,36,-7
7030,2019-07-23,45,45,0
7031,2019-07-23,32,29,-3
7032,2019-07-23,98,60,-38
7033,2019-07-23,86,71,-15
7034,2019-07-23,41,71,30
7035,2019-07-23,52,47,-5
7036,2019-07-23,59,52,-7
7037,2019-07-23,59,54,-5
7038,2019-07-23,59,66,7
7039,2019-07-23,37,37,0
7040,2019-07-23,73,89,16
7041,2019-07-23,117,140,23
7042,2019-07-23,58,61,3
7043,2019-07-23,36,26,-10
7044,2019-07-23,16,17,1
7045,2019-07-23,87,85,-2
7046,2019-07-23,145,135,-10
7047,2019-07-23,165,221,56
7048,2019-07-23,24,32,8
7049,2019-07-23,20,23,3
7050,2019-07-23,40,43,3
7051,2019-07-23,12,20,8
7052,2019-07-23,52,49,-3
7053,2019-07-23,53,70,17
7054,2019-07-23,74,87,13
7055,2019-07-23,26,36,10
7056,2019-07-23,13,22,9
7057,2019-07-23,41,63,22
7058,2019-07-23,47,51,4
7059,2019-07-23,31,37,6
7060,2019-07-23,48,54,6
7061,2019-07-23,25,23,-2
7062,2019-07-23,60,52,-8
7063,2019-07-23,30,22,-8
7064,2019-07-23,39,35,-4
7065,2019-07-23,31,35,4
7066,2019-07-23,90,146,56
7067,2019-07-23,57,65,8
7068,2019-07-23,80,103,23
7069,2019-07-23,112,105,-7
7070,2019-07-23,39,48,9
7071,2019-07-23,46,44,-2
7072,2019-07-23,45,34,-11
7073,2019-07-23,67,79,12
7074,2019-07-23,40,41,1
7075,2019-07-23,14,17,3
7076,2019-07-23,70,65,-5
7077,2019-07-23,23,29,6
7078,2019-07-23,30,28,-2
7079,2019-07-23,45,55,10
7080,2019-07-23,113,110,-3
7081,2019-07-23,70,88,18
7082,2019-07-23,88,128,40
7083,2019-07-23,65,51,-14
7084,2019-07-23,58,60,2
7087,2019-07-23,2,0,-2
7090,2019-07-23,15,18,3
7091,2019-07-23,7,9,2
7092,2019-07-23,19,17,-2
7093,2019-07-23,8,11,3
7094,2019-07-23,6,3,-3
7095,2019-07-23,10,17,7
7096,2019-07-23,38,37,-1
7097,2019-07-23,9,8,-1
7098,2019-07-23,4,2,-2
7099,2019-07-23,12,10,-2
7100,2019-07-23,7,12,5
7101,2019-07-23,7,14,7
7102,2019-07-23,18,26,8
7103,2019-07-23,24,32,8
7104,2019-07-23,5,5,0
7105,2019-07-23,9,8,-1
7106,2019-07-23,9,8,-1
7107,2019-07-23,6,7,1
7108,2019-07-23,7,12,5
7109,2019-07-23,8,8,0
7110,2019-07-23,18,12,-6
7111,2019-07-23,11,9,-2
7112,2019-07-23,11,11,0
7113,2019-07-23,52,75,23
7114,2019-07-23,94,113,19
7115,2019-07-23,15,12,-3
7116,2019-07-23,10,8,-2
7117,2019-07-23,6,4,-2
7118,2019-07-23,1,2,1
7119,2019-07-23,9,10,1
7120,2019-07-23,4,4,0
7121,2019-07-23,3,7,4
7122,2019-07-23,7,11,4
7123,2019-07-23,4,4,0
7124,2019-07-23,14,16,2
7125,2019-07-23,43,37,-6
7126,2019-07-23,7,4,-3
7127,2019-07-23,35,43,8
7128,2019-07-23,19,12,-7
7129,2019-07-23,7,10,3
7130,2019-07-23,12,11,-1
7131,2019-07-23,14,14,0
7132,2019-07-23,4,6,2
7133,2019-07-23,5,10,5
7134,2019-07-23,4,7,3
7135,2019-07-23,21,21,0
7136,2019-07-23,4,4,0
7137,2019-07-23,20,11,-9
7138,2019-07-23,17,16,-1
7139,2019-07-23,35,40,5
7140,2019-07-23,19,21,2
7141,2019-07-23,32,38,6
7142,2019-07-23,8,20,12
7143,2019-07-23,22,25,3
7144,2019-07-23,56,59,3
7145,2019-07-23,13,12,-1
7146,2019-07-23,20,15,-5
7147,2019-07-23,52,52,0
7148,2019-07-23,8,14,6
7149,2019-07-23,13,14,1
10002,2019-07-23,88,104,16
4000,2019-07-24,76,102,26
4001,2019-07-24,9,9,0
4002,2019-07-24,23,26,3
5002,2019-07-24,1,4,3
5003,2019-07-24,7,4,-3
5004,2019-07-24,3,7,4
5005,2019-07-24,8,8,0
5006,2019-07-24,5,7,2
5007,2019-07-24,18,18,0
6001,2019-07-24,87,103,16
6002,2019-07-24,64,84,20
6003,2019-07-24,89,98,9
6004,2019-07-24,68,74,6
6005,2019-07-24,121,109,-12
6006,2019-07-24,40,20,-20
6007,2019-07-24,44,44,0
6008,2019-07-24,90,103,13
6009,2019-07-24,92,96,4
6011,2019-07-24,82,100,18
6012,2019-07-24,223,317,94
6013,2019-07-24,75,65,-10
6014,2019-07-24,87,120,33
6015,2019-07-24,208,289,81
6016,2019-07-24,21,24,3
6017,2019-07-24,60,93,33
6018,2019-07-24,88,94,6
6019,2019-07-24,153,83,-70
6020,2019-07-24,82,108,26
6021,2019-07-24,86,58,-28
6022,2019-07-24,72,71,-1
6023,2019-07-24,199,248,49
6024,2019-07-24,10,14,4
6025,2019-07-24,48,58,10
6026,2019-07-24,268,369,101
6027,2019-07-24,150,143,-7
6029,2019-07-24,37,41,4
6031,2019-07-24,35,64,29
6032,2019-07-24,67,165,98
6033,2019-07-24,17,15,-2
6034,2019-07-24,29,31,2
6035,2019-07-24,33,61,28
6036,2019-07-24,271,334,63
6037,2019-07-24,70,77,7
6038,2019-07-24,134,146,12
6039,2019-07-24,119,121,2
6040,2019-07-24,76,96,20
6041,2019-07-24,82,89,7
6042,2019-07-24,89,91,2
6043,2019-07-24,255,417,162
6044,2019-07-24,116,100,-16
6046,2019-07-24,158,146,-12
6047,2019-07-24,81,51,-30
6048,2019-07-24,54,57,3
6049,2019-07-24,138,146,8
6050,2019-07-24,51,67,16
6051,2019-07-24,42,40,-2
6052,2019-07-24,262,381,119
6053,2019-07-24,208,222,14
6057,2019-07-24,102,101,-1
6058,2019-07-24,68,77,9
6059,2019-07-24,83,65,-18
6060,2019-07-24,46,38,-8
6061,2019-07-24,83,72,-11
6062,2019-07-24,53,54,1
6063,2019-07-24,154,106,-48
6064,2019-07-24,221,169,-52
6065,2019-07-24,74,64,-10
6066,2019-07-24,26,17,-9
6067,2019-07-24,60,71,11
6068,2019-07-24,27,23,-4
6070,2019-07-24,190,155,-35
6072,2019-07-24,80,73,-7
6073,2019-07-24,271,203,-68
6075,2019-07-24,30,18,-12
6076,2019-07-24,36,55,19
6078,2019-07-24,65,46,-19
6079,2019-07-24,99,70,-29
6080,2019-07-24,200,185,-15
6081,2019-07-24,38,37,-1
6082,2019-07-24,29,15,-14
6083,2019-07-24,165,192,27
6084,2019-07-24,76,91,15
6085,2019-07-24,130,195,65
6086,2019-07-24,29,53,24
6087,2019-07-24,137,184,47
6088,2019-07-24,79,90,11
6089,2019-07-24,47,59,12
6090,2019-07-24,73,79,6
6091,2019-07-24,51,46,-5
6092,2019-07-24,79,72,-7
6093,2019-07-24,40,28,-12
6094,2019-07-24,58,50,-8
6095,2019-07-24,132,123,-9
6096,2019-07-24,45,66,21
6097,2019-07-24,93,63,-30
6098,2019-07-24,60,38,-22
6099,2019-07-24,122,173,51
6100,2019-07-24,278,260,-18
6101,2019-07-24,68,26,-42
6102,2019-07-24,42,39,-3
6103,2019-07-24,17,21,4
6104,2019-07-24,103,159,56
6105,2019-07-24,53,88,35
6106,2019-07-24,73,76,3
6107,2019-07-24,108,95,-13
6108,2019-07-24,65,67,2
6109,2019-07-24,23,30,7
6110,2019-07-24,63,59,-4
6111,2019-07-24,83,102,19
6112,2019-07-24,149,151,2
6113,2019-07-24,58,43,-15
6114,2019-07-24,233,275,42
6115,2019-07-24,25,29,4
6116,2019-07-24,78,94,16
6117,2019-07-24,62,73,11
6118,2019-07-24,91,100,9
6119,2019-07-24,116,136,20
6120,2019-07-24,100,130,30
6121,2019-07-24,36,54,18
6122,2019-07-24,34,35,1
6123,2019-07-24,36,35,-1
6124,2019-07-24,56,93,37
6125,2019-07-24,25,19,-6
6126,2019-07-24,54,75,21
6127,2019-07-24,58,57,-1
6128,2019-07-24,31,38,7
6129,2019-07-24,73,69,-4
6130,2019-07-24,34,26,-8
6131,2019-07-24,106,53,-53
6132,2019-07-24,83,107,24
6133,2019-07-24,102,113,11
6134,2019-07-24,51,54,3
6136,2019-07-24,299,237,-62
6137,2019-07-24,111,91,-20
6138,2019-07-24,72,68,-4
6139,2019-07-24,72,67,-5
6140,2019-07-24,112,109,-3
6141,2019-07-24,60,54,-6
6142,2019-07-24,138,104,-34
6143,2019-07-24,142,112,-30
6145,2019-07-24,91,85,-6
6146,2019-07-24,64,55,-9
6147,2019-07-24,117,63,-54
6148,2019-07-24,157,102,-55
6149,2019-07-24,54,49,-5
6150,2019-07-24,89,87,-2
6151,2019-07-24,86,83,-3
6152,2019-07-24,126,123,-3
6153,2019-07-24,76,65,-11
6154,2019-07-24,199,184,-15
6155,2019-07-24,187,129,-58
6156,2019-07-24,85,77,-8
6157,2019-07-24,138,112,-26
6158,2019-07-24,66,64,-2
6159,2019-07-24,40,41,1
6160,2019-07-24,41,41,0
6161,2019-07-24,48,41,-7
6162,2019-07-24,24,26,2
6163,2019-07-24,117,118,1
6164,2019-07-24,111,113,2
6165,2019-07-24,140,147,7
6166,2019-07-24,111,77,-34
6167,2019-07-24,36,37,1
6168,2019-07-24,58,51,-7
6169,2019-07-24,155,144,-11
6170,2019-07-24,64,53,-11
6171,2019-07-24,56,61,5
6173,2019-07-24,132,93,-39
6174,2019-07-24,105,94,-11
6175,2019-07-24,105,58,-47
6176,2019-07-24,119,132,13
6177,2019-07-24,85,76,-9
6178,2019-07-24,136,125,-11
6179,2019-07-24,104,89,-15
6180,2019-07-24,81,80,-1
6181,2019-07-24,135,92,-43
6182,2019-07-24,65,51,-14
6183,2019-07-24,94,74,-20
6184,2019-07-24,245,246,1
6185,2019-07-24,29,25,-4
6186,2019-07-24,97,77,-20
6187,2019-07-24,128,138,10
6188,2019-07-24,75,64,-11
6189,2019-07-24,25,25,0
6190,2019-07-24,119,80,-39
6191,2019-07-24,73,80,7
6192,2019-07-24,56,37,-19
6193,2019-07-24,137,120,-17
6194,2019-07-24,213,167,-46
6195,2019-07-24,96,64,-32
6196,2019-07-24,114,91,-23
6197,2019-07-24,67,66,-1
6198,2019-07-24,34,14,-20
6199,2019-07-24,127,104,-23
6200,2019-07-24,97,94,-3
6201,2019-07-24,107,78,-29
6202,2019-07-24,115,118,3
6203,2019-07-24,105,108,3
6204,2019-07-24,126,106,-20
6205,2019-07-24,105,79,-26
6206,2019-07-24,167,132,-35
6207,2019-07-24,54,50,-4
6208,2019-07-24,75,67,-8
6209,2019-07-24,111,102,-9
6210,2019-07-24,39,38,-1
6211,2019-07-24,168,156,-12
6212,2019-07-24,113,70,-43
6213,2019-07-24,112,114,2
6214,2019-07-24,83,72,-11
6215,2019-07-24,92,67,-25
6216,2019-07-24,183,92,-91
6217,2019-07-24,122,89,-33
6218,2019-07-24,74,62,-12
6219,2019-07-24,86,69,-17
6220,2019-07-24,123,98,-25
6221,2019-07-24,201,179,-22
6222,2019-07-24,109,68,-41
6223,2019-07-24,128,87,-41
6224,2019-07-24,78,68,-10
6225,2019-07-24,83,56,-27
6226,2019-07-24,48,39,-9
6227,2019-07-24,162,137,-25
6228,2019-07-24,15,22,7
6229,2019-07-24,59,56,-3
6230,2019-07-24,96,104,8
6231,2019-07-24,149,120,-29
6232,2019-07-24,40,36,-4
6233,2019-07-24,108,94,-14
6234,2019-07-24,45,47,2
6235,2019-07-24,79,79,0
6236,2019-07-24,87,81,-6
6237,2019-07-24,62,63,1
6240,2019-07-24,26,26,0
6241,2019-07-24,45,43,-2
6243,2019-07-24,70,65,-5
6245,2019-07-24,32,45,13
6246,2019-07-24,69,45,-24
6247,2019-07-24,163,128,-35
6248,2019-07-24,202,143,-59
6249,2019-07-24,88,59,-29
6250,2019-07-24,70,61,-9
6251,2019-07-24,41,28,-13
6252,2019-07-24,59,55,-4
6253,2019-07-24,74,61,-13
6254,2019-07-24,89,77,-12
6255,2019-07-24,103,91,-12
6257,2019-07-24,47,37,-10
6258,2019-07-24,106,96,-10
6259,2019-07-24,60,57,-3
6260,2019-07-24,55,56,1
6261,2019-07-24,71,68,-3
6262,2019-07-24,55,53,-2
6263,2019-07-24,26,27,1
6265,2019-07-24,59,55,-4
6267,2019-07-24,56,50,-6
6268,2019-07-24,77,72,-5
6269,2019-07-24,44,52,8
6270,2019-07-24,48,47,-1
6271,2019-07-24,3,3,0
6272,2019-07-24,34,26,-8
6273,2019-07-24,43,45,2
6274,2019-07-24,55,47,-8
6275,2019-07-24,36,30,-6
6276,2019-07-24,64,57,-7
6277,2019-07-24,74,70,-4
6278,2019-07-24,24,25,1
6279,2019-07-24,19,13,-6
6280,2019-07-24,100,93,-7
6281,2019-07-24,23,15,-8
6301,2019-07-24,27,17,-10
6302,2019-07-24,34,17,-17
6303,2019-07-24,11,17,6
6304,2019-07-24,12,8,-4
6305,2019-07-24,22,12,-10
6306,2019-07-24,51,16,-35
6307,2019-07-24,73,70,-3
6309,2019-07-24,31,31,0
6310,2019-07-24,82,37,-45
6311,2019-07-24,57,43,-14
6312,2019-07-24,22,31,9
6313,2019-07-24,53,70,17
6314,2019-07-24,68,65,-3
6315,2019-07-24,95,55,-40
6316,2019-07-24,38,17,-21
6321,2019-07-24,113,90,-23
6322,2019-07-24,29,36,7
6323,2019-07-24,14,8,-6
6324,2019-07-24,23,27,4
6327,2019-07-24,42,44,2
6328,2019-07-24,40,32,-8
6329,2019-07-24,36,28,-8
6330,2019-07-24,28,33,5
6331,2019-07-24,29,23,-6
6332,2019-07-24,41,44,3
6333,2019-07-24,26,24,-2
6334,2019-07-24,85,79,-6
6335,2019-07-24,43,37,-6
6336,2019-07-24,43,40,-3
6338,2019-07-24,28,29,1
6339,2019-07-24,36,33,-3
6340,2019-07-24,39,39,0
6341,2019-07-24,40,51,11
6343,2019-07-24,57,45,-12
6345,2019-07-24,23,19,-4
6346,2019-07-24,18,10,-8
6347,2019-07-24,34,34,0
6349,2019-07-24,32,43,11
6350,2019-07-24,43,44,1
6354,2019-07-24,32,36,4
6355,2019-07-24,36,57,21
6356,2019-07-24,39,35,-4
6357,2019-07-24,26,18,-8
6358,2019-07-24,34,30,-4
6359,2019-07-24,146,168,22
6360,2019-07-24,39,34,-5
6361,2019-07-24,62,60,-2
6362,2019-07-24,51,47,-4
6363,2019-07-24,31,19,-12
6364,2019-07-24,54,48,-6
6366,2019-07-24,44,36,-8
6368,2019-07-24,80,76,-4
6369,2019-07-24,34,45,11
6370,2019-07-24,40,49,9
6371,2019-07-24,90,86,-4
6372,2019-07-24,105,99,-6
6373,2019-07-24,45,41,-4
6374,2019-07-24,56,35,-21
6375,2019-07-24,88,114,26
6376,2019-07-24,35,35,0
6377,2019-07-24,41,51,10
6379,2019-07-24,30,39,9
6380,2019-07-24,29,21,-8
6381,2019-07-24,66,67,1
6383,2019-07-24,42,32,-10
6384,2019-07-24,29,17,-12
6385,2019-07-24,66,62,-4
6386,2019-07-24,76,99,23
6387,2019-07-24,87,110,23
6388,2019-07-24,28,33,5
6389,2019-07-24,59,40,-19
6391,2019-07-24,69,106,37
6393,2019-07-24,81,110,29
6394,2019-07-24,80,129,49
6395,2019-07-24,126,131,5
6396,2019-07-24,134,110,-24
6397,2019-07-24,70,88,18
6398,2019-07-24,49,72,23
6401,2019-07-24,87,99,12
6402,2019-07-24,68,80,12
6403,2019-07-24,30,32,2
6404,2019-07-24,21,26,5
6405,2019-07-24,50,70,20
6406,2019-07-24,152,188,36
6407,2019-07-24,25,45,20
6408,2019-07-24,50,64,14
6409,2019-07-24,18,21,3
6410,2019-07-24,50,45,-5
6411,2019-07-24,159,130,-29
6412,2019-07-24,30,39,9
6413,2019-07-24,44,56,12
6414,2019-07-24,23,37,14
6415,2019-07-24,27,31,4
6416,2019-07-24,27,15,-12
6417,2019-07-24,34,44,10
6418,2019-07-24,8,11,3
6419,2019-07-24,14,17,3
6420,2019-07-24,35,32,-3
6421,2019-07-24,51,54,3
6422,2019-07-24,13,18,5
6423,2019-07-24,20,18,-2
6424,2019-07-24,59,75,16
6425,2019-07-24,53,52,-1
6426,2019-07-24,97,106,9
6427,2019-07-24,96,98,2
6428,2019-07-24,21,27,6
6429,2019-07-24,48,62,14
6432,2019-07-24,97,98,1
6433,2019-07-24,52,48,-4
6434,2019-07-24,86,84,-2
6435,2019-07-24,65,65,0
6436,2019-07-24,24,18,-6
6501,2019-07-24,132,168,36
6502,2019-07-24,31,31,0
6503,2019-07-24,81,70,-11
6504,2019-07-24,41,51,10
6700,2019-07-24,34,49,15
6701,2019-07-24,64,70,6
6702,2019-07-24,18,30,12
6703,2019-07-24,72,78,6
6704,2019-07-24,35,37,2
6705,2019-07-24,23,24,1
6706,2019-07-24,31,29,-2
6707,2019-07-24,39,34,-5
6708,2019-07-24,67,146,79
6709,2019-07-24,36,35,-1
6710,2019-07-24,8,10,2
6711,2019-07-24,30,29,-1
6712,2019-07-24,21,27,6
6713,2019-07-24,19,20,1
6714,2019-07-24,9,11,2
6715,2019-07-24,36,43,7
6716,2019-07-24,12,10,-2
6717,2019-07-24,17,17,0
6718,2019-07-24,41,38,-3
6719,2019-07-24,28,29,1
6720,2019-07-24,37,48,11
6721,2019-07-24,31,36,5
6722,2019-07-24,20,33,13
6723,2019-07-24,26,27,1
6724,2019-07-24,99,111,12
6725,2019-07-24,41,46,5
6726,2019-07-24,7,13,6
6727,2019-07-24,107,110,3
6728,2019-07-24,23,25,2
6729,2019-07-24,152,167,15
6730,2019-07-24,25,24,-1
6731,2019-07-24,24,16,-8
6732,2019-07-24,45,58,13
6733,2019-07-24,34,32,-2
6734,2019-07-24,41,30,-11
6735,2019-07-24,9,12,3
6736,2019-07-24,18,18,0
6737,2019-07-24,25,24,-1
6738,2019-07-24,81,100,19
6739,2019-07-24,9,10,1
6741,2019-07-24,20,20,0
6742,2019-07-24,70,72,2
6744,2019-07-24,32,36,4
6745,2019-07-24,33,25,-8
6746,2019-07-24,18,15,-3
6747,2019-07-24,45,53,8
6748,2019-07-24,90,114,24
6749,2019-07-24,47,56,9
6750,2019-07-24,54,40,-14
6752,2019-07-24,37,35,-2
6753,2019-07-24,31,25,-6
6754,2019-07-24,21,34,13
6901,2019-07-24,66,89,23
6902,2019-07-24,86,120,34
6903,2019-07-24,134,117,-17
6904,2019-07-24,34,27,-7
6905,2019-07-24,48,54,6
6906,2019-07-24,190,109,-81
6907,2019-07-24,112,80,-32
6908,2019-07-24,77,64,-13
6910,2019-07-24,118,95,-23
6912,2019-07-24,163,126,-37
6913,2019-07-24,46,30,-16
6915,2019-07-24,94,86,-8
6916,2019-07-24,43,39,-4
6917,2019-07-24,16,16,0
6918,2019-07-24,30,23,-7
6919,2019-07-24,23,25,2
6921,2019-07-24,99,102,3
6923,2019-07-24,46,38,-8
6924,2019-07-24,24,30,6
6925,2019-07-24,40,39,-1
6926,2019-07-24,66,53,-13
6927,2019-07-24,78,53,-25
6928,2019-07-24,39,20,-19
6929,2019-07-24,38,17,-21
6930,2019-07-24,15,33,18
7001,2019-07-24,38,35,-3
7002,2019-07-24,15,18,3
7003,2019-07-24,148,103,-45
7004,2019-07-24,20,15,-5
7005,2019-07-24,6,9,3
7006,2019-07-24,18,19,1
7007,2019-07-24,11,19,8
7008,2019-07-24,30,38,8
7009,2019-07-24,102,135,33
7010,2019-07-24,25,21,-4
7011,2019-07-24,121,122,1
7012,2019-07-24,62,71,9
7013,2019-07-24,20,32,12
7014,2019-07-24,57,47,-10
7015,2019-07-24,19,29,10
7016,2019-07-24,8,10,2
7017,2019-07-24,38,47,9
7018,2019-07-24,42,57,15
7019,2019-07-24,182,153,-29
7020,2019-07-24,32,36,4
7021,2019-07-24,51,32,-19
7022,2019-07-24,54,60,6
7023,2019-07-24,9,8,-1
7024,2019-07-24,50,34,-16
7025,2019-07-24,52,51,-1
7026,2019-07-24,69,67,-2
7027,2019-07-24,59,50,-9
7028,2019-07-24,94,98,4
7029,2019-07-24,53,52,-1
7030,2019-07-24,54,52,-2
7031,2019-07-24,40,42,2
7032,2019-07-24,83,53,-30
7033,2019-07-24,92,73,-19
7034,2019-07-24,30,74,44
7035,2019-07-24,64,66,2
7036,2019-07-24,56,43,-13
7037,2019-07-24,63,49,-14
7038,2019-07-24,67,68,1
7039,2019-07-24,45,40,-5
7040,2019-07-24,82,103,21
7041,2019-07-24,135,133,-2
7042,2019-07-24,62,60,-2
7043,2019-07-24,27,27,0
7044,2019-07-24,15,12,-3
7045,2019-07-24,87,90,3
7046,2019-07-24,136,157,21
7047,2019-07-24,164,226,62
7048,2019-07-24,23,31,8
7049,2019-07-24,20,27,7
7050,2019-07-24,41,39,-2
7051,2019-07-24,15,17,2
7052,2019-07-24,55,77,22
7053,2019-07-24,63,73,10
7054,2019-07-24,72,87,15
7055,2019-07-24,29,35,6
7056,2019-07-24,17,23,6
7057,2019-07-24,44,47,3
7058,2019-07-24,35,34,-1
7059,2019-07-24,36,40,4
7060,2019-07-24,37,35,-2
7061,2019-07-24,36,37,1
7062,2019-07-24,49,66,17
7063,2019-07-24,18,21,3
7064,2019-07-24,32,29,-3
7065,2019-07-24,55,45,-10
7066,2019-07-24,89,169,80
7067,2019-07-24,69,78,9
7068,2019-07-24,110,126,16
7069,2019-07-24,123,156,33
7070,2019-07-24,40,45,5
7071,2019-07-24,61,42,-19
7072,2019-07-24,50,38,-12
7073,2019-07-24,102,103,1
7074,2019-07-24,45,50,5
7075,2019-07-24,11,12,1
7076,2019-07-24,76,74,-2
7077,2019-07-24,271,465,194
7078,2019-07-24,37,36,-1
7079,2019-07-24,43,43,0
7080,2019-07-24,98,99,1
7081,2019-07-24,76,92,16
7082,2019-07-24,97,124,27
7083,2019-07-24,76,78,2
7084,2019-07-24,82,86,4
7086,2019-07-24,6,7,1
7087,2019-07-24,3,2,-1
7088,2019-07-24,1,2,1
7090,2019-07-24,15,19,4
7091,2019-07-24,11,17,6
7092,2019-07-24,12,8,-4
7093,2019-07-24,3,4,1
7094,2019-07-24,2,3,1
7095,2019-07-24,22,24,2
7096,2019-07-24,32,35,3
7097,2019-07-24,13,13,0
7098,2019-07-24,8,4,-4
7099,2019-07-24,4,7,3
7100,2019-07-24,7,7,0
7101,2019-07-24,7,13,6
7102,2019-07-24,27,26,-1
7103,2019-07-24,29,25,-4
7104,2019-07-24,2,2,0
7105,2019-07-24,9,15,6
7106,2019-07-24,3,4,1
7107,2019-07-24,3,4,1
7108,2019-07-24,19,19,0
7109,2019-07-24,7,9,2
7110,2019-07-24,6,10,4
7111,2019-07-24,9,9,0
7112,2019-07-24,8,16,8
7113,2019-07-24,60,58,-2
7114,2019-07-24,107,139,32
7115,2019-07-24,18,12,-6
7116,2019-07-24,5,6,1
7117,2019-07-24,5,5,0
7119,2019-07-24,9,9,0
7120,2019-07-24,4,5,1
7121,2019-07-24,4,8,4
7122,2019-07-24,10,10,0
7123,2019-07-24,7,7,0
7124,2019-07-24,27,23,-4
7125,2019-07-24,31,31,0
7126,2019-07-24,9,7,-2
7127,2019-07-24,39,44,5
7128,2019-07-24,11,9,-2
7129,2019-07-24,11,8,-3
7130,2019-07-24,9,11,2
7131,2019-07-24,10,13,3
7132,2019-07-24,2,4,2
7133,2019-07-24,6,8,2
7134,2019-07-24,5,3,-2
7135,2019-07-24,3,6,3
7136,2019-07-24,8,5,-3
7137,2019-07-24,11,7,-4
7138,2019-07-24,2,3,1
7139,2019-07-24,63,67,4
7140,2019-07-24,23,23,0
7141,2019-07-24,38,44,6
7142,2019-07-24,10,16,6
7143,2019-07-24,21,20,-1
7144,2019-07-24,57,64,7
7145,2019-07-24,15,14,-1
7146,2019-07-24,19,26,7
7147,2019-07-24,58,59,1
7148,2019-07-24,14,15,1
7149,2019-07-24,19,16,-3
10002,2019-07-24,133,107,-26
4000,2019-07-25,59,91,32
4001,2019-07-25,11,13,2
4002,2019-07-25,27,35,8
5002,2019-07-25,3,3,0
5003,2019-07-25,3,4,1
5004,2019-07-25,6,8,2
5005,2019-07-25,3,0,-3
5006,2019-07-25,4,3,-1
5007,2019-07-25,14,23,9
6001,2019-07-25,77,113,36
6002,2019-07-25,60,97,37
6003,2019-07-25,115,127,12
6004,2019-07-25,64,63,-1
6005,2019-07-25,132,143,11
6006,2019-07-25,40,32,-8
6007,2019-07-25,43,53,10
6008,2019-07-25,54,85,31
6009,2019-07-25,98,95,-3
6011,2019-07-25,94,110,16
6012,2019-07-25,191,333,142
6013,2019-07-25,52,53,1
6014,2019-07-25,102,114,12
6015,2019-07-25,195,286,91
6016,2019-07-25,24,27,3
6017,2019-07-25,61,68,7
6018,2019-07-25,70,86,16
6019,2019-07-25,192,98,-94
6020,2019-07-25,91,136,45
6021,2019-07-25,75,75,0
6022,2019-07-25,52,55,3
6023,2019-07-25,187,235,48
6024,2019-07-25,5,6,1
6025,2019-07-25,50,48,-2
6026,2019-07-25,204,295,91
6027,2019-07-25,136,133,-3
6029,2019-07-25,35,39,4
6031,2019-07-25,54,72,18
6032,2019-07-25,92,184,92
6033,2019-07-25,21,18,-3
6034,2019-07-25,31,30,-1
6035,2019-07-25,21,48,27
6036,2019-07-25,249,357,108
6037,2019-07-25,58,77,19
6038,2019-07-25,119,115,-4
6039,2019-07-25,102,124,22
6040,2019-07-25,68,75,7
6041,2019-07-25,83,79,-4
6042,2019-07-25,103,91,-12
6043,2019-07-25,210,415,205
6044,2019-07-25,113,102,-11
6046,2019-07-25,162,152,-10
6047,2019-07-25,68,46,-22
6048,2019-07-25,65,59,-6
6049,2019-07-25,104,122,18
6050,2019-07-25,42,57,15
6051,2019-07-25,45,45,0
6052,2019-07-25,300,433,133
6053,2019-07-25,288,303,15
6057,2019-07-25,118,102,-16
6058,2019-07-25,82,81,-1
6059,2019-07-25,101,70,-31
6060,2019-07-25,35,27,-8
6061,2019-07-25,101,81,-20
6062,2019-07-25,90,68,-22
6063,2019-07-25,118,102,-16
6064,2019-07-25,227,214,-13
6065,2019-07-25,69,58,-11
6066,2019-07-25,56,27,-29
6067,2019-07-25,71,68,-3
6068,2019-07-25,13,21,8
6070,2019-07-25,163,149,-14
6072,2019-07-25,108,81,-27
6073,2019-07-25,223,200,-23
6075,2019-07-25,58,24,-34
6076,2019-07-25,35,34,-1
6078,2019-07-25,78,64,-14
6079,2019-07-25,112,90,-22
6080,2019-07-25,164,157,-7
6081,2019-07-25,36,29,-7
6082,2019-07-25,20,26,6
6083,2019-07-25,174,193,19
6084,2019-07-25,71,90,19
6085,2019-07-25,123,197,74
6086,2019-07-25,25,45,20
6087,2019-07-25,117,155,38
6088,2019-07-25,86,100,14
6089,2019-07-25,69,76,7
6090,2019-07-25,55,61,6
6091,2019-07-25,54,51,-3
6092,2019-07-25,84,79,-5
6093,2019-07-25,38,27,-11
6094,2019-07-25,45,43,-2
6095,2019-07-25,152,129,-23
6096,2019-07-25,50,72,22
6097,2019-07-25,104,63,-41
6098,2019-07-25,57,26,-31
6099,2019-07-25,118,153,35
6100,2019-07-25,294,284,-10
6101,2019-07-25,56,24,-32
6102,2019-07-25,43,41,-2
6103,2019-07-25,21,27,6
6104,2019-07-25,93,116,23
6105,2019-07-25,48,78,30
6106,2019-07-25,33,45,12
6107,2019-07-25,115,91,-24
6108,2019-07-25,52,62,10
6109,2019-07-25,9,18,9
6110,2019-07-25,28,40,12
6111,2019-07-25,52,70,18
6112,2019-07-25,97,127,30
6113,2019-07-25,40,49,9
6114,2019-07-25,206,229,23
6115,2019-07-25,28,25,-3
6116,2019-07-25,50,76,26
6117,2019-07-25,103,103,0
6118,2019-07-25,80,103,23
6119,2019-07-25,100,122,22
6120,2019-07-25,94,137,43
6121,2019-07-25,32,54,22
6122,2019-07-25,31,35,4
6123,2019-07-25,34,51,17
6124,2019-07-25,60,71,11
6125,2019-07-25,35,25,-10
6126,2019-07-25,45,63,18
6127,2019-07-25,66,61,-5
6128,2019-07-25,37,36,-1
6129,2019-07-25,70,70,0
6130,2019-07-25,22,24,2
6131,2019-07-25,106,76,-30
6132,2019-07-25,52,70,18
6133,2019-07-25,99,95,-4
6134,2019-07-25,46,43,-3
6136,2019-07-25,343,265,-78
6137,2019-07-25,96,103,7
6138,2019-07-25,77,59,-18
6139,2019-07-25,51,46,-5
6140,2019-07-25,109,121,12
6141,2019-07-25,67,64,-3
6142,2019-07-25,161,120,-41
6143,2019-07-25,108,89,-19
6145,2019-07-25,92,75,-17
6146,2019-07-25,73,53,-20
6147,2019-07-25,114,60,-54
6148,2019-07-25,152,112,-40
6149,2019-07-25,56,55,-1
6150,2019-07-25,88,83,-5
6151,2019-07-25,89,88,-1
6152,2019-07-25,171,162,-9
6153,2019-07-25,87,83,-4
6154,2019-07-25,170,171,1
6155,2019-07-25,161,144,-17
6156,2019-07-25,76,82,6
6157,2019-07-25,128,130,2
6158,2019-07-25,80,78,-2
6159,2019-07-25,41,51,10
6160,2019-07-25,54,44,-10
6161,2019-07-25,50,43,-7
6162,2019-07-25,20,25,5
6163,2019-07-25,128,114,-14
6164,2019-07-25,103,117,14
6165,2019-07-25,154,179,25
6166,2019-07-25,127,79,-48
6167,2019-07-25,43,47,4
6168,2019-07-25,78,67,-11
6169,2019-07-25,219,184,-35
6170,2019-07-25,87,72,-15
6171,2019-07-25,57,72,15
6173,2019-07-25,143,80,-63
6174,2019-07-25,109,92,-17
6175,2019-07-25,94,59,-35
6176,2019-07-25,131,120,-11
6177,2019-07-25,92,91,-1
6178,2019-07-25,154,145,-9
6179,2019-07-25,94,97,3
6180,2019-07-25,83,95,12
6181,2019-07-25,152,127,-25
6182,2019-07-25,78,51,-27
6183,2019-07-25,124,92,-32
6184,2019-07-25,290,264,-26
6185,2019-07-25,36,28,-8
6186,2019-07-25,110,74,-36
6187,2019-07-25,141,145,4
6188,2019-07-25,67,51,-16
6189,2019-07-25,31,28,-3
6190,2019-07-25,117,83,-34
6191,2019-07-25,72,77,5
6192,2019-07-25,42,33,-9
6193,2019-07-25,124,117,-7
6194,2019-07-25,204,175,-29
6195,2019-07-25,91,47,-44
6196,2019-07-25,155,124,-31
6197,2019-07-25,59,46,-13
6198,2019-07-25,19,17,-2
6199,2019-07-25,149,132,-17
6200,2019-07-25,133,135,2
6201,2019-07-25,115,89,-26
6202,2019-07-25,151,121,-30
6203,2019-07-25,117,100,-17
6204,2019-07-25,114,93,-21
6205,2019-07-25,96,81,-15
6206,2019-07-25,199,160,-39
6207,2019-07-25,98,95,-3
6208,2019-07-25,118,123,5
6209,2019-07-25,169,121,-48
6210,2019-07-25,60,58,-2
6211,2019-07-25,213,185,-28
6212,2019-07-25,132,98,-34
6213,2019-07-25,154,136,-18
6214,2019-07-25,91,86,-5
6215,2019-07-25,86,83,-3
6216,2019-07-25,251,220,-31
6217,2019-07-25,166,113,-53
6218,2019-07-25,80,63,-17
6219,2019-07-25,69,61,-8
6220,2019-07-25,124,112,-12
6221,2019-07-25,233,208,-25
6222,2019-07-25,132,97,-35
6223,2019-07-25,140,115,-25
6224,2019-07-25,99,91,-8
6225,2019-07-25,95,59,-36
6226,2019-07-25,40,38,-2
6227,2019-07-25,210,203,-7
6228,2019-07-25,37,24,-13
6229,2019-07-25,81,62,-19
6230,2019-07-25,122,104,-18
6231,2019-07-25,139,130,-9
6232,2019-07-25,54,38,-16
6233,2019-07-25,135,112,-23
6234,2019-07-25,65,49,-16
6235,2019-07-25,76,76,0
6236,2019-07-25,102,89,-13
6237,2019-07-25,68,66,-2
6240,2019-07-25,26,44,18
6241,2019-07-25,68,65,-3
6243,2019-07-25,94,82,-12
6245,2019-07-25,68,45,-23
6246,2019-07-25,70,74,4
6247,2019-07-25,127,102,-25
6248,2019-07-25,205,173,-32
6249,2019-07-25,68,56,-12
6250,2019-07-25,106,101,-5
6251,2019-07-25,35,26,-9
6252,2019-07-25,59,58,-1
6253,2019-07-25,77,58,-19
6254,2019-07-25,94,79,-15
6255,2019-07-25,85,71,-14
6257,2019-07-25,68,57,-11
6258,2019-07-25,116,84,-32
6259,2019-07-25,50,49,-1
6260,2019-07-25,58,52,-6
6261,2019-07-25,49,45,-4
6262,2019-07-25,71,67,-4
6263,2019-07-25,19,18,-1
6265,2019-07-25,67,65,-2
6267,2019-07-25,66,60,-6
6268,2019-07-25,90,76,-14
6269,2019-07-25,37,44,7
6270,2019-07-25,53,40,-13
6271,2019-07-25,2,2,0
6272,2019-07-25,37,36,-1
6273,2019-07-25,41,34,-7
6274,2019-07-25,51,46,-5
6275,2019-07-25,35,37,2
6276,2019-07-25,56,61,5
6277,2019-07-25,76,71,-5
6278,2019-07-25,25,24,-1
6279,2019-07-25,15,19,4
6280,2019-07-25,92,90,-2
6281,2019-07-25,36,37,1
6301,2019-07-25,20,12,-8
6302,2019-07-25,11,8,-3
6303,2019-07-25,29,18,-11
6304,2019-07-25,5,11,6
6305,2019-07-25,23,17,-6
6306,2019-07-25,48,22,-26
6307,2019-07-25,80,80,0
6309,2019-07-25,35,34,-1
6310,2019-07-25,94,37,-57
6311,2019-07-25,57,58,1
6312,2019-07-25,29,40,11
6313,2019-07-25,51,72,21
6314,2019-07-25,58,60,2
6315,2019-07-25,115,56,-59
6316,2019-07-25,65,26,-39
6321,2019-07-25,115,99,-16
6322,2019-07-25,34,27,-7
6323,2019-07-25,17,11,-6
6324,2019-07-25,28,32,4
6327,2019-07-25,50,47,-3
6328,2019-07-25,45,31,-14
6329,2019-07-25,35,28,-7
6330,2019-07-25,30,25,-5
6331,2019-07-25,28,30,2
6332,2019-07-25,34,38,4
6333,2019-07-25,22,26,4
6334,2019-07-25,78,79,1
6335,2019-07-25,41,33,-8
6336,2019-07-25,39,42,3
6338,2019-07-25,48,39,-9
6339,2019-07-25,28,27,-1
6340,2019-07-25,38,42,4
6341,2019-07-25,30,46,16
6343,2019-07-25,53,54,1
6345,2019-07-25,23,22,-1
6346,2019-07-25,15,11,-4
6347,2019-07-25,35,30,-5
6349,2019-07-25,39,45,6
6350,2019-07-25,56,53,-3
6354,2019-07-25,52,50,-2
6355,2019-07-25,34,60,26
6356,2019-07-25,38,30,-8
6357,2019-07-25,22,19,-3
6358,2019-07-25,31,27,-4
6359,2019-07-25,159,175,16
6360,2019-07-25,39,31,-8
6361,2019-07-25,47,43,-4
6362,2019-07-25,44,42,-2
6363,2019-07-25,17,16,-1
6364,2019-07-25,51,38,-13
6366,2019-07-25,39,32,-7
6368,2019-07-25,86,90,4
6369,2019-07-25,46,53,7
6370,2019-07-25,48,46,-2
6371,2019-07-25,104,93,-11
6372,2019-07-25,100,100,0
6373,2019-07-25,37,39,2
6374,2019-07-25,53,44,-9
6375,2019-07-25,79,102,23
6376,2019-07-25,36,28,-8
6377,2019-07-25,50,53,3
6379,2019-07-25,39,39,0
6380,2019-07-25,34,26,-8
6381,2019-07-25,70,64,-6
6383,2019-07-25,33,24,-9
6384,2019-07-25,17,13,-4
6385,2019-07-25,59,60,1
6386,2019-07-25,90,99,9
6387,2019-07-25,81,99,18
6388,2019-07-25,26,29,3
6389,2019-07-25,57,45,-12
6391,2019-07-25,69,98,29
6393,2019-07-25,70,104,34
6394,2019-07-25,74,106,32
6395,2019-07-25,85,94,9
6396,2019-07-25,110,100,-10
6397,2019-07-25,59,86,27
6398,2019-07-25,52,62,10
6401,2019-07-25,80,83,3
6402,2019-07-25,65,91,26
6403,2019-07-25,41,49,8
6404,2019-07-25,18,30,12
6405,2019-07-25,67,78,11
6406,2019-07-25,149,205,56
6407,2019-07-25,24,38,14
6408,2019-07-25,61,57,-4
6409,2019-07-25,24,30,6
6410,2019-07-25,66,73,7
6411,2019-07-25,164,143,-21
6412,2019-07-25,31,37,6
6413,2019-07-25,33,55,22
6414,2019-07-25,23,44,21
6415,2019-07-25,20,20,0
6416,2019-07-25,28,20,-8
6417,2019-07-25,35,45,10
6418,2019-07-25,13,15,2
6419,2019-07-25,23,31,8
6420,2019-07-25,29,27,-2
6421,2019-07-25,64,59,-5
6422,2019-07-25,18,23,5
6423,2019-07-25,36,19,-17
6424,2019-07-25,49,103,54
6425,2019-07-25,50,56,6
6426,2019-07-25,82,85,3
6427,2019-07-25,78,77,-1
6428,2019-07-25,22,27,5
6429,2019-07-25,42,53,11
6432,2019-07-25,99,101,2
6433,2019-07-25,47,45,-2
6434,2019-07-25,97,98,1
6435,2019-07-25,56,49,-7
6436,2019-07-25,33,27,-6
6501,2019-07-25,96,101,5
6502,2019-07-25,22,17,-5
6503,2019-07-25,90,77,-13
6504,2019-07-25,28,16,-12
6700,2019-07-25,32,58,26
6701,2019-07-25,97,83,-14
6702,2019-07-25,20,25,5
6703,2019-07-25,75,71,-4
6704,2019-07-25,46,33,-13
6705,2019-07-25,22,31,9
6706,2019-07-25,35,38,3
6707,2019-07-25,26,31,5
6708,2019-07-25,62,112,50
6709,2019-07-25,32,26,-6
6710,2019-07-25,25,20,-5
6711,2019-07-25,20,21,1
6712,2019-07-25,23,25,2
6713,2019-07-25,11,12,1
6714,2019-07-25,5,4,-1
6715,2019-07-25,38,42,4
6716,2019-07-25,9,12,3
6717,2019-07-25,10,16,6
6718,2019-07-25,33,36,3
6719,2019-07-25,22,23,1
6720,2019-07-25,31,39,8
6721,2019-07-25,18,18,0
6722,2019-07-25,14,18,4
6723,2019-07-25,32,26,-6
6724,2019-07-25,65,68,3
6725,2019-07-25,34,23,-11
6726,2019-07-25,19,14,-5
6727,2019-07-25,85,101,16
6728,2019-07-25,22,24,2
6729,2019-07-25,144,149,5
6730,2019-07-25,22,15,-7
6731,2019-07-25,21,16,-5
6732,2019-07-25,33,40,7
6733,2019-07-25,25,33,8
6734,2019-07-25,59,48,-11
6735,2019-07-25,12,13,1
6736,2019-07-25,15,15,0
6737,2019-07-25,22,28,6
6738,2019-07-25,111,81,-30
6739,2019-07-25,6,9,3
6741,2019-07-25,24,33,9
6742,2019-07-25,77,76,-1
6744,2019-07-25,37,39,2
6745,2019-07-25,28,31,3
6746,2019-07-25,24,23,-1
6747,2019-07-25,60,66,6
6748,2019-07-25,109,125,16
6749,2019-07-25,61,60,-1
6750,2019-07-25,63,51,-12
6752,2019-07-25,27,35,8
6753,2019-07-25,24,27,3
6754,2019-07-25,23,19,-4
6901,2019-07-25,61,63,2
6902,2019-07-25,97,116,19
6903,2019-07-25,137,154,17
6904,2019-07-25,41,33,-8
6905,2019-07-25,53,46,-7
6906,2019-07-25,187,111,-76
6907,2019-07-25,95,84,-11
6908,2019-07-25,69,60,-9
6910,2019-07-25,102,88,-14
6912,2019-07-25,183,114,-69
6913,2019-07-25,47,35,-12
6915,2019-07-25,105,86,-19
6916,2019-07-25,41,34,-7
6917,2019-07-25,26,26,0
6918,2019-07-25,32,27,-5
6919,2019-07-25,25,29,4
6921,2019-07-25,87,93,6
6923,2019-07-25,44,43,-1
6924,2019-07-25,31,27,-4
6925,2019-07-25,51,47,-4
6926,2019-07-25,86,64,-22
6927,2019-07-25,88,57,-31
6928,2019-07-25,50,23,-27
6929,2019-07-25,45,32,-13
6930,2019-07-25,36,36,0
7001,2019-07-25,38,42,4
7002,2019-07-25,25,30,5
7003,2019-07-25,124,90,-34
7004,2019-07-25,26,17,-9
7005,2019-07-25,4,8,4
7006,2019-07-25,27,30,3
7007,2019-07-25,18,28,10
7008,2019-07-25,30,26,-4
7009,2019-07-25,113,137,24
7010,2019-07-25,14,20,6
7011,2019-07-25,83,105,22
7012,2019-07-25,54,74,20
7013,2019-07-25,37,35,-2
7014,2019-07-25,65,38,-27
7015,2019-07-25,29,33,4
7016,2019-07-25,12,13,1
7017,2019-07-25,39,56,17
7018,2019-07-25,36,57,21
7019,2019-07-25,137,140,3
7020,2019-07-25,32,40,8
7021,2019-07-25,38,41,3
7022,2019-07-25,52,41,-11
7023,2019-07-25,6,6,0
7024,2019-07-25,56,47,-9
7025,2019-07-25,75,76,1
7026,2019-07-25,95,83,-12
7027,2019-07-25,64,70,6
7028,2019-07-25,131,113,-18
7029,2019-07-25,51,41,-10
7030,2019-07-25,59,56,-3
7031,2019-07-25,51,49,-2
7032,2019-07-25,131,83,-48
7033,2019-07-25,88,74,-14
7034,2019-07-25,45,80,35
7035,2019-07-25,61,62,1
7036,2019-07-25,57,59,2
7037,2019-07-25,55,57,2
7038,2019-07-25,94,91,-3
7039,2019-07-25,25,32,7
7040,2019-07-25,72,104,32
7041,2019-07-25,132,120,-12
7042,2019-07-25,53,64,11
7043,2019-07-25,22,26,4
7044,2019-07-25,18,14,-4
7045,2019-07-25,81,82,1
7046,2019-07-25,130,135,5
7047,2019-07-25,161,226,65
7048,2019-07-25,24,16,-8
7049,2019-07-25,17,26,9
7050,2019-07-25,42,49,7
7051,2019-07-25,11,20,9
7052,2019-07-25,60,71,11
7053,2019-07-25,65,74,9
7054,2019-07-25,77,88,11
7055,2019-07-25,30,37,7
7056,2019-07-25,20,28,8
7057,2019-07-25,46,62,16
7058,2019-07-25,38,52,14
7059,2019-07-25,42,40,-2
7060,2019-07-25,38,47,9
7061,2019-07-25,30,19,-11
7062,2019-07-25,60,71,11
7063,2019-07-25,24,22,-2
7064,2019-07-25,30,36,6
7065,2019-07-25,41,43,2
7066,2019-07-25,107,186,79
7067,2019-07-25,94,75,-19
7068,2019-07-25,92,116,24
7069,2019-07-25,148,170,22
7070,2019-07-25,48,58,10
7071,2019-07-25,79,52,-27
7072,2019-07-25,38,25,-13
7073,2019-07-25,57,72,15
7074,2019-07-25,40,48,8
7075,2019-07-25,11,13,2
7076,2019-07-25,89,77,-12
7077,2019-07-25,60,70,10
7078,2019-07-25,33,42,9
7079,2019-07-25,50,72,22
7080,2019-07-25,107,97,-10
7081,2019-07-25,70,93,23
7082,2019-07-25,88,133,45
7083,2019-07-25,59,59,0
7084,2019-07-25,84,85,1
7087,2019-07-25,3,1,-2
7088,2019-07-25,1,4,3
7090,2019-07-25,8,16,8
7091,2019-07-25,7,5,-2
7092,2019-07-25,11,13,2
7093,2019-07-25,3,4,1
7094,2019-07-25,1,0,-1
7095,2019-07-25,17,19,2
7096,2019-07-25,44,51,7
7097,2019-07-25,9,10,1
7098,2019-07-25,7,6,-1
7099,2019-07-25,12,8,-4
7100,2019-07-25,4,6,2
7101,2019-07-25,16,12,-4
7102,2019-07-25,16,25,9
7103,2019-07-25,20,21,1
7104,2019-07-25,2,7,5
7105,2019-07-25,5,7,2
7106,2019-07-25,5,5,0
7107,2019-07-25,7,5,-2
7108,2019-07-25,13,16,3
7109,2019-07-25,12,11,-1
7110,2019-07-25,9,10,1
7111,2019-07-25,5,9,4
7112,2019-07-25,13,13,0
7113,2019-07-25,84,82,-2
7114,2019-07-25,124,141,17
7115,2019-07-25,17,15,-2
7116,2019-07-25,12,13,1
7117,2019-07-25,3,5,2
7118,2019-07-25,3,3,0
7119,2019-07-25,12,13,1
7120,2019-07-25,4,7,3
7121,2019-07-25,10,10,0
7122,2019-07-25,6,9,3
7123,2019-07-25,3,3,0
7124,2019-07-25,35,15,-20
7125,2019-07-25,28,26,-2
7126,2019-07-25,11,9,-2
7127,2019-07-25,34,46,12
7128,2019-07-25,9,9,0
7129,2019-07-25,10,7,-3
7130,2019-07-25,11,11,0
7131,2019-07-25,10,9,-1
7132,2019-07-25,6,8,2
7133,2019-07-25,3,5,2
7134,2019-07-25,3,5,2
7135,2019-07-25,8,9,1
7136,2019-07-25,5,6,1
7137,2019-07-25,14,18,4
7138,2019-07-25,11,11,0
7139,2019-07-25,35,33,-2
7140,2019-07-25,22,27,5
7141,2019-07-25,27,34,7
7142,2019-07-25,9,20,11
7143,2019-07-25,31,36,5
7144,2019-07-25,62,67,5
7145,2019-07-25,16,19,3
7146,2019-07-25,25,32,7
7147,2019-07-25,37,46,9
7148,2019-07-25,7,17,10
7149,2019-07-25,17,22,5
10002,2019-07-25,115,120,5
4000,2019-07-26,73,90,17
4001,2019-07-26,11,14,3
4002,2019-07-26,18,24,6
5002,2019-07-26,7,4,-3
5003,2019-07-26,5,8,3
5004,2019-07-26,4,0,-4
5005,2019-07-26,3,7,4
5006,2019-07-26,5,7,2
5007,2019-07-26,23,17,-6
6001,2019-07-26,97,134,37
6002,2019-07-26,64,68,4
6003,2019-07-26,99,105,6
6004,2019-07-26,66,68,2
6005,2019-07-26,139,106,-33
6006,2019-07-26,46,32,-14
6007,2019-07-26,33,39,6
6008,2019-07-26,57,61,4
6009,2019-07-26,93,100,7
6011,2019-07-26,69,84,15
6012,2019-07-26,198,318,120
6013,2019-07-26,48,81,33
6014,2019-07-26,85,88,3
6015,2019-07-26,170,284,114
6016,2019-07-26,19,18,-1
6017,2019-07-26,68,77,9
6018,2019-07-26,65,99,34
6019,2019-07-26,175,113,-62
6020,2019-07-26,91,135,44
6021,2019-07-26,88,75,-13
6022,2019-07-26,81,87,6
6023,2019-07-26,180,241,61
6024,2019-07-26,2,6,4
6025,2019-07-26,53,57,4
6026,2019-07-26,216,311,95
6027,2019-07-26,156,167,11
6029,2019-07-26,40,42,2
6031,2019-07-26,52,82,30
6032,2019-07-26,66,189,123
6033,2019-07-26,18,18,0
6034,2019-07-26,34,33,-1
6035,2019-07-26,29,54,25
6036,2019-07-26,270,389,119
6037,2019-07-26,63,78,15
6038,2019-07-26,114,137,23
6039,2019-07-26,107,113,6
6040,2019-07-26,79,96,17
6041,2019-07-26,79,80,1
6042,2019-07-26,93,94,1
6043,2019-07-26,186,380,194
6044,2019-07-26,101,81,-20
6046,2019-07-26,127,132,5
6047,2019-07-26,67,47,-20
6048,2019-07-26,36,42,6
6049,2019-07-26,86,100,14
6050,2019-07-26,45,63,18
6051,2019-07-26,59,57,-2
6052,2019-07-26,348,448,100
6053,2019-07-26,247,248,1
6057,2019-07-26,107,93,-14
6058,2019-07-26,85,84,-1
6059,2019-07-26,91,62,-29
6060,2019-07-26,46,27,-19
6061,2019-07-26,128,98,-30
6062,2019-07-26,92,83,-9
6063,2019-07-26,124,93,-31
6064,2019-07-26,162,151,-11
6065,2019-07-26,59,34,-25
6066,2019-07-26,47,19,-28
6067,2019-07-26,75,65,-10
6068,2019-07-26,18,27,9
6070,2019-07-26,225,180,-45
6072,2019-07-26,92,75,-17
6073,2019-07-26,198,207,9
6075,2019-07-26,54,21,-33
6076,2019-07-26,32,35,3
6078,2019-07-26,68,69,1
6079,2019-07-26,74,69,-5
6080,2019-07-26,156,159,3
6081,2019-07-26,70,47,-23
6082,2019-07-26,19,18,-1
6083,2019-07-26,126,154,28
6084,2019-07-26,75,99,24
6085,2019-07-26,107,177,70
6086,2019-07-26,22,51,29
6087,2019-07-26,135,169,34
6088,2019-07-26,90,97,7
6089,2019-07-26,60,51,-9
6090,2019-07-26,73,70,-3
6091,2019-07-26,61,55,-6
6092,2019-07-26,88,105,17
6093,2019-07-26,40,27,-13
6094,2019-07-26,33,33,0
6095,2019-07-26,146,121,-25
6096,2019-07-26,40,59,19
6097,2019-07-26,95,79,-16
6098,2019-07-26,45,31,-14
6099,2019-07-26,101,133,32
6100,2019-07-26,275,262,-13
6101,2019-07-26,55,42,-13
6102,2019-07-26,51,40,-11
6103,2019-07-26,35,39,4
6104,2019-07-26,112,146,34
6105,2019-07-26,56,62,6
6106,2019-07-26,27,33,6
6107,2019-07-26,101,77,-24
6108,2019-07-26,57,61,4
6109,2019-07-26,19,23,4
6110,2019-07-26,43,45,2
6111,2019-07-26,53,73,20
6112,2019-07-26,119,134,15
6113,2019-07-26,55,66,11
6114,2019-07-26,183,222,39
6115,2019-07-26,19,31,12
6116,2019-07-26,66,80,14
6117,2019-07-26,99,95,-4
6118,2019-07-26,69,104,35
6119,2019-07-26,90,107,17
6120,2019-07-26,58,111,53
6121,2019-07-26,30,41,11
6122,2019-07-26,32,36,4
6123,2019-07-26,28,20,-8
6124,2019-07-26,38,62,24
6125,2019-07-26,32,18,-14
6126,2019-07-26,51,62,11
6127,2019-07-26,78,69,-9
6128,2019-07-26,38,37,-1
6129,2019-07-26,64,64,0
6130,2019-07-26,24,17,-7
6131,2019-07-26,94,68,-26
6132,2019-07-26,62,70,8
6133,2019-07-26,107,85,-22
6134,2019-07-26,46,39,-7
6136,2019-07-26,297,231,-66
6137,2019-07-26,106,84,-22
6138,2019-07-26,76,61,-15
6139,2019-07-26,61,43,-18
6140,2019-07-26,110,107,-3
6141,2019-07-26,45,35,-10
6142,2019-07-26,121,108,-13
6143,2019-07-26,114,125,11
6145,2019-07-26,79,76,-3
6146,2019-07-26,73,55,-18
6147,2019-07-26,116,77,-39
6148,2019-07-26,138,122,-16
6149,2019-07-26,65,53,-12
6150,2019-07-26,85,73,-12
6151,2019-07-26,106,93,-13
6152,2019-07-26,142,151,9
6153,2019-07-26,83,66,-17
6154,2019-07-26,218,208,-10
6155,2019-07-26,164,145,-19
6156,2019-07-26,77,69,-8
6157,2019-07-26,144,132,-12
6158,2019-07-26,63,71,8
6159,2019-07-26,45,49,4
6160,2019-07-26,47,30,-17
6161,2019-07-26,64,51,-13
6162,2019-07-26,15,16,1
6163,2019-07-26,125,108,-17
6164,2019-07-26,104,113,9
6165,2019-07-26,226,225,-1
6166,2019-07-26,122,68,-54
6167,2019-07-26,53,41,-12
6168,2019-07-26,65,48,-17
6169,2019-07-26,186,164,-22
6170,2019-07-26,82,69,-13
6171,2019-07-26,43,54,11
6173,2019-07-26,102,81,-21
6174,2019-07-26,118,82,-36
6175,2019-07-26,93,58,-35
6176,2019-07-26,128,128,0
6177,2019-07-26,101,85,-16
6178,2019-07-26,167,155,-12
6179,2019-07-26,104,89,-15
6180,2019-07-26,65,76,11
6181,2019-07-26,138,86,-52
6182,2019-07-26,64,52,-12
6183,2019-07-26,109,93,-16
6184,2019-07-26,294,267,-27
6185,2019-07-26,29,26,-3
6186,2019-07-26,100,68,-32
6187,2019-07-26,121,128,7
6188,2019-07-26,56,58,2
6189,2019-07-26,29,29,0
6190,2019-07-26,112,68,-44
6191,2019-07-26,81,82,1
6192,2019-07-26,65,47,-18
6193,2019-07-26,132,131,-1
6194,2019-07-26,198,168,-30
6195,2019-07-26,91,68,-23
6196,2019-07-26,134,115,-19
6197,2019-07-26,62,56,-6
6198,2019-07-26,28,20,-8
6199,2019-07-26,148,119,-29
6200,2019-07-26,123,119,-4
6201,2019-07-26,78,56,-22
6202,2019-07-26,115,111,-4
6203,2019-07-26,98,96,-2
6204,2019-07-26,96,83,-13
6205,2019-07-26,99,91,-8
6206,2019-07-26,132,130,-2
6207,2019-07-26,47,43,-4
6208,2019-07-26,82,79,-3
6209,2019-07-26,138,112,-26
6210,2019-07-26,43,49,6
6211,2019-07-26,205,177,-28
6212,2019-07-26,103,67,-36
6213,2019-07-26,152,159,7
6214,2019-07-26,101,89,-12
6215,2019-07-26,118,79,-39
6216,2019-07-26,173,102,-71
6217,2019-07-26,119,82,-37
6218,2019-07-26,85,56,-29
6219,2019-07-26,86,70,-16
6220,2019-07-26,109,86,-23
6221,2019-07-26,237,190,-47
6222,2019-07-26,90,78,-12
6223,2019-07-26,111,89,-22
6224,2019-07-26,91,64,-27
6225,2019-07-26,97,62,-35
6226,2019-07-26,33,33,0
6227,2019-07-26,175,189,14
6228,2019-07-26,40,28,-12
6229,2019-07-26,57,49,-8
6230,2019-07-26,105,102,-3
6231,2019-07-26,125,124,-1
6232,2019-07-26,34,25,-9
6233,2019-07-26,84,89,5
6234,2019-07-26,61,53,-8
6235,2019-07-26,129,89,-40
6236,2019-07-26,85,72,-13
6237,2019-07-26,62,56,-6
6240,2019-07-26,32,27,-5
6241,2019-07-26,50,59,9
6243,2019-07-26,70,59,-11
6245,2019-07-26,68,49,-19
6246,2019-07-26,75,57,-18
6247,2019-07-26,155,132,-23
6248,2019-07-26,187,161,-26
6249,2019-07-26,62,68,6
6250,2019-07-26,96,92,-4
6251,2019-07-26,34,28,-6
6252,2019-07-26,51,51,0
6253,2019-07-26,61,58,-3
6254,2019-07-26,96,83,-13
6255,2019-07-26,94,94,0
6257,2019-07-26,63,53,-10
6258,2019-07-26,96,86,-10
6259,2019-07-26,60,48,-12
6260,2019-07-26,54,49,-5
6261,2019-07-26,60,57,-3
6262,2019-07-26,64,57,-7
6263,2019-07-26,21,23,2
6265,2019-07-26,68,67,-1
6267,2019-07-26,67,62,-5
6268,2019-07-26,69,67,-2
6269,2019-07-26,33,44,11
6270,2019-07-26,56,48,-8
6271,2019-07-26,1,1,0
6272,2019-07-26,31,29,-2
6273,2019-07-26,36,34,-2
6274,2019-07-26,46,33,-13
6275,2019-07-26,37,38,1
6276,2019-07-26,58,53,-5
6277,2019-07-26,86,76,-10
6278,2019-07-26,30,24,-6
6279,2019-07-26,25,28,3
6280,2019-07-26,106,108,2
6281,2019-07-26,38,22,-16
6301,2019-07-26,22,16,-6
6302,2019-07-26,16,13,-3
6303,2019-07-26,14,12,-2
6304,2019-07-26,14,8,-6
6305,2019-07-26,13,8,-5
6306,2019-07-26,53,14,-39
6307,2019-07-26,90,91,1
6309,2019-07-26,29,36,7
6310,2019-07-26,61,24,-37
6311,2019-07-26,51,33,-18
6312,2019-07-26,24,32,8
6313,2019-07-26,61,93,32
6314,2019-07-26,57,42,-15
6315,2019-07-26,83,53,-30
6316,2019-07-26,48,20,-28
6321,2019-07-26,134,125,-9
6322,2019-07-26,24,25,1
6323,2019-07-26,15,17,2
6324,2019-07-26,23,26,3
6327,2019-07-26,43,32,-11
6328,2019-07-26,43,36,-7
6329,2019-07-26,33,22,-11
6330,2019-07-26,26,30,4
6331,2019-07-26,30,19,-11
6332,2019-07-26,39,40,1
6333,2019-07-26,35,37,2
6334,2019-07-26,85,83,-2
6335,2019-07-26,35,46,11
6336,2019-07-26,46,39,-7
6338,2019-07-26,35,46,11
6339,2019-07-26,27,24,-3
6340,2019-07-26,34,25,-9
6341,2019-07-26,36,57,21
6343,2019-07-26,46,51,5
6345,2019-07-26,21,20,-1
6346,2019-07-26,12,6,-6
6347,2019-07-26,26,34,8
6349,2019-07-26,54,47,-7
6350,2019-07-26,53,65,12
6354,2019-07-26,47,40,-7
6355,2019-07-26,30,46,16
6356,2019-07-26,34,25,-9
6357,2019-07-26,23,19,-4
6358,2019-07-26,33,25,-8
6359,2019-07-26,141,191,50
6360,2019-07-26,35,34,-1
6361,2019-07-26,49,49,0
6362,2019-07-26,54,51,-3
6363,2019-07-26,21,16,-5
6364,2019-07-26,34,30,-4
6366,2019-07-26,35,27,-8
6368,2019-07-26,88,78,-10
6369,2019-07-26,34,34,0
6370,2019-07-26,46,39,-7
6371,2019-07-26,89,93,4
6372,2019-07-26,114,108,-6
6373,2019-07-26,50,48,-2
6374,2019-07-26,50,39,-11
6375,2019-07-26,66,78,12
6376,2019-07-26,26,35,9
6377,2019-07-26,54,54,0
6379,2019-07-26,33,38,5
6380,2019-07-26,30,17,-13
6381,2019-07-26,64,58,-6
6383,2019-07-26,41,27,-14
6384,2019-07-26,24,23,-1
6385,2019-07-26,72,68,-4
6386,2019-07-26,62,93,31
6387,2019-07-26,81,104,23
6388,2019-07-26,35,37,2
6389,2019-07-26,65,45,-20
6391,2019-07-26,68,96,28
6393,2019-07-26,72,117,45
6394,2019-07-26,80,110,30
6395,2019-07-26,85,105,20
6396,2019-07-26,103,107,4
6397,2019-07-26,56,76,20
6398,2019-07-26,46,48,2
6401,2019-07-26,68,75,7
6402,2019-07-26,56,72,16
6403,2019-07-26,32,40,8
6404,2019-07-26,19,40,21
6405,2019-07-26,49,82,33
6406,2019-07-26,182,250,68
6407,2019-07-26,17,42,25
6408,2019-07-26,44,65,21
6409,2019-07-26,27,28,1
6410,2019-07-26,67,66,-1
6411,2019-07-26,164,143,-21
6412,2019-07-26,42,46,4
6413,2019-07-26,35,48,13
6414,2019-07-26,26,41,15
6415,2019-07-26,41,28,-13
6416,2019-07-26,32,13,-19
6417,2019-07-26,25,23,-2
6418,2019-07-26,17,17,0
6419,2019-07-26,13,23,10
6420,2019-07-26,38,29,-9
6421,2019-07-26,52,35,-17
6422,2019-07-26,13,18,5
6423,2019-07-26,31,20,-11
6424,2019-07-26,48,105,57
6425,2019-07-26,65,74,9
6426,2019-07-26,102,113,11
6427,2019-07-26,59,77,18
6428,2019-07-26,20,23,3
6429,2019-07-26,45,54,9
6432,2019-07-26,84,79,-5
6433,2019-07-26,44,33,-11
6434,2019-07-26,87,77,-10
6435,2019-07-26,55,50,-5
6436,2019-07-26,18,21,3
6501,2019-07-26,177,184,7
6502,2019-07-26,34,35,1
6503,2019-07-26,74,69,-5
6504,2019-07-26,36,41,5
6700,2019-07-26,16,33,17
6701,2019-07-26,82,67,-15
6702,2019-07-26,21,22,1
6703,2019-07-26,65,65,0
6704,2019-07-26,31,34,3
6705,2019-07-26,15,19,4
6706,2019-07-26,27,32,5
6707,2019-07-26,30,32,2
6708,2019-07-26,72,122,50
6709,2019-07-26,31,34,3
6710,2019-07-26,19,20,1
6711,2019-07-26,22,28,6
6712,2019-07-26,29,35,6
6713,2019-07-26,15,16,1
6714,2019-07-26,6,4,-2
6715,2019-07-26,37,42,5
6716,2019-07-26,6,10,4
6717,2019-07-26,5,19,14
6718,2019-07-26,42,32,-10
6719,2019-07-26,28,17,-11
6720,2019-07-26,34,44,10
6721,2019-07-26,25,24,-1
6722,2019-07-26,14,16,2
6723,2019-07-26,22,28,6
6724,2019-07-26,76,85,9
6725,2019-07-26,28,37,9
6726,2019-07-26,9,19,10
6727,2019-07-26,92,95,3
6728,2019-07-26,29,21,-8
6729,2019-07-26,137,141,4
6730,2019-07-26,16,15,-1
6731,2019-07-26,25,20,-5
6732,2019-07-26,51,47,-4
6733,2019-07-26,39,36,-3
6734,2019-07-26,49,39,-10
6735,2019-07-26,14,16,2
6736,2019-07-26,21,22,1
6737,2019-07-26,25,22,-3
6738,2019-07-26,131,96,-35
6739,2019-07-26,7,6,-1
6741,2019-07-26,18,27,9
6742,2019-07-26,50,54,4
6744,2019-07-26,25,21,-4
6745,2019-07-26,27,23,-4
6746,2019-07-26,29,28,-1
6747,2019-07-26,59,65,6
6748,2019-07-26,107,130,23
6749,2019-07-26,61,67,6
6750,2019-07-26,48,49,1
6752,2019-07-26,27,30,3
6753,2019-07-26,28,24,-4
6754,2019-07-26,16,18,2
6901,2019-07-26,48,81,33
6902,2019-07-26,73,95,22
6903,2019-07-26,153,122,-31
6904,2019-07-26,36,34,-2
6905,2019-07-26,49,41,-8
6906,2019-07-26,163,115,-48
6907,2019-07-26,114,83,-31
6908,2019-07-26,69,70,1
6910,2019-07-26,106,108,2
6912,2019-07-26,169,133,-36
6913,2019-07-26,31,34,3
6915,2019-07-26,106,81,-25
6916,2019-07-26,34,32,-2
6917,2019-07-26,21,23,2
6918,2019-07-26,30,22,-8
6919,2019-07-26,35,27,-8
6921,2019-07-26,86,103,17
6923,2019-07-26,40,38,-2
6924,2019-07-26,31,28,-3
6925,2019-07-26,33,30,-3
6926,2019-07-26,81,68,-13
6927,2019-07-26,85,53,-32
6928,2019-07-26,30,11,-19
6929,2019-07-26,45,31,-14
6930,2019-07-26,23,29,6
7001,2019-07-26,45,34,-11
7002,2019-07-26,16,16,0
7003,2019-07-26,131,109,-22
7004,2019-07-26,18,23,5
7005,2019-07-26,7,5,-2
7006,2019-07-26,21,23,2
7007,2019-07-26,26,32,6
7008,2019-07-26,29,21,-8
7009,2019-07-26,82,120,38
7010,2019-07-26,14,15,1
7011,2019-07-26,103,115,12
7012,2019-07-26,49,63,14
7013,2019-07-26,25,25,0
7014,2019-07-26,61,34,-27
7015,2019-07-26,34,33,-1
7016,2019-07-26,11,11,0
7017,2019-07-26,41,42,1
7018,2019-07-26,39,48,9
7019,2019-07-26,126,125,-1
7020,2019-07-26,39,41,2
7021,2019-07-26,47,44,-3
7022,2019-07-26,53,38,-15
7023,2019-07-26,8,7,-1
7024,2019-07-26,60,39,-21
7025,2019-07-26,80,80,0
7026,2019-07-26,88,80,-8
7027,2019-07-26,43,37,-6
7028,2019-07-26,88,86,-2
7029,2019-07-26,53,58,5
7030,2019-07-26,80,64,-16
7031,2019-07-26,43,36,-7
7032,2019-07-26,109,73,-36
7033,2019-07-26,94,72,-22
7034,2019-07-26,48,86,38
7035,2019-07-26,56,47,-9
7036,2019-07-26,53,50,-3
7037,2019-07-26,54,51,-3
7038,2019-07-26,66,73,7
7039,2019-07-26,32,27,-5
7040,2019-07-26,85,98,13
7041,2019-07-26,144,132,-12
7042,2019-07-26,56,68,12
7043,2019-07-26,25,11,-14
7044,2019-07-26,10,11,1
7045,2019-07-26,95,92,-3
7046,2019-07-26,108,131,23
7047,2019-07-26,160,241,81
7048,2019-07-26,28,22,-6
7049,2019-07-26,23,22,-1
7050,2019-07-26,47,37,-10
7051,2019-07-26,20,20,0
7052,2019-07-26,54,74,20
7053,2019-07-26,47,57,10
7054,2019-07-26,50,80,30
7055,2019-07-26,35,50,15
7056,2019-07-26,17,19,2
7057,2019-07-26,60,69,9
7058,2019-07-26,45,48,3
7059,2019-07-26,33,35,2
7060,2019-07-26,43,48,5
7061,2019-07-26,29,23,-6
7062,2019-07-26,52,60,8
7063,2019-07-26,26,22,-4
7064,2019-07-26,25,27,2
7065,2019-07-26,50,35,-15
7066,2019-07-26,114,209,95
7067,2019-07-26,76,76,0
7068,2019-07-26,111,100,-11
7069,2019-07-26,117,149,32
7070,2019-07-26,51,51,0
7071,2019-07-26,82,54,-28
7072,2019-07-26,40,25,-15
7073,2019-07-26,82,77,-5
7074,2019-07-26,43,55,12
7075,2019-07-26,9,10,1
7076,2019-07-26,87,51,-36
7077,2019-07-26,55,71,16
7078,2019-07-26,37,47,10
7079,2019-07-26,53,72,19
7080,2019-07-26,125,113,-12
7081,2019-07-26,72,71,-1
7082,2019-07-26,88,107,19
7083,2019-07-26,106,86,-20
7084,2019-07-26,107,103,-4
7085,2019-07-26,1,0,-1
7086,2019-07-26,2,2,0
7088,2019-07-26,6,6,0
7090,2019-07-26,10,9,-1
7091,2019-07-26,9,11,2
7092,2019-07-26,8,6,-2
7093,2019-07-26,3,5,2
7094,2019-07-26,5,5,0
7095,2019-07-26,20,19,-1
7096,2019-07-26,33,36,3
7097,2019-07-26,10,11,1
7098,2019-07-26,5,10,5
7099,2019-07-26,7,7,0
7100,2019-07-26,5,2,-3
7101,2019-07-26,8,8,0
7102,2019-07-26,19,27,8
7103,2019-07-26,18,14,-4
7104,2019-07-26,3,3,0
7105,2019-07-26,9,17,8
7106,2019-07-26,4,4,0
7107,2019-07-26,5,5,0
7108,2019-07-26,15,14,-1
7109,2019-07-26,6,5,-1
7110,2019-07-26,9,8,-1
7111,2019-07-26,4,7,3
7112,2019-07-26,8,13,5
7113,2019-07-26,82,63,-19
7114,2019-07-26,117,133,16
7115,2019-07-26,22,14,-8
7116,2019-07-26,13,8,-5
7117,2019-07-26,3,7,4
7119,2019-07-26,10,9,-1
7120,2019-07-26,1,7,6
7121,2019-07-26,5,10,5
7122,2019-07-26,6,5,-1
7123,2019-07-26,3,5,2
7124,2019-07-26,8,10,2
7125,2019-07-26,27,27,0
7126,2019-07-26,12,8,-4
7127,2019-07-26,36,37,1
7128,2019-07-26,15,15,0
7129,2019-07-26,9,5,-4
7130,2019-07-26,5,7,2
7131,2019-07-26,9,11,2
7132,2019-07-26,3,3,0
7133,2019-07-26,6,9,3
7134,2019-07-26,5,3,-2
7135,2019-07-26,7,4,-3
7136,2019-07-26,3,1,-2
7137,2019-07-26,5,14,9
7138,2019-07-26,8,6,-2
7139,2019-07-26,45,51,6
7140,2019-07-26,26,27,1
7141,2019-07-26,52,49,-3
7142,2019-07-26,9,18,9
7143,2019-07-26,31,40,9
7144,2019-07-26,45,60,15
7145,2019-07-26,17,14,-3
7146,2019-07-26,16,26,10
7147,2019-07-26,46,42,-4
7148,2019-07-26,7,12,5
7149,2019-07-26,17,14,-3
10002,2019-07-26,105,106,1
4000,2019-07-27,47,58,11
4001,2019-07-27,14,12,-2
4002,2019-07-27,12,16,4
5002,2019-07-27,3,5,2
5003,2019-07-27,3,3,0
5004,2019-07-27,2,5,3
5005,2019-07-27,2,7,5
5006,2019-07-27,4,6,2
5007,2019-07-27,30,34,4
6001,2019-07-27,65,77,12
6002,2019-07-27,74,78,4
6003,2019-07-27,71,77,6
6004,2019-07-27,43,44,1
6005,2019-07-27,28,30,2
6006,2019-07-27,37,35,-2
6007,2019-07-27,41,31,-10
6008,2019-07-27,64,71,7
6009,2019-07-27,103,104,1
6011,2019-07-27,44,68,24
6012,2019-07-27,150,282,132
6013,2019-07-27,31,75,44
6014,2019-07-27,80,82,2
6015,2019-07-27,195,267,72
6016,2019-07-27,14,11,-3
6017,2019-07-27,63,82,19
6018,2019-07-27,64,74,10
6019,2019-07-27,106,94,-12
6020,2019-07-27,79,107,28
6021,2019-07-27,81,57,-24
6022,2019-07-27,39,33,-6
6023,2019-07-27,263,325,62
6024,2019-07-27,8,9,1
6025,2019-07-27,80,79,-1
6026,2019-07-27,363,572,209
6027,2019-07-27,72,67,-5
6029,2019-07-27,31,26,-5
6031,2019-07-27,57,60,3
6032,2019-07-27,82,141,59
6033,2019-07-27,16,8,-8
6034,2019-07-27,22,22,0
6035,2019-07-27,18,32,14
6036,2019-07-27,301,425,124
6037,2019-07-27,93,99,6
6038,2019-07-27,119,133,14
6039,2019-07-27,74,87,13
6040,2019-07-27,72,83,11
6041,2019-07-27,12,38,26
6042,2019-07-27,32,23,-9
6043,2019-07-27,58,83,25
6044,2019-07-27,99,97,-2
6046,2019-07-27,55,31,-24
6047,2019-07-27,39,23,-16
6048,2019-07-27,17,22,5
6049,2019-07-27,49,55,6
6050,2019-07-27,28,22,-6
6051,2019-07-27,35,29,-6
6052,2019-07-27,369,465,96
6053,2019-07-27,179,218,39
6057,2019-07-27,40,46,6
6058,2019-07-27,36,35,-1
6059,2019-07-27,39,23,-16
6060,2019-07-27,15,12,-3
6061,2019-07-27,74,70,-4
6062,2019-07-27,60,57,-3
6063,2019-07-27,84,63,-21
6064,2019-07-27,137,108,-29
6065,2019-07-27,71,57,-14
6066,2019-07-27,74,41,-33
6067,2019-07-27,38,30,-8
6068,2019-07-27,4,4,0
6070,2019-07-27,102,95,-7
6072,2019-07-27,38,22,-16
6073,2019-07-27,104,103,-1
6075,2019-07-27,23,22,-1
6076,2019-07-27,26,30,4
6078,2019-07-27,43,45,2
6079,2019-07-27,80,59,-21
6080,2019-07-27,94,111,17
6081,2019-07-27,26,24,-2
6082,2019-07-27,26,12,-14
6083,2019-07-27,61,64,3
6084,2019-07-27,57,72,15
6085,2019-07-27,57,101,44
6086,2019-07-27,85,103,18
6087,2019-07-27,114,124,10
6088,2019-07-27,47,57,10
6089,2019-07-27,30,19,-11
6090,2019-07-27,35,45,10
6091,2019-07-27,49,44,-5
6092,2019-07-27,68,47,-21
6093,2019-07-27,32,17,-15
6094,2019-07-27,42,43,1
6095,2019-07-27,104,89,-15
6096,2019-07-27,30,35,5
6097,2019-07-27,92,80,-12
6098,2019-07-27,30,17,-13
6099,2019-07-27,133,169,36
6100,2019-07-27,185,180,-5
6101,2019-07-27,31,23,-8
6102,2019-07-27,34,39,5
6103,2019-07-27,31,35,4
6104,2019-07-27,79,97,18
6105,2019-07-27,36,44,8
6106,2019-07-27,80,74,-6
6107,2019-07-27,104,77,-27
6108,2019-07-27,52,67,15
6109,2019-07-27,42,54,12
6110,2019-07-27,58,57,-1
6111,2019-07-27,73,84,11
6112,2019-07-27,123,129,6
6113,2019-07-27,76,63,-13
6114,2019-07-27,150,216,66
6115,2019-07-27,13,13,0
6116,2019-07-27,79,79,0
6117,2019-07-27,49,49,0
6118,2019-07-27,93,120,27
6119,2019-07-27,128,114,-14
6120,2019-07-27,83,106,23
6121,2019-07-27,15,27,12
6122,2019-07-27,25,29,4
6123,2019-07-27,45,44,-1
6124,2019-07-27,31,61,30
6125,2019-07-27,16,15,-1
6126,2019-07-27,33,52,19
6127,2019-07-27,52,52,0
6128,2019-07-27,34,47,13
6129,2019-07-27,83,70,-13
6130,2019-07-27,22,17,-5
6131,2019-07-27,91,51,-40
6132,2019-07-27,48,85,37
6133,2019-07-27,82,84,2
6134,2019-07-27,39,42,3
6136,2019-07-27,224,166,-58
6137,2019-07-27,130,107,-23
6138,2019-07-27,93,67,-26
6139,2019-07-27,58,52,-6
6140,2019-07-27,109,100,-9
6141,2019-07-27,46,34,-12
6142,2019-07-27,157,118,-39
6143,2019-07-27,164,157,-7
6145,2019-07-27,106,94,-12
6146,2019-07-27,106,77,-29
6147,2019-07-27,128,89,-39
6148,2019-07-27,148,113,-35
6149,2019-07-27,40,45,5
6150,2019-07-27,87,99,12
6151,2019-07-27,71,91,20
6152,2019-07-27,168,157,-11
6153,2019-07-27,53,36,-17
6154,2019-07-27,191,178,-13
6155,2019-07-27,133,104,-29
6156,2019-07-27,81,81,0
6157,2019-07-27,143,123,-20
6158,2019-07-27,68,55,-13
6159,2019-07-27,27,30,3
6160,2019-07-27,42,27,-15
6161,2019-07-27,52,55,3
6162,2019-07-27,10,12,2
6163,2019-07-27,123,108,-15
6164,2019-07-27,128,150,22
6165,2019-07-27,217,215,-2
6166,2019-07-27,106,93,-13
6167,2019-07-27,43,38,-5
6168,2019-07-27,47,35,-12
6169,2019-07-27,187,162,-25
6170,2019-07-27,122,116,-6
6171,2019-07-27,41,57,16
6173,2019-07-27,110,102,-8
6174,2019-07-27,104,80,-24
6175,2019-07-27,86,71,-15
6176,2019-07-27,147,145,-2
6177,2019-07-27,74,66,-8
6178,2019-07-27,156,135,-21
6179,2019-07-27,109,109,0
6180,2019-07-27,64,61,-3
6181,2019-07-27,118,83,-35
6182,2019-07-27,67,60,-7
6183,2019-07-27,98,78,-20
6184,2019-07-27,276,253,-23
6185,2019-07-27,20,14,-6
6186,2019-07-27,73,70,-3
6187,2019-07-27,129,133,4
6188,2019-07-27,46,43,-3
6189,2019-07-27,19,19,0
6190,2019-07-27,79,58,-21
6191,2019-07-27,59,61,2
6192,2019-07-27,38,20,-18
6193,2019-07-27,134,139,5
6194,2019-07-27,171,149,-22
6195,2019-07-27,90,58,-32
6196,2019-07-27,135,118,-17
6197,2019-07-27,42,34,-8
6198,2019-07-27,16,8,-8
6199,2019-07-27,85,73,-12
6200,2019-07-27,126,110,-16
6201,2019-07-27,73,63,-10
6202,2019-07-27,88,66,-22
6203,2019-07-27,95,79,-16
6204,2019-07-27,107,78,-29
6205,2019-07-27,90,62,-28
6206,2019-07-27,128,124,-4
6207,2019-07-27,34,40,6
6208,2019-07-27,41,43,2
6209,2019-07-27,119,110,-9
6210,2019-07-27,24,24,0
6211,2019-07-27,162,158,-4
6212,2019-07-27,93,60,-33
6213,2019-07-27,131,128,-3
6214,2019-07-27,128,82,-46
6215,2019-07-27,62,51,-11
6216,2019-07-27,201,116,-85
6217,2019-07-27,93,58,-35
6218,2019-07-27,54,44,-10
6219,2019-07-27,66,46,-20
6220,2019-07-27,107,70,-37
6221,2019-07-27,199,164,-35
6222,2019-07-27,102,69,-33
6223,2019-07-27,98,91,-7
6224,2019-07-27,78,68,-10
6225,2019-07-27,92,65,-27
6226,2019-07-27,9,12,3
6227,2019-07-27,155,142,-13
6228,2019-07-27,26,23,-3
6229,2019-07-27,63,44,-19
6230,2019-07-27,131,125,-6
6231,2019-07-27,118,110,-8
6232,2019-07-27,43,23,-20
6233,2019-07-27,145,114,-31
6234,2019-07-27,59,54,-5
6235,2019-07-27,37,22,-15
6236,2019-07-27,77,60,-17
6237,2019-07-27,67,55,-12
6240,2019-07-27,30,22,-8
6241,2019-07-27,44,41,-3
6243,2019-07-27,90,87,-3
6245,2019-07-27,39,38,-1
6246,2019-07-27,55,66,11
6247,2019-07-27,125,85,-40
6248,2019-07-27,175,133,-42
6249,2019-07-27,78,62,-16
6250,2019-07-27,165,157,-8
6251,2019-07-27,27,30,3
6252,2019-07-27,64,57,-7
6253,2019-07-27,55,42,-13
6254,2019-07-27,80,61,-19
6255,2019-07-27,111,92,-19
6257,2019-07-27,37,40,3
6258,2019-07-27,88,83,-5
6259,2019-07-27,52,48,-4
6260,2019-07-27,56,36,-20
6261,2019-07-27,58,50,-8
6262,2019-07-27,69,57,-12
6263,2019-07-27,21,15,-6
6265,2019-07-27,48,40,-8
6267,2019-07-27,72,76,4
6268,2019-07-27,54,57,3
6269,2019-07-27,32,32,0
6270,2019-07-27,42,33,-9
6271,2019-07-27,4,2,-2
6272,2019-07-27,37,31,-6
6273,2019-07-27,38,37,-1
6274,2019-07-27,50,35,-15
6275,2019-07-27,31,26,-5
6276,2019-07-27,52,39,-13
6277,2019-07-27,76,76,0
6278,2019-07-27,22,24,2
6279,2019-07-27,29,21,-8
6280,2019-07-27,83,85,2
6281,2019-07-27,33,20,-13
6301,2019-07-27,24,23,-1
6302,2019-07-27,12,8,-4
6303,2019-07-27,9,5,-4
6304,2019-07-27,16,11,-5
6305,2019-07-27,12,16,4
6306,2019-07-27,23,12,-11
6307,2019-07-27,101,101,0
6309,2019-07-27,29,33,4
6310,2019-07-27,46,21,-25
6311,2019-07-27,47,32,-15
6312,2019-07-27,24,36,12
6313,2019-07-27,100,101,1
6314,2019-07-27,56,49,-7
6315,2019-07-27,54,44,-10
6316,2019-07-27,48,23,-25
6321,2019-07-27,156,141,-15
6322,2019-07-27,27,33,6
6323,2019-07-27,10,15,5
6324,2019-07-27,22,20,-2
6327,2019-07-27,51,41,-10
6328,2019-07-27,40,27,-13
6329,2019-07-27,34,27,-7
6330,2019-07-27,24,23,-1
6331,2019-07-27,23,25,2
6332,2019-07-27,28,22,-6
6333,2019-07-27,21,15,-6
6334,2019-07-27,56,75,19
6335,2019-07-27,36,35,-1
6336,2019-07-27,32,27,-5
6338,2019-07-27,36,41,5
6339,2019-07-27,33,19,-14
6340,2019-07-27,33,39,6
6341,2019-07-27,49,64,15
6343,2019-07-27,45,36,-9
6345,2019-07-27,32,26,-6
6346,2019-07-27,18,15,-3
6347,2019-07-27,25,18,-7
6349,2019-07-27,29,40,11
6350,2019-07-27,44,32,-12
6354,2019-07-27,40,41,1
6355,2019-07-27,38,49,11
6356,2019-07-27,16,10,-6
6357,2019-07-27,18,18,0
6358,2019-07-27,35,32,-3
6359,2019-07-27,134,120,-14
6360,2019-07-27,31,25,-6
6361,2019-07-27,53,38,-15
6362,2019-07-27,38,33,-5
6363,2019-07-27,20,18,-2
6364,2019-07-27,38,26,-12
6366,2019-07-27,32,31,-1
6368,2019-07-27,61,62,1
6369,2019-07-27,23,26,3
6370,2019-07-27,48,36,-12
6371,2019-07-27,87,87,0
6372,2019-07-27,119,127,8
6373,2019-07-27,43,31,-12
6374,2019-07-27,47,38,-9
6375,2019-07-27,52,63,11
6376,2019-07-27,31,39,8
6377,2019-07-27,31,27,-4
6379,2019-07-27,17,25,8
6380,2019-07-27,19,15,-4
6381,2019-07-27,58,58,0
6383,2019-07-27,36,31,-5
6384,2019-07-27,27,18,-9
6385,2019-07-27,41,45,4
6386,2019-07-27,65,108,43
6387,2019-07-27,51,70,19
6388,2019-07-27,19,36,17
6389,2019-07-27,64,48,-16
6391,2019-07-27,75,95,20
6393,2019-07-27,62,66,4
6394,2019-07-27,110,126,16
6395,2019-07-27,107,125,18
6396,2019-07-27,66,91,25
6397,2019-07-27,68,88,20
6398,2019-07-27,36,50,14
6401,2019-07-27,61,71,10
6402,2019-07-27,77,92,15
6403,2019-07-27,24,42,18
6404,2019-07-27,28,25,-3
6405,2019-07-27,84,82,-2
6406,2019-07-27,266,318,52
6407,2019-07-27,11,24,13
6408,2019-07-27,33,34,1
6409,2019-07-27,23,26,3
6410,2019-07-27,36,38,2
6411,2019-07-27,100,69,-31
6412,2019-07-27,50,46,-4
6413,2019-07-27,15,17,2
6414,2019-07-27,26,23,-3
6415,2019-07-27,16,16,0
6416,2019-07-27,12,8,-4
6417,2019-07-27,26,35,9
6418,2019-07-27,10,18,8
6419,2019-07-27,11,17,6
6420,2019-07-27,33,28,-5
6421,2019-07-27,49,37,-12
6422,2019-07-27,8,7,-1
6423,2019-07-27,13,13,0
6424,2019-07-27,40,41,1
6425,2019-07-27,78,74,-4
6426,2019-07-27,63,83,20
6427,2019-07-27,57,65,8
6428,2019-07-27,18,23,5
6429,2019-07-27,33,39,6
6432,2019-07-27,56,48,-8
6433,2019-07-27,15,19,4
6434,2019-07-27,67,69,2
6435,2019-07-27,35,36,1
6436,2019-07-27,23,17,-6
6501,2019-07-27,291,304,13
6502,2019-07-27,61,67,6
6503,2019-07-27,58,49,-9
6504,2019-07-27,60,68,8
6700,2019-07-27,32,32,0
6701,2019-07-27,48,25,-23
6702,2019-07-27,18,22,4
6703,2019-07-27,108,107,-1
6704,2019-07-27,25,15,-10
6705,2019-07-27,19,23,4
6706,2019-07-27,18,23,5
6707,2019-07-27,27,30,3
6708,2019-07-27,43,71,28
6709,2019-07-27,27,27,0
6710,2019-07-27,9,11,2
6711,2019-07-27,20,19,-1
6712,2019-07-27,17,22,5
6713,2019-07-27,21,17,-4
6714,2019-07-27,2,6,4
6715,2019-07-27,60,52,-8
6716,2019-07-27,10,6,-4
6717,2019-07-27,4,5,1
6718,2019-07-27,20,16,-4
6719,2019-07-27,21,24,3
6720,2019-07-27,38,42,4
6721,2019-07-27,18,20,2
6722,2019-07-27,10,14,4
6723,2019-07-27,22,14,-8
6724,2019-07-27,86,91,5
6725,2019-07-27,30,36,6
6726,2019-07-27,14,11,-3
6727,2019-07-27,74,83,9
6728,2019-07-27,27,26,-1
6729,2019-07-27,165,164,-1
6730,2019-07-27,18,12,-6
6731,2019-07-27,17,20,3
6732,2019-07-27,33,48,15
6733,2019-07-27,25,25,0
6734,2019-07-27,56,41,-15
6735,2019-07-27,14,16,2
6736,2019-07-27,15,12,-3
6737,2019-07-27,15,14,-1
6738,2019-07-27,35,24,-11
6739,2019-07-27,6,6,0
6741,2019-07-27,18,12,-6
6742,2019-07-27,54,63,9
6744,2019-07-27,31,36,5
6745,2019-07-27,19,15,-4
6746,2019-07-27,4,17,13
6747,2019-07-27,35,40,5
6748,2019-07-27,66,88,22
6749,2019-07-27,69,61,-8
6750,2019-07-27,38,32,-6
6752,2019-07-27,10,14,4
6753,2019-07-27,12,10,-2
6754,2019-07-27,13,22,9
6901,2019-07-27,60,67,7
6902,2019-07-27,52,88,36
6903,2019-07-27,100,89,-11
6904,2019-07-27,29,27,-2
6905,2019-07-27,43,36,-7
6906,2019-07-27,130,84,-46
6907,2019-07-27,104,78,-26
6908,2019-07-27,72,68,-4
6910,2019-07-27,120,129,9
6912,2019-07-27,138,110,-28
6913,2019-07-27,52,45,-7
6915,2019-07-27,92,97,5
6916,2019-07-27,34,29,-5
6917,2019-07-27,17,22,5
6918,2019-07-27,22,24,2
6919,2019-07-27,30,18,-12
6921,2019-07-27,63,59,-4
6923,2019-07-27,39,36,-3
6924,2019-07-27,20,30,10
6925,2019-07-27,29,32,3
6926,2019-07-27,63,52,-11
6927,2019-07-27,43,24,-19
6928,2019-07-27,13,5,-8
6929,2019-07-27,26,24,-2
6930,2019-07-27,8,10,2
7001,2019-07-27,44,34,-10
7002,2019-07-27,8,7,-1
7003,2019-07-27,115,95,-20
7004,2019-07-27,8,13,5
7005,2019-07-27,8,6,-2
7006,2019-07-27,12,15,3
7007,2019-07-27,11,18,7
7008,2019-07-27,19,17,-2
7009,2019-07-27,67,93,26
7010,2019-07-27,18,17,-1
7011,2019-07-27,113,104,-9
7012,2019-07-27,53,58,5
7013,2019-07-27,28,20,-8
7014,2019-07-27,45,32,-13
7015,2019-07-27,37,34,-3
7016,2019-07-27,10,18,8
7017,2019-07-27,38,38,0
7018,2019-07-27,45,43,-2
7019,2019-07-27,24,34,10
7020,2019-07-27,27,33,6
7021,2019-07-27,47,46,-1
7022,2019-07-27,40,32,-8
7023,2019-07-27,3,7,4
7024,2019-07-27,49,38,-11
7025,2019-07-27,78,73,-5
7026,2019-07-27,71,59,-12
7027,2019-07-27,39,34,-5
7028,2019-07-27,49,39,-10
7029,2019-07-27,54,47,-7
7030,2019-07-27,60,68,8
7031,2019-07-27,44,45,1
7032,2019-07-27,70,56,-14
7033,2019-07-27,78,82,4
7034,2019-07-27,50,97,47
7035,2019-07-27,40,30,-10
7036,2019-07-27,46,45,-1
7037,2019-07-27,45,39,-6
7038,2019-07-27,82,58,-24
7039,2019-07-27,21,31,10
7040,2019-07-27,64,55,-9
7041,2019-07-27,95,97,2
7042,2019-07-27,49,47,-2
7043,2019-07-27,15,14,-1
7044,2019-07-27,6,8,2
7045,2019-07-27,87,99,12
7046,2019-07-27,44,46,2
7047,2019-07-27,156,197,41
7048,2019-07-27,26,27,1
7049,2019-07-27,23,33,10
7050,2019-07-27,27,39,12
7051,2019-07-27,16,20,4
7052,2019-07-27,25,22,-3
7053,2019-07-27,51,38,-13
7054,2019-07-27,82,110,28
7055,2019-07-27,43,63,20
7056,2019-07-27,20,27,7
7057,2019-07-27,42,46,4
7058,2019-07-27,63,70,7
7059,2019-07-27,23,30,7
7060,2019-07-27,33,38,5
7061,2019-07-27,25,25,0
7062,2019-07-27,41,36,-5
7063,2019-07-27,16,25,9
7064,2019-07-27,20,19,-1
7065,2019-07-27,44,37,-7
7066,2019-07-27,97,156,59
7067,2019-07-27,40,28,-12
7068,2019-07-27,94,109,15
7069,2019-07-27,81,147,66
7070,2019-07-27,37,39,2
7071,2019-07-27,34,31,-3
7072,2019-07-27,55,46,-9
7073,2019-07-27,80,69,-11
7074,2019-07-27,39,38,-1
7075,2019-07-27,11,15,4
7076,2019-07-27,59,61,2
7077,2019-07-27,235,399,164
7078,2019-07-27,29,26,-3
7079,2019-07-27,40,38,-2
7080,2019-07-27,60,66,6
7081,2019-07-27,81,115,34
7082,2019-07-27,73,87,14
7083,2019-07-27,50,49,-1
7084,2019-07-27,59,57,-2
7086,2019-07-27,3,4,1
7087,2019-07-27,3,3,0
7088,2019-07-27,3,3,0
7089,2019-07-27,1,2,1
7090,2019-07-27,10,12,2
7091,2019-07-27,9,16,7
7092,2019-07-27,4,7,3
7093,2019-07-27,5,6,1
7094,2019-07-27,5,7,2
7095,2019-07-27,14,13,-1
7096,2019-07-27,11,21,10
7097,2019-07-27,10,14,4
7098,2019-07-27,1,2,1
7099,2019-07-27,8,8,0
7100,2019-07-27,6,10,4
7101,2019-07-27,2,4,2
7102,2019-07-27,17,14,-3
7103,2019-07-27,36,44,8
7104,2019-07-27,3,1,-2
7105,2019-07-27,17,16,-1
7106,2019-07-27,4,3,-1
7107,2019-07-27,6,3,-3
7108,2019-07-27,10,12,2
7109,2019-07-27,2,6,4
7110,2019-07-27,12,12,0
7111,2019-07-27,5,5,0
7112,2019-07-27,15,11,-4
7113,2019-07-27,47,40,-7
7114,2019-07-27,104,137,33
7115,2019-07-27,11,10,-1
7116,2019-07-27,16,9,-7
7117,2019-07-27,4,3,-1
7118,2019-07-27,1,2,1
7119,2019-07-27,19,25,6
7120,2019-07-27,8,6,-2
7121,2019-07-27,5,5,0
7122,2019-07-27,2,3,1
7123,2019-07-27,5,7,2
7124,2019-07-27,21,14,-7
7125,2019-07-27,56,51,-5
7126,2019-07-27,5,4,-1
7127,2019-07-27,16,17,1
7128,2019-07-27,9,11,2
7129,2019-07-27,7,7,0
7130,2019-07-27,5,8,3
7131,2019-07-27,5,7,2
7133,2019-07-27,4,5,1
7134,2019-07-27,1,5,4
7135,2019-07-27,4,5,1
7136,2019-07-27,2,0,-2
7137,2019-07-27,13,11,-2
7138,2019-07-27,7,6,-1
7139,2019-07-27,56,79,23
7140,2019-07-27,20,22,2
7141,2019-07-27,45,45,0
7142,2019-07-27,12,13,1
7143,2019-07-27,33,36,3
7144,2019-07-27,49,60,11
7145,2019-07-27,10,11,1
7146,2019-07-27,20,21,1
7147,2019-07-27,33,39,6
7148,2019-07-27,6,6,0
7149,2019-07-27,20,20,0
10002,2019-07-27,129,137,8
4000,2019-07-28,51,82,31
4001,2019-07-28,15,17,2
4002,2019-07-28,20,31,11
5002,2019-07-28,8,6,-2
5003,2019-07-28,9,9,0
5004,2019-07-28,2,4,2
5005,2019-07-28,1,5,4
5006,2019-07-28,5,6,1
5007,2019-07-28,22,23,1
6001,2019-07-28,56,61,5
6002,2019-07-28,53,55,2
6003,2019-07-28,69,68,-1
6004,2019-07-28,34,23,-11
6005,2019-07-28,28,25,-3
6006,2019-07-28,33,28,-5
6007,2019-07-28,33,38,5
6008,2019-07-28,38,35,-3
6009,2019-07-28,128,123,-5
6011,2019-07-28,37,42,5
6012,2019-07-28,195,278,83
6013,2019-07-28,68,53,-15
6014,2019-07-28,58,60,2
6015,2019-07-28,193,275,82
6016,2019-07-28,14,19,5
6017,2019-07-28,55,49,-6
6018,2019-07-28,62,70,8
6019,2019-07-28,162,95,-67
6020,2019-07-28,95,122,27
6021,2019-07-28,105,111,6
6022,2019-07-28,50,67,17
6023,2019-07-28,257,371,114
6024,2019-07-28,11,10,-1
6025,2019-07-28,46,46,0
6026,2019-07-28,359,473,114
6027,2019-07-28,111,95,-16
6029,2019-07-28,26,33,7
6031,2019-07-28,46,52,6
6032,2019-07-28,103,151,48
6033,2019-07-28,10,12,2
6034,2019-07-28,19,18,-1
6035,2019-07-28,15,18,3
6036,2019-07-28,392,434,42
6037,2019-07-28,57,55,-2
6038,2019-07-28,109,98,-11
6039,2019-07-28,73,69,-4
6040,2019-07-28,50,46,-4
6041,2019-07-28,30,29,-1
6042,2019-07-28,29,44,15
6043,2019-07-28,92,100,8
6044,2019-07-28,83,93,10
6046,2019-07-28,33,31,-2
6047,2019-07-28,46,22,-24
6048,2019-07-28,12,10,-2
6049,2019-07-28,26,22,-4
6050,2019-07-28,22,34,12
6051,2019-07-28,36,33,-3
6052,2019-07-28,341,357,16
6053,2019-07-28,171,232,61
6057,2019-07-28,57,46,-11
6058,2019-07-28,46,44,-2
6059,2019-07-28,28,23,-5
6060,2019-07-28,25,24,-1
6061,2019-07-28,54,54,0
6062,2019-07-28,55,53,-2
6063,2019-07-28,71,71,0
6064,2019-07-28,147,120,-27
6065,2019-07-28,52,43,-9
6066,2019-07-28,59,17,-42
6067,2019-07-28,15,15,0
6068,2019-07-28,21,23,2
6070,2019-07-28,135,130,-5
6072,2019-07-28,30,30,0
6073,2019-07-28,116,117,1
6075,2019-07-28,29,15,-14
6076,2019-07-28,45,46,1
6078,2019-07-28,45,44,-1
6079,2019-07-28,100,74,-26
6080,2019-07-28,160,157,-3
6081,2019-07-28,33,35,2
6082,2019-07-28,14,15,1
6083,2019-07-28,61,59,-2
6084,2019-07-28,59,49,-10
6085,2019-07-28,52,111,59
6086,2019-07-28,129,133,4
6087,2019-07-28,124,147,23
6088,2019-07-28,45,68,23
6089,2019-07-28,31,27,-4
6090,2019-07-28,43,47,4
6091,2019-07-28,58,40,-18
6092,2019-07-28,70,49,-21
6093,2019-07-28,33,34,1
6094,2019-07-28,58,39,-19
6095,2019-07-28,147,144,-3
6096,2019-07-28,24,31,7
6097,2019-07-28,98,65,-33
6098,2019-07-28,41,25,-16
6099,2019-07-28,124,148,24
6100,2019-07-28,263,255,-8
6101,2019-07-28,48,19,-29
6102,2019-07-28,45,35,-10
6103,2019-07-28,15,16,1
6104,2019-07-28,82,86,4
6105,2019-07-28,38,45,7
6106,2019-07-28,19,32,13
6107,2019-07-28,128,128,0
6108,2019-07-28,38,32,-6
6109,2019-07-28,80,70,-10
6110,2019-07-28,46,54,8
6111,2019-07-28,30,42,12
6112,2019-07-28,107,119,12
6113,2019-07-28,47,59,12
6114,2019-07-28,194,236,42
6115,2019-07-28,28,31,3
6116,2019-07-28,45,59,14
6117,2019-07-28,63,64,1
6118,2019-07-28,69,74,5
6119,2019-07-28,98,121,23
6120,2019-07-28,65,72,7
6121,2019-07-28,25,28,3
6122,2019-07-28,25,35,10
6123,2019-07-28,25,31,6
6124,2019-07-28,46,71,25
6125,2019-07-28,32,30,-2
6126,2019-07-28,32,38,6
6127,2019-07-28,44,48,4
6128,2019-07-28,23,25,2
6129,2019-07-28,55,60,5
6130,2019-07-28,27,30,3
6131,2019-07-28,93,94,1
6132,2019-07-28,58,67,9
6133,2019-07-28,80,95,15
6134,2019-07-28,40,40,0
6136,2019-07-28,246,187,-59
6137,2019-07-28,97,90,-7
6138,2019-07-28,69,75,6
6139,2019-07-28,56,53,-3
6140,2019-07-28,112,113,1
6141,2019-07-28,40,46,6
6142,2019-07-28,214,140,-74
6143,2019-07-28,181,142,-39
6145,2019-07-28,127,120,-7
6146,2019-07-28,128,117,-11
6147,2019-07-28,116,74,-42
6148,2019-07-28,151,94,-57
6149,2019-07-28,29,36,7
6150,2019-07-28,78,80,2
6151,2019-07-28,82,82,0
6152,2019-07-28,157,136,-21
6153,2019-07-28,34,32,-2
6154,2019-07-28,177,171,-6
6155,2019-07-28,125,127,2
6156,2019-07-28,68,68,0
6157,2019-07-28,151,147,-4
6158,2019-07-28,60,66,6
6159,2019-07-28,35,36,1
6160,2019-07-28,40,34,-6
6161,2019-07-28,38,42,4
6162,2019-07-28,7,9,2
6163,2019-07-28,131,133,2
6164,2019-07-28,115,129,14
6165,2019-07-28,176,181,5
6166,2019-07-28,111,106,-5
6167,2019-07-28,44,50,6
6168,2019-07-28,54,36,-18
6169,2019-07-28,250,226,-24
6170,2019-07-28,86,76,-10
6171,2019-07-28,56,52,-4
6173,2019-07-28,119,75,-44
6174,2019-07-28,128,117,-11
6175,2019-07-28,82,49,-33
6176,2019-07-28,131,124,-7
6177,2019-07-28,81,81,0
6178,2019-07-28,175,161,-14
6179,2019-07-28,101,96,-5
6180,2019-07-28,49,75,26
6181,2019-07-28,105,93,-12
6182,2019-07-28,88,72,-16
6183,2019-07-28,78,68,-10
6184,2019-07-28,314,263,-51
6185,2019-07-28,24,31,7
6186,2019-07-28,85,69,-16
6187,2019-07-28,166,139,-27
6188,2019-07-28,58,51,-7
6189,2019-07-28,27,24,-3
6190,2019-07-28,77,64,-13
6191,2019-07-28,87,67,-20
6192,2019-07-28,50,38,-12
6193,2019-07-28,151,154,3
6194,2019-07-28,210,191,-19
6195,2019-07-28,82,53,-29
6196,2019-07-28,136,108,-28
6197,2019-07-28,49,56,7
6198,2019-07-28,17,24,7
6199,2019-07-28,78,61,-17
6200,2019-07-28,123,126,3
6201,2019-07-28,87,57,-30
6202,2019-07-28,98,80,-18
6203,2019-07-28,132,105,-27
6204,2019-07-28,77,87,10
6205,2019-07-28,108,91,-17
6206,2019-07-28,191,167,-24
6207,2019-07-28,40,39,-1
6208,2019-07-28,70,73,3
6209,2019-07-28,115,93,-22
6210,2019-07-28,38,30,-8
6211,2019-07-28,191,167,-24
6212,2019-07-28,100,84,-16
6213,2019-07-28,124,127,3
6214,2019-07-28,104,86,-18
6215,2019-07-28,56,56,0
6216,2019-07-28,361,282,-79
6217,2019-07-28,78,68,-10
6218,2019-07-28,68,68,0
6219,2019-07-28,57,50,-7
6220,2019-07-28,105,105,0
6221,2019-07-28,214,188,-26
6222,2019-07-28,97,88,-9
6223,2019-07-28,176,130,-46
6224,2019-07-28,87,97,10
6225,2019-07-28,78,65,-13
6226,2019-07-28,9,10,1
6227,2019-07-28,144,161,17
6228,2019-07-28,33,36,3
6229,2019-07-28,72,64,-8
6230,2019-07-28,121,117,-4
6231,2019-07-28,147,128,-19
6232,2019-07-28,56,57,1
6233,2019-07-28,158,138,-20
6234,2019-07-28,73,84,11
6235,2019-07-28,49,32,-17
6236,2019-07-28,77,81,4
6237,2019-07-28,52,58,6
6240,2019-07-28,38,36,-2
6241,2019-07-28,47,46,-1
6243,2019-07-28,63,73,10
6245,2019-07-28,39,34,-5
6246,2019-07-28,44,38,-6
6247,2019-07-28,123,115,-8
6248,2019-07-28,141,138,-3
6249,2019-07-28,105,80,-25
6250,2019-07-28,201,196,-5
6251,2019-07-28,52,50,-2
6252,2019-07-28,84,79,-5
6253,2019-07-28,71,55,-16
6254,2019-07-28,76,78,2
6255,2019-07-28,91,88,-3
6257,2019-07-28,52,41,-11
6258,2019-07-28,81,70,-11
6259,2019-07-28,33,37,4
6260,2019-07-28,41,42,1
6261,2019-07-28,48,55,7
6262,2019-07-28,64,51,-13
6263,2019-07-28,19,25,6
6265,2019-07-28,67,62,-5
6267,2019-07-28,60,73,13
6268,2019-07-28,58,49,-9
6269,2019-07-28,38,37,-1
6270,2019-07-28,47,52,5
6271,2019-07-28,8,10,2
6272,2019-07-28,27,32,5
6273,2019-07-28,35,43,8
6274,2019-07-28,36,44,8
6275,2019-07-28,28,29,1
6276,2019-07-28,54,56,2
6277,2019-07-28,86,75,-11
6278,2019-07-28,28,32,4
6279,2019-07-28,18,22,4
6280,2019-07-28,92,91,-1
6281,2019-07-28,36,25,-11
6301,2019-07-28,24,13,-11
6302,2019-07-28,25,32,7
6303,2019-07-28,19,15,-4
6304,2019-07-28,6,13,7
6305,2019-07-28,20,16,-4
6306,2019-07-28,52,24,-28
6307,2019-07-28,81,68,-13
6309,2019-07-28,24,26,2
6310,2019-07-28,44,34,-10
6311,2019-07-28,36,29,-7
6312,2019-07-28,43,63,20
6313,2019-07-28,82,86,4
6314,2019-07-28,46,45,-1
6315,2019-07-28,98,60,-38
6316,2019-07-28,56,30,-26
6321,2019-07-28,181,181,0
6322,2019-07-28,38,29,-9
6323,2019-07-28,17,12,-5
6324,2019-07-28,39,33,-6
6327,2019-07-28,44,52,8
6328,2019-07-28,51,55,4
6329,2019-07-28,29,24,-5
6330,2019-07-28,22,22,0
6331,2019-07-28,27,22,-5
6332,2019-07-28,23,24,1
6333,2019-07-28,20,25,5
6334,2019-07-28,64,45,-19
6335,2019-07-28,46,47,1
6336,2019-07-28,28,22,-6
6338,2019-07-28,51,41,-10
6339,2019-07-28,24,30,6
6340,2019-07-28,35,31,-4
6341,2019-07-28,51,52,1
6343,2019-07-28,40,37,-3
6345,2019-07-28,24,20,-4
6346,2019-07-28,10,8,-2
6347,2019-07-28,23,21,-2
6349,2019-07-28,27,32,5
6350,2019-07-28,36,37,1
6354,2019-07-28,71,73,2
6355,2019-07-28,36,53,17
6356,2019-07-28,33,21,-12
6357,2019-07-28,25,23,-2
6358,2019-07-28,23,25,2
6359,2019-07-28,143,127,-16
6360,2019-07-28,49,46,-3
6361,2019-07-28,44,41,-3
6362,2019-07-28,47,35,-12
6363,2019-07-28,21,22,1
6364,2019-07-28,28,33,5
6366,2019-07-28,30,23,-7
6368,2019-07-28,79,91,12
6369,2019-07-28,41,67,26
6370,2019-07-28,40,44,4
6371,2019-07-28,79,82,3
6372,2019-07-28,111,137,26
6373,2019-07-28,26,29,3
6374,2019-07-28,39,35,-4
6375,2019-07-28,65,87,22
6376,2019-07-28,41,26,-15
6377,2019-07-28,27,53,26
6379,2019-07-28,16,28,12
6380,2019-07-28,18,19,1
6381,2019-07-28,63,56,-7
6383,2019-07-28,38,29,-9
6384,2019-07-28,21,30,9
6385,2019-07-28,49,42,-7
6386,2019-07-28,68,85,17
6387,2019-07-28,62,61,-1
6388,2019-07-28,43,35,-8
6389,2019-07-28,56,43,-13
6391,2019-07-28,57,91,34
6393,2019-07-28,65,94,29
6394,2019-07-28,78,100,22
6395,2019-07-28,82,85,3
6396,2019-07-28,117,108,-9
6397,2019-07-28,54,75,21
6398,2019-07-28,27,52,25
6401,2019-07-28,88,100,12
6402,2019-07-28,60,69,9
6403,2019-07-28,32,30,-2
6404,2019-07-28,25,27,2
6405,2019-07-28,83,85,2
6406,2019-07-28,279,344,65
6407,2019-07-28,17,58,41
6408,2019-07-28,29,41,12
6409,2019-07-28,24,34,10
6410,2019-07-28,32,25,-7
6411,2019-07-28,124,100,-24
6412,2019-07-28,33,40,7
6413,2019-07-28,23,23,0
6414,2019-07-28,30,29,-1
6415,2019-07-28,22,32,10
6416,2019-07-28,28,20,-8
6417,2019-07-28,28,36,8
6418,2019-07-28,14,15,1
6419,2019-07-28,19,24,5
6420,2019-07-28,32,41,9
6421,2019-07-28,51,49,-2
6422,2019-07-28,7,13,6
6423,2019-07-28,15,14,-1
6424,2019-07-28,34,44,10
6425,2019-07-28,60,71,11
6426,2019-07-28,55,59,4
6427,2019-07-28,68,68,0
6428,2019-07-28,29,32,3
6429,2019-07-28,47,58,11
6432,2019-07-28,69,72,3
6433,2019-07-28,50,60,10
6434,2019-07-28,64,79,15
6435,2019-07-28,75,83,8
6436,2019-07-28,26,30,4
6501,2019-07-28,398,454,56
6502,2019-07-28,50,60,10
6503,2019-07-28,62,67,5
6504,2019-07-28,72,73,1
6700,2019-07-28,15,47,32
6701,2019-07-28,57,51,-6
6702,2019-07-28,9,16,7
6703,2019-07-28,104,102,-2
6704,2019-07-28,32,37,5
6705,2019-07-28,12,15,3
6706,2019-07-28,21,28,7
6707,2019-07-28,25,26,1
6708,2019-07-28,54,53,-1
6709,2019-07-28,33,31,-2
6710,2019-07-28,18,18,0
6711,2019-07-28,15,11,-4
6712,2019-07-28,39,43,4
6713,2019-07-28,26,24,-2
6714,2019-07-28,30,30,0
6715,2019-07-28,49,59,10
6716,2019-07-28,10,9,-1
6717,2019-07-28,20,15,-5
6718,2019-07-28,38,38,0
6719,2019-07-28,32,39,7
6720,2019-07-28,27,36,9
6721,2019-07-28,28,28,0
6722,2019-07-28,14,17,3
6723,2019-07-28,20,25,5
6724,2019-07-28,91,113,22
6725,2019-07-28,36,35,-1
6726,2019-07-28,15,18,3
6727,2019-07-28,71,87,16
6728,2019-07-28,23,29,6
6729,2019-07-28,143,146,3
6730,2019-07-28,11,13,2
6731,2019-07-28,30,24,-6
6732,2019-07-28,29,25,-4
6733,2019-07-28,32,43,11
6734,2019-07-28,42,37,-5
6735,2019-07-28,19,24,5
6736,2019-07-28,34,35,1
6737,2019-07-28,17,15,-2
6738,2019-07-28,21,21,0
6739,2019-07-28,13,11,-2
6741,2019-07-28,14,12,-2
6742,2019-07-28,81,80,-1
6744,2019-07-28,35,41,6
6745,2019-07-28,19,23,4
6746,2019-07-28,19,13,-6
6747,2019-07-28,58,41,-17
6748,2019-07-28,55,99,44
6749,2019-07-28,63,61,-2
6750,2019-07-28,47,38,-9
6752,2019-07-28,24,16,-8
6753,2019-07-28,21,21,0
6754,2019-07-28,13,26,13
6901,2019-07-28,56,73,17
6902,2019-07-28,64,70,6
6903,2019-07-28,105,104,-1
6904,2019-07-28,21,23,2
6905,2019-07-28,42,39,-3
6906,2019-07-28,117,73,-44
6907,2019-07-28,95,66,-29
6908,2019-07-28,61,64,3
6910,2019-07-28,121,111,-10
6912,2019-07-28,138,105,-33
6913,2019-07-28,60,55,-5
6915,2019-07-28,94,77,-17
6916,2019-07-28,36,38,2
6917,2019-07-28,12,12,0
6918,2019-07-28,32,25,-7
6919,2019-07-28,36,30,-6
6921,2019-07-28,43,59,16
6923,2019-07-28,47,40,-7
6924,2019-07-28,26,29,3
6925,2019-07-28,29,27,-2
6926,2019-07-28,61,62,1
6927,2019-07-28,63,58,-5
6928,2019-07-28,20,11,-9
6929,2019-07-28,26,29,3
6930,2019-07-28,6,10,4
7001,2019-07-28,43,55,12
7002,2019-07-28,15,17,2
7003,2019-07-28,130,111,-19
7004,2019-07-28,13,9,-4
7005,2019-07-28,12,10,-2
7006,2019-07-28,22,20,-2
7007,2019-07-28,31,32,1
7008,2019-07-28,21,24,3
7009,2019-07-28,85,109,24
7010,2019-07-28,27,26,-1
7011,2019-07-28,94,123,29
7012,2019-07-28,36,31,-5
7013,2019-07-28,38,32,-6
7014,2019-07-28,53,32,-21
7015,2019-07-28,71,79,8
7016,2019-07-28,16,23,7
7017,2019-07-28,43,43,0
7018,2019-07-28,38,33,-5
7019,2019-07-28,25,23,-2
7020,2019-07-28,23,26,3
7021,2019-07-28,42,53,11
7022,2019-07-28,38,38,0
7023,2019-07-28,3,5,2
7024,2019-07-28,59,36,-23
7025,2019-07-28,44,49,5
7026,2019-07-28,43,37,-6
7027,2019-07-28,35,30,-5
7028,2019-07-28,41,36,-5
7029,2019-07-28,40,42,2
7030,2019-07-28,69,64,-5
7031,2019-07-28,38,40,2
7032,2019-07-28,95,51,-44
7033,2019-07-28,80,66,-14
7034,2019-07-28,60,137,77
7035,2019-07-28,32,42,10
7036,2019-07-28,88,95,7
7037,2019-07-28,58,55,-3
7038,2019-07-28,80,79,-1
7039,2019-07-28,29,18,-11
7040,2019-07-28,51,55,4
7041,2019-07-28,116,111,-5
7042,2019-07-28,50,48,-2
7043,2019-07-28,12,26,14
7044,2019-07-28,8,6,-2
7045,2019-07-28,157,157,0
7046,2019-07-28,77,73,-4
7047,2019-07-28,192,239,47
7048,2019-07-28,34,37,3
7049,2019-07-28,12,13,1
7050,2019-07-28,32,33,1
7051,2019-07-28,25,31,6
7052,2019-07-28,29,37,8
7053,2019-07-28,62,68,6
7054,2019-07-28,90,99,9
7055,2019-07-28,36,65,29
7056,2019-07-28,13,17,4
7057,2019-07-28,72,80,8
7058,2019-07-28,50,58,8
7059,2019-07-28,26,28,2
7060,2019-07-28,31,43,12
7061,2019-07-28,28,23,-5
7062,2019-07-28,23,29,6
7063,2019-07-28,31,30,-1
7064,2019-07-28,12,12,0
7065,2019-07-28,37,35,-2
7066,2019-07-28,117,160,43
7067,2019-07-28,57,71,14
7068,2019-07-28,120,131,11
7069,2019-07-28,119,137,18
7070,2019-07-28,35,37,2
7071,2019-07-28,66,61,-5
7072,2019-07-28,48,29,-19
7073,2019-07-28,55,67,12
7074,2019-07-28,42,37,-5
7075,2019-07-28,7,6,-1
7076,2019-07-28,81,64,-17
7077,2019-07-28,45,40,-5
7078,2019-07-28,18,20,2
7079,2019-07-28,18,21,3
7080,2019-07-28,84,77,-7
7081,2019-07-28,85,100,15
7082,2019-07-28,105,130,25
7083,2019-07-28,48,47,-1
7084,2019-07-28,103,100,-3
7086,2019-07-28,4,6,2
7087,2019-07-28,11,5,-6
7088,2019-07-28,6,6,0
7089,2019-07-28,2,1,-1
7090,2019-07-28,20,22,2
7091,2019-07-28,16,14,-2
7092,2019-07-28,8,6,-2
7093,2019-07-28,9,11,2
7094,2019-07-28,14,12,-2
7095,2019-07-28,10,12,2
7096,2019-07-28,27,41,14
7097,2019-07-28,14,14,0
7098,2019-07-28,4,7,3
7099,2019-07-28,19,17,-2
7100,2019-07-28,7,7,0
7101,2019-07-28,2,2,0
7102,2019-07-28,14,30,16
7103,2019-07-28,55,50,-5
7104,2019-07-28,16,16,0
7105,2019-07-28,22,23,1
7106,2019-07-28,11,13,2
7107,2019-07-28,11,9,-2
7108,2019-07-28,49,40,-9
7109,2019-07-28,17,14,-3
7110,2019-07-28,39,44,5
7111,2019-07-28,9,10,1
7112,2019-07-28,27,23,-4
7113,2019-07-28,48,49,1
7114,2019-07-28,143,169,26
7115,2019-07-28,17,19,2
7116,2019-07-28,14,10,-4
7117,2019-07-28,13,17,4
7119,2019-07-28,38,44,6
7120,2019-07-28,16,12,-4
7121,2019-07-28,9,8,-1
7122,2019-07-28,6,7,1
7123,2019-07-28,11,18,7
7124,2019-07-28,24,19,-5
7125,2019-07-28,72,75,3
7126,2019-07-28,13,16,3
7127,2019-07-28,19,19,0
7128,2019-07-28,27,15,-12
7129,2019-07-28,12,14,2
7130,2019-07-28,11,5,-6
7131,2019-07-28,5,9,4
7132,2019-07-28,12,9,-3
7133,2019-07-28,16,28,12
7134,2019-07-28,10,13,3
7135,2019-07-28,11,4,-7
7136,2019-07-28,2,6,4
7137,2019-07-28,13,11,-2
7138,2019-07-28,7,11,4
7139,2019-07-28,122,118,-4
7140,2019-07-28,16,23,7
7141,2019-07-28,25,33,8
7142,2019-07-28,19,25,6
7143,2019-07-28,31,40,9
7144,2019-07-28,50,48,-2
7145,2019-07-28,14,19,5
7146,2019-07-28,13,30,17
7147,2019-07-28,55,63,8
7148,2019-07-28,23,29,6
7149,2019-07-28,30,33,3
10002,2019-07-28,102,109,7
4000,2019-07-29,66,75,9
4001,2019-07-29,13,13,0
4002,2019-07-29,18,21,3
5002,2019-07-29,2,3,1
5004,2019-07-29,4,2,-2
5005,2019-07-29,2,5,3
5006,2019-07-29,7,7,0
5007,2019-07-29,11,15,4
6001,2019-07-29,76,96,20
6002,2019-07-29,48,60,12
6003,2019-07-29,82,106,24
6004,2019-07-29,45,54,9
6005,2019-07-29,85,97,12
6006,2019-07-29,42,33,-9
6007,2019-07-29,40,55,15
6008,2019-07-29,51,76,25
6009,2019-07-29,78,73,-5
6011,2019-07-29,75,94,19
6012,2019-07-29,88,104,16
6013,2019-07-29,61,84,23
6014,2019-07-29,83,91,8
6015,2019-07-29,85,218,133
6016,2019-07-29,24,25,1
6017,2019-07-29,45,65,20
6018,2019-07-29,81,85,4
6019,2019-07-29,173,85,-88
6020,2019-07-29,63,86,23
6021,2019-07-29,80,79,-1
6022,2019-07-29,70,72,2
6023,2019-07-29,162,230,68
6024,2019-07-29,2,3,1
6025,2019-07-29,36,38,2
6026,2019-07-29,190,246,56
6027,2019-07-29,153,131,-22
6029,2019-07-29,26,34,8
6031,2019-07-29,35,59,24
6032,2019-07-29,75,159,84
6033,2019-07-29,18,17,-1
6034,2019-07-29,33,34,1
6035,2019-07-29,24,59,35
6036,2019-07-29,220,249,29
6037,2019-07-29,59,68,9
6038,2019-07-29,104,108,4
6039,2019-07-29,80,102,22
6040,2019-07-29,64,85,21
6041,2019-07-29,90,92,2
6042,2019-07-29,91,95,4
6043,2019-07-29,225,419,194
6044,2019-07-29,108,83,-25
6046,2019-07-29,127,126,-1
6047,2019-07-29,91,50,-41
6048,2019-07-29,45,52,7
6049,2019-07-29,104,117,13
6050,2019-07-29,55,61,6
6051,2019-07-29,44,37,-7
6052,2019-07-29,258,348,90
6053,2019-07-29,142,173,31
6057,2019-07-29,100,84,-16
6058,2019-07-29,64,65,1
6059,2019-07-29,76,57,-19
6060,2019-07-29,24,17,-7
6061,2019-07-29,82,64,-18
6062,2019-07-29,63,42,-21
6063,2019-07-29,91,91,0
6064,2019-07-29,209,172,-37
6065,2019-07-29,58,39,-19
6066,2019-07-29,39,23,-16
6067,2019-07-29,50,65,15
6068,2019-07-29,19,17,-2
6070,2019-07-29,192,166,-26
6072,2019-07-29,63,82,19
6073,2019-07-29,225,181,-44
6075,2019-07-29,38,21,-17
6076,2019-07-29,27,44,17
6078,2019-07-29,66,53,-13
6079,2019-07-29,53,58,5
6080,2019-07-29,152,153,1
6081,2019-07-29,44,37,-7
6082,2019-07-29,26,24,-2
6083,2019-07-29,157,155,-2
6084,2019-07-29,69,92,23
6085,2019-07-29,107,160,53
6086,2019-07-29,47,81,34
6087,2019-07-29,111,147,36
6088,2019-07-29,68,79,11
6089,2019-07-29,46,46,0
6090,2019-07-29,60,67,7
6091,2019-07-29,54,59,5
6092,2019-07-29,88,72,-16
6093,2019-07-29,42,27,-15
6094,2019-07-29,30,35,5
6095,2019-07-29,126,104,-22
6096,2019-07-29,36,72,36
6097,2019-07-29,98,53,-45
6098,2019-07-29,45,26,-19
6099,2019-07-29,89,144,55
6100,2019-07-29,235,227,-8
6101,2019-07-29,35,13,-22
6102,2019-07-29,52,41,-11
6103,2019-07-29,12,18,6
6104,2019-07-29,68,86,18
6105,2019-07-29,50,76,26
6106,2019-07-29,31,45,14
6107,2019-07-29,105,75,-30
6108,2019-07-29,45,56,11
6109,2019-07-29,36,37,1
6110,2019-07-29,29,32,3
6111,2019-07-29,48,63,15
6112,2019-07-29,92,101,9
6113,2019-07-29,46,42,-4
6114,2019-07-29,134,208,74
6115,2019-07-29,13,24,11
6116,2019-07-29,58,80,22
6117,2019-07-29,53,71,18
6118,2019-07-29,69,83,14
6119,2019-07-29,86,99,13
6120,2019-07-29,83,119,36
6121,2019-07-29,31,50,19
6122,2019-07-29,25,29,4
6123,2019-07-29,23,29,6
6124,2019-07-29,47,77,30
6125,2019-07-29,26,19,-7
6126,2019-07-29,57,69,12
6127,2019-07-29,62,57,-5
6128,2019-07-29,20,25,5
6129,2019-07-29,67,59,-8
6130,2019-07-29,21,11,-10
6131,2019-07-29,93,62,-31
6132,2019-07-29,70,70,0
6133,2019-07-29,99,98,-1
6134,2019-07-29,50,43,-7
6136,2019-07-29,279,177,-102
6137,2019-07-29,98,84,-14
6138,2019-07-29,85,72,-13
6139,2019-07-29,48,41,-7
6140,2019-07-29,93,88,-5
6141,2019-07-29,44,39,-5
6142,2019-07-29,127,100,-27
6143,2019-07-29,104,108,4
6145,2019-07-29,70,71,1
6146,2019-07-29,84,77,-7
6147,2019-07-29,102,74,-28
6148,2019-07-29,129,89,-40
6149,2019-07-29,59,43,-16
6150,2019-07-29,63,68,5
6151,2019-07-29,84,88,4
6152,2019-07-29,139,151,12
6153,2019-07-29,55,51,-4
6154,2019-07-29,175,161,-14
6155,2019-07-29,127,128,1
6156,2019-07-29,88,78,-10
6157,2019-07-29,103,106,3
6158,2019-07-29,54,62,8
6159,2019-07-29,35,40,5
6160,2019-07-29,51,42,-9
6161,2019-07-29,50,46,-4
6162,2019-07-29,15,11,-4
6163,2019-07-29,117,111,-6
6164,2019-07-29,95,109,14
6165,2019-07-29,216,205,-11
6166,2019-07-29,68,84,16
6167,2019-07-29,50,49,-1
6168,2019-07-29,71,55,-16
6169,2019-07-29,162,142,-20
6170,2019-07-29,79,69,-10
6171,2019-07-29,47,54,7
6173,2019-07-29,106,68,-38
6174,2019-07-29,122,99,-23
6175,2019-07-29,84,54,-30
6176,2019-07-29,91,77,-14
6177,2019-07-29,70,61,-9
6178,2019-07-29,113,108,-5
6179,2019-07-29,68,65,-3
6180,2019-07-29,59,73,14
6181,2019-07-29,114,75,-39
6182,2019-07-29,81,64,-17
6183,2019-07-29,83,80,-3
6184,2019-07-29,274,264,-10
6185,2019-07-29,26,26,0
6186,2019-07-29,76,74,-2
6187,2019-07-29,101,103,2
6188,2019-07-29,69,61,-8
6189,2019-07-29,25,30,5
6190,2019-07-29,97,59,-38
6191,2019-07-29,73,75,2
6192,2019-07-29,45,41,-4
6193,2019-07-29,125,125,0
6194,2019-07-29,176,159,-17
6195,2019-07-29,87,52,-35
6196,2019-07-29,120,79,-41
6197,2019-07-29,60,55,-5
6198,2019-07-29,28,12,-16
6199,2019-07-29,116,92,-24
6200,2019-07-29,95,79,-16
6201,2019-07-29,79,62,-17
6202,2019-07-29,112,97,-15
6203,2019-07-29,104,89,-15
6204,2019-07-29,90,81,-9
6205,2019-07-29,87,81,-6
6206,2019-07-29,176,164,-12
6207,2019-07-29,54,44,-10
6208,2019-07-29,75,63,-12
6209,2019-07-29,129,83,-46
6210,2019-07-29,33,32,-1
6211,2019-07-29,186,160,-26
6212,2019-07-29,90,70,-20
6213,2019-07-29,110,101,-9
6214,2019-07-29,115,77,-38
6215,2019-07-29,89,68,-21
6216,2019-07-29,171,101,-70
6217,2019-07-29,96,68,-28
6218,2019-07-29,79,48,-31
6219,2019-07-29,60,54,-6
6220,2019-07-29,106,86,-20
6221,2019-07-29,178,171,-7
6222,2019-07-29,106,69,-37
6223,2019-07-29,128,83,-45
6224,2019-07-29,70,53,-17
6225,2019-07-29,65,47,-18
6226,2019-07-29,39,34,-5
6227,2019-07-29,133,139,6
6228,2019-07-29,41,28,-13
6229,2019-07-29,60,58,-2
6230,2019-07-29,115,109,-6
6231,2019-07-29,106,102,-4
6232,2019-07-29,47,35,-12
6233,2019-07-29,121,105,-16
6234,2019-07-29,56,47,-9
6235,2019-07-29,99,71,-28
6236,2019-07-29,80,80,0
6237,2019-07-29,48,53,5
6240,2019-07-29,29,37,8
6241,2019-07-29,50,39,-11
6243,2019-07-29,73,71,-2
6245,2019-07-29,62,46,-16
6246,2019-07-29,58,51,-7
6247,2019-07-29,134,115,-19
6248,2019-07-29,162,128,-34
6249,2019-07-29,66,62,-4
6250,2019-07-29,114,103,-11
6251,2019-07-29,27,21,-6
6252,2019-07-29,73,70,-3
6253,2019-07-29,66,50,-16
6254,2019-07-29,83,71,-12
6255,2019-07-29,93,97,4
6257,2019-07-29,50,51,1
6258,2019-07-29,95,83,-12
6259,2019-07-29,53,40,-13
6260,2019-07-29,61,52,-9
6261,2019-07-29,54,54,0
6262,2019-07-29,48,55,7
6263,2019-07-29,19,20,1
6265,2019-07-29,50,46,-4
6267,2019-07-29,62,59,-3
6268,2019-07-29,64,60,-4
6269,2019-07-29,34,43,9
6270,2019-07-29,45,47,2
6271,2019-07-29,2,3,1
6272,2019-07-29,37,39,2
6273,2019-07-29,36,34,-2
6274,2019-07-29,47,43,-4
6275,2019-07-29,33,30,-3
6276,2019-07-29,57,51,-6
6277,2019-07-29,61,55,-6
6278,2019-07-29,24,25,1
6279,2019-07-29,15,16,1
6280,2019-07-29,97,103,6
6281,2019-07-29,50,26,-24
6301,2019-07-29,25,27,2
6302,2019-07-29,20,11,-9
6303,2019-07-29,20,13,-7
6304,2019-07-29,13,10,-3
6305,2019-07-29,20,15,-5
6306,2019-07-29,62,26,-36
6307,2019-07-29,66,69,3
6309,2019-07-29,30,25,-5
6310,2019-07-29,72,35,-37
6311,2019-07-29,47,38,-9
6312,2019-07-29,24,37,13
6313,2019-07-29,44,65,21
6314,2019-07-29,58,61,3
6315,2019-07-29,102,52,-50
6316,2019-07-29,44,27,-17
6321,2019-07-29,120,115,-5
6322,2019-07-29,28,33,5
6323,2019-07-29,19,15,-4
6324,2019-07-29,24,33,9
6327,2019-07-29,48,43,-5
6328,2019-07-29,39,30,-9
6329,2019-07-29,27,30,3
6330,2019-07-29,29,24,-5
6331,2019-07-29,16,19,3
6332,2019-07-29,45,50,5
6333,2019-07-29,21,21,0
6334,2019-07-29,75,75,0
6335,2019-07-29,31,32,1
6336,2019-07-29,32,33,1
6338,2019-07-29,32,33,1
6339,2019-07-29,32,28,-4
6340,2019-07-29,27,32,5
6341,2019-07-29,23,51,28
6343,2019-07-29,39,50,11
6345,2019-07-29,16,19,3
6346,2019-07-29,11,6,-5
6347,2019-07-29,20,24,4
6349,2019-07-29,45,41,-4
6350,2019-07-29,34,47,13
6354,2019-07-29,36,42,6
6355,2019-07-29,31,47,16
6356,2019-07-29,40,23,-17
6357,2019-07-29,19,16,-3
6358,2019-07-29,37,25,-12
6359,2019-07-29,113,112,-1
6360,2019-07-29,29,33,4
6361,2019-07-29,29,35,6
6362,2019-07-29,38,41,3
6363,2019-07-29,23,21,-2
6364,2019-07-29,48,38,-10
6366,2019-07-29,28,24,-4
6368,2019-07-29,56,56,0
6369,2019-07-29,38,45,7
6370,2019-07-29,56,45,-11
6371,2019-07-29,64,66,2
6372,2019-07-29,140,131,-9
6373,2019-07-29,46,46,0
6374,2019-07-29,41,33,-8
6375,2019-07-29,58,64,6
6376,2019-07-29,26,28,2
6377,2019-07-29,44,49,5
6379,2019-07-29,28,38,10
6380,2019-07-29,26,20,-6
6381,2019-07-29,59,57,-2
6383,2019-07-29,27,34,7
6384,2019-07-29,22,19,-3
6385,2019-07-29,53,63,10
6386,2019-07-29,72,94,22
6387,2019-07-29,64,79,15
6388,2019-07-29,21,36,15
6389,2019-07-29,58,46,-12
6391,2019-07-29,68,104,36
6393,2019-07-29,63,90,27
6394,2019-07-29,85,111,26
6395,2019-07-29,69,75,6
6396,2019-07-29,100,87,-13
6397,2019-07-29,69,89,20
6398,2019-07-29,41,63,22
6401,2019-07-29,54,63,9
6402,2019-07-29,39,67,28
6403,2019-07-29,36,32,-4
6404,2019-07-29,15,26,11
6405,2019-07-29,43,44,1
6406,2019-07-29,148,194,46
6407,2019-07-29,25,29,4
6408,2019-07-29,57,62,5
6409,2019-07-29,22,31,9
6410,2019-07-29,52,48,-4
6411,2019-07-29,132,110,-22
6412,2019-07-29,30,38,8
6413,2019-07-29,41,45,4
6414,2019-07-29,16,29,13
6415,2019-07-29,22,26,4
6416,2019-07-29,26,9,-17
6417,2019-07-29,27,31,4
6418,2019-07-29,9,5,-4
6419,2019-07-29,22,18,-4
6420,2019-07-29,31,26,-5
6421,2019-07-29,45,41,-4
6422,2019-07-29,15,17,2
6423,2019-07-29,14,11,-3
6424,2019-07-29,48,80,32
6425,2019-07-29,53,59,6
6426,2019-07-29,78,93,15
6427,2019-07-29,67,72,5
6428,2019-07-29,17,20,3
6429,2019-07-29,44,44,0
6432,2019-07-29,99,90,-9
6433,2019-07-29,44,40,-4
6434,2019-07-29,83,80,-3
6435,2019-07-29,49,44,-5
6436,2019-07-29,19,15,-4
6501,2019-07-29,126,159,33
6502,2019-07-29,24,25,1
6503,2019-07-29,77,66,-11
6504,2019-07-29,19,17,-2
6700,2019-07-29,16,41,25
6701,2019-07-29,77,71,-6
6702,2019-07-29,16,15,-1
6703,2019-07-29,51,51,0
6704,2019-07-29,26,32,6
6705,2019-07-29,15,20,5
6706,2019-07-29,22,28,6
6707,2019-07-29,27,27,0
6708,2019-07-29,44,47,3
6709,2019-07-29,24,26,2
6710,2019-07-29,12,15,3
6711,2019-07-29,24,24,0
6712,2019-07-29,26,35,9
6713,2019-07-29,24,27,3
6714,2019-07-29,6,7,1
6715,2019-07-29,3,1,-2
6716,2019-07-29,7,7,0
6717,2019-07-29,15,20,5
6718,2019-07-29,33,36,3
6719,2019-07-29,14,17,3
6720,2019-07-29,33,48,15
6721,2019-07-29,22,24,2
6722,2019-07-29,15,17,2
6723,2019-07-29,23,17,-6
6724,2019-07-29,83,98,15
6725,2019-07-29,30,39,9
6726,2019-07-29,12,16,4
6727,2019-07-29,100,97,-3
6728,2019-07-29,24,20,-4
6729,2019-07-29,132,142,10
6730,2019-07-29,20,15,-5
6731,2019-07-29,22,21,-1
6732,2019-07-29,29,38,9
6733,2019-07-29,34,21,-13
6734,2019-07-29,45,36,-9
6735,2019-07-29,17,22,5
6736,2019-07-29,16,18,2
6737,2019-07-29,15,18,3
6738,2019-07-29,84,93,9
6739,2019-07-29,6,8,2
6741,2019-07-29,14,18,4
6742,2019-07-29,48,59,11
6743,2019-07-29,15,9,-6
6744,2019-07-29,20,23,3
6745,2019-07-29,23,24,1
6746,2019-07-29,23,22,-1
6747,2019-07-29,36,40,4
6748,2019-07-29,90,100,10
6749,2019-07-29,43,47,4
6750,2019-07-29,45,33,-12
6752,2019-07-29,20,24,4
6753,2019-07-29,32,25,-7
6754,2019-07-29,16,24,8
6901,2019-07-29,53,74,21
6902,2019-07-29,75,109,34
6903,2019-07-29,109,114,5
6904,2019-07-29,30,29,-1
6905,2019-07-29,41,35,-6
6906,2019-07-29,184,118,-66
6907,2019-07-29,93,70,-23
6908,2019-07-29,66,64,-2
6910,2019-07-29,115,115,0
6912,2019-07-29,162,89,-73
6913,2019-07-29,59,40,-19
6915,2019-07-29,92,84,-8
6916,2019-07-29,25,27,2
6917,2019-07-29,18,16,-2
6918,2019-07-29,29,27,-2
6919,2019-07-29,30,23,-7
6921,2019-07-29,96,93,-3
6923,2019-07-29,40,46,6
6924,2019-07-29,32,30,-2
6925,2019-07-29,54,60,6
6926,2019-07-29,62,69,7
6927,2019-07-29,75,52,-23
6928,2019-07-29,48,19,-29
6929,2019-07-29,41,33,-8
6930,2019-07-29,23,27,4
7001,2019-07-29,27,31,4
7002,2019-07-29,8,18,10
7003,2019-07-29,140,111,-29
7004,2019-07-29,17,22,5
7005,2019-07-29,10,9,-1
7006,2019-07-29,16,20,4
7007,2019-07-29,10,19,9
7008,2019-07-29,22,26,4
7009,2019-07-29,73,91,18
7010,2019-07-29,25,26,1
7011,2019-07-29,89,95,6
7012,2019-07-29,36,60,24
7013,2019-07-29,35,34,-1
7014,2019-07-29,74,49,-25
7015,2019-07-29,25,27,2
7016,2019-07-29,13,10,-3
7017,2019-07-29,32,36,4
7018,2019-07-29,33,42,9
7019,2019-07-29,167,125,-42
7020,2019-07-29,23,22,-1
7021,2019-07-29,57,47,-10
7022,2019-07-29,37,25,-12
7023,2019-07-29,9,4,-5
7024,2019-07-29,53,36,-17
7025,2019-07-29,34,31,-3
7026,2019-07-29,73,74,1
7027,2019-07-29,35,46,11
7028,2019-07-29,90,90,0
7029,2019-07-29,61,51,-10
7030,2019-07-29,43,49,6
7031,2019-07-29,38,41,3
7032,2019-07-29,124,71,-53
7033,2019-07-29,94,77,-17
7034,2019-07-29,39,54,15
7035,2019-07-29,50,49,-1
7036,2019-07-29,53,53,0
7037,2019-07-29,72,58,-14
7038,2019-07-29,77,71,-6
7039,2019-07-29,34,34,0
7040,2019-07-29,62,69,7
7041,2019-07-29,108,127,19
7042,2019-07-29,63,62,-1
7043,2019-07-29,20,20,0
7044,2019-07-29,7,12,5
7045,2019-07-29,59,53,-6
7046,2019-07-29,123,119,-4
7047,2019-07-29,164,227,63
7048,2019-07-29,28,29,1
7049,2019-07-29,11,19,8
7050,2019-07-29,32,38,6
7051,2019-07-29,10,11,1
7052,2019-07-29,57,64,7
7053,2019-07-29,48,56,8
7054,2019-07-29,61,69,8
7055,2019-07-29,15,22,7
7056,2019-07-29,15,20,5
7057,2019-07-29,32,48,16
7058,2019-07-29,32,46,14
7059,2019-07-29,31,33,2
7060,2019-07-29,38,40,2
7061,2019-07-29,32,28,-4
7062,2019-07-29,52,50,-2
7063,2019-07-29,30,20,-10
7064,2019-07-29,26,29,3
7065,2019-07-29,45,39,-6
7066,2019-07-29,74,129,55
7067,2019-07-29,56,57,1
7068,2019-07-29,80,96,16
7069,2019-07-29,88,120,32
7070,2019-07-29,42,47,5
7071,2019-07-29,56,52,-4
7072,2019-07-29,42,35,-7
7073,2019-07-29,59,73,14
7074,2019-07-29,31,44,13
7075,2019-07-29,7,9,2
7076,2019-07-29,72,62,-10
7077,2019-07-29,31,34,3
7078,2019-07-29,24,34,10
7079,2019-07-29,36,52,16
7080,2019-07-29,89,92,3
7081,2019-07-29,58,72,14
7082,2019-07-29,88,109,21
7083,2019-07-29,64,60,-4
7084,2019-07-29,77,78,1
7085,2019-07-29,2,0,-2
7086,2019-07-29,3,5,2
7087,2019-07-29,2,3,1
7088,2019-07-29,1,2,1
7089,2019-07-29,2,2,0
7090,2019-07-29,13,16,3
7091,2019-07-29,7,7,0
7092,2019-07-29,10,9,-1
7093,2019-07-29,3,6,3
7094,2019-07-29,2,2,0
7095,2019-07-29,16,16,0
7096,2019-07-29,25,39,14
7097,2019-07-29,11,12,1
7098,2019-07-29,4,2,-2
7099,2019-07-29,9,6,-3
7100,2019-07-29,6,9,3
7101,2019-07-29,12,11,-1
7102,2019-07-29,21,32,11
7103,2019-07-29,15,15,0
7104,2019-07-29,3,5,2
7105,2019-07-29,4,4,0
7106,2019-07-29,3,1,-2
7107,2019-07-29,3,4,1
7108,2019-07-29,10,12,2
7109,2019-07-29,3,6,3
7110,2019-07-29,11,12,1
7111,2019-07-29,8,4,-4
7112,2019-07-29,11,13,2
7113,2019-07-29,60,66,6
7114,2019-07-29,105,129,24
7115,2019-07-29,16,11,-5
7116,2019-07-29,12,4,-8
7117,2019-07-29,5,4,-1
7118,2019-07-29,1,3,2
7119,2019-07-29,22,25,3
7120,2019-07-29,7,10,3
7121,2019-07-29,3,8,5
7122,2019-07-29,8,8,0
7123,2019-07-29,5,4,-1
7124,2019-07-29,13,20,7
7125,2019-07-29,41,39,-2
7126,2019-07-29,11,9,-2
7127,2019-07-29,34,30,-4
7128,2019-07-29,4,4,0
7129,2019-07-29,9,11,2
7130,2019-07-29,14,11,-3
7131,2019-07-29,1,2,1
7132,2019-07-29,3,3,0
7133,2019-07-29,9,15,6
7134,2019-07-29,2,6,4
7135,2019-07-29,4,5,1
7136,2019-07-29,2,6,4
7137,2019-07-29,6,6,0
7138,2019-07-29,3,6,3
7139,2019-07-29,35,35,0
7140,2019-07-29,31,24,-7
7141,2019-07-29,27,32,5
7142,2019-07-29,14,17,3
7143,2019-07-29,43,36,-7
7144,2019-07-29,59,58,-1
7145,2019-07-29,20,22,2
7146,2019-07-29,14,20,6
7147,2019-07-29,45,42,-3
7148,2019-07-29,11,7,-4
7149,2019-07-29,19,16,-3
10002,2019-07-29,106,112,6
4000,2019-07-30,35,35,0
4001,2019-07-30,6,4,-2
4002,2019-07-30,16,17,1
5002,2019-07-30,2,5,3
5003,2019-07-30,2,2,0
5004,2019-07-30,3,2,-1
5005,2019-07-30,1,1,0
5006,2019-07-30,3,1,-2
5007,2019-07-30,10,8,-2
6001,2019-07-30,45,93,48
6002,2019-07-30,18,31,13
6003,2019-07-30,51,67,16
6004,2019-07-30,37,36,-1
6005,2019-07-30,62,120,58
6006,2019-07-30,31,18,-13
6007,2019-07-30,27,20,-7
6008,2019-07-30,29,69,40
6009,2019-07-30,52,63,11
6011,2019-07-30,52,58,6
6012,2019-07-30,71,145,74
6013,2019-07-30,21,36,15
6014,2019-07-30,53,65,12
6015,2019-07-30,91,176,85
6016,2019-07-30,15,18,3
6017,2019-07-30,34,35,1
6018,2019-07-30,37,44,7
6019,2019-07-30,98,55,-43
6020,2019-07-30,40,65,25
6021,2019-07-30,63,31,-32
6022,2019-07-30,54,50,-4
6023,2019-07-30,72,135,63
6024,2019-07-30,1,1,0
6025,2019-07-30,30,33,3
6026,2019-07-30,102,144,42
6027,2019-07-30,80,88,8
6029,2019-07-30,20,21,1
6031,2019-07-30,27,53,26
6032,2019-07-30,42,120,78
6033,2019-07-30,14,10,-4
6034,2019-07-30,15,24,9
6035,2019-07-30,13,48,35
6036,2019-07-30,99,194,95
6037,2019-07-30,28,44,16
6038,2019-07-30,46,67,21
6039,2019-07-30,38,72,34
6040,2019-07-30,56,80,24
6041,2019-07-30,60,74,14
6042,2019-07-30,74,66,-8
6043,2019-07-30,117,438,321
6044,2019-07-30,60,45,-15
6046,2019-07-30,87,119,32
6047,2019-07-30,65,36,-29
6048,2019-07-30,30,42,12
6049,2019-07-30,74,94,20
6050,2019-07-30,21,64,43
6051,2019-07-30,29,28,-1
6052,2019-07-30,98,247,149
6053,2019-07-30,89,134,45
6057,2019-07-30,71,67,-4
6058,2019-07-30,45,65,20
6059,2019-07-30,50,53,3
6060,2019-07-30,25,24,-1
6061,2019-07-30,69,68,-1
6062,2019-07-30,41,55,14
6063,2019-07-30,70,88,18
6064,2019-07-30,84,152,68
6065,2019-07-30,35,34,-1
6066,2019-07-30,42,18,-24
6067,2019-07-30,37,73,36
6068,2019-07-30,12,19,7
6070,2019-07-30,136,130,-6
6072,2019-07-30,61,87,26
6073,2019-07-30,112,151,39
6075,2019-07-30,26,16,-10
6076,2019-07-30,25,25,0
6078,2019-07-30,44,48,4
6079,2019-07-30,45,39,-6
6080,2019-07-30,100,117,17
6081,2019-07-30,25,22,-3
6082,2019-07-30,17,9,-8
6083,2019-07-30,99,160,61
6084,2019-07-30,54,85,31
6085,2019-07-30,48,139,91
6086,2019-07-30,20,43,23
6087,2019-07-30,72,86,14
6088,2019-07-30,42,46,4
6089,2019-07-30,47,55,8
6090,2019-07-30,46,42,-4
6091,2019-07-30,33,26,-7
6092,2019-07-30,57,66,9
6093,2019-07-30,32,18,-14
6094,2019-07-30,36,33,-3
6095,2019-07-30,78,67,-11
6096,2019-07-30,23,55,32
6097,2019-07-30,39,22,-17
6098,2019-07-30,38,18,-20
6099,2019-07-30,61,93,32
6100,2019-07-30,160,191,31
6101,2019-07-30,39,16,-23
6102,2019-07-30,32,23,-9
6103,2019-07-30,12,8,-4
6104,2019-07-30,61,81,20
6105,2019-07-30,39,57,18
6106,2019-07-30,27,41,14
6107,2019-07-30,46,29,-17
6108,2019-07-30,27,32,5
6109,2019-07-30,10,14,4
6110,2019-07-30,21,14,-7
6111,2019-07-30,34,38,4
6112,2019-07-30,62,60,-2
6113,2019-07-30,23,22,-1
6114,2019-07-30,92,113,21
6115,2019-07-30,15,14,-1
6116,2019-07-30,38,46,8
6117,2019-07-30,66,68,2
6118,2019-07-30,49,51,2
6119,2019-07-30,65,57,-8
6120,2019-07-30,34,72,38
6121,2019-07-30,18,20,2
6122,2019-07-30,21,16,-5
6123,2019-07-30,19,14,-5
6124,2019-07-30,29,53,24
6125,2019-07-30,15,11,-4
6126,2019-07-30,50,41,-9
6127,2019-07-30,32,32,0
6128,2019-07-30,17,14,-3
6129,2019-07-30,55,33,-22
6130,2019-07-30,16,4,-12
6131,2019-07-30,48,19,-29
6132,2019-07-30,45,36,-9
6133,2019-07-30,51,32,-19
6134,2019-07-30,29,29,0
6136,2019-07-30,168,140,-28
6137,2019-07-30,56,40,-16
6138,2019-07-30,41,33,-8
6139,2019-07-30,45,22,-23
6140,2019-07-30,59,72,13
6141,2019-07-30,28,24,-4
6142,2019-07-30,77,31,-46
6143,2019-07-30,87,50,-37
6145,2019-07-30,44,32,-12
6146,2019-07-30,54,29,-25
6147,2019-07-30,84,54,-30
6148,2019-07-30,92,50,-42
6149,2019-07-30,27,23,-4
6150,2019-07-30,38,31,-7
6151,2019-07-30,54,42,-12
6152,2019-07-30,84,67,-17
6153,2019-07-30,45,40,-5
6154,2019-07-30,94,103,9
6155,2019-07-30,86,70,-16
6156,2019-07-30,44,39,-5
6157,2019-07-30,60,49,-11
6158,2019-07-30,41,31,-10
6159,2019-07-30,27,26,-1
6160,2019-07-30,35,18,-17
6161,2019-07-30,28,20,-8
6162,2019-07-30,9,14,5
6163,2019-07-30,90,60,-30
6164,2019-07-30,48,43,-5
6165,2019-07-30,121,101,-20
6166,2019-07-30,76,37,-39
6167,2019-07-30,34,22,-12
6168,2019-07-30,34,32,-2
6169,2019-07-30,77,80,3
6170,2019-07-30,39,31,-8
6171,2019-07-30,44,40,-4
6173,2019-07-30,70,47,-23
6174,2019-07-30,53,44,-9
6175,2019-07-30,59,41,-18
6176,2019-07-30,49,40,-9
6177,2019-07-30,47,37,-10
6178,2019-07-30,72,81,9
6179,2019-07-30,48,46,-2
6180,2019-07-30,40,52,12
6181,2019-07-30,90,60,-30
6182,2019-07-30,45,22,-23
6183,2019-07-30,57,33,-24
6184,2019-07-30,135,174,39
6185,2019-07-30,19,10,-9
6186,2019-07-30,49,40,-9
6187,2019-07-30,80,89,9
6188,2019-07-30,34,26,-8
6189,2019-07-30,12,7,-5
6190,2019-07-30,65,55,-10
6191,2019-07-30,49,46,-3
6192,2019-07-30,33,22,-11
6193,2019-07-30,67,67,0
6194,2019-07-30,124,90,-34
6195,2019-07-30,55,33,-22
6196,2019-07-30,102,65,-37
6197,2019-07-30,44,31,-13
6198,2019-07-30,17,12,-5
6199,2019-07-30,84,76,-8
6200,2019-07-30,81,83,2
6201,2019-07-30,43,45,2
6202,2019-07-30,85,68,-17
6203,2019-07-30,67,67,0
6204,2019-07-30,45,62,17
6205,2019-07-30,53,53,0
6206,2019-07-30,98,93,-5
6207,2019-07-30,45,41,-4
6208,2019-07-30,39,46,7
6209,2019-07-30,76,53,-23
6210,2019-07-30,29,29,0
6211,2019-07-30,99,94,-5
6212,2019-07-30,72,33,-39
6213,2019-07-30,68,76,8
6214,2019-07-30,61,31,-30
6215,2019-07-30,44,70,26
6216,2019-07-30,85,47,-38
6217,2019-07-30,74,46,-28
6218,2019-07-30,48,33,-15
6219,2019-07-30,54,37,-17
6220,2019-07-30,79,50,-29
6221,2019-07-30,131,109,-22
6222,2019-07-30,61,41,-20
6223,2019-07-30,74,36,-38
6224,2019-07-30,51,37,-14
6225,2019-07-30,49,22,-27
6226,2019-07-30,27,29,2
6227,2019-07-30,91,84,-7
6228,2019-07-30,23,23,0
6229,2019-07-30,53,30,-23
6230,2019-07-30,78,63,-15
6231,2019-07-30,74,47,-27
6232,2019-07-30,29,22,-7
6233,2019-07-30,81,60,-21
6234,2019-07-30,29,28,-1
6235,2019-07-30,52,51,-1
6236,2019-07-30,47,28,-19
6237,2019-07-30,27,26,-1
6240,2019-07-30,19,17,-2
6241,2019-07-30,16,21,5
6243,2019-07-30,37,29,-8
6245,2019-07-30,13,13,0
6246,2019-07-30,28,27,-1
6247,2019-07-30,71,78,7
6248,2019-07-30,104,80,-24
6249,2019-07-30,40,22,-18
6250,2019-07-30,71,59,-12
6251,2019-07-30,7,4,-3
6252,2019-07-30,32,36,4
6253,2019-07-30,50,41,-9
6254,2019-07-30,50,48,-2
6255,2019-07-30,45,42,-3
6257,2019-07-30,28,28,0
6258,2019-07-30,58,25,-33
6259,2019-07-30,30,26,-4
6260,2019-07-30,50,37,-13
6261,2019-07-30,31,22,-9
6262,2019-07-30,38,32,-6
6263,2019-07-30,20,17,-3
6265,2019-07-30,35,23,-12
6267,2019-07-30,29,22,-7
6268,2019-07-30,32,26,-6
6269,2019-07-30,18,16,-2
6270,2019-07-30,29,24,-5
6272,2019-07-30,19,10,-9
6273,2019-07-30,24,9,-15
6274,2019-07-30,37,23,-14
6275,2019-07-30,21,16,-5
6276,2019-07-30,26,18,-8
6277,2019-07-30,45,28,-17
6278,2019-07-30,17,12,-5
6279,2019-07-30,10,3,-7
6280,2019-07-30,50,47,-3
6281,2019-07-30,17,19,2
6301,2019-07-30,23,8,-15
6302,2019-07-30,11,9,-2
6303,2019-07-30,14,9,-5
6304,2019-07-30,7,3,-4
6305,2019-07-30,6,5,-1
6306,2019-07-30,36,13,-23
6307,2019-07-30,42,36,-6
6309,2019-07-30,25,18,-7
6310,2019-07-30,56,24,-32
6311,2019-07-30,28,18,-10
6312,2019-07-30,20,17,-3
6313,2019-07-30,30,26,-4
6314,2019-07-30,49,32,-17
6315,2019-07-30,45,28,-17
6316,2019-07-30,36,11,-25
6321,2019-07-30,46,38,-8
6322,2019-07-30,30,16,-14
6323,2019-07-30,9,8,-1
6324,2019-07-30,21,25,4
6327,2019-07-30,29,16,-13
6328,2019-07-30,27,18,-9
6329,2019-07-30,26,10,-16
6330,2019-07-30,11,12,1
6331,2019-07-30,16,8,-8
6332,2019-07-30,29,28,-1
6333,2019-07-30,15,8,-7
6334,2019-07-30,47,53,6
6335,2019-07-30,28,22,-6
6336,2019-07-30,20,17,-3
6338,2019-07-30,22,19,-3
6339,2019-07-30,21,12,-9
6340,2019-07-30,23,23,0
6341,2019-07-30,28,18,-10
6343,2019-07-30,27,15,-12
6345,2019-07-30,16,15,-1
6346,2019-07-30,7,5,-2
6347,2019-07-30,12,19,7
6349,2019-07-30,20,12,-8
6350,2019-07-30,35,33,-2
6354,2019-07-30,33,20,-13
6355,2019-07-30,25,25,0
6356,2019-07-30,30,14,-16
6357,2019-07-30,21,12,-9
6358,2019-07-30,19,20,1
6359,2019-07-30,65,89,24
6360,2019-07-30,18,12,-6
6361,2019-07-30,24,14,-10
6362,2019-07-30,35,35,0
6363,2019-07-30,19,13,-6
6364,2019-07-30,22,15,-7
6366,2019-07-30,24,10,-14
6368,2019-07-30,40,33,-7
6369,2019-07-30,25,32,7
6370,2019-07-30,28,16,-12
6371,2019-07-30,69,44,-25
6372,2019-07-30,69,53,-16
6373,2019-07-30,34,21,-13
6374,2019-07-30,26,18,-8
6375,2019-07-30,32,45,13
6376,2019-07-30,18,12,-6
6377,2019-07-30,33,22,-11
6379,2019-07-30,30,32,2
6380,2019-07-30,14,10,-4
6381,2019-07-30,32,39,7
6383,2019-07-30,28,15,-13
6384,2019-07-30,18,7,-11
6385,2019-07-30,38,33,-5
6386,2019-07-30,60,77,17
6387,2019-07-30,34,40,6
6388,2019-07-30,16,15,-1
6389,2019-07-30,40,22,-18
6391,2019-07-30,27,37,10
6393,2019-07-30,48,55,7
6394,2019-07-30,41,44,3
6395,2019-07-30,48,66,18
6396,2019-07-30,59,73,14
6397,2019-07-30,40,45,5
6398,2019-07-30,38,38,0
6401,2019-07-30,39,42,3
6402,2019-07-30,35,32,-3
6403,2019-07-30,21,18,-3
6404,2019-07-30,14,19,5
6405,2019-07-30,23,29,6
6406,2019-07-30,60,81,21
6407,2019-07-30,21,20,-1
6408,2019-07-30,38,43,5
6409,2019-07-30,17,14,-3
6410,2019-07-30,37,37,0
6411,2019-07-30,91,74,-17
6412,2019-07-30,13,14,1
6413,2019-07-30,29,63,34
6414,2019-07-30,9,13,4
6415,2019-07-30,19,18,-1
6416,2019-07-30,19,5,-14
6417,2019-07-30,20,19,-1
6418,2019-07-30,9,11,2
6419,2019-07-30,2,13,11
6420,2019-07-30,21,16,-5
6421,2019-07-30,28,20,-8
6422,2019-07-30,8,11,3
6423,2019-07-30,13,13,0
6424,2019-07-30,26,56,30
6425,2019-07-30,21,21,0
6426,2019-07-30,48,51,3
6427,2019-07-30,51,51,0
6428,2019-07-30,22,28,6
6429,2019-07-30,25,30,5
6432,2019-07-30,65,67,2
6433,2019-07-30,22,14,-8
6434,2019-07-30,62,60,-2
6435,2019-07-30,27,20,-7
6436,2019-07-30,11,7,-4
6501,2019-07-30,49,66,17
6502,2019-07-30,15,12,-3
6503,2019-07-30,50,45,-5
6504,2019-07-30,5,4,-1
6700,2019-07-30,7,21,14
6701,2019-07-30,40,57,17
6702,2019-07-30,6,14,8
6703,2019-07-30,38,33,-5
6704,2019-07-30,22,18,-4
6705,2019-07-30,14,10,-4
6706,2019-07-30,20,20,0
6707,2019-07-30,15,25,10
6708,2019-07-30,28,52,24
6709,2019-07-30,21,17,-4
6710,2019-07-30,14,7,-7
6711,2019-07-30,12,10,-2
6712,2019-07-30,15,14,-1
6713,2019-07-30,17,13,-4
6714,2019-07-30,7,7,0
6716,2019-07-30,3,6,3
6717,2019-07-30,11,16,5
6718,2019-07-30,30,21,-9
6719,2019-07-30,15,6,-9
6720,2019-07-30,23,24,1
6721,2019-07-30,20,14,-6
6722,2019-07-30,8,13,5
6723,2019-07-30,19,15,-4
6724,2019-07-30,40,42,2
6725,2019-07-30,15,13,-2
6726,2019-07-30,10,8,-2
6727,2019-07-30,45,75,30
6728,2019-07-30,10,4,-6
6729,2019-07-30,101,107,6
6730,2019-07-30,18,6,-12
6731,2019-07-30,8,5,-3
6732,2019-07-30,26,21,-5
6733,2019-07-30,21,23,2
6734,2019-07-30,27,20,-7
6735,2019-07-30,6,6,0
6736,2019-07-30,10,12,2
6737,2019-07-30,7,5,-2
6738,2019-07-30,66,82,16
6739,2019-07-30,6,2,-4
6741,2019-07-30,17,8,-9
6742,2019-07-30,27,40,13
6743,2019-07-30,25,15,-10
6744,2019-07-30,15,13,-2
6745,2019-07-30,16,13,-3
6746,2019-07-30,11,10,-1
6747,2019-07-30,33,51,18
6748,2019-07-30,54,62,8
6749,2019-07-30,35,43,8
6750,2019-07-30,33,23,-10
6752,2019-07-30,21,20,-1
6753,2019-07-30,19,19,0
6754,2019-07-30,21,13,-8
6901,2019-07-30,45,67,22
6902,2019-07-30,65,66,1
6903,2019-07-30,58,63,5
6904,2019-07-30,23,20,-3
6905,2019-07-30,36,26,-10
6906,2019-07-30,121,99,-22
6907,2019-07-30,65,37,-28
6908,2019-07-30,31,26,-5
6910,2019-07-30,72,51,-21
6912,2019-07-30,103,70,-33
6913,2019-07-30,37,28,-9
6915,2019-07-30,55,47,-8
6916,2019-07-30,24,28,4
6917,2019-07-30,7,4,-3
6918,2019-07-30,24,15,-9
6919,2019-07-30,13,13,0
6921,2019-07-30,59,63,4
6923,2019-07-30,27,22,-5
6924,2019-07-30,15,13,-2
6925,2019-07-30,29,21,-8
6926,2019-07-30,37,32,-5
6927,2019-07-30,59,28,-31
6928,2019-07-30,13,9,-4
6929,2019-07-30,29,22,-7
6930,2019-07-30,17,28,11
7001,2019-07-30,18,20,2
7002,2019-07-30,7,7,0
7003,2019-07-30,95,62,-33
7004,2019-07-30,13,15,2
7005,2019-07-30,3,3,0
7006,2019-07-30,15,18,3
7007,2019-07-30,12,8,-4
7008,2019-07-30,17,16,-1
7009,2019-07-30,53,72,19
7010,2019-07-30,20,11,-9
7011,2019-07-30,51,54,3
7012,2019-07-30,27,36,9
7013,2019-07-30,19,14,-5
7014,2019-07-30,46,26,-20
7015,2019-07-30,15,12,-3
7016,2019-07-30,6,8,2
7017,2019-07-30,18,18,0
7018,2019-07-30,25,22,-3
7019,2019-07-30,54,138,84
7020,2019-07-30,17,16,-1
7021,2019-07-30,30,18,-12
7022,2019-07-30,19,14,-5
7023,2019-07-30,5,2,-3
7024,2019-07-30,36,24,-12
7025,2019-07-30,18,24,6
7026,2019-07-30,49,59,10
7027,2019-07-30,49,22,-27
7028,2019-07-30,72,76,4
7029,2019-07-30,36,23,-13
7030,2019-07-30,39,34,-5
7031,2019-07-30,26,20,-6
7032,2019-07-30,47,36,-11
7033,2019-07-30,45,43,-2
7034,2019-07-30,34,50,16
7035,2019-07-30,39,36,-3
7036,2019-07-30,44,34,-10
7037,2019-07-30,38,34,-4
7038,2019-07-30,40,49,9
7039,2019-07-30,17,19,2
7040,2019-07-30,52,65,13
7041,2019-07-30,69,86,17
7042,2019-07-30,33,34,1
7043,2019-07-30,28,16,-12
7044,2019-07-30,12,8,-4
7045,2019-07-30,51,53,2
7046,2019-07-30,59,76,17
7047,2019-07-30,90,133,43
7048,2019-07-30,15,19,4
7049,2019-07-30,17,16,-1
7050,2019-07-30,18,16,-2
7051,2019-07-30,6,5,-1
7052,2019-07-30,36,41,5
7053,2019-07-30,30,26,-4
7054,2019-07-30,25,26,1
7055,2019-07-30,18,14,-4
7056,2019-07-30,13,13,0
7057,2019-07-30,30,26,-4
7058,2019-07-30,26,24,-2
7059,2019-07-30,23,17,-6
7060,2019-07-30,33,25,-8
7061,2019-07-30,7,11,4
7062,2019-07-30,40,41,1
7063,2019-07-30,10,19,9
7064,2019-07-30,16,26,10
7065,2019-07-30,28,22,-6
7066,2019-07-30,42,108,66
7067,2019-07-30,51,55,4
7068,2019-07-30,47,59,12
7069,2019-07-30,57,91,34
7070,2019-07-30,33,25,-8
7071,2019-07-30,29,23,-6
7072,2019-07-30,22,17,-5
7073,2019-07-30,46,34,-12
7074,2019-07-30,23,16,-7
7075,2019-07-30,7,6,-1
7076,2019-07-30,52,30,-22
7077,2019-07-30,19,19,0
7078,2019-07-30,31,20,-11
7079,2019-07-30,35,46,11
7080,2019-07-30,63,82,19
7081,2019-07-30,25,56,31
7082,2019-07-30,58,82,24
7083,2019-07-30,37,43,6
7084,2019-07-30,57,57,0
7087,2019-07-30,1,0,-1
7088,2019-07-30,1,1,0
7089,2019-07-30,1,1,0
7090,2019-07-30,7,4,-3
7091,2019-07-30,4,4,0
7092,2019-07-30,4,1,-3
7093,2019-07-30,5,4,-1
7094,2019-07-30,3,3,0
7095,2019-07-30,9,17,8
7096,2019-07-30,21,31,10
7097,2019-07-30,8,12,4
7098,2019-07-30,1,2,1
7099,2019-07-30,2,4,2
7101,2019-07-30,6,9,3
7102,2019-07-30,19,14,-5
7103,2019-07-30,7,10,3
7104,2019-07-30,1,2,1
7105,2019-07-30,2,1,-1
7106,2019-07-30,1,2,1
7107,2019-07-30,3,5,2
7108,2019-07-30,13,9,-4
7109,2019-07-30,5,4,-1
7110,2019-07-30,2,5,3
7111,2019-07-30,6,5,-1
7112,2019-07-30,8,9,1
7113,2019-07-30,51,58,7
7114,2019-07-30,72,62,-10
7115,2019-07-30,9,10,1
7116,2019-07-30,6,4,-2
7117,2019-07-30,2,3,1
7118,2019-07-30,2,2,0
7119,2019-07-30,6,2,-4
7120,2019-07-30,3,2,-1
7121,2019-07-30,2,5,3
7122,2019-07-30,5,2,-3
7123,2019-07-30,1,2,1
7124,2019-07-30,23,9,-14
7125,2019-07-30,17,14,-3
7126,2019-07-30,3,1,-2
7127,2019-07-30,27,34,7
7128,2019-07-30,4,8,4
7129,2019-07-30,10,5,-5
7130,2019-07-30,8,7,-1
7131,2019-07-30,3,5,2
7132,2019-07-30,3,0,-3
7133,2019-07-30,1,1,0
7134,2019-07-30,5,4,-1
7135,2019-07-30,1,2,1
7136,2019-07-30,2,1,-1
7137,2019-07-30,6,8,2
7138,2019-07-30,7,5,-2
7139,2019-07-30,11,14,3
7140,2019-07-30,23,17,-6
7141,2019-07-30,22,21,-1
7142,2019-07-30,4,4,0
7143,2019-07-30,24,30,6
7144,2019-07-30,30,37,7
7145,2019-07-30,20,8,-12
7146,2019-07-30,15,12,-3
7147,2019-07-30,24,25,1
7148,2019-07-30,5,10,5
7149,2019-07-30,8,7,-1
10002,2019-07-30,67,77,10
10002,2019-07-30,37,41,4
4000,2019-07-30,11,20,9
4001,2019-07-30,2,4,2
4002,2019-07-30,8,8,0
5002,2019-07-30,1,1,0
5004,2019-07-30,1,2,1
5005,2019-07-30,2,3,1
5007,2019-07-30,4,2,-2
6001,2019-07-30,26,10,-16
6002,2019-07-30,14,21,7
6003,2019-07-30,23,28,5
6004,2019-07-30,10,13,3
6005,2019-07-30,49,17,-32
6006,2019-07-30,5,14,9
6007,2019-07-30,10,20,10
6008,2019-07-30,22,19,-3
6009,2019-07-30,36,28,-8
6011,2019-07-30,30,31,1
6012,2019-07-30,74,56,-18
6013,2019-07-30,21,40,19
6014,2019-07-30,23,30,7
6015,2019-07-30,72,103,31
6016,2019-07-30,1,7,6
6017,2019-07-30,11,25,14
6018,2019-07-30,33,42,9
6019,2019-07-30,54,30,-24
6020,2019-07-30,36,49,13
6021,2019-07-30,33,27,-6
6022,2019-07-30,18,14,-4
6023,2019-07-30,51,42,-9
6025,2019-07-30,5,5,0
6026,2019-07-30,33,49,16
6027,2019-07-30,90,43,-47
6029,2019-07-30,9,23,14
6031,2019-07-30,5,5,0
6032,2019-07-30,26,25,-1
6033,2019-07-30,2,3,1
6034,2019-07-30,17,8,-9
6035,2019-07-30,7,7,0
6036,2019-07-30,68,50,-18
6037,2019-07-30,11,10,-1
6038,2019-07-30,47,29,-18
6039,2019-07-30,38,18,-20
6040,2019-07-30,18,6,-12
6041,2019-07-30,16,3,-13
6042,2019-07-30,11,8,-3
6043,2019-07-30,102,36,-66
6044,2019-07-30,28,41,13
6046,2019-07-30,59,25,-34
6047,2019-07-30,24,9,-15
6048,2019-07-30,10,8,-2
6049,2019-07-30,14,14,0
6050,2019-07-30,24,13,-11
6051,2019-07-30,17,9,-8
6052,2019-07-30,110,37,-73
6053,2019-07-30,70,52,-18
6057,2019-07-30,21,12,-9
6058,2019-07-30,27,7,-20
6059,2019-07-30,26,4,-22
6060,2019-07-30,4,4,0
6061,2019-07-30,31,23,-8
6062,2019-07-30,32,14,-18
6063,2019-07-30,45,27,-18
6064,2019-07-30,121,30,-91
6065,2019-07-30,14,16,2
6066,2019-07-30,16,1,-15
6067,2019-07-30,14,4,-10
6068,2019-07-30,10,0,-10
6070,2019-07-30,93,36,-57
6072,2019-07-30,25,7,-18
6073,2019-07-30,150,20,-130
6075,2019-07-30,24,3,-21
6076,2019-07-30,8,18,10
6078,2019-07-30,16,11,-5
6079,2019-07-30,16,17,1
6080,2019-07-30,52,54,2
6081,2019-07-30,25,12,-13
6082,2019-07-30,2,14,12
6083,2019-07-30,33,11,-22
6084,2019-07-30,8,7,-1
6085,2019-07-30,53,44,-9
6086,2019-07-30,17,25,8
6087,2019-07-30,45,63,18
6088,2019-07-30,20,28,8
6089,2019-07-30,6,7,1
6090,2019-07-30,26,24,-2
6091,2019-07-30,21,24,3
6092,2019-07-30,27,15,-12
6093,2019-07-30,12,15,3
6094,2019-07-30,28,25,-3
6095,2019-07-30,43,38,-5
6096,2019-07-30,11,20,9
6097,2019-07-30,19,17,-2
6098,2019-07-30,23,8,-15
6099,2019-07-30,29,62,33
6100,2019-07-30,103,85,-18
6101,2019-07-30,21,5,-16
6102,2019-07-30,16,19,3
6103,2019-07-30,6,8,2
6104,2019-07-30,21,28,7
6105,2019-07-30,10,19,9
6106,2019-07-30,7,9,2
6107,2019-07-30,27,25,-2
6108,2019-07-30,16,15,-1
6109,2019-07-30,2,4,2
6110,2019-07-30,4,13,9
6111,2019-07-30,12,26,14
6112,2019-07-30,34,42,8
6113,2019-07-30,17,14,-3
6114,2019-07-30,37,84,47
6115,2019-07-30,6,8,2
6116,2019-07-30,20,28,8
6117,2019-07-30,10,9,-1
6118,2019-07-30,13,30,17
6119,2019-07-30,14,39,25
6120,2019-07-30,38,43,5
6121,2019-07-30,6,16,10
6122,2019-07-30,5,14,9
6123,2019-07-30,12,16,4
6124,2019-07-30,14,28,14
6125,2019-07-30,10,14,4
6126,2019-07-30,16,21,5
6127,2019-07-30,18,11,-7
6128,2019-07-30,8,13,5
6129,2019-07-30,19,28,9
6130,2019-07-30,8,7,-1
6131,2019-07-30,19,25,6
6132,2019-07-30,18,34,16
6133,2019-07-30,20,32,12
6134,2019-07-30,13,13,0
6136,2019-07-30,124,55,-69
6137,2019-07-30,27,42,15
6138,2019-07-30,22,37,15
6139,2019-07-30,17,24,7
6140,2019-07-30,38,32,-6
6141,2019-07-30,10,16,6
6142,2019-07-30,34,50,16
6143,2019-07-30,29,35,6
6145,2019-07-30,35,31,-4
6146,2019-07-30,24,17,-7
6147,2019-07-30,30,19,-11
6148,2019-07-30,25,49,24
6149,2019-07-30,12,10,-2
6150,2019-07-30,19,34,15
6151,2019-07-30,28,44,16
6152,2019-07-30,40,54,14
6153,2019-07-30,20,24,4
6154,2019-07-30,61,52,-9
6155,2019-07-30,34,50,16
6156,2019-07-30,29,39,10
6157,2019-07-30,45,39,-6
6158,2019-07-30,21,31,10
6159,2019-07-30,18,21,3
6160,2019-07-30,23,22,-1
6161,2019-07-30,11,20,9
6162,2019-07-30,5,4,-1
6163,2019-07-30,40,53,13
6164,2019-07-30,44,53,9
6165,2019-07-30,55,56,1
6166,2019-07-30,22,45,23
6167,2019-07-30,16,18,2
6168,2019-07-30,10,11,1
6169,2019-07-30,81,54,-27
6170,2019-07-30,36,25,-11
6171,2019-07-30,11,25,14
6173,2019-07-30,43,31,-12
6174,2019-07-30,27,22,-5
6175,2019-07-30,37,30,-7
6176,2019-07-30,40,54,14
6177,2019-07-30,29,44,15
6178,2019-07-30,53,47,-6
6179,2019-07-30,32,36,4
6180,2019-07-30,19,19,0
6181,2019-07-30,35,24,-11
6182,2019-07-30,18,16,-2
6183,2019-07-30,36,37,1
6184,2019-07-30,101,53,-48
6185,2019-07-30,3,7,4
6186,2019-07-30,37,23,-14
6187,2019-07-30,45,37,-8
6188,2019-07-30,12,21,9
6189,2019-07-30,8,11,3
6190,2019-07-30,36,16,-20
6191,2019-07-30,17,17,0
6192,2019-07-30,16,20,4
6193,2019-07-30,51,52,1
6194,2019-07-30,97,95,-2
6195,2019-07-30,55,22,-33
6196,2019-07-30,59,60,1
6197,2019-07-30,16,25,9
6198,2019-07-30,17,6,-11
6199,2019-07-30,66,32,-34
6200,2019-07-30,20,19,-1
6201,2019-07-30,29,34,5
6202,2019-07-30,59,38,-21
6203,2019-07-30,38,31,-7
6204,2019-07-30,41,27,-14
6205,2019-07-30,39,32,-7
6206,2019-07-30,70,79,9
6207,2019-07-30,7,22,15
6208,2019-07-30,38,34,-4
6209,2019-07-30,51,46,-5
6210,2019-07-30,11,9,-2
6211,2019-07-30,72,66,-6
6212,2019-07-30,27,22,-5
6213,2019-07-30,62,62,0
6214,2019-07-30,47,31,-16
6215,2019-07-30,52,26,-26
6216,2019-07-30,49,21,-28
6217,2019-07-30,49,20,-29
6218,2019-07-30,23,15,-8
6219,2019-07-30,22,28,6
6220,2019-07-30,25,43,18
6221,2019-07-30,81,64,-17
6222,2019-07-30,33,27,-6
6223,2019-07-30,30,26,-4
6224,2019-07-30,28,25,-3
6225,2019-07-30,12,22,10
6226,2019-07-30,9,2,-7
6227,2019-07-30,48,42,-6
6228,2019-07-30,16,16,0
6229,2019-07-30,24,20,-4
6230,2019-07-30,41,46,5
6231,2019-07-30,53,53,0
6232,2019-07-30,10,6,-4
6233,2019-07-30,41,40,-1
6234,2019-07-30,25,16,-9
6235,2019-07-30,26,6,-20
6236,2019-07-30,26,46,20
6237,2019-07-30,5,16,11
6240,2019-07-30,5,9,4
6241,2019-07-30,17,20,3
6243,2019-07-30,26,27,1
6245,2019-07-30,12,18,6
6246,2019-07-30,24,21,-3
6247,2019-07-30,67,38,-29
6248,2019-07-30,55,47,-8
6249,2019-07-30,24,25,1
6250,2019-07-30,34,16,-18
6251,2019-07-30,15,14,-1
6252,2019-07-30,21,15,-6
6253,2019-07-30,29,8,-21
6254,2019-07-30,33,22,-11
6255,2019-07-30,29,30,1
6257,2019-07-30,16,6,-10
6258,2019-07-30,32,33,1
6259,2019-07-30,12,20,8
6260,2019-07-30,12,14,2
6261,2019-07-30,19,22,3
6262,2019-07-30,22,26,4
6263,2019-07-30,7,15,8
6265,2019-07-30,15,33,18
6267,2019-07-30,24,25,1
6268,2019-07-30,28,34,6
6269,2019-07-30,5,13,8
6270,2019-07-30,7,18,11
6271,2019-07-30,1,1,0
6272,2019-07-30,3,19,16
6273,2019-07-30,10,15,5
6274,2019-07-30,15,24,9
6275,2019-07-30,13,14,1
6276,2019-07-30,10,24,14
6277,2019-07-30,26,25,-1
6278,2019-07-30,5,5,0
6279,2019-07-30,2,7,5
6280,2019-07-30,23,24,1
6281,2019-07-30,16,2,-14
6301,2019-07-30,14,7,-7
6302,2019-07-30,1,2,1
6303,2019-07-30,8,10,2
6304,2019-07-30,2,1,-1
6305,2019-07-30,2,3,1
6306,2019-07-30,31,15,-16
6307,2019-07-30,16,23,7
6309,2019-07-30,11,10,-1
6310,2019-07-30,27,9,-18
6311,2019-07-30,19,19,0
6312,2019-07-30,3,13,10
6313,2019-07-30,15,41,26
6314,2019-07-30,13,26,13
6315,2019-07-30,33,15,-18
6316,2019-07-30,15,10,-5
6321,2019-07-30,44,33,-11
6322,2019-07-30,9,12,3
6323,2019-07-30,3,5,2
6324,2019-07-30,5,11,6
6327,2019-07-30,11,13,2
6328,2019-07-30,13,15,2
6329,2019-07-30,7,14,7
6330,2019-07-30,5,8,3
6331,2019-07-30,4,7,3
6332,2019-07-30,6,14,8
6333,2019-07-30,5,14,9
6334,2019-07-30,19,25,6
6335,2019-07-30,9,14,5
6336,2019-07-30,12,17,5
6338,2019-07-30,8,12,4
6339,2019-07-30,5,15,10
6340,2019-07-30,11,13,2
6341,2019-07-30,6,21,15
6343,2019-07-30,11,19,8
6345,2019-07-30,5,7,2
6346,2019-07-30,2,1,-1
6347,2019-07-30,7,2,-5
6349,2019-07-30,10,15,5
6350,2019-07-30,10,22,12
6354,2019-07-30,10,20,10
6355,2019-07-30,5,17,12
6356,2019-07-30,19,19,0
6357,2019-07-30,4,6,2
6358,2019-07-30,7,11,4
6359,2019-07-30,24,24,0
6360,2019-07-30,10,13,3
6361,2019-07-30,11,10,-1
6362,2019-07-30,8,10,2
6363,2019-07-30,5,10,5
6364,2019-07-30,7,14,7
6366,2019-07-30,8,8,0
6368,2019-07-30,20,31,11
6369,2019-07-30,6,15,9
6370,2019-07-30,9,19,10
6371,2019-07-30,23,29,6
6372,2019-07-30,16,33,17
6373,2019-07-30,8,20,12
6374,2019-07-30,8,12,4
6375,2019-07-30,21,31,10
6376,2019-07-30,9,10,1
6377,2019-07-30,5,22,17
6379,2019-07-30,8,14,6
6380,2019-07-30,2,9,7
6381,2019-07-30,13,16,3
6383,2019-07-30,7,16,9
6384,2019-07-30,8,8,0
6385,2019-07-30,23,28,5
6386,2019-07-30,18,16,-2
6387,2019-07-30,23,17,-6
6388,2019-07-30,9,11,2
6389,2019-07-30,19,22,3
6391,2019-07-30,19,42,23
6393,2019-07-30,17,39,22
6394,2019-07-30,20,40,20
6395,2019-07-30,41,23,-18
6396,2019-07-30,43,16,-27
6397,2019-07-30,9,33,24
6398,2019-07-30,9,18,9
6401,2019-07-30,18,40,22
6402,2019-07-30,15,23,8
6403,2019-07-30,13,15,2
6404,2019-07-30,7,14,7
6405,2019-07-30,13,21,8
6406,2019-07-30,34,41,7
6407,2019-07-30,11,7,-4
6408,2019-07-30,14,17,3
6409,2019-07-30,5,20,15
6410,2019-07-30,6,5,-1
6411,2019-07-30,39,49,10
6412,2019-07-30,8,8,0
6413,2019-07-30,12,7,-5
6414,2019-07-30,5,12,7
6415,2019-07-30,9,11,2
6416,2019-07-30,8,6,-2
6417,2019-07-30,10,19,9
6418,2019-07-30,2,3,1
6419,2019-07-30,3,4,1
6420,2019-07-30,10,8,-2
6421,2019-07-30,9,15,6
6422,2019-07-30,4,6,2
6423,2019-07-30,9,2,-7
6424,2019-07-30,16,18,2
6425,2019-07-30,25,23,-2
6426,2019-07-30,17,21,4
6427,2019-07-30,23,30,7
6428,2019-07-30,4,9,5
6429,2019-07-30,8,15,7
6432,2019-07-30,33,39,6
6433,2019-07-30,14,17,3
6434,2019-07-30,29,26,-3
6435,2019-07-30,21,20,-1
6436,2019-07-30,8,15,7
6501,2019-07-30,14,10,-4
6502,2019-07-30,1,2,1
6503,2019-07-30,35,19,-16
6504,2019-07-30,4,1,-3
6700,2019-07-30,6,18,12
6701,2019-07-30,33,16,-17
6702,2019-07-30,3,5,2
6703,2019-07-30,11,11,0
6704,2019-07-30,2,13,11
6705,2019-07-30,10,8,-2
6706,2019-07-30,2,13,11
6707,2019-07-30,6,3,-3
6708,2019-07-30,11,10,-1
6709,2019-07-30,8,14,6
6710,2019-07-30,4,8,4
6711,2019-07-30,8,9,1
6712,2019-07-30,4,8,4
6713,2019-07-30,5,7,2
6714,2019-07-30,2,1,-1
6716,2019-07-30,4,6,2
6717,2019-07-30,8,5,-3
6718,2019-07-30,4,17,13
6719,2019-07-30,4,3,-1
6720,2019-07-30,12,18,6
6721,2019-07-30,7,5,-2
6722,2019-07-30,2,5,3
6723,2019-07-30,4,7,3
6724,2019-07-30,15,15,0
6725,2019-07-30,13,12,-1
6726,2019-07-30,1,6,5
6727,2019-07-30,41,28,-13
6728,2019-07-30,4,10,6
6729,2019-07-30,53,58,5
6730,2019-07-30,1,6,5
6731,2019-07-30,3,4,1
6732,2019-07-30,8,20,12
6733,2019-07-30,6,22,16
6734,2019-07-30,21,25,4
6735,2019-07-30,3,1,-2
6736,2019-07-30,7,2,-5
6737,2019-07-30,1,7,6
6738,2019-07-30,22,6,-16
6739,2019-07-30,1,3,2
6741,2019-07-30,2,6,4
6742,2019-07-30,17,17,0
6743,2019-07-30,5,8,3
6744,2019-07-30,3,4,1
6745,2019-07-30,7,10,3
6746,2019-07-30,4,8,4
6747,2019-07-30,24,20,-4
6748,2019-07-30,32,36,4
6749,2019-07-30,8,7,-1
6750,2019-07-30,21,15,-6
6752,2019-07-30,6,6,0
6753,2019-07-30,3,4,1
6754,2019-07-30,2,13,11
6901,2019-07-30,29,25,-4
6902,2019-07-30,19,45,26
6903,2019-07-30,36,32,-4
6904,2019-07-30,10,9,-1
6905,2019-07-30,16,18,2
6906,2019-07-30,52,21,-31
6907,2019-07-30,40,27,-13
6908,2019-07-30,22,23,1
6910,2019-07-30,45,31,-14
6912,2019-07-30,48,32,-16
6913,2019-07-30,24,16,-8
6915,2019-07-30,37,40,3
6916,2019-07-30,5,7,2
6917,2019-07-30,4,11,7
6918,2019-07-30,6,10,4
6919,2019-07-30,4,5,1
6921,2019-07-30,29,24,-5
6923,2019-07-30,18,18,0
6924,2019-07-30,8,12,4
6925,2019-07-30,7,10,3
6926,2019-07-30,18,17,-1
6927,2019-07-30,30,14,-16
6928,2019-07-30,10,3,-7
6929,2019-07-30,6,18,12
6930,2019-07-30,11,0,-11
7001,2019-07-30,10,8,-2
7002,2019-07-30,1,3,2
7003,2019-07-30,41,27,-14
7004,2019-07-30,5,2,-3
7005,2019-07-30,3,2,-1
7006,2019-07-30,6,5,-1
7007,2019-07-30,5,7,2
7008,2019-07-30,5,9,4
7009,2019-07-30,21,32,11
7010,2019-07-30,8,8,0
7011,2019-07-30,28,40,12
7012,2019-07-30,8,10,2
7013,2019-07-30,4,14,10
7014,2019-07-30,13,14,1
7015,2019-07-30,7,11,4
7016,2019-07-30,4,3,-1
7017,2019-07-30,5,18,13
7018,2019-07-30,6,17,11
7019,2019-07-30,90,5,-85
7020,2019-07-30,9,10,1
7021,2019-07-30,18,15,-3
7022,2019-07-30,11,12,1
7023,2019-07-30,2,3,1
7024,2019-07-30,15,14,-1
7025,2019-07-30,13,10,-3
7026,2019-07-30,16,12,-4
7027,2019-07-30,10,20,10
7028,2019-07-30,15,12,-3
7029,2019-07-30,16,21,5
7030,2019-07-30,10,13,3
7031,2019-07-30,18,24,6
7032,2019-07-30,56,19,-37
7033,2019-07-30,26,27,1
7034,2019-07-30,11,12,1
7035,2019-07-30,12,18,6
7036,2019-07-30,14,17,3
7037,2019-07-30,18,21,3
7038,2019-07-30,24,29,5
7039,2019-07-30,5,8,3
7040,2019-07-30,14,15,1
7041,2019-07-30,61,42,-19
7042,2019-07-30,14,13,-1
7043,2019-07-30,2,10,8
7044,2019-07-30,1,3,2
7045,2019-07-30,15,9,-6
7046,2019-07-30,44,20,-24
7047,2019-07-30,44,79,35
7048,2019-07-30,4,3,-1
7049,2019-07-30,2,6,4
7050,2019-07-30,15,23,8
7051,2019-07-30,3,6,3
7052,2019-07-30,20,13,-7
7053,2019-07-30,16,17,1
7054,2019-07-30,24,36,12
7055,2019-07-30,11,15,4
7056,2019-07-30,3,9,6
7057,2019-07-30,13,20,7
7058,2019-07-30,12,12,0
7059,2019-07-30,9,21,12
7060,2019-07-30,8,23,15
7061,2019-07-30,9,8,-1
7062,2019-07-30,23,18,-5
7063,2019-07-30,8,8,0
7064,2019-07-30,12,6,-6
7065,2019-07-30,11,17,6
7066,2019-07-30,20,18,-2
7067,2019-07-30,19,16,-3
7068,2019-07-30,18,29,11
7069,2019-07-30,33,18,-15
7070,2019-07-30,3,16,13
7071,2019-07-30,19,19,0
7072,2019-07-30,20,19,-1
7073,2019-07-30,12,28,16
7074,2019-07-30,8,21,13
7075,2019-07-30,2,7,5
7076,2019-07-30,16,29,13
7077,2019-07-30,3,6,3
7078,2019-07-30,13,16,3
7079,2019-07-30,13,10,-3
7080,2019-07-30,17,16,-1
7081,2019-07-30,39,41,2
7082,2019-07-30,25,28,3
7083,2019-07-30,18,16,-2
7084,2019-07-30,8,7,-1
7087,2019-07-30,1,1,0
7090,2019-07-30,1,3,2
7092,2019-07-30,3,2,-1
7094,2019-07-30,2,2,0
7095,2019-07-30,3,1,-2
7096,2019-07-30,10,3,-7
7097,2019-07-30,2,1,-1
7099,2019-07-30,4,2,-2
7100,2019-07-30,5,1,-4
7101,2019-07-30,7,4,-3
7102,2019-07-30,6,14,8
7103,2019-07-30,1,2,1
7104,2019-07-30,1,1,0
7105,2019-07-30,2,1,-1
7106,2019-07-30,2,1,-1
7107,2019-07-30,2,0,-2
7108,2019-07-30,2,3,1
7109,2019-07-30,2,2,0
7110,2019-07-30,1,1,0
7111,2019-07-30,2,0,-2
7112,2019-07-30,4,5,1
7113,2019-07-30,8,6,-2
7114,2019-07-30,30,48,18
7115,2019-07-30,5,3,-2
7116,2019-07-30,2,1,-1
7118,2019-07-30,1,0,-1
7119,2019-07-30,2,2,0
7121,2019-07-30,3,6,3
7123,2019-07-30,1,2,1
7124,2019-07-30,1,8,7
7125,2019-07-30,9,14,5
7126,2019-07-30,2,3,1
7127,2019-07-30,5,6,1
7128,2019-07-30,5,2,-3
7129,2019-07-30,1,3,2
7130,2019-07-30,3,1,-2
7131,2019-07-30,4,5,1
7134,2019-07-30,1,1,0
7135,2019-07-30,1,3,2
7137,2019-07-30,2,2,0
7138,2019-07-30,1,3,2
7139,2019-07-30,5,1,-4
7140,2019-07-30,5,12,7
7141,2019-07-30,16,15,-1
7142,2019-07-30,1,5,4
7143,2019-07-30,19,22,3
7144,2019-07-30,22,29,7
7145,2019-07-30,2,3,1
7146,2019-07-30,4,8,4
7147,2019-07-30,16,16,0
7148,2019-07-30,1,5,4
7149,2019-07-30,4,5,1
10002,2019-07-31,131,136,5
4000,2019-07-31,81,88,7
4001,2019-07-31,10,9,-1
4002,2019-07-31,13,20,7
5003,2019-07-31,2,2,0
5004,2019-07-31,4,1,-3
5005,2019-07-31,1,3,2
5006,2019-07-31,6,5,-1
5007,2019-07-31,13,14,1
6001,2019-07-31,49,93,44
6002,2019-07-31,51,71,20
6003,2019-07-31,67,93,26
6004,2019-07-31,69,76,7
6005,2019-07-31,108,112,4
6006,2019-07-31,38,26,-12
6007,2019-07-31,40,41,1
6008,2019-07-31,57,76,19
6009,2019-07-31,91,95,4
6011,2019-07-31,74,80,6
6012,2019-07-31,150,224,74
6013,2019-07-31,51,65,14
6014,2019-07-31,87,96,9
6015,2019-07-31,165,288,123
6016,2019-07-31,15,17,2
6017,2019-07-31,70,78,8
6018,2019-07-31,73,95,22
6019,2019-07-31,150,87,-63
6020,2019-07-31,93,135,42
6021,2019-07-31,101,67,-34
6022,2019-07-31,76,82,6
6023,2019-07-31,169,221,52
6024,2019-07-31,2,3,1
6025,2019-07-31,46,48,2
6026,2019-07-31,177,202,25
6027,2019-07-31,165,142,-23
6029,2019-07-31,32,36,4
6031,2019-07-31,25,40,15
6032,2019-07-31,74,167,93
6033,2019-07-31,18,15,-3
6034,2019-07-31,25,32,7
6035,2019-07-31,33,69,36
6036,2019-07-31,193,306,113
6037,2019-07-31,54,64,10
6038,2019-07-31,122,122,0
6039,2019-07-31,93,118,25
6040,2019-07-31,55,87,32
6041,2019-07-31,90,90,0
6042,2019-07-31,87,102,15
6043,2019-07-31,213,452,239
6044,2019-07-31,84,74,-10
6046,2019-07-31,136,136,0
6047,2019-07-31,90,43,-47
6048,2019-07-31,52,52,0
6049,2019-07-31,92,111,19
6050,2019-07-31,61,61,0
6051,2019-07-31,50,47,-3
6052,2019-07-31,274,426,152
6053,2019-07-31,168,178,10
6057,2019-07-31,75,72,-3
6058,2019-07-31,51,70,19
6059,2019-07-31,74,74,0
6060,2019-07-31,17,17,0
6061,2019-07-31,74,82,8
6062,2019-07-31,78,62,-16
6063,2019-07-31,115,90,-25
6064,2019-07-31,220,173,-47
6065,2019-07-31,76,48,-28
6066,2019-07-31,42,4,-38
6067,2019-07-31,56,56,0
6068,2019-07-31,4,7,3
6070,2019-07-31,238,198,-40
6072,2019-07-31,71,89,18
6073,2019-07-31,273,194,-79
6075,2019-07-31,47,19,-28
6076,2019-07-31,32,50,18
6078,2019-07-31,63,64,1
6079,2019-07-31,80,65,-15
6080,2019-07-31,177,160,-17
6081,2019-07-31,44,38,-6
6082,2019-07-31,20,22,2
6083,2019-07-31,122,191,69
6084,2019-07-31,68,70,2
6085,2019-07-31,112,172,60
6086,2019-07-31,87,109,22
6087,2019-07-31,113,151,38
6088,2019-07-31,79,84,5
6089,2019-07-31,60,60,0
6090,2019-07-31,68,70,2
6091,2019-07-31,57,46,-11
6092,2019-07-31,75,75,0
6093,2019-07-31,35,24,-11
6094,2019-07-31,72,65,-7
6095,2019-07-31,129,106,-23
6096,2019-07-31,43,81,38
6097,2019-07-31,83,53,-30
6098,2019-07-31,60,27,-33
6099,2019-07-31,101,146,45
6100,2019-07-31,305,267,-38
6101,2019-07-31,70,28,-42
6102,2019-07-31,48,34,-14
6103,2019-07-31,20,28,8
6104,2019-07-31,89,121,32
6105,2019-07-31,61,76,15
6106,2019-07-31,41,49,8
6107,2019-07-31,98,78,-20
6108,2019-07-31,49,54,5
6109,2019-07-31,21,25,4
6110,2019-07-31,29,42,13
6111,2019-07-31,54,69,15
6112,2019-07-31,115,127,12
6113,2019-07-31,29,39,10
6114,2019-07-31,177,247,70
6115,2019-07-31,19,33,14
6116,2019-07-31,72,86,14
6117,2019-07-31,63,68,5
6118,2019-07-31,77,90,13
6119,2019-07-31,96,124,28
6120,2019-07-31,85,118,33
6121,2019-07-31,25,44,19
6122,2019-07-31,25,32,7
6123,2019-07-31,34,44,10
6124,2019-07-31,49,85,36
6125,2019-07-31,33,23,-10
6126,2019-07-31,60,55,-5
6127,2019-07-31,75,72,-3
6128,2019-07-31,30,31,1
6129,2019-07-31,74,65,-9
6130,2019-07-31,29,21,-8
6131,2019-07-31,111,76,-35
6132,2019-07-31,64,81,17
6133,2019-07-31,119,113,-6
6134,2019-07-31,61,52,-9
6136,2019-07-31,308,224,-84
6137,2019-07-31,99,90,-9
6138,2019-07-31,98,81,-17
6139,2019-07-31,56,45,-11
6140,2019-07-31,104,109,5
6141,2019-07-31,51,43,-8
6142,2019-07-31,120,112,-8
6143,2019-07-31,135,129,-6
6145,2019-07-31,71,74,3
6146,2019-07-31,90,76,-14
6147,2019-07-31,125,67,-58
6148,2019-07-31,127,109,-18
6149,2019-07-31,49,45,-4
6150,2019-07-31,105,93,-12
6151,2019-07-31,96,93,-3
6152,2019-07-31,124,121,-3
6153,2019-07-31,69,67,-2
6154,2019-07-31,197,191,-6
6155,2019-07-31,172,136,-36
6156,2019-07-31,92,94,2
6157,2019-07-31,113,122,9
6158,2019-07-31,68,70,2
6159,2019-07-31,44,50,6
6160,2019-07-31,48,40,-8
6161,2019-07-31,58,45,-13
6162,2019-07-31,20,27,7
6163,2019-07-31,132,128,-4
6164,2019-07-31,102,117,15
6165,2019-07-31,168,204,36
6166,2019-07-31,105,92,-13
6167,2019-07-31,40,46,6
6168,2019-07-31,62,47,-15
6169,2019-07-31,199,174,-25
6170,2019-07-31,93,73,-20
6171,2019-07-31,42,49,7
6173,2019-07-31,129,80,-49
6174,2019-07-31,126,105,-21
6175,2019-07-31,101,59,-42
6176,2019-07-31,119,107,-12
6177,2019-07-31,88,76,-12
6178,2019-07-31,143,147,4
6179,2019-07-31,103,100,-3
6180,2019-07-31,71,70,-1
6181,2019-07-31,144,95,-49
6182,2019-07-31,68,58,-10
6183,2019-07-31,98,79,-19
6184,2019-07-31,320,252,-68
6185,2019-07-31,40,30,-10
6186,2019-07-31,101,73,-28
6187,2019-07-31,137,134,-3
6188,2019-07-31,69,67,-2
6189,2019-07-31,28,31,3
6190,2019-07-31,105,74,-31
6191,2019-07-31,83,60,-23
6192,2019-07-31,53,38,-15
6193,2019-07-31,127,125,-2
6194,2019-07-31,251,199,-52
6195,2019-07-31,91,56,-35
6196,2019-07-31,158,125,-33
6197,2019-07-31,50,51,1
6198,2019-07-31,35,26,-9
6199,2019-07-31,133,112,-21
6200,2019-07-31,118,112,-6
6201,2019-07-31,89,81,-8
6202,2019-07-31,134,120,-14
6203,2019-07-31,128,112,-16
6204,2019-07-31,92,86,-6
6205,2019-07-31,104,81,-23
6206,2019-07-31,178,166,-12
6207,2019-07-31,52,47,-5
6208,2019-07-31,81,94,13
6209,2019-07-31,118,95,-23
6210,2019-07-31,47,48,1
6211,2019-07-31,179,148,-31
6212,2019-07-31,92,79,-13
6213,2019-07-31,146,141,-5
6214,2019-07-31,100,64,-36
6215,2019-07-31,101,74,-27
6216,2019-07-31,163,100,-63
6217,2019-07-31,131,82,-49
6218,2019-07-31,88,73,-15
6219,2019-07-31,77,73,-4
6220,2019-07-31,114,100,-14
6221,2019-07-31,242,190,-52
6222,2019-07-31,98,64,-34
6223,2019-07-31,99,68,-31
6224,2019-07-31,93,71,-22
6225,2019-07-31,78,46,-32
6226,2019-07-31,41,32,-9
6227,2019-07-31,154,161,7
6228,2019-07-31,43,34,-9
6229,2019-07-31,74,65,-9
6230,2019-07-31,108,102,-6
6231,2019-07-31,146,125,-21
6232,2019-07-31,40,28,-12
6233,2019-07-31,157,126,-31
6234,2019-07-31,53,60,7
6235,2019-07-31,94,77,-17
6236,2019-07-31,78,76,-2
6237,2019-07-31,59,61,2
6240,2019-07-31,32,29,-3
6241,2019-07-31,53,56,3
6243,2019-07-31,70,56,-14
6245,2019-07-31,46,34,-12
6246,2019-07-31,73,60,-13
6247,2019-07-31,138,128,-10
6248,2019-07-31,188,145,-43
6249,2019-07-31,79,70,-9
6250,2019-07-31,88,79,-9
6251,2019-07-31,33,23,-10
6252,2019-07-31,57,56,-1
6253,2019-07-31,64,54,-10
6254,2019-07-31,81,70,-11
6255,2019-07-31,84,78,-6
6257,2019-07-31,50,41,-9
6258,2019-07-31,93,74,-19
6259,2019-07-31,49,63,14
6260,2019-07-31,57,54,-3
6261,2019-07-31,51,66,15
6262,2019-07-31,55,57,2
6263,2019-07-31,35,26,-9
6265,2019-07-31,76,56,-20
6267,2019-07-31,75,75,0
6268,2019-07-31,59,63,4
6269,2019-07-31,29,40,11
6270,2019-07-31,53,52,-1
6271,2019-07-31,1,2,1
6272,2019-07-31,33,30,-3
6273,2019-07-31,37,36,-1
6274,2019-07-31,52,54,2
6275,2019-07-31,36,42,6
6276,2019-07-31,55,48,-7
6277,2019-07-31,69,59,-10
6278,2019-07-31,19,24,5
6279,2019-07-31,24,24,0
6280,2019-07-31,101,91,-10
6281,2019-07-31,32,28,-4
6301,2019-07-31,33,26,-7
6302,2019-07-31,18,11,-7
6303,2019-07-31,27,15,-12
6304,2019-07-31,13,11,-2
6305,2019-07-31,31,18,-13
6306,2019-07-31,54,16,-38
6307,2019-07-31,81,76,-5
6309,2019-07-31,37,37,0
6310,2019-07-31,82,36,-46
6311,2019-07-31,58,48,-10
6312,2019-07-31,25,34,9
6313,2019-07-31,52,73,21
6314,2019-07-31,45,43,-2
6315,2019-07-31,116,59,-57
6316,2019-07-31,49,20,-29
6321,2019-07-31,129,103,-26
6322,2019-07-31,49,30,-19
6323,2019-07-31,16,12,-4
6324,2019-07-31,27,35,8
6327,2019-07-31,46,39,-7
6328,2019-07-31,39,35,-4
6329,2019-07-31,42,30,-12
6330,2019-07-31,42,41,-1
6331,2019-07-31,30,23,-7
6332,2019-07-31,31,44,13
6333,2019-07-31,30,26,-4
6334,2019-07-31,76,73,-3
6335,2019-07-31,42,37,-5
6336,2019-07-31,27,28,1
6338,2019-07-31,42,35,-7
6339,2019-07-31,37,40,3
6340,2019-07-31,48,44,-4
6341,2019-07-31,38,50,12
6343,2019-07-31,44,50,6
6345,2019-07-31,15,20,5
6346,2019-07-31,13,8,-5
6347,2019-07-31,28,23,-5
6349,2019-07-31,35,43,8
6350,2019-07-31,49,49,0
6354,2019-07-31,36,41,5
6355,2019-07-31,26,50,24
6356,2019-07-31,37,27,-10
6357,2019-07-31,26,21,-5
6358,2019-07-31,29,29,0
6359,2019-07-31,117,136,19
6360,2019-07-31,40,37,-3
6361,2019-07-31,45,53,8
6362,2019-07-31,49,56,7
6363,2019-07-31,25,27,2
6364,2019-07-31,37,28,-9
6366,2019-07-31,33,30,-3
6368,2019-07-31,69,67,-2
6369,2019-07-31,39,37,-2
6370,2019-07-31,38,34,-4
6371,2019-07-31,94,80,-14
6372,2019-07-31,117,130,13
6373,2019-07-31,43,50,7
6374,2019-07-31,39,37,-2
6375,2019-07-31,87,85,-2
6376,2019-07-31,34,37,3
6377,2019-07-31,52,54,2
6379,2019-07-31,37,36,-1
6380,2019-07-31,26,25,-1
6381,2019-07-31,66,64,-2
6383,2019-07-31,36,26,-10
6384,2019-07-31,33,28,-5
6385,2019-07-31,59,65,6
6386,2019-07-31,81,104,23
6387,2019-07-31,58,83,25
6388,2019-07-31,23,33,10
6389,2019-07-31,55,47,-8
6391,2019-07-31,63,92,29
6393,2019-07-31,71,105,34
6394,2019-07-31,94,134,40
6395,2019-07-31,92,80,-12
6396,2019-07-31,100,90,-10
6397,2019-07-31,51,71,20
6398,2019-07-31,49,64,15
6401,2019-07-31,64,88,24
6402,2019-07-31,51,64,13
6403,2019-07-31,43,41,-2
6404,2019-07-31,23,35,12
6405,2019-07-31,50,73,23
6406,2019-07-31,148,192,44
6407,2019-07-31,21,36,15
6408,2019-07-31,43,56,13
6409,2019-07-31,20,25,5
6410,2019-07-31,51,52,1
6411,2019-07-31,143,151,8
6412,2019-07-31,36,37,1
6413,2019-07-31,43,54,11
6414,2019-07-31,21,20,-1
6415,2019-07-31,24,27,3
6416,2019-07-31,24,16,-8
6417,2019-07-31,35,47,12
6418,2019-07-31,8,12,4
6419,2019-07-31,17,22,5
6420,2019-07-31,24,25,1
6421,2019-07-31,62,52,-10
6422,2019-07-31,14,22,8
6423,2019-07-31,23,13,-10
6424,2019-07-31,50,88,38
6425,2019-07-31,51,57,6
6426,2019-07-31,77,96,19
6427,2019-07-31,85,78,-7
6428,2019-07-31,29,32,3
6429,2019-07-31,43,51,8
6432,2019-07-31,93,92,-1
6433,2019-07-31,31,39,8
6434,2019-07-31,86,83,-3
6435,2019-07-31,52,44,-8
6436,2019-07-31,21,20,-1
6501,2019-07-31,125,141,16
6502,2019-07-31,18,15,-3
6503,2019-07-31,72,71,-1
6504,2019-07-31,28,23,-5
6700,2019-07-31,22,51,29
6701,2019-07-31,73,75,2
6702,2019-07-31,17,17,0
6703,2019-07-31,59,64,5
6704,2019-07-31,34,32,-2
6705,2019-07-31,28,29,1
6706,2019-07-31,33,31,-2
6707,2019-07-31,32,32,0
6708,2019-07-31,57,80,23
6709,2019-07-31,28,32,4
6710,2019-07-31,16,18,2
6711,2019-07-31,16,15,-1
6712,2019-07-31,36,37,1
6713,2019-07-31,15,17,2
6714,2019-07-31,1,1,0
6716,2019-07-31,10,11,1
6717,2019-07-31,13,23,10
6718,2019-07-31,26,34,8
6719,2019-07-31,25,19,-6
6720,2019-07-31,31,43,12
6721,2019-07-31,26,39,13
6722,2019-07-31,15,18,3
6723,2019-07-31,21,23,2
6724,2019-07-31,61,81,20
6725,2019-07-31,43,46,3
6726,2019-07-31,13,14,1
6727,2019-07-31,96,119,23
6728,2019-07-31,22,25,3
6729,2019-07-31,148,150,2
6730,2019-07-31,19,14,-5
6731,2019-07-31,28,22,-6
6732,2019-07-31,49,55,6
6733,2019-07-31,31,31,0
6734,2019-07-31,51,57,6
6735,2019-07-31,11,11,0
6736,2019-07-31,17,22,5
6737,2019-07-31,20,21,1
6738,2019-07-31,131,95,-36
6739,2019-07-31,5,6,1
6741,2019-07-31,27,23,-4
6742,2019-07-31,61,67,6
6743,2019-07-31,25,15,-10
6744,2019-07-31,28,31,3
6745,2019-07-31,39,38,-1
6746,2019-07-31,16,12,-4
6747,2019-07-31,52,67,15
6748,2019-07-31,92,118,26
6749,2019-07-31,33,38,5
6750,2019-07-31,73,51,-22
6752,2019-07-31,34,38,4
6753,2019-07-31,29,27,-2
6754,2019-07-31,26,22,-4
6901,2019-07-31,67,79,12
6902,2019-07-31,90,113,23
6903,2019-07-31,115,98,-17
6904,2019-07-31,33,25,-8
6905,2019-07-31,57,48,-9
6906,2019-07-31,210,126,-84
6907,2019-07-31,122,71,-51
6908,2019-07-31,71,45,-26
6910,2019-07-31,134,129,-5
6912,2019-07-31,176,128,-48
6913,2019-07-31,49,31,-18
6915,2019-07-31,96,89,-7
6916,2019-07-31,37,32,-5
6917,2019-07-31,21,20,-1
6918,2019-07-31,35,26,-9
6919,2019-07-31,27,24,-3
6921,2019-07-31,85,93,8
6923,2019-07-31,50,55,5
6924,2019-07-31,32,26,-6
6925,2019-07-31,51,46,-5
6926,2019-07-31,55,56,1
6927,2019-07-31,78,44,-34
6928,2019-07-31,41,30,-11
6929,2019-07-31,40,27,-13
6930,2019-07-31,23,17,-6
7001,2019-07-31,37,50,13
7002,2019-07-31,14,13,-1
7003,2019-07-31,143,115,-28
7004,2019-07-31,17,21,4
7005,2019-07-31,8,11,3
7006,2019-07-31,21,27,6
7007,2019-07-31,17,20,3
7008,2019-07-31,30,33,3
7009,2019-07-31,90,126,36
7010,2019-07-31,13,15,2
7011,2019-07-31,83,99,16
7012,2019-07-31,36,49,13
7013,2019-07-31,27,26,-1
7014,2019-07-31,53,30,-23
7015,2019-07-31,13,17,4
7016,2019-07-31,15,14,-1
7017,2019-07-31,39,52,13
7018,2019-07-31,34,55,21
7019,2019-07-31,131,132,1
7020,2019-07-31,28,29,1
7021,2019-07-31,41,40,-1
7022,2019-07-31,42,33,-9
7023,2019-07-31,4,5,1
7024,2019-07-31,61,47,-14
7025,2019-07-31,46,44,-2
7026,2019-07-31,67,68,1
7027,2019-07-31,58,56,-2
7028,2019-07-31,109,97,-12
7029,2019-07-31,48,50,2
7030,2019-07-31,46,48,2
7031,2019-07-31,39,45,6
7032,2019-07-31,102,63,-39
7033,2019-07-31,82,69,-13
7034,2019-07-31,46,55,9
7035,2019-07-31,51,51,0
7036,2019-07-31,69,60,-9
7037,2019-07-31,52,51,-1
7038,2019-07-31,74,62,-12
7039,2019-07-31,34,31,-3
7040,2019-07-31,66,87,21
7041,2019-07-31,127,132,5
7042,2019-07-31,59,59,0
7043,2019-07-31,33,25,-8
7044,2019-07-31,14,15,1
7045,2019-07-31,76,70,-6
7046,2019-07-31,140,132,-8
7047,2019-07-31,155,202,47
7048,2019-07-31,31,25,-6
7049,2019-07-31,21,31,10
7050,2019-07-31,28,33,5
7051,2019-07-31,11,12,1
7052,2019-07-31,56,63,7
7053,2019-07-31,47,58,11
7054,2019-07-31,57,85,28
7055,2019-07-31,28,34,6
7056,2019-07-31,17,23,6
7057,2019-07-31,48,53,5
7058,2019-07-31,29,45,16
7059,2019-07-31,36,47,11
7060,2019-07-31,47,48,1
7061,2019-07-31,30,28,-2
7062,2019-07-31,57,57,0
7063,2019-07-31,23,21,-2
7064,2019-07-31,37,43,6
7065,2019-07-31,43,37,-6
7066,2019-07-31,76,138,62
7067,2019-07-31,61,61,0
7068,2019-07-31,95,107,12
7069,2019-07-31,83,118,35
7070,2019-07-31,43,47,4
7071,2019-07-31,67,48,-19
7072,2019-07-31,63,48,-15
7073,2019-07-31,71,68,-3
7074,2019-07-31,41,60,19
7075,2019-07-31,11,14,3
7076,2019-07-31,91,79,-12
7077,2019-07-31,41,40,-1
7078,2019-07-31,21,29,8
7079,2019-07-31,34,52,18
7080,2019-07-31,86,102,16
7081,2019-07-31,53,75,22
7082,2019-07-31,89,111,22
7083,2019-07-31,54,54,0
7084,2019-07-31,89,93,4
7085,2019-07-31,1,0,-1
7086,2019-07-31,1,1,0
7087,2019-07-31,4,3,-1
7088,2019-07-31,2,2,0
7090,2019-07-31,20,15,-5
7091,2019-07-31,4,10,6
7092,2019-07-31,7,4,-3
7093,2019-07-31,3,5,2
7094,2019-07-31,3,2,-1
7095,2019-07-31,18,23,5
7096,2019-07-31,31,38,7
7097,2019-07-31,12,9,-3
7098,2019-07-31,1,5,4
7099,2019-07-31,4,7,3
7100,2019-07-31,6,5,-1
7101,2019-07-31,10,10,0
7102,2019-07-31,19,35,16
7103,2019-07-31,11,10,-1
7104,2019-07-31,3,7,4
7105,2019-07-31,16,14,-2
7106,2019-07-31,4,6,2
7107,2019-07-31,2,2,0
7108,2019-07-31,11,13,2
7109,2019-07-31,7,11,4
7110,2019-07-31,9,6,-3
7111,2019-07-31,6,8,2
7112,2019-07-31,14,12,-2
7113,2019-07-31,64,58,-6
7114,2019-07-31,112,133,21
7115,2019-07-31,9,7,-2
7116,2019-07-31,13,16,3
7117,2019-07-31,5,3,-2
7118,2019-07-31,6,2,-4
7119,2019-07-31,5,11,6
7120,2019-07-31,7,9,2
7121,2019-07-31,9,11,2
7122,2019-07-31,9,6,-3
7123,2019-07-31,3,4,1
7124,2019-07-31,20,15,-5
7125,2019-07-31,34,29,-5
7126,2019-07-31,11,6,-5
7127,2019-07-31,32,39,7
7128,2019-07-31,10,11,1
7129,2019-07-31,11,10,-1
7130,2019-07-31,13,13,0
7131,2019-07-31,7,14,7
7132,2019-07-31,2,4,2
7133,2019-07-31,13,9,-4
7134,2019-07-31,3,5,2
7135,2019-07-31,3,1,-2
7136,2019-07-31,5,5,0
7137,2019-07-31,11,15,4
7138,2019-07-31,8,4,-4
7139,2019-07-31,87,83,-4
7140,2019-07-31,30,29,-1
7141,2019-07-31,38,38,0
7142,2019-07-31,11,18,7
7143,2019-07-31,35,49,14
7144,2019-07-31,54,64,10
7145,2019-07-31,22,18,-4
7146,2019-07-31,17,26,9
7147,2019-07-31,49,48,-1
7148,2019-07-31,10,12,2
7149,2019-07-31,16,20,4
10002,2019-08-01,124,125,1
4000,2019-08-01,60,85,25
4001,2019-08-01,4,3,-1
4002,2019-08-01,26,30,4
5002,2019-08-01,5,3,-2
5003,2019-08-01,1,3,2
5004,2019-08-01,2,0,-2
5005,2019-08-01,5,4,-1
5006,2019-08-01,6,11,5
5007,2019-08-01,16,21,5
6001,2019-08-01,77,88,11
6002,2019-08-01,60,73,13
6003,2019-08-01,95,105,10
6004,2019-08-01,59,70,11
6005,2019-08-01,108,109,1
6006,2019-08-01,50,40,-10
6007,2019-08-01,40,50,10
6008,2019-08-01,49,83,34
6009,2019-08-01,82,84,2
6011,2019-08-01,80,86,6
6012,2019-08-01,146,214,68
6013,2019-08-01,61,62,1
6014,2019-08-01,75,101,26
6015,2019-08-01,204,299,95
6016,2019-08-01,14,22,8
6017,2019-08-01,48,71,23
6018,2019-08-01,74,89,15
6019,2019-08-01,167,89,-78
6020,2019-08-01,76,115,39
6021,2019-08-01,82,52,-30
6022,2019-08-01,64,62,-2
6023,2019-08-01,182,214,32
6024,2019-08-01,2,7,5
6025,2019-08-01,49,51,2
6026,2019-08-01,175,284,109
6027,2019-08-01,161,148,-13
6029,2019-08-01,39,43,4
6031,2019-08-01,50,74,24
6032,2019-08-01,71,157,86
6033,2019-08-01,14,20,6
6034,2019-08-01,32,33,1
6035,2019-08-01,29,73,44
6036,2019-08-01,276,396,120
6037,2019-08-01,74,85,11
6038,2019-08-01,133,132,-1
6039,2019-08-01,105,121,16
6040,2019-08-01,95,99,4
6041,2019-08-01,91,100,9
6042,2019-08-01,100,88,-12
6043,2019-08-01,222,456,234
6044,2019-08-01,95,87,-8
6046,2019-08-01,153,138,-15
6047,2019-08-01,64,41,-23
6048,2019-08-01,61,62,1
6049,2019-08-01,124,119,-5
6050,2019-08-01,44,64,20
6051,2019-08-01,48,42,-6
6052,2019-08-01,323,436,113
6053,2019-08-01,156,157,1
6057,2019-08-01,113,112,-1
6058,2019-08-01,68,73,5
6059,2019-08-01,93,95,2
6060,2019-08-01,35,22,-13
6061,2019-08-01,103,79,-24
6062,2019-08-01,93,71,-22
6063,2019-08-01,118,98,-20
6064,2019-08-01,218,167,-51
6065,2019-08-01,63,49,-14
6066,2019-08-01,52,17,-35
6067,2019-08-01,150,107,-43
6068,2019-08-01,21,20,-1
6070,2019-08-01,204,170,-34
6072,2019-08-01,113,85,-28
6073,2019-08-01,217,189,-28
6075,2019-08-01,48,22,-26
6076,2019-08-01,27,36,9
6078,2019-08-01,93,75,-18
6079,2019-08-01,83,75,-8
6080,2019-08-01,174,166,-8
6081,2019-08-01,33,31,-2
6082,2019-08-01,30,14,-16
6083,2019-08-01,188,190,2
6084,2019-08-01,63,86,23
6085,2019-08-01,107,212,105
6086,2019-08-01,87,135,48
6087,2019-08-01,138,187,49
6088,2019-08-01,81,99,18
6089,2019-08-01,71,73,2
6090,2019-08-01,59,60,1
6091,2019-08-01,50,54,4
6092,2019-08-01,73,92,19
6093,2019-08-01,42,22,-20
6094,2019-08-01,65,65,0
6095,2019-08-01,119,106,-13
6096,2019-08-01,62,81,19
6097,2019-08-01,102,63,-39
6098,2019-08-01,66,38,-28
6099,2019-08-01,100,171,71
6100,2019-08-01,313,296,-17
6101,2019-08-01,43,25,-18
6102,2019-08-01,45,34,-11
6103,2019-08-01,24,15,-9
6104,2019-08-01,78,112,34
6105,2019-08-01,49,70,21
6106,2019-08-01,32,49,17
6107,2019-08-01,114,93,-21
6108,2019-08-01,50,54,4
6109,2019-08-01,24,34,10
6110,2019-08-01,36,46,10
6111,2019-08-01,68,75,7
6112,2019-08-01,119,119,0
6113,2019-08-01,38,50,12
6114,2019-08-01,168,230,62
6115,2019-08-01,24,26,2
6116,2019-08-01,52,82,30
6117,2019-08-01,63,59,-4
6118,2019-08-01,76,111,35
6119,2019-08-01,91,121,30
6120,2019-08-01,68,135,67
6121,2019-08-01,30,55,25
6122,2019-08-01,33,41,8
6123,2019-08-01,35,43,8
6124,2019-08-01,54,79,25
6125,2019-08-01,28,23,-5
6126,2019-08-01,48,68,20
6127,2019-08-01,77,69,-8
6128,2019-08-01,25,35,10
6129,2019-08-01,80,81,1
6130,2019-08-01,42,33,-9
6131,2019-08-01,102,59,-43
6132,2019-08-01,76,80,4
6133,2019-08-01,103,91,-12
6134,2019-08-01,51,53,2
6136,2019-08-01,308,233,-75
6137,2019-08-01,113,101,-12
6138,2019-08-01,65,72,7
6139,2019-08-01,52,40,-12
6140,2019-08-01,105,109,4
6141,2019-08-01,53,32,-21
6142,2019-08-01,137,117,-20
6143,2019-08-01,178,155,-23
6145,2019-08-01,82,72,-10
6146,2019-08-01,90,77,-13
6147,2019-08-01,148,88,-60
6148,2019-08-01,149,119,-30
6149,2019-08-01,38,34,-4
6150,2019-08-01,61,69,8
6151,2019-08-01,88,90,2
6152,2019-08-01,168,153,-15
6153,2019-08-01,79,71,-8
6154,2019-08-01,205,191,-14
6155,2019-08-01,172,161,-11
6156,2019-08-01,94,91,-3
6157,2019-08-01,178,163,-15
6158,2019-08-01,74,70,-4
6159,2019-08-01,40,46,6
6160,2019-08-01,55,47,-8
6161,2019-08-01,58,59,1
6162,2019-08-01,22,18,-4
6163,2019-08-01,135,117,-18
6164,2019-08-01,108,122,14
6165,2019-08-01,191,231,40
6166,2019-08-01,114,89,-25
6167,2019-08-01,51,63,12
6168,2019-08-01,49,44,-5
6169,2019-08-01,209,181,-28
6170,2019-08-01,99,83,-16
6171,2019-08-01,56,51,-5
6173,2019-08-01,122,72,-50
6174,2019-08-01,103,107,4
6175,2019-08-01,81,63,-18
6176,2019-08-01,116,111,-5
6177,2019-08-01,94,73,-21
6178,2019-08-01,143,128,-15
6179,2019-08-01,91,80,-11
6180,2019-08-01,58,76,18
6181,2019-08-01,146,103,-43
6182,2019-08-01,81,59,-22
6183,2019-08-01,127,92,-35
6184,2019-08-01,275,272,-3
6185,2019-08-01,34,31,-3
6186,2019-08-01,87,71,-16
6187,2019-08-01,129,144,15
6188,2019-08-01,69,57,-12
6189,2019-08-01,42,30,-12
6190,2019-08-01,89,72,-17
6191,2019-08-01,82,80,-2
6192,2019-08-01,40,44,4
6193,2019-08-01,131,130,-1
6194,2019-08-01,200,174,-26
6195,2019-08-01,118,60,-58
6196,2019-08-01,154,123,-31
6197,2019-08-01,58,65,7
6198,2019-08-01,22,14,-8
6199,2019-08-01,112,100,-12
6200,2019-08-01,140,134,-6
6201,2019-08-01,117,85,-32
6202,2019-08-01,134,124,-10
6203,2019-08-01,125,120,-5
6204,2019-08-01,87,90,3
6205,2019-08-01,97,80,-17
6206,2019-08-01,182,153,-29
6207,2019-08-01,51,50,-1
6208,2019-08-01,74,80,6
6209,2019-08-01,119,90,-29
6210,2019-08-01,52,51,-1
6211,2019-08-01,180,176,-4
6212,2019-08-01,79,63,-16
6213,2019-08-01,125,115,-10
6214,2019-08-01,125,98,-27
6215,2019-08-01,111,78,-33
6216,2019-08-01,186,108,-78
6217,2019-08-01,144,97,-47
6218,2019-08-01,84,56,-28
6219,2019-08-01,76,75,-1
6220,2019-08-01,111,99,-12
6221,2019-08-01,228,190,-38
6222,2019-08-01,80,82,2
6223,2019-08-01,126,82,-44
6224,2019-08-01,99,82,-17
6225,2019-08-01,66,43,-23
6226,2019-08-01,39,30,-9
6227,2019-08-01,199,174,-25
6228,2019-08-01,30,30,0
6229,2019-08-01,68,48,-20
6230,2019-08-01,123,96,-27
6231,2019-08-01,140,123,-17
6232,2019-08-01,50,41,-9
6233,2019-08-01,158,145,-13
6234,2019-08-01,81,74,-7
6235,2019-08-01,112,94,-18
6236,2019-08-01,114,97,-17
6237,2019-08-01,76,75,-1
6240,2019-08-01,37,29,-8
6241,2019-08-01,55,59,4
6243,2019-08-01,88,89,1
6245,2019-08-01,58,45,-13
6246,2019-08-01,73,63,-10
6247,2019-08-01,152,132,-20
6248,2019-08-01,146,132,-14
6249,2019-08-01,107,96,-11
6250,2019-08-01,107,104,-3
6251,2019-08-01,36,30,-6
6252,2019-08-01,87,76,-11
6253,2019-08-01,83,64,-19
6254,2019-08-01,104,89,-15
6255,2019-08-01,111,100,-11
6257,2019-08-01,70,52,-18
6258,2019-08-01,122,87,-35
6259,2019-08-01,70,67,-3
6260,2019-08-01,65,53,-12
6261,2019-08-01,86,76,-10
6262,2019-08-01,73,65,-8
6263,2019-08-01,31,37,6
6265,2019-08-01,65,64,-1
6267,2019-08-01,74,68,-6
6268,2019-08-01,79,68,-11
6269,2019-08-01,42,53,11
6270,2019-08-01,45,46,1
6271,2019-08-01,1,2,1
6272,2019-08-01,35,32,-3
6273,2019-08-01,42,32,-10
6274,2019-08-01,61,50,-11
6275,2019-08-01,40,31,-9
6276,2019-08-01,60,64,4
6277,2019-08-01,69,68,-1
6278,2019-08-01,35,26,-9
6279,2019-08-01,18,21,3
6280,2019-08-01,118,111,-7
6281,2019-08-01,44,23,-21
6301,2019-08-01,25,27,2
6302,2019-08-01,22,16,-6
6303,2019-08-01,26,14,-12
6304,2019-08-01,10,7,-3
6305,2019-08-01,10,12,2
6306,2019-08-01,60,29,-31
6307,2019-08-01,70,63,-7
6309,2019-08-01,43,37,-6
6310,2019-08-01,74,41,-33
6311,2019-08-01,48,34,-14
6312,2019-08-01,35,42,7
6313,2019-08-01,55,84,29
6314,2019-08-01,60,65,5
6315,2019-08-01,94,64,-30
6316,2019-08-01,60,21,-39
6321,2019-08-01,147,133,-14
6322,2019-08-01,32,27,-5
6323,2019-08-01,12,10,-2
6324,2019-08-01,23,26,3
6327,2019-08-01,45,31,-14
6328,2019-08-01,60,56,-4
6329,2019-08-01,34,33,-1
6330,2019-08-01,36,31,-5
6331,2019-08-01,30,28,-2
6332,2019-08-01,35,33,-2
6333,2019-08-01,28,24,-4
6334,2019-08-01,85,85,0
6335,2019-08-01,50,47,-3
6336,2019-08-01,33,35,2
6338,2019-08-01,34,36,2
6339,2019-08-01,42,30,-12
6340,2019-08-01,38,37,-1
6341,2019-08-01,28,47,19
6343,2019-08-01,47,53,6
6345,2019-08-01,21,24,3
6346,2019-08-01,14,10,-4
6347,2019-08-01,32,33,1
6349,2019-08-01,34,31,-3
6350,2019-08-01,60,50,-10
6354,2019-08-01,63,48,-15
6355,2019-08-01,41,48,7
6356,2019-08-01,57,34,-23
6357,2019-08-01,23,26,3
6358,2019-08-01,32,32,0
6359,2019-08-01,110,130,20
6360,2019-08-01,48,46,-2
6361,2019-08-01,73,65,-8
6362,2019-08-01,55,55,0
6363,2019-08-01,28,22,-6
6364,2019-08-01,37,41,4
6366,2019-08-01,32,20,-12
6367,2019-08-01,4,7,3
6368,2019-08-01,85,83,-2
6369,2019-08-01,35,58,23
6370,2019-08-01,34,35,1
6371,2019-08-01,84,81,-3
6372,2019-08-01,116,115,-1
6373,2019-08-01,44,41,-3
6374,2019-08-01,53,46,-7
6375,2019-08-01,69,91,22
6376,2019-08-01,33,25,-8
6377,2019-08-01,48,56,8
6379,2019-08-01,40,41,1
6380,2019-08-01,30,29,-1
6381,2019-08-01,59,58,-1
6383,2019-08-01,47,41,-6
6384,2019-08-01,34,22,-12
6385,2019-08-01,54,52,-2
6386,2019-08-01,77,116,39
6387,2019-08-01,69,103,34
6388,2019-08-01,28,32,4
6389,2019-08-01,56,51,-5
6391,2019-08-01,63,87,24
6393,2019-08-01,79,100,21
6394,2019-08-01,82,121,39
6395,2019-08-01,84,99,15
6396,2019-08-01,103,97,-6
6397,2019-08-01,55,91,36
6398,2019-08-01,35,59,24
6401,2019-08-01,67,89,22
6402,2019-08-01,48,60,12
6403,2019-08-01,25,24,-1
6404,2019-08-01,20,31,11
6405,2019-08-01,41,74,33
6406,2019-08-01,199,248,49
6407,2019-08-01,36,45,9
6408,2019-08-01,48,59,11
6409,2019-08-01,24,37,13
6410,2019-08-01,47,57,10
6411,2019-08-01,168,157,-11
6412,2019-08-01,40,40,0
6413,2019-08-01,41,63,22
6414,2019-08-01,20,29,9
6415,2019-08-01,32,31,-1
6416,2019-08-01,28,16,-12
6417,2019-08-01,26,37,11
6418,2019-08-01,12,15,3
6419,2019-08-01,14,22,8
6420,2019-08-01,20,23,3
6421,2019-08-01,57,56,-1
6422,2019-08-01,12,12,0
6423,2019-08-01,34,20,-14
6424,2019-08-01,48,107,59
6425,2019-08-01,60,65,5
6426,2019-08-01,73,87,14
6427,2019-08-01,76,83,7
6428,2019-08-01,21,33,12
6429,2019-08-01,44,56,12
6432,2019-08-01,105,99,-6
6433,2019-08-01,37,36,-1
6434,2019-08-01,88,86,-2
6435,2019-08-01,56,51,-5
6436,2019-08-01,25,15,-10
6501,2019-08-01,169,189,20
6502,2019-08-01,25,21,-4
6503,2019-08-01,86,67,-19
6504,2019-08-01,49,43,-6
6700,2019-08-01,43,62,19
6701,2019-08-01,81,71,-10
6702,2019-08-01,26,20,-6
6703,2019-08-01,53,52,-1
6704,2019-08-01,34,37,3
6705,2019-08-01,19,23,4
6706,2019-08-01,28,29,1
6707,2019-08-01,21,30,9
6708,2019-08-01,49,79,30
6709,2019-08-01,29,23,-6
6710,2019-08-01,12,14,2
6711,2019-08-01,36,35,-1
6712,2019-08-01,37,40,3
6713,2019-08-01,24,15,-9
6714,2019-08-01,16,13,-3
6716,2019-08-01,4,12,8
6717,2019-08-01,13,11,-2
6718,2019-08-01,37,36,-1
6719,2019-08-01,17,27,10
6720,2019-08-01,37,49,12
6721,2019-08-01,24,25,1
6722,2019-08-01,10,14,4
6723,2019-08-01,28,23,-5
6724,2019-08-01,87,101,14
6725,2019-08-01,43,37,-6
6726,2019-08-01,13,15,2
6727,2019-08-01,99,128,29
6728,2019-08-01,19,24,5
6729,2019-08-01,145,148,3
6730,2019-08-01,25,12,-13
6731,2019-08-01,13,13,0
6732,2019-08-01,27,38,11
6733,2019-08-01,39,44,5
6734,2019-08-01,63,53,-10
6735,2019-08-01,13,13,0
6736,2019-08-01,14,20,6
6737,2019-08-01,19,22,3
6738,2019-08-01,126,107,-19
6739,2019-08-01,8,10,2
6741,2019-08-01,24,16,-8
6742,2019-08-01,51,62,11
6743,2019-08-01,27,14,-13
6744,2019-08-01,30,29,-1
6745,2019-08-01,38,34,-4
6746,2019-08-01,21,19,-2
6747,2019-08-01,55,62,7
6748,2019-08-01,88,114,26
6749,2019-08-01,56,63,7
6750,2019-08-01,57,55,-2
6752,2019-08-01,25,32,7
6753,2019-08-01,20,17,-3
6754,2019-08-01,20,19,-1
6901,2019-08-01,73,89,16
6902,2019-08-01,77,115,38
6903,2019-08-01,116,105,-11
6904,2019-08-01,43,33,-10
6905,2019-08-01,51,55,4
6906,2019-08-01,185,132,-53
6907,2019-08-01,122,74,-48
6908,2019-08-01,72,67,-5
6910,2019-08-01,150,133,-17
6912,2019-08-01,145,118,-27
6913,2019-08-01,69,35,-34
6915,2019-08-01,110,92,-18
6916,2019-08-01,47,48,1
6917,2019-08-01,19,19,0
6918,2019-08-01,30,20,-10
6919,2019-08-01,27,26,-1
6921,2019-08-01,84,97,13
6923,2019-08-01,53,49,-4
6924,2019-08-01,31,33,2
6925,2019-08-01,54,56,2
6926,2019-08-01,68,60,-8
6927,2019-08-01,88,53,-35
6928,2019-08-01,41,13,-28
6929,2019-08-01,38,27,-11
6930,2019-08-01,37,36,-1
7001,2019-08-01,31,25,-6
7002,2019-08-01,14,16,2
7003,2019-08-01,125,118,-7
7004,2019-08-01,15,21,6
7005,2019-08-01,7,11,4
7006,2019-08-01,19,19,0
7007,2019-08-01,18,21,3
7008,2019-08-01,31,31,0
7009,2019-08-01,85,125,40
7010,2019-08-01,18,18,0
7011,2019-08-01,91,109,18
7012,2019-08-01,55,66,11
7013,2019-08-01,37,37,0
7014,2019-08-01,86,42,-44
7015,2019-08-01,39,42,3
7016,2019-08-01,18,14,-4
7017,2019-08-01,39,46,7
7018,2019-08-01,32,42,10
7019,2019-08-01,138,136,-2
7020,2019-08-01,27,37,10
7021,2019-08-01,50,41,-9
7022,2019-08-01,41,31,-10
7023,2019-08-01,3,4,1
7024,2019-08-01,66,56,-10
7025,2019-08-01,72,78,6
7026,2019-08-01,87,92,5
7027,2019-08-01,64,58,-6
7028,2019-08-01,150,151,1
7029,2019-08-01,38,48,10
7030,2019-08-01,48,56,8
7031,2019-08-01,41,33,-8
7032,2019-08-01,108,82,-26
7033,2019-08-01,109,70,-39
7034,2019-08-01,61,87,26
7035,2019-08-01,56,58,2
7036,2019-08-01,53,49,-4
7037,2019-08-01,50,51,1
7038,2019-08-01,52,65,13
7039,2019-08-01,44,37,-7
7040,2019-08-01,63,77,14
7041,2019-08-01,146,129,-17
7042,2019-08-01,50,58,8
7043,2019-08-01,23,20,-3
7044,2019-08-01,12,9,-3
7045,2019-08-01,76,72,-4
7046,2019-08-01,124,150,26
7047,2019-08-01,142,229,87
7048,2019-08-01,18,20,2
7049,2019-08-01,15,22,7
7050,2019-08-01,39,30,-9
7051,2019-08-01,13,16,3
7052,2019-08-01,66,72,6
7053,2019-08-01,51,47,-4
7054,2019-08-01,87,115,28
7055,2019-08-01,25,29,4
7056,2019-08-01,20,27,7
7057,2019-08-01,40,47,7
7058,2019-08-01,50,56,6
7059,2019-08-01,35,36,1
7060,2019-08-01,29,35,6
7061,2019-08-01,35,31,-4
7062,2019-08-01,47,54,7
7063,2019-08-01,23,17,-6
7064,2019-08-01,36,41,5
7065,2019-08-01,40,34,-6
7066,2019-08-01,80,153,73
7067,2019-08-01,49,48,-1
7068,2019-08-01,101,117,16
7069,2019-08-01,99,110,11
7070,2019-08-01,46,47,1
7071,2019-08-01,62,35,-27
7072,2019-08-01,44,28,-16
7073,2019-08-01,75,88,13
7074,2019-08-01,41,44,3
7075,2019-08-01,11,15,4
7076,2019-08-01,83,67,-16
7077,2019-08-01,66,72,6
7078,2019-08-01,37,45,8
7079,2019-08-01,54,64,10
7080,2019-08-01,110,115,5
7081,2019-08-01,74,72,-2
7082,2019-08-01,78,104,26
7083,2019-08-01,62,56,-6
7084,2019-08-01,77,82,5
7086,2019-08-01,1,1,0
7087,2019-08-01,1,1,0
7088,2019-08-01,1,2,1
7090,2019-08-01,11,14,3
7091,2019-08-01,6,10,4
7092,2019-08-01,12,10,-2
7093,2019-08-01,2,4,2
7094,2019-08-01,2,4,2
7095,2019-08-01,16,23,7
7096,2019-08-01,29,35,6
7097,2019-08-01,13,10,-3
7098,2019-08-01,5,8,3
7099,2019-08-01,4,5,1
7100,2019-08-01,6,9,3
7101,2019-08-01,14,16,2
7102,2019-08-01,26,32,6
7103,2019-08-01,26,23,-3
7104,2019-08-01,10,11,1
7105,2019-08-01,10,14,4
7106,2019-08-01,10,7,-3
7107,2019-08-01,7,6,-1
7108,2019-08-01,16,16,0
7109,2019-08-01,8,10,2
7110,2019-08-01,11,8,-3
7111,2019-08-01,13,9,-4
7112,2019-08-01,17,9,-8
7113,2019-08-01,86,72,-14
7114,2019-08-01,126,126,0
7115,2019-08-01,15,16,1
7116,2019-08-01,18,14,-4
7117,2019-08-01,5,3,-2
7118,2019-08-01,6,4,-2
7119,2019-08-01,8,8,0
7120,2019-08-01,4,4,0
7121,2019-08-01,8,12,4
7122,2019-08-01,9,10,1
7123,2019-08-01,3,3,0
7124,2019-08-01,28,20,-8
7125,2019-08-01,28,26,-2
7126,2019-08-01,12,7,-5
7127,2019-08-01,40,45,5
7128,2019-08-01,14,12,-2
7129,2019-08-01,11,9,-2
7130,2019-08-01,12,12,0
7131,2019-08-01,3,4,1
7132,2019-08-01,7,5,-2
7133,2019-08-01,7,10,3
7134,2019-08-01,8,6,-2
7135,2019-08-01,4,5,1
7136,2019-08-01,5,9,4
7137,2019-08-01,4,11,7
7138,2019-08-01,7,9,2
7139,2019-08-01,102,98,-4
7140,2019-08-01,34,30,-4
7141,2019-08-01,33,32,-1
7142,2019-08-01,10,9,-1
7143,2019-08-01,32,32,0
7144,2019-08-01,62,71,9
7145,2019-08-01,20,17,-3
7146,2019-08-01,27,28,1
7147,2019-08-01,58,59,1
7148,2019-08-01,16,17,1
7149,2019-08-01,12,15,3
10002,2019-08-02,107,124,17
4000,2019-08-02,62,78,16
4001,2019-08-02,16,23,7
4002,2019-08-02,33,35,2
5002,2019-08-02,5,2,-3
5004,2019-08-02,3,2,-1
5005,2019-08-02,4,7,3
5006,2019-08-02,8,2,-6
5007,2019-08-02,16,34,18
6001,2019-08-02,81,104,23
6002,2019-08-02,67,73,6
6003,2019-08-02,78,82,4
6004,2019-08-02,69,81,12
6005,2019-08-02,95,97,2
6006,2019-08-02,38,21,-17
6007,2019-08-02,42,55,13
6008,2019-08-02,50,68,18
6009,2019-08-02,88,94,6
6011,2019-08-02,75,79,4
6012,2019-08-02,151,233,82
6013,2019-08-02,50,64,14
6014,2019-08-02,74,78,4
6015,2019-08-02,178,309,131
6016,2019-08-02,17,19,2
6017,2019-08-02,54,65,11
6018,2019-08-02,87,98,11
6019,2019-08-02,159,88,-71
6020,2019-08-02,70,109,39
6021,2019-08-02,79,78,-1
6022,2019-08-02,75,75,0
6023,2019-08-02,166,228,62
6024,2019-08-02,3,6,3
6025,2019-08-02,58,64,6
6026,2019-08-02,205,273,68
6027,2019-08-02,162,160,-2
6029,2019-08-02,29,36,7
6031,2019-08-02,44,64,20
6032,2019-08-02,78,173,95
6033,2019-08-02,26,18,-8
6034,2019-08-02,30,32,2
6035,2019-08-02,28,65,37
6036,2019-08-02,244,341,97
6037,2019-08-02,71,76,5
6038,2019-08-02,115,130,15
6039,2019-08-02,84,115,31
6040,2019-08-02,76,95,19
6041,2019-08-02,66,75,9
6042,2019-08-02,81,86,5
6043,2019-08-02,193,387,194
6044,2019-08-02,88,79,-9
6046,2019-08-02,130,129,-1
6047,2019-08-02,80,36,-44
6048,2019-08-02,49,52,3
6049,2019-08-02,94,104,10
6050,2019-08-02,52,82,30
6051,2019-08-02,45,44,-1
6052,2019-08-02,258,368,110
6053,2019-08-02,157,161,4
6057,2019-08-02,99,93,-6
6058,2019-08-02,76,77,1
6059,2019-08-02,78,79,1
6060,2019-08-02,22,21,-1
6061,2019-08-02,117,96,-21
6062,2019-08-02,78,62,-16
6063,2019-08-02,107,87,-20
6064,2019-08-02,184,165,-19
6065,2019-08-02,65,48,-17
6066,2019-08-02,47,20,-27
6067,2019-08-02,179,160,-19
6068,2019-08-02,17,19,2
6070,2019-08-02,179,164,-15
6072,2019-08-02,89,73,-16
6073,2019-08-02,135,174,39
6075,2019-08-02,71,34,-37
6076,2019-08-02,32,41,9
6078,2019-08-02,62,66,4
6079,2019-08-02,109,87,-22
6080,2019-08-02,184,166,-18
6081,2019-08-02,43,37,-6
6082,2019-08-02,19,21,2
6083,2019-08-02,158,178,20
6084,2019-08-02,77,77,0
6085,2019-08-02,101,167,66
6086,2019-08-02,81,95,14
6087,2019-08-02,107,147,40
6088,2019-08-02,68,80,12
6089,2019-08-02,61,61,0
6090,2019-08-02,69,67,-2
6091,2019-08-02,67,51,-16
6092,2019-08-02,66,76,10
6093,2019-08-02,35,27,-8
6094,2019-08-02,69,59,-10
6095,2019-08-02,152,121,-31
6096,2019-08-02,48,61,13
6097,2019-08-02,71,64,-7
6098,2019-08-02,50,29,-21
6099,2019-08-02,105,181,76
6100,2019-08-02,240,244,4
6101,2019-08-02,47,24,-23
6102,2019-08-02,40,34,-6
6103,2019-08-02,21,30,9
6104,2019-08-02,76,90,14
6105,2019-08-02,44,58,14
6106,2019-08-02,40,47,7
6107,2019-08-02,127,89,-38
6108,2019-08-02,50,58,8
6109,2019-08-02,28,23,-5
6110,2019-08-02,37,49,12
6111,2019-08-02,42,73,31
6112,2019-08-02,138,158,20
6113,2019-08-02,56,66,10
6114,2019-08-02,196,242,46
6115,2019-08-02,15,23,8
6116,2019-08-02,54,73,19
6117,2019-08-02,94,96,2
6118,2019-08-02,90,97,7
6119,2019-08-02,72,114,42
6120,2019-08-02,77,129,52
6121,2019-08-02,35,43,8
6122,2019-08-02,22,20,-2
6123,2019-08-02,41,35,-6
6124,2019-08-02,39,59,20
6125,2019-08-02,23,22,-1
6126,2019-08-02,50,53,3
6127,2019-08-02,63,68,5
6128,2019-08-02,33,36,3
6129,2019-08-02,66,66,0
6130,2019-08-02,39,40,1
6131,2019-08-02,111,62,-49
6132,2019-08-02,65,79,14
6133,2019-08-02,99,96,-3
6134,2019-08-02,49,46,-3
6136,2019-08-02,302,227,-75
6137,2019-08-02,100,86,-14
6138,2019-08-02,67,60,-7
6139,2019-08-02,48,39,-9
6140,2019-08-02,114,116,2
6141,2019-08-02,59,48,-11
6142,2019-08-02,147,109,-38
6143,2019-08-02,142,141,-1
6145,2019-08-02,81,80,-1
6146,2019-08-02,72,56,-16
6147,2019-08-02,126,80,-46
6148,2019-08-02,172,116,-56
6149,2019-08-02,64,61,-3
6150,2019-08-02,73,72,-1
6151,2019-08-02,95,84,-11
6152,2019-08-02,139,133,-6
6153,2019-08-02,74,54,-20
6154,2019-08-02,187,189,2
6155,2019-08-02,151,132,-19
6156,2019-08-02,80,82,2
6157,2019-08-02,140,133,-7
6158,2019-08-02,74,76,2
6159,2019-08-02,48,52,4
6160,2019-08-02,55,42,-13
6161,2019-08-02,55,53,-2
6162,2019-08-02,14,15,1
6163,2019-08-02,137,125,-12
6164,2019-08-02,116,113,-3
6165,2019-08-02,246,248,2
6166,2019-08-02,115,89,-26
6167,2019-08-02,47,45,-2
6168,2019-08-02,82,61,-21
6169,2019-08-02,202,173,-29
6170,2019-08-02,116,104,-12
6171,2019-08-02,57,70,13
6173,2019-08-02,126,86,-40
6174,2019-08-02,116,104,-12
6175,2019-08-02,92,48,-44
6176,2019-08-02,122,129,7
6177,2019-08-02,115,108,-7
6178,2019-08-02,175,152,-23
6179,2019-08-02,100,89,-11
6180,2019-08-02,64,76,12
6181,2019-08-02,134,92,-42
6182,2019-08-02,59,47,-12
6183,2019-08-02,128,94,-34
6184,2019-08-02,276,239,-37
6185,2019-08-02,31,19,-12
6186,2019-08-02,97,66,-31
6187,2019-08-02,127,150,23
6188,2019-08-02,48,56,8
6189,2019-08-02,22,28,6
6190,2019-08-02,101,79,-22
6191,2019-08-02,104,97,-7
6192,2019-08-02,54,42,-12
6193,2019-08-02,161,154,-7
6194,2019-08-02,180,167,-13
6195,2019-08-02,91,67,-24
6196,2019-08-02,147,101,-46
6197,2019-08-02,58,57,-1
6198,2019-08-02,22,17,-5
6199,2019-08-02,127,101,-26
6200,2019-08-02,144,140,-4
6201,2019-08-02,72,66,-6
6202,2019-08-02,123,109,-14
6203,2019-08-02,116,108,-8
6204,2019-08-02,113,94,-19
6205,2019-08-02,79,66,-13
6206,2019-08-02,177,157,-20
6207,2019-08-02,60,60,0
6208,2019-08-02,88,82,-6
6209,2019-08-02,125,113,-12
6210,2019-08-02,42,52,10
6211,2019-08-02,210,190,-20
6212,2019-08-02,115,88,-27
6213,2019-08-02,140,127,-13
6214,2019-08-02,131,88,-43
6215,2019-08-02,104,87,-17
6216,2019-08-02,175,122,-53
6217,2019-08-02,127,70,-57
6218,2019-08-02,72,67,-5
6219,2019-08-02,57,64,7
6220,2019-08-02,116,93,-23
6221,2019-08-02,261,237,-24
6222,2019-08-02,104,66,-38
6223,2019-08-02,113,69,-44
6224,2019-08-02,92,82,-10
6225,2019-08-02,94,49,-45
6226,2019-08-02,37,39,2
6227,2019-08-02,174,164,-10
6228,2019-08-02,38,26,-12
6229,2019-08-02,71,54,-17
6230,2019-08-02,120,111,-9
6231,2019-08-02,138,119,-19
6232,2019-08-02,24,32,8
6233,2019-08-02,141,109,-32
6234,2019-08-02,74,78,4
6235,2019-08-02,68,69,1
6236,2019-08-02,98,94,-4
6237,2019-08-02,68,70,2
6240,2019-08-02,30,31,1
6241,2019-08-02,82,66,-16
6243,2019-08-02,82,58,-24
6245,2019-08-02,45,45,0
6246,2019-08-02,62,52,-10
6247,2019-08-02,128,133,5
6248,2019-08-02,190,181,-9
6249,2019-08-02,69,67,-2
6250,2019-08-02,120,119,-1
6251,2019-08-02,22,23,1
6252,2019-08-02,94,71,-23
6253,2019-08-02,76,60,-16
6254,2019-08-02,113,98,-15
6255,2019-08-02,114,104,-10
6257,2019-08-02,51,43,-8
6258,2019-08-02,103,95,-8
6259,2019-08-02,51,42,-9
6260,2019-08-02,63,52,-11
6261,2019-08-02,63,60,-3
6262,2019-08-02,59,55,-4
6263,2019-08-02,28,22,-6
6265,2019-08-02,68,62,-6
6267,2019-08-02,79,76,-3
6268,2019-08-02,73,68,-5
6269,2019-08-02,31,40,9
6270,2019-08-02,47,45,-2
6271,2019-08-02,5,6,1
6272,2019-08-02,32,30,-2
6273,2019-08-02,45,38,-7
6274,2019-08-02,47,53,6
6275,2019-08-02,45,40,-5
6276,2019-08-02,74,53,-21
6277,2019-08-02,88,74,-14
6278,2019-08-02,27,26,-1
6279,2019-08-02,25,20,-5
6280,2019-08-02,121,117,-4
6281,2019-08-02,34,23,-11
6301,2019-08-02,41,28,-13
6302,2019-08-02,16,11,-5
6303,2019-08-02,26,21,-5
6304,2019-08-02,12,12,0
6305,2019-08-02,3,9,6
6306,2019-08-02,49,21,-28
6307,2019-08-02,84,83,-1
6309,2019-08-02,26,36,10
6310,2019-08-02,57,25,-32
6311,2019-08-02,49,43,-6
6312,2019-08-02,28,32,4
6313,2019-08-02,55,86,31
6314,2019-08-02,61,62,1
6315,2019-08-02,92,46,-46
6316,2019-08-02,43,12,-31
6321,2019-08-02,125,131,6
6322,2019-08-02,24,36,12
6323,2019-08-02,13,9,-4
6324,2019-08-02,34,30,-4
6327,2019-08-02,44,41,-3
6328,2019-08-02,49,43,-6
6329,2019-08-02,43,26,-17
6330,2019-08-02,23,14,-9
6331,2019-08-02,34,15,-19
6332,2019-08-02,39,41,2
6333,2019-08-02,34,32,-2
6334,2019-08-02,82,80,-2
6335,2019-08-02,51,61,10
6336,2019-08-02,37,37,0
6338,2019-08-02,36,35,-1
6339,2019-08-02,34,32,-2
6340,2019-08-02,38,30,-8
6341,2019-08-02,40,47,7
6343,2019-08-02,54,47,-7
6345,2019-08-02,29,26,-3
6346,2019-08-02,16,13,-3
6347,2019-08-02,31,30,-1
6349,2019-08-02,37,47,10
6350,2019-08-02,51,53,2
6354,2019-08-02,34,38,4
6355,2019-08-02,35,47,12
6356,2019-08-02,46,39,-7
6357,2019-08-02,33,24,-9
6358,2019-08-02,37,28,-9
6359,2019-08-02,84,96,12
6360,2019-08-02,36,37,1
6361,2019-08-02,59,46,-13
6362,2019-08-02,56,55,-1
6363,2019-08-02,18,16,-2
6364,2019-08-02,69,49,-20
6366,2019-08-02,37,29,-8
6367,2019-08-02,15,13,-2
6368,2019-08-02,63,64,1
6369,2019-08-02,36,57,21
6370,2019-08-02,39,34,-5
6371,2019-08-02,103,95,-8
6372,2019-08-02,94,104,10
6373,2019-08-02,41,29,-12
6374,2019-08-02,38,39,1
6375,2019-08-02,61,66,5
6376,2019-08-02,39,30,-9
6377,2019-08-02,42,46,4
6379,2019-08-02,32,29,-3
6380,2019-08-02,29,19,-10
6381,2019-08-02,73,60,-13
6383,2019-08-02,49,40,-9
6384,2019-08-02,22,24,2
6385,2019-08-02,62,53,-9
6386,2019-08-02,92,111,19
6387,2019-08-02,88,111,23
6388,2019-08-02,38,42,4
6389,2019-08-02,51,47,-4
6391,2019-08-02,79,96,17
6393,2019-08-02,76,102,26
6394,2019-08-02,89,103,14
6395,2019-08-02,88,105,17
6396,2019-08-02,174,209,35
6397,2019-08-02,55,69,14
6398,2019-08-02,58,68,10
6401,2019-08-02,77,92,15
6402,2019-08-02,42,63,21
6403,2019-08-02,40,46,6
6404,2019-08-02,25,34,9
6405,2019-08-02,56,79,23
6406,2019-08-02,183,249,66
6407,2019-08-02,22,49,27
6408,2019-08-02,59,66,7
6409,2019-08-02,25,29,4
6410,2019-08-02,56,55,-1
6411,2019-08-02,142,137,-5
6412,2019-08-02,24,31,7
6413,2019-08-02,49,58,9
6414,2019-08-02,29,33,4
6415,2019-08-02,27,29,2
6416,2019-08-02,17,16,-1
6417,2019-08-02,32,38,6
6418,2019-08-02,15,13,-2
6419,2019-08-02,17,27,10
6420,2019-08-02,26,23,-3
6421,2019-08-02,57,53,-4
6422,2019-08-02,8,5,-3
6423,2019-08-02,19,17,-2
6424,2019-08-02,43,82,39
6425,2019-08-02,49,52,3
6426,2019-08-02,82,91,9
6427,2019-08-02,74,70,-4
6428,2019-08-02,14,25,11
6429,2019-08-02,43,48,5
6432,2019-08-02,71,75,4
6433,2019-08-02,51,41,-10
6434,2019-08-02,80,87,7
6435,2019-08-02,49,48,-1
6436,2019-08-02,14,17,3
6501,2019-08-02,307,330,23
6502,2019-08-02,45,40,-5
6503,2019-08-02,68,58,-10
6504,2019-08-02,38,32,-6
6700,2019-08-02,34,44,10
6701,2019-08-02,78,74,-4
6702,2019-08-02,21,27,6
6703,2019-08-02,102,101,-1
6704,2019-08-02,35,30,-5
6705,2019-08-02,21,27,6
6706,2019-08-02,27,32,5
6707,2019-08-02,29,29,0
6708,2019-08-02,50,77,27
6709,2019-08-02,42,42,0
6710,2019-08-02,11,11,0
6711,2019-08-02,36,36,0
6712,2019-08-02,17,27,10
6713,2019-08-02,19,24,5
6714,2019-08-02,5,6,1
6716,2019-08-02,11,11,0
6717,2019-08-02,5,16,11
6718,2019-08-02,32,30,-2
6719,2019-08-02,25,19,-6
6720,2019-08-02,36,40,4
6721,2019-08-02,26,28,2
6722,2019-08-02,16,24,8
6723,2019-08-02,20,20,0
6724,2019-08-02,86,106,20
6725,2019-08-02,35,37,2
6726,2019-08-02,12,15,3
6727,2019-08-02,88,89,1
6728,2019-08-02,29,21,-8
6729,2019-08-02,132,158,26
6730,2019-08-02,24,14,-10
6731,2019-08-02,19,15,-4
6732,2019-08-02,39,35,-4
6733,2019-08-02,49,46,-3
6734,2019-08-02,51,52,1
6735,2019-08-02,9,10,1
6736,2019-08-02,11,9,-2
6737,2019-08-02,18,21,3
6738,2019-08-02,96,91,-5
6739,2019-08-02,9,6,-3
6741,2019-08-02,19,19,0
6742,2019-08-02,66,75,9
6743,2019-08-02,41,23,-18
6744,2019-08-02,27,21,-6
6745,2019-08-02,27,22,-5
6746,2019-08-02,12,18,6
6747,2019-08-02,51,56,5
6748,2019-08-02,103,113,10
6749,2019-08-02,53,52,-1
6750,2019-08-02,57,49,-8
6752,2019-08-02,27,32,5
6753,2019-08-02,29,23,-6
6754,2019-08-02,15,13,-2
6901,2019-08-02,49,96,47
6902,2019-08-02,80,90,10
6903,2019-08-02,97,88,-9
6904,2019-08-02,36,23,-13
6905,2019-08-02,42,36,-6
6906,2019-08-02,183,114,-69
6907,2019-08-02,102,87,-15
6908,2019-08-02,73,66,-7
6910,2019-08-02,161,149,-12
6912,2019-08-02,191,137,-54
6913,2019-08-02,63,39,-24
6915,2019-08-02,99,101,2
6916,2019-08-02,40,36,-4
6917,2019-08-02,21,28,7
6918,2019-08-02,38,28,-10
6919,2019-08-02,30,14,-16
6921,2019-08-02,78,82,4
6923,2019-08-02,38,39,1
6924,2019-08-02,30,28,-2
6925,2019-08-02,41,45,4
6926,2019-08-02,82,75,-7
6927,2019-08-02,72,36,-36
6928,2019-08-02,14,10,-4
6929,2019-08-02,40,32,-8
6930,2019-08-02,29,29,0
7001,2019-08-02,41,45,4
7002,2019-08-02,19,17,-2
7003,2019-08-02,112,98,-14
7004,2019-08-02,21,17,-4
7005,2019-08-02,7,9,2
7006,2019-08-02,27,28,1
7007,2019-08-02,13,23,10
7008,2019-08-02,25,23,-2
7009,2019-08-02,87,147,60
7010,2019-08-02,26,21,-5
7011,2019-08-02,111,120,9
7012,2019-08-02,54,64,10
7013,2019-08-02,29,26,-3
7014,2019-08-02,73,37,-36
7015,2019-08-02,26,22,-4
7016,2019-08-02,11,11,0
7017,2019-08-02,39,54,15
7018,2019-08-02,41,49,8
7019,2019-08-02,135,137,2
7020,2019-08-02,24,21,-3
7021,2019-08-02,41,38,-3
7022,2019-08-02,45,45,0
7023,2019-08-02,7,11,4
7024,2019-08-02,66,57,-9
7025,2019-08-02,59,61,2
7026,2019-08-02,84,75,-9
7027,2019-08-02,47,36,-11
7028,2019-08-02,110,107,-3
7029,2019-08-02,55,38,-17
7030,2019-08-02,58,54,-4
7031,2019-08-02,46,45,-1
7032,2019-08-02,124,59,-65
7033,2019-08-02,71,72,1
7034,2019-08-02,57,87,30
7035,2019-08-02,46,41,-5
7036,2019-08-02,53,53,0
7037,2019-08-02,62,63,1
7038,2019-08-02,75,78,3
7039,2019-08-02,45,43,-2
7040,2019-08-02,86,86,0
7041,2019-08-02,143,129,-14
7042,2019-08-02,51,53,2
7043,2019-08-02,34,22,-12
7044,2019-08-02,11,10,-1
7045,2019-08-02,97,100,3
7046,2019-08-02,133,154,21
7047,2019-08-02,173,233,60
7048,2019-08-02,21,19,-2
7049,2019-08-02,15,16,1
7050,2019-08-02,29,33,4
7051,2019-08-02,10,14,4
7052,2019-08-02,55,70,15
7053,2019-08-02,55,65,10
7054,2019-08-02,66,91,25
7055,2019-08-02,18,24,6
7056,2019-08-02,19,22,3
7057,2019-08-02,46,62,16
7058,2019-08-02,46,48,2
7059,2019-08-02,38,48,10
7060,2019-08-02,37,42,5
7061,2019-08-02,35,31,-4
7062,2019-08-02,53,57,4
7063,2019-08-02,32,27,-5
7064,2019-08-02,34,23,-11
7065,2019-08-02,40,41,1
7066,2019-08-02,79,154,75
7067,2019-08-02,70,61,-9
7068,2019-08-02,96,104,8
7069,2019-08-02,91,100,9
7070,2019-08-02,34,49,15
7071,2019-08-02,57,43,-14
7072,2019-08-02,65,36,-29
7073,2019-08-02,76,81,5
7074,2019-08-02,40,39,-1
7075,2019-08-02,16,17,1
7076,2019-08-02,94,62,-32
7077,2019-08-02,76,100,24
7078,2019-08-02,28,35,7
7079,2019-08-02,44,58,14
7080,2019-08-02,94,101,7
7081,2019-08-02,90,106,16
7082,2019-08-02,84,103,19
7083,2019-08-02,66,65,-1
7084,2019-08-02,85,82,-3
7086,2019-08-02,2,2,0
7087,2019-08-02,3,1,-2
7088,2019-08-02,2,3,1
7089,2019-08-02,2,1,-1
7090,2019-08-02,16,23,7
7091,2019-08-02,10,13,3
7092,2019-08-02,7,14,7
7093,2019-08-02,1,4,3
7094,2019-08-02,4,10,6
7095,2019-08-02,23,25,2
7096,2019-08-02,24,28,4
7097,2019-08-02,11,12,1
7098,2019-08-02,3,3,0
7099,2019-08-02,11,8,-3
7100,2019-08-02,4,2,-2
7101,2019-08-02,14,12,-2
7102,2019-08-02,22,20,-2
7103,2019-08-02,20,18,-2
7104,2019-08-02,6,5,-1
7105,2019-08-02,9,7,-2
7106,2019-08-02,4,2,-2
7107,2019-08-02,3,9,6
7108,2019-08-02,14,10,-4
7109,2019-08-02,4,7,3
7110,2019-08-02,2,4,2
7111,2019-08-02,11,12,1
7112,2019-08-02,8,16,8
7113,2019-08-02,75,67,-8
7114,2019-08-02,127,141,14
7115,2019-08-02,19,17,-2
7116,2019-08-02,14,13,-1
7117,2019-08-02,4,6,2
7118,2019-08-02,2,4,2
7119,2019-08-02,7,7,0
7120,2019-08-02,10,8,-2
7121,2019-08-02,13,10,-3
7122,2019-08-02,7,8,1
7123,2019-08-02,3,3,0
7124,2019-08-02,21,16,-5
7125,2019-08-02,54,39,-15
7126,2019-08-02,9,9,0
7127,2019-08-02,39,47,8
7128,2019-08-02,16,13,-3
7129,2019-08-02,11,10,-1
7130,2019-08-02,10,10,0
7131,2019-08-02,5,5,0
7132,2019-08-02,4,3,-1
7133,2019-08-02,5,9,4
7134,2019-08-02,6,5,-1
7135,2019-08-02,3,3,0
7136,2019-08-02,3,2,-1
7137,2019-08-02,6,7,1
7138,2019-08-02,4,7,3
7139,2019-08-02,40,45,5
7140,2019-08-02,31,30,-1
7141,2019-08-02,36,32,-4
7142,2019-08-02,10,12,2
7143,2019-08-02,43,43,0
7144,2019-08-02,61,61,0
7145,2019-08-02,14,15,1
7146,2019-08-02,15,20,5
7147,2019-08-02,65,65,0
7148,2019-08-02,7,13,6
7149,2019-08-02,17,13,-4
4000,2019-08-03,52,54,2
4001,2019-08-03,7,9,2
4002,2019-08-03,19,19,0
5002,2019-08-03,6,5,-1
5003,2019-08-03,3,2,-1
5004,2019-08-03,5,5,0
5005,2019-08-03,10,9,-1
5006,2019-08-03,6,7,1
5007,2019-08-03,21,25,4
6001,2019-08-03,40,60,20
6002,2019-08-03,46,51,5
6003,2019-08-03,45,54,9
6004,2019-08-03,53,45,-8
6005,2019-08-03,23,23,0
6006,2019-08-03,35,26,-9
6007,2019-08-03,42,41,-1
6008,2019-08-03,31,54,23
6009,2019-08-03,71,77,6
6011,2019-08-03,44,41,-3
6012,2019-08-03,132,199,67
6013,2019-08-03,36,92,56
6014,2019-08-03,49,46,-3
6015,2019-08-03,130,264,134
6016,2019-08-03,15,20,5
6017,2019-08-03,56,57,1
6018,2019-08-03,66,58,-8
6019,2019-08-03,119,72,-47
6020,2019-08-03,50,73,23
6021,2019-08-03,86,64,-22
6022,2019-08-03,47,54,7
6023,2019-08-03,214,294,80
6024,2019-08-03,6,8,2
6025,2019-08-03,72,74,2
6026,2019-08-03,359,511,152
6027,2019-08-03,73,73,0
6029,2019-08-03,24,16,-8
6031,2019-08-03,55,52,-3
6032,2019-08-03,60,120,60
6033,2019-08-03,17,9,-8
6034,2019-08-03,22,22,0
6035,2019-08-03,28,46,18
6036,2019-08-03,323,405,82
6037,2019-08-03,76,86,10
6038,2019-08-03,70,74,4
6039,2019-08-03,61,65,4
6040,2019-08-03,60,67,7
6041,2019-08-03,29,32,3
6042,2019-08-03,24,32,8
6043,2019-08-03,54,71,17
6044,2019-08-03,90,88,-2
6046,2019-08-03,52,29,-23
6047,2019-08-03,23,21,-2
6048,2019-08-03,18,14,-4
6049,2019-08-03,28,32,4
6050,2019-08-03,25,29,4
6051,2019-08-03,24,23,-1
6052,2019-08-03,262,382,120
6053,2019-08-03,103,123,20
6057,2019-08-03,44,44,0
6058,2019-08-03,35,36,1
6059,2019-08-03,39,26,-13
6060,2019-08-03,21,23,2
6061,2019-08-03,58,57,-1
6062,2019-08-03,51,40,-11
6063,2019-08-03,57,58,1
6064,2019-08-03,109,109,0
6065,2019-08-03,49,43,-6
6066,2019-08-03,42,43,1
6067,2019-08-03,78,71,-7
6068,2019-08-03,16,15,-1
6070,2019-08-03,111,107,-4
6072,2019-08-03,24,25,1
6073,2019-08-03,90,92,2
6075,2019-08-03,43,14,-29
6076,2019-08-03,23,21,-2
6078,2019-08-03,60,56,-4
6079,2019-08-03,54,60,6
6080,2019-08-03,86,87,1
6081,2019-08-03,27,22,-5
6082,2019-08-03,21,14,-7
6083,2019-08-03,64,62,-2
6084,2019-08-03,28,30,2
6085,2019-08-03,56,95,39
6086,2019-08-03,114,125,11
6087,2019-08-03,80,91,11
6088,2019-08-03,50,53,3
6089,2019-08-03,25,11,-14
6090,2019-08-03,42,35,-7
6091,2019-08-03,40,37,-3
6092,2019-08-03,54,44,-10
6093,2019-08-03,23,8,-15
6094,2019-08-03,40,41,1
6095,2019-08-03,105,99,-6
6096,2019-08-03,27,35,8
6097,2019-08-03,67,37,-30
6098,2019-08-03,26,28,2
6099,2019-08-03,110,170,60
6100,2019-08-03,167,156,-11
6101,2019-08-03,37,14,-23
6102,2019-08-03,40,26,-14
6103,2019-08-03,19,17,-2
6104,2019-08-03,43,60,17
6105,2019-08-03,35,41,6
6106,2019-08-03,38,40,2
6107,2019-08-03,76,58,-18
6108,2019-08-03,27,35,8
6109,2019-08-03,51,51,0
6110,2019-08-03,22,21,-1
6111,2019-08-03,41,61,20
6112,2019-08-03,94,105,11
6113,2019-08-03,53,64,11
6114,2019-08-03,118,149,31
6115,2019-08-03,18,15,-3
6116,2019-08-03,46,46,0
6117,2019-08-03,56,62,6
6118,2019-08-03,67,76,9
6119,2019-08-03,87,84,-3
6120,2019-08-03,49,76,27
6121,2019-08-03,32,45,13
6122,2019-08-03,16,24,8
6123,2019-08-03,40,40,0
6124,2019-08-03,33,38,5
6125,2019-08-03,19,16,-3
6126,2019-08-03,32,43,11
6127,2019-08-03,58,47,-11
6128,2019-08-03,17,18,1
6129,2019-08-03,59,47,-12
6130,2019-08-03,36,26,-10
6131,2019-08-03,84,47,-37
6132,2019-08-03,43,45,2
6133,2019-08-03,45,47,2
6134,2019-08-03,45,35,-10
6136,2019-08-03,207,157,-50
6137,2019-08-03,95,69,-26
6138,2019-08-03,75,55,-20
6139,2019-08-03,47,25,-22
6140,2019-08-03,105,94,-11
6141,2019-08-03,41,36,-5
6142,2019-08-03,127,100,-27
6143,2019-08-03,124,131,7
6145,2019-08-03,96,88,-8
6146,2019-08-03,78,68,-10
6147,2019-08-03,72,48,-24
6148,2019-08-03,111,102,-9
6149,2019-08-03,27,23,-4
6150,2019-08-03,72,57,-15
6151,2019-08-03,85,77,-8
6152,2019-08-03,129,103,-26
6153,2019-08-03,59,40,-19
6154,2019-08-03,169,141,-28
6155,2019-08-03,118,92,-26
6156,2019-08-03,71,57,-14
6157,2019-08-03,139,120,-19
6158,2019-08-03,37,38,1
6159,2019-08-03,33,39,6
6160,2019-08-03,50,32,-18
6161,2019-08-03,45,35,-10
6162,2019-08-03,12,15,3
6163,2019-08-03,129,98,-31
6164,2019-08-03,114,112,-2
6165,2019-08-03,187,190,3
6166,2019-08-03,112,104,-8
6167,2019-08-03,43,36,-7
6168,2019-08-03,45,27,-18
6169,2019-08-03,152,145,-7
6170,2019-08-03,99,97,-2
6171,2019-08-03,45,49,4
6173,2019-08-03,97,65,-32
6174,2019-08-03,95,80,-15
6175,2019-08-03,74,44,-30
6176,2019-08-03,109,108,-1
6177,2019-08-03,74,61,-13
6178,2019-08-03,137,153,16
6179,2019-08-03,92,79,-13
6180,2019-08-03,77,70,-7
6181,2019-08-03,96,84,-12
6182,2019-08-03,70,53,-17
6183,2019-08-03,93,71,-22
6184,2019-08-03,209,204,-5
6185,2019-08-03,19,20,1
6186,2019-08-03,56,53,-3
6187,2019-08-03,128,132,4
6188,2019-08-03,41,35,-6
6189,2019-08-03,20,7,-13
6190,2019-08-03,73,68,-5
6191,2019-08-03,74,66,-8
6192,2019-08-03,43,30,-13
6193,2019-08-03,133,133,0
6194,2019-08-03,130,126,-4
6195,2019-08-03,89,44,-45
6196,2019-08-03,113,87,-26
6197,2019-08-03,46,34,-12
6198,2019-08-03,14,12,-2
6199,2019-08-03,91,62,-29
6200,2019-08-03,125,124,-1
6201,2019-08-03,67,61,-6
6202,2019-08-03,77,66,-11
6203,2019-08-03,76,70,-6
6204,2019-08-03,86,59,-27
6205,2019-08-03,81,60,-21
6206,2019-08-03,145,140,-5
6207,2019-08-03,31,32,1
6208,2019-08-03,54,51,-3
6209,2019-08-03,57,65,8
6210,2019-08-03,23,19,-4
6211,2019-08-03,149,166,17
6212,2019-08-03,80,44,-36
6213,2019-08-03,121,126,5
6214,2019-08-03,78,74,-4
6215,2019-08-03,65,59,-6
6216,2019-08-03,214,172,-42
6217,2019-08-03,89,79,-10
6218,2019-08-03,57,49,-8
6219,2019-08-03,69,56,-13
6220,2019-08-03,75,65,-10
6221,2019-08-03,192,166,-26
6222,2019-08-03,89,74,-15
6223,2019-08-03,119,96,-23
6224,2019-08-03,51,47,-4
6225,2019-08-03,59,38,-21
6226,2019-08-03,14,17,3
6227,2019-08-03,166,159,-7
6228,2019-08-03,21,20,-1
6229,2019-08-03,72,54,-18
6230,2019-08-03,80,88,8
6231,2019-08-03,123,107,-16
6232,2019-08-03,28,24,-4
6233,2019-08-03,117,104,-13
6234,2019-08-03,51,57,6
6235,2019-08-03,45,29,-16
6236,2019-08-03,76,56,-20
6237,2019-08-03,55,52,-3
6240,2019-08-03,17,18,1
6241,2019-08-03,31,32,1
6243,2019-08-03,60,55,-5
6245,2019-08-03,44,29,-15
6246,2019-08-03,41,41,0
6247,2019-08-03,142,122,-20
6248,2019-08-03,120,141,21
6249,2019-08-03,88,75,-13
6250,2019-08-03,161,146,-15
6251,2019-08-03,21,21,0
6252,2019-08-03,82,80,-2
6253,2019-08-03,68,60,-8
6254,2019-08-03,66,68,2
6255,2019-08-03,100,103,3
6257,2019-08-03,38,33,-5
6258,2019-08-03,84,55,-29
6259,2019-08-03,26,24,-2
6260,2019-08-03,51,48,-3
6261,2019-08-03,55,43,-12
6262,2019-08-03,46,44,-2
6263,2019-08-03,22,27,5
6265,2019-08-03,43,31,-12
6267,2019-08-03,80,67,-13
6268,2019-08-03,66,58,-8
6269,2019-08-03,18,23,5
6270,2019-08-03,30,17,-13
6271,2019-08-03,2,7,5
6272,2019-08-03,31,32,1
6273,2019-08-03,29,20,-9
6274,2019-08-03,42,38,-4
6275,2019-08-03,30,30,0
6276,2019-08-03,53,45,-8
6277,2019-08-03,71,63,-8
6278,2019-08-03,20,14,-6
6279,2019-08-03,18,15,-3
6280,2019-08-03,67,70,3
6281,2019-08-03,21,25,4
6301,2019-08-03,12,16,4
6302,2019-08-03,22,15,-7
6303,2019-08-03,11,8,-3
6304,2019-08-03,8,3,-5
6305,2019-08-03,16,8,-8
6306,2019-08-03,20,15,-5
6307,2019-08-03,82,86,4
6309,2019-08-03,13,16,3
6310,2019-08-03,29,18,-11
6311,2019-08-03,45,36,-9
6312,2019-08-03,21,27,6
6313,2019-08-03,65,73,8
6314,2019-08-03,56,48,-8
6315,2019-08-03,76,47,-29
6316,2019-08-03,48,27,-21
6321,2019-08-03,124,176,52
6322,2019-08-03,50,54,4
6323,2019-08-03,5,13,8
6324,2019-08-03,27,27,0
6327,2019-08-03,36,23,-13
6328,2019-08-03,47,52,5
6329,2019-08-03,39,27,-12
6330,2019-08-03,28,23,-5
6331,2019-08-03,15,11,-4
6332,2019-08-03,38,35,-3
6333,2019-08-03,25,23,-2
6334,2019-08-03,87,67,-20
6335,2019-08-03,42,40,-2
6336,2019-08-03,23,20,-3
6338,2019-08-03,56,49,-7
6339,2019-08-03,28,22,-6
6340,2019-08-03,29,22,-7
6341,2019-08-03,35,39,4
6343,2019-08-03,40,44,4
6345,2019-08-03,30,24,-6
6346,2019-08-03,19,12,-7
6347,2019-08-03,24,24,0
6349,2019-08-03,23,26,3
6350,2019-08-03,37,23,-14
6354,2019-08-03,40,27,-13
6355,2019-08-03,32,32,0
6356,2019-08-03,31,20,-11
6357,2019-08-03,17,12,-5
6358,2019-08-03,27,21,-6
6359,2019-08-03,79,99,20
6360,2019-08-03,26,25,-1
6361,2019-08-03,45,43,-2
6362,2019-08-03,41,36,-5
6363,2019-08-03,29,24,-5
6364,2019-08-03,36,26,-10
6366,2019-08-03,28,27,-1
6367,2019-08-03,18,9,-9
6368,2019-08-03,77,68,-9
6369,2019-08-03,29,24,-5
6370,2019-08-03,40,31,-9
6371,2019-08-03,85,63,-22
6372,2019-08-03,73,84,11
6373,2019-08-03,41,29,-12
6374,2019-08-03,36,30,-6
6375,2019-08-03,51,56,5
6376,2019-08-03,26,20,-6
6377,2019-08-03,23,30,7
6379,2019-08-03,23,28,5
6380,2019-08-03,23,16,-7
6381,2019-08-03,55,45,-10
6383,2019-08-03,30,19,-11
6384,2019-08-03,14,12,-2
6385,2019-08-03,43,38,-5
6386,2019-08-03,45,59,14
6387,2019-08-03,80,88,8
6388,2019-08-03,28,35,7
6389,2019-08-03,40,43,3
6391,2019-08-03,58,73,15
6393,2019-08-03,39,54,15
6394,2019-08-03,71,101,30
6395,2019-08-03,62,86,24
6396,2019-08-03,81,86,5
6397,2019-08-03,58,56,-2
6398,2019-08-03,37,41,4
6401,2019-08-03,68,81,13
6402,2019-08-03,53,65,12
6403,2019-08-03,31,34,3
6404,2019-08-03,14,18,4
6405,2019-08-03,60,60,0
6406,2019-08-03,296,356,60
6407,2019-08-03,17,44,27
6408,2019-08-03,32,33,1
6409,2019-08-03,25,12,-13
6410,2019-08-03,12,24,12
6411,2019-08-03,100,86,-14
6412,2019-08-03,16,13,-3
6413,2019-08-03,12,11,-1
6414,2019-08-03,21,24,3
6415,2019-08-03,26,26,0
6416,2019-08-03,19,11,-8
6417,2019-08-03,27,27,0
6418,2019-08-03,7,13,6
6419,2019-08-03,15,22,7
6420,2019-08-03,26,21,-5
6421,2019-08-03,49,40,-9
6422,2019-08-03,23,21,-2
6423,2019-08-03,16,8,-8
6424,2019-08-03,29,37,8
6425,2019-08-03,42,45,3
6426,2019-08-03,40,47,7
6427,2019-08-03,82,81,-1
6428,2019-08-03,16,18,2
6429,2019-08-03,43,42,-1
6432,2019-08-03,68,69,1
6433,2019-08-03,21,16,-5
6434,2019-08-03,56,53,-3
6435,2019-08-03,51,56,5
6436,2019-08-03,19,17,-2
6501,2019-08-03,313,363,50
6502,2019-08-03,25,32,7
6503,2019-08-03,59,38,-21
6504,2019-08-03,51,51,0
6700,2019-08-03,13,27,14
6701,2019-08-03,42,32,-10
6702,2019-08-03,19,15,-4
6703,2019-08-03,75,79,4
6704,2019-08-03,30,25,-5
6705,2019-08-03,12,12,0
6706,2019-08-03,25,19,-6
6707,2019-08-03,23,23,0
6708,2019-08-03,55,68,13
6709,2019-08-03,28,24,-4
6710,2019-08-03,5,9,4
6711,2019-08-03,27,27,0
6712,2019-08-03,29,35,6
6713,2019-08-03,19,16,-3
6714,2019-08-03,19,19,0
6716,2019-08-03,1,1,0
6717,2019-08-03,9,10,1
6718,2019-08-03,24,23,-1
6719,2019-08-03,25,26,1
6720,2019-08-03,29,32,3
6721,2019-08-03,15,17,2
6722,2019-08-03,10,14,4
6723,2019-08-03,17,17,0
6724,2019-08-03,77,104,27
6725,2019-08-03,32,26,-6
6726,2019-08-03,5,4,-1
6727,2019-08-03,82,76,-6
6728,2019-08-03,26,15,-11
6729,2019-08-03,129,143,14
6730,2019-08-03,15,12,-3
6731,2019-08-03,18,15,-3
6732,2019-08-03,33,28,-5
6733,2019-08-03,57,51,-6
6734,2019-08-03,51,38,-13
6735,2019-08-03,4,4,0
6736,2019-08-03,12,18,6
6737,2019-08-03,26,21,-5
6738,2019-08-03,36,24,-12
6739,2019-08-03,3,3,0
6741,2019-08-03,11,14,3
6742,2019-08-03,65,55,-10
6743,2019-08-03,8,10,2
6744,2019-08-03,19,20,1
6745,2019-08-03,16,19,3
6746,2019-08-03,17,22,5
6747,2019-08-03,28,27,-1
6748,2019-08-03,62,81,19
6749,2019-08-03,56,63,7
6750,2019-08-03,37,48,11
6752,2019-08-03,5,6,1
6753,2019-08-03,9,9,0
6754,2019-08-03,22,15,-7
6901,2019-08-03,52,68,16
6902,2019-08-03,88,105,17
6903,2019-08-03,83,89,6
6904,2019-08-03,24,19,-5
6905,2019-08-03,23,22,-1
6906,2019-08-03,108,79,-29
6907,2019-08-03,93,67,-26
6908,2019-08-03,65,55,-10
6910,2019-08-03,131,117,-14
6912,2019-08-03,114,93,-21
6913,2019-08-03,50,45,-5
6915,2019-08-03,69,83,14
6916,2019-08-03,21,20,-1
6917,2019-08-03,14,14,0
6918,2019-08-03,40,24,-16
6919,2019-08-03,25,21,-4
6921,2019-08-03,49,47,-2
6923,2019-08-03,28,24,-4
6924,2019-08-03,23,20,-3
6925,2019-08-03,35,25,-10
6926,2019-08-03,56,65,9
6927,2019-08-03,35,39,4
6928,2019-08-03,11,5,-6
6929,2019-08-03,45,37,-8
6930,2019-08-03,29,31,2
7001,2019-08-03,36,26,-10
7002,2019-08-03,10,10,0
7003,2019-08-03,99,94,-5
7004,2019-08-03,14,10,-4
7005,2019-08-03,11,12,1
7006,2019-08-03,16,19,3
7007,2019-08-03,15,11,-4
7008,2019-08-03,139,135,-4
7009,2019-08-03,71,96,25
7010,2019-08-03,7,7,0
7011,2019-08-03,73,79,6
7012,2019-08-03,38,44,6
7013,2019-08-03,29,30,1
7014,2019-08-03,40,18,-22
7015,2019-08-03,58,53,-5
7016,2019-08-03,5,9,4
7017,2019-08-03,31,34,3
7018,2019-08-03,35,38,3
7019,2019-08-03,19,16,-3
7020,2019-08-03,17,17,0
7021,2019-08-03,32,31,-1
7022,2019-08-03,45,38,-7
7023,2019-08-03,5,2,-3
7024,2019-08-03,45,39,-6
7025,2019-08-03,31,20,-11
7026,2019-08-03,39,23,-16
7027,2019-08-03,41,44,3
7028,2019-08-03,37,37,0
7029,2019-08-03,32,28,-4
7030,2019-08-03,38,32,-6
7031,2019-08-03,54,47,-7
7032,2019-08-03,68,38,-30
7033,2019-08-03,57,52,-5
7034,2019-08-03,59,110,51
7035,2019-08-03,29,24,-5
7036,2019-08-03,48,46,-2
7037,2019-08-03,39,33,-6
7038,2019-08-03,81,69,-12
7039,2019-08-03,36,32,-4
7040,2019-08-03,45,41,-4
7041,2019-08-03,82,81,-1
7042,2019-08-03,38,39,1
7043,2019-08-03,17,14,-3
7044,2019-08-03,7,12,5
7045,2019-08-03,127,135,8
7046,2019-08-03,52,61,9
7047,2019-08-03,154,178,24
7048,2019-08-03,21,23,2
7049,2019-08-03,16,17,1
7050,2019-08-03,31,22,-9
7051,2019-08-03,12,9,-3
7052,2019-08-03,24,21,-3
7053,2019-08-03,65,62,-3
7054,2019-08-03,67,97,30
7055,2019-08-03,19,48,29
7056,2019-08-03,11,17,6
7057,2019-08-03,40,37,-3
7058,2019-08-03,47,54,7
7059,2019-08-03,22,28,6
7060,2019-08-03,28,30,2
7061,2019-08-03,34,25,-9
7062,2019-08-03,30,19,-11
7063,2019-08-03,29,28,-1
7064,2019-08-03,10,12,2
7065,2019-08-03,41,33,-8
7066,2019-08-03,71,114,43
7067,2019-08-03,27,26,-1
7068,2019-08-03,80,89,9
7069,2019-08-03,69,98,29
7070,2019-08-03,34,31,-3
7071,2019-08-03,45,33,-12
7072,2019-08-03,27,24,-3
7073,2019-08-03,62,73,11
7074,2019-08-03,32,33,1
7075,2019-08-03,9,11,2
7076,2019-08-03,53,47,-6
7077,2019-08-03,51,75,24
7078,2019-08-03,29,29,0
7079,2019-08-03,17,28,11
7080,2019-08-03,54,64,10
7081,2019-08-03,80,118,38
7082,2019-08-03,54,69,15
7083,2019-08-03,46,43,-3
7084,2019-08-03,79,78,-1
7085,2019-08-03,2,2,0
7086,2019-08-03,3,3,0
7087,2019-08-03,5,3,-2
7088,2019-08-03,4,3,-1
7090,2019-08-03,17,13,-4
7091,2019-08-03,11,6,-5
7092,2019-08-03,6,10,4
7094,2019-08-03,2,1,-1
7095,2019-08-03,3,4,1
7096,2019-08-03,32,41,9
7097,2019-08-03,9,12,3
7098,2019-08-03,4,1,-3
7099,2019-08-03,4,4,0
7100,2019-08-03,3,4,1
7101,2019-08-03,2,2,0
7102,2019-08-03,24,15,-9
7103,2019-08-03,34,44,10
7104,2019-08-03,7,5,-2
7105,2019-08-03,20,21,1
7106,2019-08-03,3,2,-1
7107,2019-08-03,6,4,-2
7108,2019-08-03,46,43,-3
7109,2019-08-03,6,4,-2
7110,2019-08-03,23,18,-5
7111,2019-08-03,14,12,-2
7112,2019-08-03,15,23,8
7113,2019-08-03,38,30,-8
7114,2019-08-03,139,154,15
7115,2019-08-03,13,13,0
7116,2019-08-03,10,8,-2
7117,2019-08-03,1,3,2
7119,2019-08-03,11,15,4
7120,2019-08-03,10,9,-1
7121,2019-08-03,8,9,1
7122,2019-08-03,3,5,2
7123,2019-08-03,3,3,0
7124,2019-08-03,8,8,0
7125,2019-08-03,46,54,8
7126,2019-08-03,11,15,4
7127,2019-08-03,19,20,1
7128,2019-08-03,11,13,2
7129,2019-08-03,4,4,0
7130,2019-08-03,6,5,-1
7131,2019-08-03,11,5,-6
7132,2019-08-03,2,0,-2
7133,2019-08-03,12,15,3
7134,2019-08-03,2,3,1
7135,2019-08-03,8,7,-1
7136,2019-08-03,2,3,1
7137,2019-08-03,9,11,2
7138,2019-08-03,3,4,1
7139,2019-08-03,69,64,-5
7140,2019-08-03,14,23,9
7141,2019-08-03,29,27,-2
7142,2019-08-03,12,12,0
7143,2019-08-03,58,57,-1
7144,2019-08-03,54,58,4
7145,2019-08-03,16,16,0
7146,2019-08-03,18,25,7
7147,2019-08-03,63,65,2
7148,2019-08-03,4,7,3
7149,2019-08-03,27,23,-4
10002,2019-08-03,94,90,-4
10002,2019-08-03,3,5,2
4000,2019-08-03,2,5,3
4001,2019-08-03,1,5,4
4002,2019-08-03,3,2,-1
5005,2019-08-03,2,0,-2
5007,2019-08-03,1,12,11
6001,2019-08-03,3,2,-1
6002,2019-08-03,2,3,1
6003,2019-08-03,5,7,2
6004,2019-08-03,1,2,1
6005,2019-08-03,1,0,-1
6006,2019-08-03,3,5,2
6007,2019-08-03,11,7,-4
6008,2019-08-03,9,7,-2
6009,2019-08-03,11,5,-6
6011,2019-08-03,1,7,6
6012,2019-08-03,28,15,-13
6013,2019-08-03,6,5,-1
6014,2019-08-03,3,5,2
6015,2019-08-03,19,8,-11
6017,2019-08-03,4,4,0
6018,2019-08-03,5,14,9
6019,2019-08-03,19,5,-14
6020,2019-08-03,15,10,-5
6021,2019-08-03,8,6,-2
6022,2019-08-03,1,4,3
6023,2019-08-03,15,3,-12
6025,2019-08-03,7,3,-4
6026,2019-08-03,27,10,-17
6027,2019-08-03,4,4,0
6029,2019-08-03,1,5,4
6032,2019-08-03,15,10,-5
6034,2019-08-03,2,0,-2
6035,2019-08-03,3,2,-1
6036,2019-08-03,19,18,-1
6037,2019-08-03,3,2,-1
6038,2019-08-03,4,3,-1
6039,2019-08-03,12,1,-11
6040,2019-08-03,7,1,-6
6042,2019-08-03,4,9,5
6043,2019-08-03,6,2,-4
6044,2019-08-03,6,2,-4
6047,2019-08-03,1,2,1
6049,2019-08-03,2,4,2
6050,2019-08-03,1,5,4
6051,2019-08-03,4,5,1
6052,2019-08-03,14,11,-3
6053,2019-08-03,2,4,2
6058,2019-08-03,4,4,0
6059,2019-08-03,8,2,-6
6061,2019-08-03,6,7,1
6062,2019-08-03,16,6,-10
6063,2019-08-03,15,6,-9
6064,2019-08-03,17,11,-6
6065,2019-08-03,4,5,1
6066,2019-08-03,1,1,0
6067,2019-08-03,11,2,-9
6068,2019-08-03,1,1,0
6070,2019-08-03,6,9,3
6072,2019-08-03,2,2,0
6073,2019-08-03,10,3,-7
6076,2019-08-03,2,1,-1
6078,2019-08-03,11,2,-9
6079,2019-08-03,9,5,-4
6080,2019-08-03,7,21,14
6081,2019-08-03,18,8,-10
6082,2019-08-03,4,5,1
6083,2019-08-03,1,3,2
6084,2019-08-03,1,2,1
6085,2019-08-03,2,13,11
6088,2019-08-03,5,2,-3
6089,2019-08-03,1,1,0
6091,2019-08-03,2,2,0
6092,2019-08-03,16,2,-14
6093,2019-08-03,1,2,1
6094,2019-08-03,8,9,1
6095,2019-08-03,5,14,9
6096,2019-08-03,1,1,0
6097,2019-08-03,7,12,5
6098,2019-08-03,4,2,-2
6099,2019-08-03,23,17,-6
6100,2019-08-03,14,9,-5
6101,2019-08-03,6,3,-3
6102,2019-08-03,1,4,3
6104,2019-08-03,3,3,0
6105,2019-08-03,3,5,2
6106,2019-08-03,12,10,-2
6107,2019-08-03,15,10,-5
6108,2019-08-03,8,8,0
6110,2019-08-03,2,5,3
6111,2019-08-03,10,3,-7
6112,2019-08-03,13,13,0
6113,2019-08-03,20,6,-14
6114,2019-08-03,26,28,2
6116,2019-08-03,6,14,8
6117,2019-08-03,4,0,-4
6118,2019-08-03,4,8,4
6119,2019-08-03,1,14,13
6120,2019-08-03,10,11,1
6121,2019-08-03,2,19,17
6122,2019-08-03,2,6,4
6123,2019-08-03,5,4,-1
6124,2019-08-03,1,9,8
6125,2019-08-03,2,3,1
6126,2019-08-03,5,8,3
6127,2019-08-03,3,7,4
6128,2019-08-03,5,7,2
6129,2019-08-03,3,2,-1
6130,2019-08-03,3,3,0
6131,2019-08-03,5,16,11
6132,2019-08-03,1,15,14
6133,2019-08-03,3,7,4
6134,2019-08-03,4,6,2
6136,2019-08-03,15,18,3
6137,2019-08-03,4,4,0
6138,2019-08-03,4,2,-2
6139,2019-08-03,5,7,2
6140,2019-08-03,14,7,-7
6141,2019-08-03,3,9,6
6142,2019-08-03,8,9,1
6143,2019-08-03,9,13,4
6145,2019-08-03,5,7,2
6146,2019-08-03,6,4,-2
6147,2019-08-03,10,6,-4
6148,2019-08-03,15,20,5
6149,2019-08-03,5,5,0
6150,2019-08-03,7,3,-4
6151,2019-08-03,2,3,1
6152,2019-08-03,8,10,2
6153,2019-08-03,2,4,2
6154,2019-08-03,28,27,-1
6155,2019-08-03,6,10,4
6156,2019-08-03,3,6,3
6157,2019-08-03,21,21,0
6158,2019-08-03,2,2,0
6159,2019-08-03,1,1,0
6160,2019-08-03,1,1,0
6161,2019-08-03,5,4,-1
6162,2019-08-03,2,7,5
6163,2019-08-03,6,13,7
6164,2019-08-03,4,16,12
6165,2019-08-03,8,6,-2
6166,2019-08-03,12,12,0
6167,2019-08-03,3,5,2
6168,2019-08-03,7,0,-7
6169,2019-08-03,15,21,6
6170,2019-08-03,24,10,-14
6171,2019-08-03,2,12,10
6173,2019-08-03,15,2,-13
6174,2019-08-03,11,3,-8
6175,2019-08-03,17,8,-9
6176,2019-08-03,8,9,1
6177,2019-08-03,3,7,4
6178,2019-08-03,16,9,-7
6179,2019-08-03,10,9,-1
6180,2019-08-03,6,8,2
6181,2019-08-03,6,13,7
6182,2019-08-03,5,4,-1
6183,2019-08-03,17,8,-9
6184,2019-08-03,48,20,-28
6185,2019-08-03,1,3,2
6186,2019-08-03,5,8,3
6187,2019-08-03,18,21,3
6188,2019-08-03,1,1,0
6190,2019-08-03,5,3,-2
6191,2019-08-03,5,3,-2
6192,2019-08-03,2,10,8
6193,2019-08-03,6,5,-1
6194,2019-08-03,10,10,0
6195,2019-08-03,5,9,4
6196,2019-08-03,9,9,0
6197,2019-08-03,1,0,-1
6198,2019-08-03,1,0,-1
6199,2019-08-03,6,8,2
6200,2019-08-03,7,6,-1
6201,2019-08-03,9,3,-6
6202,2019-08-03,8,8,0
6203,2019-08-03,8,4,-4
6204,2019-08-03,4,14,10
6205,2019-08-03,9,4,-5
6207,2019-08-03,4,3,-1
6208,2019-08-03,2,5,3
6209,2019-08-03,22,16,-6
6210,2019-08-03,4,3,-1
6211,2019-08-03,37,32,-5
6212,2019-08-03,11,6,-5
6213,2019-08-03,2,3,1
6214,2019-08-03,12,10,-2
6215,2019-08-03,2,0,-2
6216,2019-08-03,6,1,-5
6217,2019-08-03,19,2,-17
6218,2019-08-03,10,3,-7
6219,2019-08-03,3,3,0
6220,2019-08-03,5,6,1
6221,2019-08-03,14,9,-5
6222,2019-08-03,13,8,-5
6223,2019-08-03,10,5,-5
6224,2019-08-03,11,7,-4
6225,2019-08-03,23,10,-13
6226,2019-08-03,4,1,-3
6227,2019-08-03,24,25,1
6228,2019-08-03,1,2,1
6229,2019-08-03,9,1,-8
6230,2019-08-03,10,4,-6
6231,2019-08-03,4,8,4
6232,2019-08-03,2,8,6
6233,2019-08-03,8,10,2
6234,2019-08-03,6,6,0
6235,2019-08-03,1,4,3
6236,2019-08-03,11,12,1
6237,2019-08-03,2,2,0
6241,2019-08-03,2,2,0
6243,2019-08-03,3,11,8
6245,2019-08-03,3,5,2
6246,2019-08-03,5,1,-4
6247,2019-08-03,15,14,-1
6248,2019-08-03,25,18,-7
6249,2019-08-03,18,11,-7
6250,2019-08-03,1,2,1
6251,2019-08-03,1,3,2
6252,2019-08-03,4,6,2
6253,2019-08-03,9,2,-7
6254,2019-08-03,1,1,0
6255,2019-08-03,10,9,-1
6257,2019-08-03,7,9,2
6258,2019-08-03,7,16,9
6259,2019-08-03,3,2,-1
6260,2019-08-03,4,10,6
6261,2019-08-03,2,2,0
6262,2019-08-03,5,7,2
6263,2019-08-03,1,2,1
6265,2019-08-03,2,9,7
6267,2019-08-03,6,9,3
6268,2019-08-03,12,8,-4
6270,2019-08-03,13,6,-7
6272,2019-08-03,1,6,5
6273,2019-08-03,3,5,2
6274,2019-08-03,9,10,1
6275,2019-08-03,7,5,-2
6276,2019-08-03,8,4,-4
6277,2019-08-03,6,7,1
6278,2019-08-03,1,2,1
6280,2019-08-03,7,6,-1
6281,2019-08-03,4,2,-2
6301,2019-08-03,3,3,0
6302,2019-08-03,2,1,-1
6303,2019-08-03,7,8,1
6305,2019-08-03,2,1,-1
6306,2019-08-03,3,3,0
6307,2019-08-03,8,7,-1
6309,2019-08-03,1,2,1
6310,2019-08-03,8,5,-3
6311,2019-08-03,3,3,0
6312,2019-08-03,2,0,-2
6313,2019-08-03,13,11,-2
6314,2019-08-03,6,9,3
6315,2019-08-03,9,3,-6
6316,2019-08-03,5,4,-1
6321,2019-08-03,8,7,-1
6323,2019-08-03,1,1,0
6324,2019-08-03,1,2,1
6327,2019-08-03,5,3,-2
6328,2019-08-03,8,2,-6
6329,2019-08-03,3,7,4
6331,2019-08-03,2,5,3
6332,2019-08-03,5,3,-2
6333,2019-08-03,1,2,1
6334,2019-08-03,2,6,4
6335,2019-08-03,3,1,-2
6336,2019-08-03,2,1,-1
6339,2019-08-03,3,2,-1
6340,2019-08-03,1,8,7
6341,2019-08-03,2,4,2
6343,2019-08-03,3,5,2
6345,2019-08-03,2,5,3
6347,2019-08-03,3,11,8
6349,2019-08-03,5,4,-1
6350,2019-08-03,1,6,5
6354,2019-08-03,3,5,2
6355,2019-08-03,3,6,3
6356,2019-08-03,2,2,0
6357,2019-08-03,1,6,5
6358,2019-08-03,3,6,3
6359,2019-08-03,16,1,-15
6361,2019-08-03,6,7,1
6364,2019-08-03,1,4,3
6366,2019-08-03,1,3,2
6367,2019-08-03,1,1,0
6368,2019-08-03,8,9,1
6369,2019-08-03,3,6,3
6370,2019-08-03,3,6,3
6371,2019-08-03,6,14,8
6372,2019-08-03,6,5,-1
6373,2019-08-03,2,8,6
6374,2019-08-03,1,4,3
6375,2019-08-03,5,7,2
6376,2019-08-03,3,5,2
6377,2019-08-03,1,5,4
6379,2019-08-03,1,5,4
6380,2019-08-03,1,2,1
6381,2019-08-03,3,6,3
6383,2019-08-03,1,6,5
6384,2019-08-03,1,2,1
6385,2019-08-03,3,10,7
6386,2019-08-03,5,7,2
6387,2019-08-03,6,16,10
6388,2019-08-03,5,6,1
6389,2019-08-03,13,6,-7
6391,2019-08-03,5,17,12
6393,2019-08-03,4,13,9
6394,2019-08-03,6,22,16
6395,2019-08-03,7,4,-3
6396,2019-08-03,3,5,2
6397,2019-08-03,1,5,4
6398,2019-08-03,2,6,4
6401,2019-08-03,16,9,-7
6402,2019-08-03,5,6,1
6403,2019-08-03,5,1,-4
6404,2019-08-03,1,3,2
6405,2019-08-03,6,5,-1
6406,2019-08-03,4,6,2
6407,2019-08-03,2,3,1
6408,2019-08-03,4,6,2
6410,2019-08-03,3,3,0
6411,2019-08-03,26,11,-15
6413,2019-08-03,1,2,1
6416,2019-08-03,1,0,-1
6419,2019-08-03,1,0,-1
6420,2019-08-03,5,11,6
6421,2019-08-03,8,6,-2
6422,2019-08-03,1,2,1
6423,2019-08-03,2,2,0
6424,2019-08-03,1,4,3
6425,2019-08-03,4,0,-4
6426,2019-08-03,8,13,5
6427,2019-08-03,3,4,1
6432,2019-08-03,3,7,4
6434,2019-08-03,2,3,1
6435,2019-08-03,5,5,0
6436,2019-08-03,2,2,0
6501,2019-08-03,10,2,-8
6502,2019-08-03,7,4,-3
6503,2019-08-03,1,5,4
6700,2019-08-03,3,7,4
6701,2019-08-03,5,3,-2
6702,2019-08-03,2,0,-2
6704,2019-08-03,2,3,1
6706,2019-08-03,1,4,3
6707,2019-08-03,1,3,2
6708,2019-08-03,1,0,-1
6709,2019-08-03,1,9,8
6710,2019-08-03,1,0,-1
6712,2019-08-03,1,1,0
6718,2019-08-03,1,2,1
6720,2019-08-03,4,4,0
6722,2019-08-03,1,2,1
6723,2019-08-03,2,3,1
6724,2019-08-03,8,11,3
6725,2019-08-03,1,7,6
6727,2019-08-03,2,7,5
6729,2019-08-03,15,8,-7
6731,2019-08-03,3,0,-3
6732,2019-08-03,5,8,3
6733,2019-08-03,4,7,3
6734,2019-08-03,5,5,0
6738,2019-08-03,12,9,-3
6739,2019-08-03,2,1,-1
6742,2019-08-03,1,2,1
6743,2019-08-03,2,1,-1
6745,2019-08-03,2,2,0
6746,2019-08-03,1,3,2
6748,2019-08-03,1,5,4
6749,2019-08-03,1,0,-1
6750,2019-08-03,3,4,1
6752,2019-08-03,4,8,4
6753,2019-08-03,1,0,-1
6901,2019-08-03,6,8,2
6902,2019-08-03,2,19,17
6903,2019-08-03,10,2,-8
6904,2019-08-03,2,1,-1
6905,2019-08-03,5,4,-1
6906,2019-08-03,8,6,-2
6907,2019-08-03,18,14,-4
6908,2019-08-03,5,6,1
6910,2019-08-03,9,8,-1
6912,2019-08-03,7,5,-2
6913,2019-08-03,5,3,-2
6915,2019-08-03,8,5,-3
6916,2019-08-03,1,4,3
6917,2019-08-03,1,1,0
6919,2019-08-03,2,7,5
6921,2019-08-03,2,2,0
6923,2019-08-03,3,9,6
6925,2019-08-03,1,4,3
6926,2019-08-03,6,3,-3
6928,2019-08-03,1,0,-1
6929,2019-08-03,1,0,-1
7001,2019-08-03,1,2,1
7002,2019-08-03,1,2,1
7003,2019-08-03,13,14,1
7006,2019-08-03,3,1,-2
7008,2019-08-03,1,3,2
7009,2019-08-03,21,11,-10
7010,2019-08-03,1,3,2
7011,2019-08-03,12,17,5
7012,2019-08-03,2,4,2
7014,2019-08-03,2,4,2
7015,2019-08-03,1,1,0
7018,2019-08-03,3,9,6
7020,2019-08-03,1,5,4
7021,2019-08-03,1,5,4
7024,2019-08-03,2,3,1
7026,2019-08-03,1,4,3
7027,2019-08-03,2,5,3
7030,2019-08-03,4,4,0
7031,2019-08-03,8,5,-3
7032,2019-08-03,14,10,-4
7033,2019-08-03,4,7,3
7034,2019-08-03,3,5,2
7035,2019-08-03,1,4,3
7036,2019-08-03,6,4,-2
7037,2019-08-03,9,2,-7
7038,2019-08-03,12,5,-7
7040,2019-08-03,8,3,-5
7041,2019-08-03,5,3,-2
7042,2019-08-03,2,0,-2
7043,2019-08-03,1,4,3
7045,2019-08-03,2,0,-2
7046,2019-08-03,1,1,0
7047,2019-08-03,3,22,19
7054,2019-08-03,2,2,0
7055,2019-08-03,2,6,4
7057,2019-08-03,5,9,4
7058,2019-08-03,3,2,-1
7060,2019-08-03,3,6,3
7061,2019-08-03,2,3,1
7062,2019-08-03,5,7,2
7063,2019-08-03,1,4,3
7065,2019-08-03,1,3,2
7066,2019-08-03,11,1,-10
7067,2019-08-03,2,2,0
7068,2019-08-03,7,11,4
7069,2019-08-03,6,5,-1
7071,2019-08-03,1,6,5
7072,2019-08-03,3,0,-3
7073,2019-08-03,3,9,6
7074,2019-08-03,6,4,-2
7076,2019-08-03,5,10,5
7077,2019-08-03,2,1,-1
7078,2019-08-03,1,8,7
7079,2019-08-03,1,2,1
7080,2019-08-03,3,2,-1
7081,2019-08-03,25,12,-13
7082,2019-08-03,13,10,-3
7083,2019-08-03,4,3,-1
7084,2019-08-03,2,3,1
7092,2019-08-03,1,1,0
7096,2019-08-03,1,2,1
7097,2019-08-03,2,0,-2
7099,2019-08-03,1,0,-1
7100,2019-08-03,1,1,0
7110,2019-08-03,1,0,-1
7113,2019-08-03,3,6,3
7114,2019-08-03,2,5,3
7115,2019-08-03,2,0,-2
7116,2019-08-03,3,2,-1
7121,2019-08-03,1,3,2
7125,2019-08-03,1,2,1
7127,2019-08-03,3,7,4
7129,2019-08-03,1,0,-1
7140,2019-08-03,1,2,1
7141,2019-08-03,3,7,4
7143,2019-08-03,1,6,5
7144,2019-08-03,12,7,-5
7147,2019-08-03,3,4,1
7149,2019-08-03,1,3,2
4000,2019-08-04,69,78,9
4001,2019-08-04,7,12,5
4002,2019-08-04,16,21,5
5002,2019-08-04,5,8,3
5003,2019-08-04,1,2,1
5004,2019-08-04,2,1,-1
5005,2019-08-04,7,7,0
5006,2019-08-04,4,6,2
5007,2019-08-04,24,23,-1
6001,2019-08-04,55,55,0
6002,2019-08-04,56,65,9
6003,2019-08-04,46,51,5
6004,2019-08-04,33,34,1
6005,2019-08-04,29,29,0
6006,2019-08-04,40,27,-13
6007,2019-08-04,35,44,9
6008,2019-08-04,48,36,-12
6009,2019-08-04,86,77,-9
6011,2019-08-04,41,50,9
6012,2019-08-04,154,198,44
6013,2019-08-04,44,45,1
6014,2019-08-04,67,58,-9
6015,2019-08-04,169,254,85
6016,2019-08-04,36,37,1
6017,2019-08-04,62,77,15
6018,2019-08-04,65,77,12
6019,2019-08-04,124,82,-42
6020,2019-08-04,78,93,15
6021,2019-08-04,75,53,-22
6022,2019-08-04,34,41,7
6023,2019-08-04,223,318,95
6024,2019-08-04,14,7,-7
6025,2019-08-04,47,48,1
6026,2019-08-04,275,423,148
6027,2019-08-04,71,63,-8
6029,2019-08-04,23,34,11
6031,2019-08-04,37,40,3
6032,2019-08-04,74,119,45
6033,2019-08-04,9,8,-1
6034,2019-08-04,11,12,1
6035,2019-08-04,19,29,10
6036,2019-08-04,388,473,85
6037,2019-08-04,93,86,-7
6038,2019-08-04,90,97,7
6039,2019-08-04,67,74,7
6040,2019-08-04,77,85,8
6041,2019-08-04,14,24,10
6042,2019-08-04,20,32,12
6043,2019-08-04,53,72,19
6044,2019-08-04,83,79,-4
6046,2019-08-04,24,23,-1
6047,2019-08-04,38,23,-15
6048,2019-08-04,14,10,-4
6049,2019-08-04,39,33,-6
6050,2019-08-04,30,17,-13
6051,2019-08-04,31,31,0
6052,2019-08-04,339,362,23
6053,2019-08-04,94,136,42
6057,2019-08-04,63,61,-2
6058,2019-08-04,37,37,0
6059,2019-08-04,39,43,4
6060,2019-08-04,11,5,-6
6061,2019-08-04,61,45,-16
6062,2019-08-04,52,49,-3
6063,2019-08-04,67,67,0
6064,2019-08-04,86,80,-6
6065,2019-08-04,41,42,1
6066,2019-08-04,48,31,-17
6067,2019-08-04,74,80,6
6068,2019-08-04,13,12,-1
6070,2019-08-04,102,90,-12
6072,2019-08-04,23,38,15
6073,2019-08-04,68,79,11
6075,2019-08-04,23,21,-2
6076,2019-08-04,18,20,2
6078,2019-08-04,37,34,-3
6079,2019-08-04,62,62,0
6080,2019-08-04,85,83,-2
6081,2019-08-04,30,33,3
6082,2019-08-04,22,23,1
6083,2019-08-04,46,42,-4
6084,2019-08-04,57,61,4
6085,2019-08-04,54,105,51
6086,2019-08-04,86,94,8
6087,2019-08-04,111,126,15
6088,2019-08-04,36,50,14
6089,2019-08-04,25,23,-2
6090,2019-08-04,44,43,-1
6091,2019-08-04,38,33,-5
6092,2019-08-04,65,46,-19
6093,2019-08-04,22,26,4
6094,2019-08-04,35,33,-2
6095,2019-08-04,118,103,-15
6096,2019-08-04,24,30,6
6097,2019-08-04,70,47,-23
6098,2019-08-04,29,17,-12
6099,2019-08-04,104,146,42
6100,2019-08-04,191,172,-19
6101,2019-08-04,47,24,-23
6102,2019-08-04,35,26,-9
6103,2019-08-04,13,13,0
6104,2019-08-04,44,54,10
6105,2019-08-04,29,30,1
6106,2019-08-04,35,34,-1
6107,2019-08-04,90,72,-18
6108,2019-08-04,39,36,-3
6109,2019-08-04,42,41,-1
6110,2019-08-04,31,35,4
6111,2019-08-04,45,57,12
6112,2019-08-04,112,120,8
6113,2019-08-04,67,66,-1
6114,2019-08-04,186,202,16
6115,2019-08-04,22,21,-1
6116,2019-08-04,49,62,13
6117,2019-08-04,47,54,7
6118,2019-08-04,70,77,7
6119,2019-08-04,93,112,19
6120,2019-08-04,55,76,21
6121,2019-08-04,31,46,15
6122,2019-08-04,25,31,6
6123,2019-08-04,47,48,1
6124,2019-08-04,43,65,22
6125,2019-08-04,29,18,-11
6126,2019-08-04,25,41,16
6127,2019-08-04,78,70,-8
6128,2019-08-04,23,17,-6
6129,2019-08-04,54,55,1
6130,2019-08-04,31,28,-3
6131,2019-08-04,85,66,-19
6132,2019-08-04,50,66,16
6133,2019-08-04,71,67,-4
6134,2019-08-04,43,35,-8
6136,2019-08-04,248,180,-68
6137,2019-08-04,86,92,6
6138,2019-08-04,51,52,1
6139,2019-08-04,54,37,-17
6140,2019-08-04,104,109,5
6141,2019-08-04,65,65,0
6142,2019-08-04,134,130,-4
6143,2019-08-04,148,150,2
6145,2019-08-04,72,83,11
6146,2019-08-04,113,103,-10
6147,2019-08-04,106,48,-58
6148,2019-08-04,151,100,-51
6149,2019-08-04,32,38,6
6150,2019-08-04,66,58,-8
6151,2019-08-04,87,82,-5
6152,2019-08-04,144,147,3
6153,2019-08-04,30,34,4
6154,2019-08-04,166,174,8
6155,2019-08-04,114,104,-10
6156,2019-08-04,58,60,2
6157,2019-08-04,134,132,-2
6158,2019-08-04,77,65,-12
6159,2019-08-04,33,22,-11
6160,2019-08-04,34,44,10
6161,2019-08-04,34,36,2
6162,2019-08-04,6,10,4
6163,2019-08-04,134,142,8
6164,2019-08-04,96,111,15
6165,2019-08-04,172,173,1
6166,2019-08-04,95,112,17
6167,2019-08-04,48,46,-2
6168,2019-08-04,47,30,-17
6169,2019-08-04,183,146,-37
6170,2019-08-04,113,92,-21
6171,2019-08-04,42,46,4
6173,2019-08-04,121,85,-36
6174,2019-08-04,87,74,-13
6175,2019-08-04,105,52,-53
6176,2019-08-04,120,111,-9
6177,2019-08-04,84,82,-2
6178,2019-08-04,135,125,-10
6179,2019-08-04,84,89,5
6180,2019-08-04,80,77,-3
6181,2019-08-04,98,79,-19
6182,2019-08-04,92,63,-29
6183,2019-08-04,90,75,-15
6184,2019-08-04,255,223,-32
6185,2019-08-04,27,29,2
6186,2019-08-04,81,59,-22
6187,2019-08-04,143,133,-10
6188,2019-08-04,47,47,0
6189,2019-08-04,26,31,5
6190,2019-08-04,92,49,-43
6191,2019-08-04,51,39,-12
6192,2019-08-04,38,28,-10
6193,2019-08-04,129,133,4
6194,2019-08-04,176,143,-33
6195,2019-08-04,91,56,-35
6196,2019-08-04,112,88,-24
6197,2019-08-04,39,39,0
6198,2019-08-04,29,20,-9
6199,2019-08-04,60,58,-2
6200,2019-08-04,91,90,-1
6201,2019-08-04,71,63,-8
6202,2019-08-04,96,62,-34
6203,2019-08-04,89,84,-5
6204,2019-08-04,71,59,-12
6205,2019-08-04,78,83,5
6206,2019-08-04,121,122,1
6207,2019-08-04,46,46,0
6208,2019-08-04,58,62,4
6209,2019-08-04,90,70,-20
6210,2019-08-04,32,33,1
6211,2019-08-04,187,162,-25
6212,2019-08-04,82,73,-9
6213,2019-08-04,79,62,-17
6214,2019-08-04,118,87,-31
6215,2019-08-04,77,67,-10
6216,2019-08-04,420,299,-121
6217,2019-08-04,105,83,-22
6218,2019-08-04,79,58,-21
6219,2019-08-04,57,43,-14
6220,2019-08-04,80,63,-17
6221,2019-08-04,213,194,-19
6222,2019-08-04,95,90,-5
6223,2019-08-04,161,118,-43
6224,2019-08-04,80,77,-3
6225,2019-08-04,73,57,-16
6226,2019-08-04,14,14,0
6227,2019-08-04,121,129,8
6228,2019-08-04,36,32,-4
6229,2019-08-04,64,53,-11
6230,2019-08-04,117,103,-14
6231,2019-08-04,121,121,0
6232,2019-08-04,26,19,-7
6233,2019-08-04,139,116,-23
6234,2019-08-04,78,80,2
6235,2019-08-04,20,17,-3
6236,2019-08-04,76,78,2
6237,2019-08-04,74,67,-7
6240,2019-08-04,13,16,3
6241,2019-08-04,26,27,1
6243,2019-08-04,64,62,-2
6245,2019-08-04,41,44,3
6246,2019-08-04,42,37,-5
6247,2019-08-04,154,115,-39
6248,2019-08-04,142,118,-24
6249,2019-08-04,92,78,-14
6250,2019-08-04,151,159,8
6251,2019-08-04,39,37,-2
6252,2019-08-04,63,47,-16
6253,2019-08-04,66,53,-13
6254,2019-08-04,71,66,-5
6255,2019-08-04,103,110,7
6257,2019-08-04,38,36,-2
6258,2019-08-04,87,73,-14
6259,2019-08-04,28,28,0
6260,2019-08-04,67,61,-6
6261,2019-08-04,56,60,4
6262,2019-08-04,51,51,0
6263,2019-08-04,16,16,0
6265,2019-08-04,51,56,5
6267,2019-08-04,67,63,-4
6268,2019-08-04,59,70,11
6269,2019-08-04,27,23,-4
6270,2019-08-04,47,43,-4
6271,2019-08-04,3,4,1
6272,2019-08-04,26,27,1
6273,2019-08-04,39,31,-8
6274,2019-08-04,34,40,6
6275,2019-08-04,34,22,-12
6276,2019-08-04,48,32,-16
6277,2019-08-04,64,58,-6
6278,2019-08-04,25,20,-5
6279,2019-08-04,17,29,12
6280,2019-08-04,85,84,-1
6281,2019-08-04,23,9,-14
6301,2019-08-04,16,16,0
6302,2019-08-04,13,7,-6
6303,2019-08-04,12,13,1
6304,2019-08-04,9,11,2
6305,2019-08-04,12,11,-1
6306,2019-08-04,25,17,-8
6307,2019-08-04,68,69,1
6309,2019-08-04,25,29,4
6310,2019-08-04,40,17,-23
6311,2019-08-04,49,29,-20
6312,2019-08-04,21,24,3
6313,2019-08-04,88,77,-11
6314,2019-08-04,48,57,9
6315,2019-08-04,104,51,-53
6316,2019-08-04,38,24,-14
6321,2019-08-04,166,219,53
6322,2019-08-04,50,50,0
6323,2019-08-04,13,11,-2
6324,2019-08-04,22,29,7
6327,2019-08-04,28,24,-4
6328,2019-08-04,52,47,-5
6329,2019-08-04,26,27,1
6330,2019-08-04,32,25,-7
6331,2019-08-04,17,16,-1
6332,2019-08-04,29,24,-5
6333,2019-08-04,21,23,2
6334,2019-08-04,63,52,-11
6335,2019-08-04,39,28,-11
6336,2019-08-04,32,24,-8
6338,2019-08-04,44,49,5
6339,2019-08-04,34,27,-7
6340,2019-08-04,24,26,2
6341,2019-08-04,59,57,-2
6343,2019-08-04,30,30,0
6345,2019-08-04,19,20,1
6346,2019-08-04,12,7,-5
6347,2019-08-04,43,40,-3
6349,2019-08-04,27,27,0
6350,2019-08-04,37,42,5
6354,2019-08-04,33,44,11
6355,2019-08-04,27,45,18
6356,2019-08-04,29,23,-6
6357,2019-08-04,23,23,0
6358,2019-08-04,38,38,0
6359,2019-08-04,107,91,-16
6360,2019-08-04,43,42,-1
6361,2019-08-04,51,42,-9
6362,2019-08-04,41,37,-4
6363,2019-08-04,24,17,-7
6364,2019-08-04,41,40,-1
6366,2019-08-04,32,16,-16
6367,2019-08-04,16,11,-5
6368,2019-08-04,58,73,15
6369,2019-08-04,29,37,8
6370,2019-08-04,31,36,5
6371,2019-08-04,71,65,-6
6372,2019-08-04,125,121,-4
6373,2019-08-04,42,41,-1
6374,2019-08-04,50,45,-5
6375,2019-08-04,48,64,16
6376,2019-08-04,25,17,-8
6377,2019-08-04,35,45,10
6379,2019-08-04,30,32,2
6380,2019-08-04,24,15,-9
6381,2019-08-04,78,81,3
6383,2019-08-04,33,28,-5
6384,2019-08-04,20,15,-5
6385,2019-08-04,45,54,9
6386,2019-08-04,61,87,26
6387,2019-08-04,82,83,1
6388,2019-08-04,34,30,-4
6389,2019-08-04,32,24,-8
6391,2019-08-04,61,72,11
6393,2019-08-04,53,64,11
6394,2019-08-04,72,92,20
6395,2019-08-04,79,76,-3
6396,2019-08-04,102,107,5
6397,2019-08-04,53,78,25
6398,2019-08-04,28,51,23
6401,2019-08-04,63,81,18
6402,2019-08-04,45,64,19
6403,2019-08-04,35,26,-9
6404,2019-08-04,33,31,-2
6405,2019-08-04,72,82,10
6406,2019-08-04,364,452,88
6407,2019-08-04,17,36,19
6408,2019-08-04,40,43,3
6409,2019-08-04,12,26,14
6410,2019-08-04,16,10,-6
6411,2019-08-04,104,92,-12
6412,2019-08-04,14,14,0
6413,2019-08-04,21,23,2
6414,2019-08-04,23,23,0
6415,2019-08-04,20,20,0
6416,2019-08-04,16,10,-6
6417,2019-08-04,18,32,14
6418,2019-08-04,11,20,9
6419,2019-08-04,18,15,-3
6420,2019-08-04,29,32,3
6421,2019-08-04,49,49,0
6422,2019-08-04,16,16,0
6423,2019-08-04,17,11,-6
6424,2019-08-04,28,47,19
6425,2019-08-04,60,55,-5
6426,2019-08-04,62,71,9
6427,2019-08-04,75,68,-7
6428,2019-08-04,33,27,-6
6429,2019-08-04,62,70,8
6432,2019-08-04,85,83,-2
6433,2019-08-04,27,34,7
6434,2019-08-04,62,64,2
6435,2019-08-04,51,52,1
6436,2019-08-04,20,22,2
6501,2019-08-04,363,539,176
6502,2019-08-04,44,37,-7
6503,2019-08-04,59,49,-10
6504,2019-08-04,45,46,1
6700,2019-08-04,21,30,9
6701,2019-08-04,49,52,3
6702,2019-08-04,15,14,-1
6703,2019-08-04,93,98,5
6704,2019-08-04,34,32,-2
6705,2019-08-04,12,15,3
6706,2019-08-04,26,26,0
6707,2019-08-04,41,31,-10
6708,2019-08-04,68,68,0
6709,2019-08-04,37,41,4
6710,2019-08-04,10,11,1
6711,2019-08-04,19,19,0
6712,2019-08-04,52,51,-1
6713,2019-08-04,19,15,-4
6714,2019-08-04,30,33,3
6716,2019-08-04,7,8,1
6717,2019-08-04,8,19,11
6718,2019-08-04,27,30,3
6719,2019-08-04,21,21,0
6720,2019-08-04,33,34,1
6721,2019-08-04,23,24,1
6722,2019-08-04,12,20,8
6723,2019-08-04,20,21,1
6724,2019-08-04,107,121,14
6725,2019-08-04,30,39,9
6726,2019-08-04,14,16,2
6727,2019-08-04,50,55,5
6728,2019-08-04,17,17,0
6729,2019-08-04,171,164,-7
6730,2019-08-04,8,13,5
6731,2019-08-04,27,23,-4
6732,2019-08-04,24,23,-1
6733,2019-08-04,22,35,13
6734,2019-08-04,32,39,7
6735,2019-08-04,11,12,1
6736,2019-08-04,14,16,2
6737,2019-08-04,10,15,5
6738,2019-08-04,17,16,-1
6739,2019-08-04,10,15,5
6741,2019-08-04,17,14,-3
6742,2019-08-04,85,99,14
6743,2019-08-04,27,21,-6
6744,2019-08-04,27,22,-5
6745,2019-08-04,27,30,3
6746,2019-08-04,16,16,0
6747,2019-08-04,31,25,-6
6748,2019-08-04,71,76,5
6749,2019-08-04,40,47,7
6750,2019-08-04,35,29,-6
6752,2019-08-04,6,5,-1
6753,2019-08-04,15,11,-4
6754,2019-08-04,18,15,-3
6901,2019-08-04,51,53,2
6902,2019-08-04,60,76,16
6903,2019-08-04,100,90,-10
6904,2019-08-04,33,27,-6
6905,2019-08-04,17,11,-6
6906,2019-08-04,147,87,-60
6907,2019-08-04,105,94,-11
6908,2019-08-04,60,62,2
6910,2019-08-04,101,89,-12
6912,2019-08-04,124,109,-15
6913,2019-08-04,49,31,-18
6915,2019-08-04,102,92,-10
6916,2019-08-04,36,24,-12
6917,2019-08-04,15,16,1
6918,2019-08-04,22,34,12
6919,2019-08-04,32,22,-10
6921,2019-08-04,52,61,9
6923,2019-08-04,37,35,-2
6924,2019-08-04,25,19,-6
6925,2019-08-04,35,36,1
6926,2019-08-04,60,64,4
6927,2019-08-04,57,38,-19
6928,2019-08-04,16,11,-5
6929,2019-08-04,29,30,1
6930,2019-08-04,20,20,0
7001,2019-08-04,37,42,5
7002,2019-08-04,8,11,3
7003,2019-08-04,92,82,-10
7004,2019-08-04,4,8,4
7005,2019-08-04,7,8,1
7006,2019-08-04,15,16,1
7007,2019-08-04,14,24,10
7008,2019-08-04,16,19,3
7009,2019-08-04,75,82,7
7010,2019-08-04,14,20,6
7011,2019-08-04,113,122,9
7012,2019-08-04,31,41,10
7013,2019-08-04,29,23,-6
7014,2019-08-04,29,17,-12
7015,2019-08-04,83,88,5
7016,2019-08-04,3,7,4
7017,2019-08-04,25,35,10
7018,2019-08-04,23,37,14
7019,2019-08-04,17,13,-4
7020,2019-08-04,11,24,13
7021,2019-08-04,29,29,0
7022,2019-08-04,44,47,3
7023,2019-08-04,5,8,3
7024,2019-08-04,41,34,-7
7025,2019-08-04,27,27,0
7026,2019-08-04,47,37,-10
7027,2019-08-04,44,40,-4
7028,2019-08-04,23,24,1
7029,2019-08-04,38,25,-13
7030,2019-08-04,43,49,6
7031,2019-08-04,41,45,4
7032,2019-08-04,77,57,-20
7033,2019-08-04,69,53,-16
7034,2019-08-04,74,129,55
7035,2019-08-04,31,33,2
7036,2019-08-04,45,58,13
7037,2019-08-04,25,25,0
7038,2019-08-04,61,65,4
7039,2019-08-04,31,27,-4
7040,2019-08-04,62,59,-3
7041,2019-08-04,70,68,-2
7042,2019-08-04,32,30,-2
7043,2019-08-04,21,25,4
7044,2019-08-04,9,12,3
7045,2019-08-04,133,144,11
7046,2019-08-04,60,53,-7
7047,2019-08-04,147,210,63
7048,2019-08-04,28,42,14
7049,2019-08-04,13,9,-4
7050,2019-08-04,24,26,2
7051,2019-08-04,16,20,4
7052,2019-08-04,28,29,1
7053,2019-08-04,67,74,7
7054,2019-08-04,112,122,10
7055,2019-08-04,28,52,24
7056,2019-08-04,17,25,8
7057,2019-08-04,56,60,4
7058,2019-08-04,58,60,2
7059,2019-08-04,38,37,-1
7060,2019-08-04,30,36,6
7061,2019-08-04,24,21,-3
7062,2019-08-04,21,25,4
7063,2019-08-04,25,15,-10
7064,2019-08-04,11,10,-1
7065,2019-08-04,38,38,0
7066,2019-08-04,75,129,54
7067,2019-08-04,27,33,6
7068,2019-08-04,110,137,27
7069,2019-08-04,69,85,16
7070,2019-08-04,38,42,4
7071,2019-08-04,33,35,2
7072,2019-08-04,42,19,-23
7073,2019-08-04,60,66,6
7074,2019-08-04,34,38,4
7075,2019-08-04,4,5,1
7076,2019-08-04,70,60,-10
7077,2019-08-04,65,76,11
7078,2019-08-04,21,29,8
7079,2019-08-04,19,31,12
7080,2019-08-04,57,55,-2
7081,2019-08-04,91,121,30
7082,2019-08-04,60,101,41
7083,2019-08-04,48,52,4
7084,2019-08-04,103,108,5
7086,2019-08-04,1,1,0
7087,2019-08-04,7,3,-4
7088,2019-08-04,5,6,1
7090,2019-08-04,22,21,-1
7091,2019-08-04,6,5,-1
7092,2019-08-04,2,4,2
7093,2019-08-04,7,7,0
7094,2019-08-04,10,13,3
7095,2019-08-04,4,8,4
7096,2019-08-04,13,21,8
7097,2019-08-04,6,9,3
7098,2019-08-04,3,6,3
7099,2019-08-04,3,3,0
7100,2019-08-04,8,4,-4
7101,2019-08-04,2,0,-2
7102,2019-08-04,20,21,1
7103,2019-08-04,68,65,-3
7104,2019-08-04,9,11,2
7105,2019-08-04,28,30,2
7106,2019-08-04,9,18,9
7107,2019-08-04,13,12,-1
7108,2019-08-04,36,34,-2
7109,2019-08-04,10,15,5
7110,2019-08-04,26,25,-1
7111,2019-08-04,11,15,4
7112,2019-08-04,23,22,-1
7113,2019-08-04,38,35,-3
7114,2019-08-04,178,195,17
7115,2019-08-04,14,9,-5
7116,2019-08-04,14,15,1
7117,2019-08-04,5,1,-4
7119,2019-08-04,27,32,5
7120,2019-08-04,8,12,4
7121,2019-08-04,6,11,5
7122,2019-08-04,3,5,2
7123,2019-08-04,3,3,0
7124,2019-08-04,13,18,5
7125,2019-08-04,63,60,-3
7126,2019-08-04,7,2,-5
7127,2019-08-04,21,15,-6
7128,2019-08-04,9,4,-5
7129,2019-08-04,6,6,0
7130,2019-08-04,5,7,2
7131,2019-08-04,5,8,3
7132,2019-08-04,5,1,-4
7133,2019-08-04,12,17,5
7134,2019-08-04,2,5,3
7135,2019-08-04,2,3,1
7136,2019-08-04,1,1,0
7137,2019-08-04,6,11,5
7138,2019-08-04,1,1,0
7139,2019-08-04,77,77,0
7140,2019-08-04,12,18,6
7141,2019-08-04,37,36,-1
7142,2019-08-04,16,17,1
7143,2019-08-04,94,90,-4
7144,2019-08-04,86,92,6
7145,2019-08-04,17,13,-4
7146,2019-08-04,20,20,0
7147,2019-08-04,55,53,-2
7148,2019-08-04,19,15,-4
7149,2019-08-04,15,18,3
10002,2019-08-04,96,92,-4
4000,2019-08-05,51,80,29
4001,2019-08-05,12,17,5
4002,2019-08-05,34,40,6
5003,2019-08-05,4,4,0
5004,2019-08-05,5,4,-1
5005,2019-08-05,5,5,0
5006,2019-08-05,4,5,1
5007,2019-08-05,17,15,-2
6001,2019-08-05,78,117,39
6002,2019-08-05,49,71,22
6003,2019-08-05,75,72,-3
6004,2019-08-05,47,62,15
6005,2019-08-05,110,123,13
6006,2019-08-05,44,29,-15
6007,2019-08-05,39,42,3
6008,2019-08-05,51,81,30
6009,2019-08-05,89,105,16
6011,2019-08-05,74,89,15
6012,2019-08-05,142,216,74
6013,2019-08-05,61,63,2
6014,2019-08-05,79,90,11
6015,2019-08-05,136,179,43
6016,2019-08-05,13,20,7
6017,2019-08-05,56,63,7
6018,2019-08-05,57,67,10
6019,2019-08-05,132,73,-59
6020,2019-08-05,74,107,33
6021,2019-08-05,79,71,-8
6022,2019-08-05,63,58,-5
6023,2019-08-05,182,238,56
6024,2019-08-05,5,6,1
6025,2019-08-05,47,52,5
6026,2019-08-05,221,330,109
6027,2019-08-05,140,114,-26
6029,2019-08-05,29,34,5
6031,2019-08-05,47,72,25
6032,2019-08-05,91,154,63
6033,2019-08-05,28,15,-13
6034,2019-08-05,29,28,-1
6035,2019-08-05,35,60,25
6036,2019-08-05,236,308,72
6037,2019-08-05,51,66,15
6038,2019-08-05,114,122,8
6039,2019-08-05,105,134,29
6040,2019-08-05,81,92,11
6041,2019-08-05,89,92,3
6042,2019-08-05,91,92,1
6043,2019-08-05,222,417,195
6044,2019-08-05,99,86,-13
6046,2019-08-05,118,124,6
6047,2019-08-05,54,57,3
6048,2019-08-05,56,58,2
6049,2019-08-05,106,106,0
6050,2019-08-05,63,63,0
6051,2019-08-05,44,37,-7
6052,2019-08-05,296,407,111
6053,2019-08-05,121,159,38
6057,2019-08-05,99,93,-6
6058,2019-08-05,61,63,2
6059,2019-08-05,103,84,-19
6060,2019-08-05,28,15,-13
6061,2019-08-05,75,75,0
6062,2019-08-05,78,61,-17
6063,2019-08-05,103,106,3
6064,2019-08-05,209,169,-40
6065,2019-08-05,63,46,-17
6066,2019-08-05,69,19,-50
6067,2019-08-05,106,106,0
6068,2019-08-05,23,24,1
6070,2019-08-05,216,152,-64
6072,2019-08-05,87,90,3
6073,2019-08-05,197,152,-45
6075,2019-08-05,44,18,-26
6076,2019-08-05,26,35,9
6078,2019-08-05,74,75,1
6079,2019-08-05,71,60,-11
6080,2019-08-05,159,165,6
6081,2019-08-05,52,50,-2
6082,2019-08-05,18,12,-6
6083,2019-08-05,147,140,-7
6084,2019-08-05,59,80,21
6085,2019-08-05,87,156,69
6086,2019-08-05,60,83,23
6087,2019-08-05,115,136,21
6088,2019-08-05,72,80,8
6089,2019-08-05,56,56,0
6090,2019-08-05,64,62,-2
6091,2019-08-05,48,48,0
6092,2019-08-05,65,85,20
6093,2019-08-05,45,28,-17
6094,2019-08-05,54,48,-6
6095,2019-08-05,138,115,-23
6096,2019-08-05,50,83,33
6097,2019-08-05,81,61,-20
6098,2019-08-05,42,22,-20
6099,2019-08-05,116,153,37
6100,2019-08-05,253,263,10
6101,2019-08-05,55,21,-34
6102,2019-08-05,43,26,-17
6103,2019-08-05,19,24,5
6104,2019-08-05,71,74,3
6105,2019-08-05,54,69,15
6106,2019-08-05,33,46,13
6107,2019-08-05,109,77,-32
6108,2019-08-05,41,55,14
6109,2019-08-05,32,31,-1
6110,2019-08-05,41,50,9
6111,2019-08-05,56,62,6
6112,2019-08-05,124,128,4
6113,2019-08-05,53,66,13
6114,2019-08-05,177,214,37
6115,2019-08-05,32,27,-5
6116,2019-08-05,60,73,13
6117,2019-08-05,74,66,-8
6118,2019-08-05,82,96,14
6119,2019-08-05,90,109,19
6120,2019-08-05,72,110,38
6121,2019-08-05,33,42,9
6122,2019-08-05,32,28,-4
6123,2019-08-05,25,29,4
6124,2019-08-05,47,78,31
6125,2019-08-05,25,18,-7
6126,2019-08-05,51,66,15
6127,2019-08-05,52,47,-5
6128,2019-08-05,26,35,9
6129,2019-08-05,74,61,-13
6130,2019-08-05,29,28,-1
6131,2019-08-05,100,58,-42
6132,2019-08-05,62,69,7
6133,2019-08-05,85,77,-8
6134,2019-08-05,47,50,3
6136,2019-08-05,300,226,-74
6137,2019-08-05,104,99,-5
6138,2019-08-05,68,56,-12
6139,2019-08-05,48,52,4
6140,2019-08-05,105,113,8
6141,2019-08-05,48,50,2
6142,2019-08-05,137,96,-41
6143,2019-08-05,147,123,-24
6145,2019-08-05,95,81,-14
6146,2019-08-05,73,54,-19
6147,2019-08-05,116,63,-53
6148,2019-08-05,111,80,-31
6149,2019-08-05,55,49,-6
6150,2019-08-05,67,93,26
6151,2019-08-05,97,99,2
6152,2019-08-05,126,127,1
6153,2019-08-05,66,60,-6
6154,2019-08-05,178,174,-4
6155,2019-08-05,152,143,-9
6156,2019-08-05,83,92,9
6157,2019-08-05,122,112,-10
6158,2019-08-05,62,76,14
6159,2019-08-05,35,50,15
6160,2019-08-05,58,37,-21
6161,2019-08-05,44,45,1
6162,2019-08-05,17,21,4
6163,2019-08-05,116,116,0
6164,2019-08-05,67,81,14
6165,2019-08-05,202,213,11
6166,2019-08-05,89,53,-36
6167,2019-08-05,39,48,9
6168,2019-08-05,75,53,-22
6169,2019-08-05,196,161,-35
6170,2019-08-05,89,78,-11
6171,2019-08-05,37,44,7
6173,2019-08-05,119,70,-49
6174,2019-08-05,141,89,-52
6175,2019-08-05,92,51,-41
6176,2019-08-05,104,123,19
6177,2019-08-05,93,88,-5
6178,2019-08-05,149,132,-17
6179,2019-08-05,85,83,-2
6180,2019-08-05,67,79,12
6181,2019-08-05,136,91,-45
6182,2019-08-05,80,52,-28
6183,2019-08-05,96,87,-9
6184,2019-08-05,271,225,-46
6185,2019-08-05,33,22,-11
6186,2019-08-05,69,56,-13
6187,2019-08-05,148,131,-17
6188,2019-08-05,50,57,7
6189,2019-08-05,23,28,5
6190,2019-08-05,89,59,-30
6191,2019-08-05,82,69,-13
6192,2019-08-05,48,44,-4
6193,2019-08-05,130,137,7
6194,2019-08-05,182,148,-34
6195,2019-08-05,95,74,-21
6196,2019-08-05,123,97,-26
6197,2019-08-05,42,43,1
6198,2019-08-05,32,22,-10
6199,2019-08-05,148,90,-58
6200,2019-08-05,114,99,-15
6201,2019-08-05,75,69,-6
6202,2019-08-05,134,103,-31
6203,2019-08-05,110,105,-5
6204,2019-08-05,103,98,-5
6205,2019-08-05,106,78,-28
6206,2019-08-05,139,124,-15
6207,2019-08-05,48,41,-7
6208,2019-08-05,78,72,-6
6209,2019-08-05,122,82,-40
6210,2019-08-05,56,50,-6
6211,2019-08-05,199,173,-26
6212,2019-08-05,116,85,-31
6213,2019-08-05,139,130,-9
6214,2019-08-05,110,78,-32
6215,2019-08-05,93,86,-7
6216,2019-08-05,195,128,-67
6217,2019-08-05,111,80,-31
6218,2019-08-05,72,64,-8
6219,2019-08-05,79,64,-15
6220,2019-08-05,99,93,-6
6221,2019-08-05,197,178,-19
6222,2019-08-05,114,83,-31
6223,2019-08-05,137,74,-63
6224,2019-08-05,85,69,-16
6225,2019-08-05,61,55,-6
6226,2019-08-05,33,31,-2
6227,2019-08-05,146,145,-1
6228,2019-08-05,43,36,-7
6229,2019-08-05,79,62,-17
6230,2019-08-05,106,100,-6
6231,2019-08-05,119,112,-7
6232,2019-08-05,33,32,-1
6233,2019-08-05,119,101,-18
6234,2019-08-05,60,55,-5
6235,2019-08-05,83,56,-27
6236,2019-08-05,66,80,14
6237,2019-08-05,60,57,-3
6240,2019-08-05,26,23,-3
6241,2019-08-05,34,39,5
6243,2019-08-05,69,59,-10
6245,2019-08-05,62,51,-11
6246,2019-08-05,65,61,-4
6247,2019-08-05,141,124,-17
6248,2019-08-05,197,182,-15
6249,2019-08-05,76,54,-22
6250,2019-08-05,123,108,-15
6251,2019-08-05,23,26,3
6252,2019-08-05,84,61,-23
6253,2019-08-05,61,50,-11
6254,2019-08-05,106,90,-16
6255,2019-08-05,98,93,-5
6257,2019-08-05,55,50,-5
6258,2019-08-05,98,78,-20
6259,2019-08-05,35,34,-1
6260,2019-08-05,74,67,-7
6261,2019-08-05,56,59,3
6262,2019-08-05,52,52,0
6263,2019-08-05,24,27,3
6265,2019-08-05,58,46,-12
6267,2019-08-05,50,54,4
6268,2019-08-05,59,60,1
6269,2019-08-05,9,4,-5
6270,2019-08-05,34,39,5
6271,2019-08-05,2,2,0
6272,2019-08-05,30,31,1
6273,2019-08-05,38,43,5
6274,2019-08-05,57,50,-7
6275,2019-08-05,29,34,5
6276,2019-08-05,61,67,6
6277,2019-08-05,58,66,8
6278,2019-08-05,22,30,8
6279,2019-08-05,33,25,-8
6280,2019-08-05,84,81,-3
6281,2019-08-05,38,26,-12
6301,2019-08-05,26,29,3
6302,2019-08-05,19,12,-7
6303,2019-08-05,19,14,-5
6304,2019-08-05,8,8,0
6305,2019-08-05,15,7,-8
6306,2019-08-05,58,17,-41
6307,2019-08-05,68,69,1
6309,2019-08-05,39,39,0
6310,2019-08-05,60,25,-35
6311,2019-08-05,29,34,5
6312,2019-08-05,23,35,12
6313,2019-08-05,69,75,6
6314,2019-08-05,50,60,10
6315,2019-08-05,99,49,-50
6316,2019-08-05,41,25,-16
6321,2019-08-05,183,205,22
6322,2019-08-05,41,41,0
6323,2019-08-05,8,10,2
6324,2019-08-05,28,38,10
6327,2019-08-05,67,46,-21
6328,2019-08-05,44,30,-14
6329,2019-08-05,35,32,-3
6330,2019-08-05,37,35,-2
6331,2019-08-05,30,24,-6
6332,2019-08-05,32,40,8
6333,2019-08-05,21,27,6
6334,2019-08-05,83,81,-2
6335,2019-08-05,30,41,11
6336,2019-08-05,30,38,8
6338,2019-08-05,30,31,1
6339,2019-08-05,29,33,4
6340,2019-08-05,41,47,6
6341,2019-08-05,39,56,17
6343,2019-08-05,42,45,3
6345,2019-08-05,18,26,8
6346,2019-08-05,19,6,-13
6347,2019-08-05,41,37,-4
6349,2019-08-05,36,41,5
6350,2019-08-05,37,73,36
6354,2019-08-05,33,33,0
6355,2019-08-05,27,33,6
6356,2019-08-05,43,29,-14
6357,2019-08-05,27,20,-7
6358,2019-08-05,33,39,6
6359,2019-08-05,113,117,4
6360,2019-08-05,34,24,-10
6361,2019-08-05,37,38,1
6362,2019-08-05,33,44,11
6363,2019-08-05,22,20,-2
6364,2019-08-05,62,63,1
6366,2019-08-05,24,26,2
6367,2019-08-05,20,18,-2
6368,2019-08-05,72,75,3
6369,2019-08-05,42,53,11
6370,2019-08-05,37,45,8
6371,2019-08-05,86,91,5
6372,2019-08-05,96,107,11
6373,2019-08-05,32,36,4
6374,2019-08-05,36,38,2
6375,2019-08-05,78,83,5
6376,2019-08-05,29,33,4
6377,2019-08-05,49,51,2
6379,2019-08-05,38,48,10
6380,2019-08-05,37,28,-9
6381,2019-08-05,55,63,8
6383,2019-08-05,42,47,5
6384,2019-08-05,20,19,-1
6385,2019-08-05,54,58,4
6386,2019-08-05,96,109,13
6387,2019-08-05,79,90,11
6388,2019-08-05,18,32,14
6389,2019-08-05,64,49,-15
6391,2019-08-05,62,96,34
6393,2019-08-05,57,95,38
6394,2019-08-05,77,108,31
6395,2019-08-05,80,86,6
6396,2019-08-05,116,107,-9
6397,2019-08-05,57,70,13
6398,2019-08-05,41,53,12
6401,2019-08-05,58,72,14
6402,2019-08-05,63,67,4
6403,2019-08-05,31,35,4
6404,2019-08-05,16,30,14
6405,2019-08-05,57,65,8
6406,2019-08-05,189,254,65
6407,2019-08-05,20,33,13
6408,2019-08-05,64,68,4
6409,2019-08-05,20,29,9
6410,2019-08-05,53,52,-1
6411,2019-08-05,128,103,-25
6412,2019-08-05,23,32,9
6413,2019-08-05,44,79,35
6414,2019-08-05,15,23,8
6415,2019-08-05,29,28,-1
6416,2019-08-05,31,21,-10
6417,2019-08-05,28,35,7
6418,2019-08-05,9,6,-3
6419,2019-08-05,15,18,3
6420,2019-08-05,31,30,-1
6421,2019-08-05,40,42,2
6422,2019-08-05,10,17,7
6423,2019-08-05,23,20,-3
6424,2019-08-05,49,95,46
6425,2019-08-05,39,44,5
6426,2019-08-05,74,74,0
6427,2019-08-05,86,104,18
6428,2019-08-05,11,23,12
6429,2019-08-05,38,40,2
6432,2019-08-05,101,91,-10
6433,2019-08-05,41,34,-7
6434,2019-08-05,79,80,1
6435,2019-08-05,44,41,-3
6436,2019-08-05,26,25,-1
6501,2019-08-05,131,150,19
6502,2019-08-05,25,23,-2
6503,2019-08-05,90,84,-6
6504,2019-08-05,24,32,8
6700,2019-08-05,26,35,9
6701,2019-08-05,93,90,-3
6702,2019-08-05,17,22,5
6703,2019-08-05,66,63,-3
6704,2019-08-05,22,32,10
6705,2019-08-05,23,22,-1
6706,2019-08-05,18,32,14
6707,2019-08-05,28,29,1
6708,2019-08-05,56,95,39
6709,2019-08-05,32,38,6
6710,2019-08-05,13,16,3
6711,2019-08-05,24,28,4
6712,2019-08-05,24,27,3
6713,2019-08-05,16,14,-2
6714,2019-08-05,12,7,-5
6715,2019-08-05,20,24,4
6716,2019-08-05,7,8,1
6717,2019-08-05,7,16,9
6718,2019-08-05,25,27,2
6719,2019-08-05,28,34,6
6720,2019-08-05,30,52,22
6721,2019-08-05,27,26,-1
6722,2019-08-05,6,11,5
6723,2019-08-05,23,26,3
6724,2019-08-05,79,91,12
6725,2019-08-05,38,30,-8
6726,2019-08-05,9,12,3
6727,2019-08-05,114,106,-8
6728,2019-08-05,21,25,4
6729,2019-08-05,155,173,18
6730,2019-08-05,18,14,-4
6731,2019-08-05,27,24,-3
6732,2019-08-05,38,42,4
6733,2019-08-05,35,32,-3
6734,2019-08-05,56,47,-9
6735,2019-08-05,13,11,-2
6736,2019-08-05,16,15,-1
6737,2019-08-05,23,21,-2
6738,2019-08-05,109,90,-19
6739,2019-08-05,8,9,1
6741,2019-08-05,12,21,9
6742,2019-08-05,74,73,-1
6743,2019-08-05,25,16,-9
6744,2019-08-05,27,27,0
6745,2019-08-05,35,38,3
6746,2019-08-05,21,23,2
6747,2019-08-05,45,58,13
6748,2019-08-05,78,96,18
6749,2019-08-05,62,61,-1
6750,2019-08-05,52,55,3
6752,2019-08-05,21,25,4
6753,2019-08-05,35,29,-6
6754,2019-08-05,11,21,10
6901,2019-08-05,69,81,12
6902,2019-08-05,73,99,26
6903,2019-08-05,109,101,-8
6904,2019-08-05,38,36,-2
6905,2019-08-05,38,37,-1
6906,2019-08-05,186,97,-89
6907,2019-08-05,95,75,-20
6908,2019-08-05,56,67,11
6910,2019-08-05,130,131,1
6912,2019-08-05,169,93,-76
6913,2019-08-05,65,34,-31
6915,2019-08-05,76,67,-9
6916,2019-08-05,37,26,-11
6917,2019-08-05,14,20,6
6918,2019-08-05,37,28,-9
6919,2019-08-05,18,16,-2
6921,2019-08-05,111,97,-14
6923,2019-08-05,46,49,3
6924,2019-08-05,19,21,2
6925,2019-08-05,39,36,-3
6926,2019-08-05,71,70,-1
6927,2019-08-05,79,53,-26
6928,2019-08-05,35,14,-21
6929,2019-08-05,51,43,-8
6930,2019-08-05,31,30,-1
7001,2019-08-05,41,43,2
7002,2019-08-05,17,21,4
7003,2019-08-05,116,93,-23
7004,2019-08-05,18,10,-8
7005,2019-08-05,9,8,-1
7006,2019-08-05,15,18,3
7007,2019-08-05,17,28,11
7008,2019-08-05,22,22,0
7009,2019-08-05,86,112,26
7010,2019-08-05,26,25,-1
7011,2019-08-05,96,111,15
7012,2019-08-05,45,48,3
7013,2019-08-05,22,29,7
7014,2019-08-05,61,42,-19
7015,2019-08-05,25,20,-5
7016,2019-08-05,18,14,-4
7017,2019-08-05,35,49,14
7018,2019-08-05,28,53,25
7019,2019-08-05,124,124,0
7020,2019-08-05,27,28,1
7021,2019-08-05,39,46,7
7022,2019-08-05,41,40,-1
7023,2019-08-05,7,4,-3
7024,2019-08-05,42,27,-15
7025,2019-08-05,48,45,-3
7026,2019-08-05,63,77,14
7027,2019-08-05,48,49,1
7028,2019-08-05,92,88,-4
7029,2019-08-05,51,50,-1
7030,2019-08-05,52,53,1
7031,2019-08-05,36,40,4
7032,2019-08-05,104,67,-37
7033,2019-08-05,75,68,-7
7034,2019-08-05,45,62,17
7035,2019-08-05,38,40,2
7036,2019-08-05,48,41,-7
7037,2019-08-05,68,64,-4
7038,2019-08-05,85,74,-11
7039,2019-08-05,32,39,7
7040,2019-08-05,72,84,12
7041,2019-08-05,139,118,-21
7042,2019-08-05,80,86,6
7043,2019-08-05,27,22,-5
7044,2019-08-05,12,13,1
7045,2019-08-05,76,74,-2
7046,2019-08-05,96,104,8
7047,2019-08-05,161,220,59
7048,2019-08-05,25,26,1
7049,2019-08-05,10,19,9
7050,2019-08-05,34,41,7
7051,2019-08-05,12,14,2
7052,2019-08-05,59,51,-8
7053,2019-08-05,57,64,7
7054,2019-08-05,63,80,17
7055,2019-08-05,19,14,-5
7056,2019-08-05,17,21,4
7057,2019-08-05,40,48,8
7058,2019-08-05,38,46,8
7059,2019-08-05,26,35,9
7060,2019-08-05,36,38,2
7061,2019-08-05,31,29,-2
7062,2019-08-05,57,57,0
7063,2019-08-05,28,20,-8
7064,2019-08-05,30,34,4
7065,2019-08-05,51,41,-10
7066,2019-08-05,95,140,45
7067,2019-08-05,53,56,3
7068,2019-08-05,91,108,17
7069,2019-08-05,115,152,37
7070,2019-08-05,43,47,4
7071,2019-08-05,57,40,-17
7072,2019-08-05,37,26,-11
7073,2019-08-05,77,79,2
7074,2019-08-05,45,48,3
7075,2019-08-05,15,14,-1
7076,2019-08-05,86,67,-19
7077,2019-08-05,28,30,2
7078,2019-08-05,21,30,9
7079,2019-08-05,41,51,10
7080,2019-08-05,76,99,23
7081,2019-08-05,69,87,18
7082,2019-08-05,86,94,8
7083,2019-08-05,70,68,-2
7084,2019-08-05,79,75,-4
7085,2019-08-05,1,1,0
7087,2019-08-05,2,0,-2
7088,2019-08-05,3,4,1
7090,2019-08-05,13,13,0
7091,2019-08-05,5,11,6
7092,2019-08-05,9,12,3
7093,2019-08-05,2,3,1
7094,2019-08-05,3,1,-2
7095,2019-08-05,17,21,4
7096,2019-08-05,37,41,4
7097,2019-08-05,14,10,-4
7098,2019-08-05,5,4,-1
7099,2019-08-05,7,8,1
7100,2019-08-05,5,5,0
7101,2019-08-05,12,11,-1
7102,2019-08-05,23,35,12
7103,2019-08-05,22,24,2
7104,2019-08-05,3,4,1
7105,2019-08-05,10,12,2
7106,2019-08-05,1,0,-1
7107,2019-08-05,11,13,2
7108,2019-08-05,20,15,-5
7109,2019-08-05,2,3,1
7110,2019-08-05,7,13,6
7111,2019-08-05,7,7,0
7112,2019-08-05,13,10,-3
7113,2019-08-05,53,56,3
7114,2019-08-05,126,120,-6
7115,2019-08-05,11,15,4
7116,2019-08-05,17,11,-6
7117,2019-08-05,4,6,2
7118,2019-08-05,4,3,-1
7119,2019-08-05,10,13,3
7120,2019-08-05,2,3,1
7121,2019-08-05,5,12,7
7122,2019-08-05,5,6,1
7123,2019-08-05,10,10,0
7124,2019-08-05,31,16,-15
7125,2019-08-05,45,38,-7
7126,2019-08-05,9,3,-6
7127,2019-08-05,37,43,6
7128,2019-08-05,13,13,0
7129,2019-08-05,9,9,0
7130,2019-08-05,12,8,-4
7131,2019-08-05,5,0,-5
7132,2019-08-05,3,4,1
7133,2019-08-05,8,10,2
7134,2019-08-05,5,8,3
7135,2019-08-05,4,5,1
7136,2019-08-05,4,4,0
7137,2019-08-05,12,13,1
7138,2019-08-05,9,10,1
7139,2019-08-05,36,34,-2
7140,2019-08-05,37,39,2
7141,2019-08-05,35,37,2
7142,2019-08-05,11,17,6
7143,2019-08-05,17,37,20
7144,2019-08-05,58,57,-1
7145,2019-08-05,13,21,8
7146,2019-08-05,20,28,8
7147,2019-08-05,71,83,12
7148,2019-08-05,11,19,8
7149,2019-08-05,20,19,-1
10002,2019-08-05,103,117,14
4000,2019-08-06,63,76,13
4001,2019-08-06,17,13,-4
4002,2019-08-06,21,32,11
5002,2019-08-06,1,2,1
5003,2019-08-06,2,1,-1
5004,2019-08-06,1,0,-1
5005,2019-08-06,3,3,0
5006,2019-08-06,1,4,3
5007,2019-08-06,12,11,-1
6001,2019-08-06,77,118,41
6002,2019-08-06,59,85,26
6003,2019-08-06,74,91,17
6004,2019-08-06,62,65,3
6005,2019-08-06,104,114,10
6006,2019-08-06,41,27,-14
6007,2019-08-06,54,61,7
6008,2019-08-06,46,86,40
6009,2019-08-06,89,85,-4
6011,2019-08-06,93,108,15
6012,2019-08-06,131,249,118
6013,2019-08-06,59,84,25
6014,2019-08-06,75,83,8
6015,2019-08-06,187,311,124
6016,2019-08-06,20,22,2
6017,2019-08-06,58,80,22
6018,2019-08-06,55,82,27
6019,2019-08-06,158,92,-66
6020,2019-08-06,78,103,25
6021,2019-08-06,96,83,-13
6022,2019-08-06,70,68,-2
6023,2019-08-06,185,203,18
6024,2019-08-06,5,5,0
6025,2019-08-06,37,39,2
6026,2019-08-06,169,257,88
6027,2019-08-06,133,138,5
6029,2019-08-06,17,27,10
6031,2019-08-06,20,43,23
6032,2019-08-06,76,154,78
6033,2019-08-06,15,16,1
6034,2019-08-06,28,30,2
6035,2019-08-06,27,68,41
6036,2019-08-06,207,296,89
6037,2019-08-06,48,62,14
6038,2019-08-06,122,130,8
6039,2019-08-06,95,134,39
6040,2019-08-06,66,93,27
6041,2019-08-06,89,86,-3
6042,2019-08-06,97,95,-2
6043,2019-08-06,232,430,198
6044,2019-08-06,103,91,-12
6046,2019-08-06,158,154,-4
6047,2019-08-06,89,52,-37
6048,2019-08-06,50,59,9
6049,2019-08-06,102,102,0
6050,2019-08-06,56,63,7
6051,2019-08-06,48,33,-15
6052,2019-08-06,250,348,98
6053,2019-08-06,153,154,1
6057,2019-08-06,91,84,-7
6058,2019-08-06,70,70,0
6059,2019-08-06,98,69,-29
6060,2019-08-06,41,34,-7
6061,2019-08-06,79,79,0
6062,2019-08-06,68,54,-14
6063,2019-08-06,112,113,1
6064,2019-08-06,218,196,-22
6065,2019-08-06,55,45,-10
6066,2019-08-06,39,14,-25
6067,2019-08-06,120,110,-10
6068,2019-08-06,15,15,0
6070,2019-08-06,200,163,-37
6072,2019-08-06,75,76,1
6073,2019-08-06,201,136,-65
6075,2019-08-06,37,26,-11
6076,2019-08-06,22,45,23
6078,2019-08-06,59,70,11
6079,2019-08-06,68,60,-8
6080,2019-08-06,189,174,-15
6081,2019-08-06,56,52,-4
6082,2019-08-06,26,17,-9
6083,2019-08-06,154,182,28
6084,2019-08-06,66,90,24
6085,2019-08-06,96,159,63
6086,2019-08-06,70,103,33
6087,2019-08-06,132,155,23
6088,2019-08-06,85,86,1
6089,2019-08-06,59,58,-1
6090,2019-08-06,63,65,2
6091,2019-08-06,52,56,4
6092,2019-08-06,83,83,0
6093,2019-08-06,39,25,-14
6094,2019-08-06,54,51,-3
6095,2019-08-06,143,134,-9
6096,2019-08-06,50,78,28
6097,2019-08-06,76,47,-29
6098,2019-08-06,57,29,-28
6099,2019-08-06,112,137,25
6100,2019-08-06,263,247,-16
6101,2019-08-06,57,27,-30
6102,2019-08-06,47,35,-12
6103,2019-08-06,30,34,4
6104,2019-08-06,86,106,20
6105,2019-08-06,62,80,18
6106,2019-08-06,40,52,12
6107,2019-08-06,114,88,-26
6108,2019-08-06,51,77,26
6109,2019-08-06,24,29,5
6110,2019-08-06,39,41,2
6111,2019-08-06,53,53,0
6112,2019-08-06,113,130,17
6113,2019-08-06,53,43,-10
6114,2019-08-06,158,188,30
6115,2019-08-06,24,31,7
6116,2019-08-06,52,68,16
6117,2019-08-06,78,73,-5
6118,2019-08-06,89,130,41
6119,2019-08-06,67,100,33
6120,2019-08-06,110,133,23
6121,2019-08-06,18,44,26
6122,2019-08-06,23,28,5
6123,2019-08-06,20,26,6
6124,2019-08-06,56,83,27
6125,2019-08-06,29,24,-5
6126,2019-08-06,57,65,8
6127,2019-08-06,73,57,-16
6128,2019-08-06,21,33,12
6129,2019-08-06,86,70,-16
6130,2019-08-06,26,20,-6
6131,2019-08-06,106,55,-51
6132,2019-08-06,52,69,17
6133,2019-08-06,90,93,3
6134,2019-08-06,39,46,7
6136,2019-08-06,311,222,-89
6137,2019-08-06,100,94,-6
6138,2019-08-06,69,76,7
6139,2019-08-06,43,44,1
6140,2019-08-06,98,93,-5
6141,2019-08-06,41,42,1
6142,2019-08-06,103,102,-1
6143,2019-08-06,99,89,-10
6145,2019-08-06,58,66,8
6146,2019-08-06,62,67,5
6147,2019-08-06,125,71,-54
6148,2019-08-06,123,85,-38
6149,2019-08-06,36,36,0
6150,2019-08-06,78,70,-8
6151,2019-08-06,88,92,4
6152,2019-08-06,117,103,-14
6153,2019-08-06,54,56,2
6154,2019-08-06,174,170,-4
6155,2019-08-06,134,133,-1
6156,2019-08-06,87,80,-7
6157,2019-08-06,118,114,-4
6158,2019-08-06,65,64,-1
6159,2019-08-06,45,48,3
6160,2019-08-06,49,49,0
6161,2019-08-06,28,37,9
6162,2019-08-06,22,19,-3
6163,2019-08-06,132,145,13
6164,2019-08-06,84,92,8
6165,2019-08-06,201,219,18
6166,2019-08-06,100,77,-23
6167,2019-08-06,51,50,-1
6168,2019-08-06,54,55,1
6169,2019-08-06,176,145,-31
6170,2019-08-06,66,54,-12
6171,2019-08-06,40,46,6
6173,2019-08-06,131,81,-50
6174,2019-08-06,106,91,-15
6175,2019-08-06,89,65,-24
6176,2019-08-06,98,97,-1
6177,2019-08-06,86,64,-22
6178,2019-08-06,129,143,14
6179,2019-08-06,84,80,-4
6180,2019-08-06,69,69,0
6181,2019-08-06,145,108,-37
6182,2019-08-06,67,48,-19
6183,2019-08-06,94,93,-1
6184,2019-08-06,279,234,-45
6185,2019-08-06,25,33,8
6186,2019-08-06,85,63,-22
6187,2019-08-06,116,118,2
6188,2019-08-06,58,63,5
6189,2019-08-06,29,32,3
6190,2019-08-06,97,83,-14
6191,2019-08-06,67,59,-8
6192,2019-08-06,38,39,1
6193,2019-08-06,125,124,-1
6194,2019-08-06,205,182,-23
6195,2019-08-06,81,60,-21
6196,2019-08-06,133,98,-35
6197,2019-08-06,54,54,0
6198,2019-08-06,26,23,-3
6199,2019-08-06,128,108,-20
6200,2019-08-06,121,113,-8
6201,2019-08-06,90,69,-21
6202,2019-08-06,126,97,-29
6203,2019-08-06,41,37,-4
6204,2019-08-06,96,93,-3
6205,2019-08-06,109,81,-28
6206,2019-08-06,166,149,-17
6207,2019-08-06,50,53,3
6208,2019-08-06,78,93,15
6209,2019-08-06,150,117,-33
6210,2019-08-06,54,51,-3
6211,2019-08-06,171,149,-22
6212,2019-08-06,119,63,-56
6213,2019-08-06,114,98,-16
6214,2019-08-06,97,76,-21
6215,2019-08-06,82,80,-2
6216,2019-08-06,160,78,-82
6217,2019-08-06,97,72,-25
6218,2019-08-06,85,72,-13
6219,2019-08-06,72,58,-14
6220,2019-08-06,109,95,-14
6221,2019-08-06,216,186,-30
6222,2019-08-06,93,83,-10
6223,2019-08-06,126,39,-87
6224,2019-08-06,87,65,-22
6225,2019-08-06,70,46,-24
6226,2019-08-06,33,41,8
6227,2019-08-06,154,144,-10
6228,2019-08-06,37,34,-3
6229,2019-08-06,82,60,-22
6230,2019-08-06,108,115,7
6231,2019-08-06,118,104,-14
6232,2019-08-06,50,26,-24
6233,2019-08-06,162,115,-47
6234,2019-08-06,68,62,-6
6235,2019-08-06,104,76,-28
6236,2019-08-06,89,83,-6
6237,2019-08-06,61,51,-10
6240,2019-08-06,31,29,-2
6241,2019-08-06,49,44,-5
6243,2019-08-06,51,57,6
6245,2019-08-06,28,28,0
6246,2019-08-06,76,60,-16
6247,2019-08-06,143,113,-30
6248,2019-08-06,156,124,-32
6249,2019-08-06,79,56,-23
6250,2019-08-06,117,106,-11
6251,2019-08-06,25,22,-3
6252,2019-08-06,42,40,-2
6253,2019-08-06,85,67,-18
6254,2019-08-06,85,74,-11
6255,2019-08-06,79,73,-6
6257,2019-08-06,59,44,-15
6258,2019-08-06,93,67,-26
6259,2019-08-06,54,42,-12
6260,2019-08-06,60,66,6
6261,2019-08-06,50,55,5
6262,2019-08-06,57,64,7
6263,2019-08-06,26,31,5
6265,2019-08-06,67,59,-8
6267,2019-08-06,52,74,22
6268,2019-08-06,67,55,-12
6270,2019-08-06,36,38,2
6271,2019-08-06,2,3,1
6272,2019-08-06,33,33,0
6273,2019-08-06,53,37,-16
6274,2019-08-06,57,63,6
6275,2019-08-06,38,33,-5
6276,2019-08-06,51,45,-6
6277,2019-08-06,80,83,3
6278,2019-08-06,32,37,5
6279,2019-08-06,21,15,-6
6280,2019-08-06,85,75,-10
6281,2019-08-06,28,22,-6
6301,2019-08-06,26,21,-5
6302,2019-08-06,22,16,-6
6303,2019-08-06,21,17,-4
6304,2019-08-06,9,6,-3
6305,2019-08-06,18,8,-10
6306,2019-08-06,62,22,-40
6307,2019-08-06,88,77,-11
6309,2019-08-06,26,21,-5
6310,2019-08-06,79,33,-46
6311,2019-08-06,43,32,-11
6312,2019-08-06,28,39,11
6313,2019-08-06,51,64,13
6314,2019-08-06,66,62,-4
6315,2019-08-06,90,52,-38
6316,2019-08-06,40,17,-23
6321,2019-08-06,178,169,-9
6322,2019-08-06,54,47,-7
6323,2019-08-06,10,15,5
6324,2019-08-06,37,31,-6
6327,2019-08-06,63,47,-16
6328,2019-08-06,44,41,-3
6329,2019-08-06,33,23,-10
6330,2019-08-06,28,29,1
6331,2019-08-06,28,21,-7
6332,2019-08-06,52,53,1
6333,2019-08-06,26,23,-3
6334,2019-08-06,84,78,-6
6335,2019-08-06,57,44,-13
6336,2019-08-06,31,31,0
6338,2019-08-06,34,34,0
6339,2019-08-06,32,33,1
6340,2019-08-06,37,40,3
6341,2019-08-06,50,66,16
6343,2019-08-06,34,33,-1
6345,2019-08-06,26,23,-3
6346,2019-08-06,14,11,-3
6347,2019-08-06,40,51,11
6349,2019-08-06,30,35,5
6350,2019-08-06,53,51,-2
6354,2019-08-06,48,43,-5
6355,2019-08-06,34,51,17
6356,2019-08-06,46,33,-13
6357,2019-08-06,24,21,-3
6358,2019-08-06,29,32,3
6359,2019-08-06,146,148,2
6360,2019-08-06,39,39,0
6361,2019-08-06,59,54,-5
6362,2019-08-06,40,33,-7
6363,2019-08-06,27,16,-11
6364,2019-08-06,46,51,5
6366,2019-08-06,37,25,-12
6367,2019-08-06,22,18,-4
6368,2019-08-06,68,74,6
6369,2019-08-06,44,49,5
6370,2019-08-06,51,36,-15
6371,2019-08-06,87,83,-4
6372,2019-08-06,86,108,22
6373,2019-08-06,50,43,-7
6374,2019-08-06,46,46,0
6375,2019-08-06,78,102,24
6376,2019-08-06,37,24,-13
6377,2019-08-06,44,47,3
6379,2019-08-06,37,35,-2
6380,2019-08-06,23,22,-1
6381,2019-08-06,47,50,3
6383,2019-08-06,29,38,9
6384,2019-08-06,40,29,-11
6385,2019-08-06,56,56,0
6386,2019-08-06,108,119,11
6387,2019-08-06,81,91,10
6388,2019-08-06,24,30,6
6389,2019-08-06,63,48,-15
6391,2019-08-06,56,81,25
6393,2019-08-06,83,108,25
6394,2019-08-06,77,118,41
6395,2019-08-06,92,83,-9
6396,2019-08-06,116,113,-3
6397,2019-08-06,60,65,5
6398,2019-08-06,37,56,19
6401,2019-08-06,64,76,12
6402,2019-08-06,50,62,12
6403,2019-08-06,24,28,4
6404,2019-08-06,18,33,15
6405,2019-08-06,58,72,14
6406,2019-08-06,147,170,23
6407,2019-08-06,19,34,15
6408,2019-08-06,59,72,13
6409,2019-08-06,23,26,3
6410,2019-08-06,57,58,1
6411,2019-08-06,124,129,5
6412,2019-08-06,30,33,3
6413,2019-08-06,43,102,59
6414,2019-08-06,16,27,11
6415,2019-08-06,24,31,7
6416,2019-08-06,24,16,-8
6417,2019-08-06,31,38,7
6418,2019-08-06,8,10,2
6419,2019-08-06,22,23,1
6420,2019-08-06,32,32,0
6421,2019-08-06,46,53,7
6422,2019-08-06,20,19,-1
6423,2019-08-06,23,20,-3
6424,2019-08-06,45,97,52
6425,2019-08-06,46,50,4
6426,2019-08-06,88,89,1
6427,2019-08-06,83,89,6
6428,2019-08-06,19,28,9
6429,2019-08-06,36,49,13
6432,2019-08-06,100,109,9
6433,2019-08-06,27,31,4
6434,2019-08-06,77,68,-9
6435,2019-08-06,64,65,1
6436,2019-08-06,32,26,-6
6501,2019-08-06,114,136,22
6502,2019-08-06,15,13,-2
6503,2019-08-06,72,67,-5
6504,2019-08-06,30,33,3
6700,2019-08-06,35,47,12
6701,2019-08-06,66,63,-3
6702,2019-08-06,10,13,3
6703,2019-08-06,63,61,-2
6704,2019-08-06,37,28,-9
6705,2019-08-06,21,25,4
6706,2019-08-06,23,36,13
6707,2019-08-06,24,29,5
6708,2019-08-06,65,100,35
6709,2019-08-06,31,26,-5
6710,2019-08-06,17,13,-4
6711,2019-08-06,37,38,1
6712,2019-08-06,29,23,-6
6713,2019-08-06,11,15,4
6714,2019-08-06,3,2,-1
6715,2019-08-06,29,36,7
6716,2019-08-06,8,10,2
6717,2019-08-06,11,24,13
6718,2019-08-06,27,28,1
6719,2019-08-06,23,20,-3
6720,2019-08-06,32,47,15
6721,2019-08-06,18,20,2
6722,2019-08-06,9,18,9
6723,2019-08-06,26,24,-2
6724,2019-08-06,74,82,8
6725,2019-08-06,22,23,1
6726,2019-08-06,7,8,1
6727,2019-08-06,99,101,2
6728,2019-08-06,23,20,-3
6729,2019-08-06,151,156,5
6730,2019-08-06,25,17,-8
6731,2019-08-06,27,19,-8
6732,2019-08-06,35,44,9
6733,2019-08-06,24,40,16
6734,2019-08-06,45,39,-6
6735,2019-08-06,7,11,4
6736,2019-08-06,19,16,-3
6737,2019-08-06,24,25,1
6738,2019-08-06,111,99,-12
6739,2019-08-06,8,11,3
6741,2019-08-06,22,20,-2
6742,2019-08-06,57,55,-2
6743,2019-08-06,39,19,-20
6744,2019-08-06,24,25,1
6745,2019-08-06,37,40,3
6746,2019-08-06,29,26,-3
6747,2019-08-06,52,57,5
6748,2019-08-06,94,100,6
6749,2019-08-06,60,65,5
6750,2019-08-06,40,38,-2
6752,2019-08-06,22,26,4
6753,2019-08-06,31,30,-1
6754,2019-08-06,13,14,1
6901,2019-08-06,56,58,2
6902,2019-08-06,79,89,10
6903,2019-08-06,134,94,-40
6904,2019-08-06,29,32,3
6905,2019-08-06,49,37,-12
6906,2019-08-06,206,121,-85
6907,2019-08-06,88,77,-11
6908,2019-08-06,64,65,1
6910,2019-08-06,132,109,-23
6912,2019-08-06,174,101,-73
6913,2019-08-06,60,48,-12
6915,2019-08-06,94,101,7
6916,2019-08-06,36,30,-6
6917,2019-08-06,19,20,1
6918,2019-08-06,43,27,-16
6919,2019-08-06,30,24,-6
6921,2019-08-06,93,96,3
6923,2019-08-06,61,54,-7
6924,2019-08-06,23,25,2
6925,2019-08-06,44,41,-3
6926,2019-08-06,59,63,4
6927,2019-08-06,78,43,-35
6928,2019-08-06,31,11,-20
6929,2019-08-06,56,38,-18
6930,2019-08-06,31,29,-2
7001,2019-08-06,43,45,2
7002,2019-08-06,8,10,2
7003,2019-08-06,143,98,-45
7004,2019-08-06,13,11,-2
7005,2019-08-06,4,6,2
7006,2019-08-06,23,23,0
7007,2019-08-06,16,16,0
7008,2019-08-06,19,25,6
7009,2019-08-06,104,123,19
7010,2019-08-06,21,21,0
7011,2019-08-06,87,99,12
7012,2019-08-06,39,52,13
7013,2019-08-06,29,32,3
7014,2019-08-06,67,36,-31
7015,2019-08-06,11,17,6
7016,2019-08-06,16,21,5
7017,2019-08-06,41,48,7
7018,2019-08-06,36,46,10
7019,2019-08-06,157,156,-1
7020,2019-08-06,18,25,7
7021,2019-08-06,47,38,-9
7022,2019-08-06,32,29,-3
7023,2019-08-06,6,8,2
7024,2019-08-06,59,38,-21
7025,2019-08-06,48,35,-13
7026,2019-08-06,70,78,8
7027,2019-08-06,42,50,8
7028,2019-08-06,117,99,-18
7029,2019-08-06,49,49,0
7030,2019-08-06,55,61,6
7031,2019-08-06,36,39,3
7032,2019-08-06,110,66,-44
7033,2019-08-06,59,59,0
7034,2019-08-06,46,54,8
7035,2019-08-06,56,51,-5
7036,2019-08-06,55,56,1
7037,2019-08-06,49,49,0
7038,2019-08-06,69,74,5
7039,2019-08-06,40,35,-5
7040,2019-08-06,71,88,17
7041,2019-08-06,114,115,1
7042,2019-08-06,62,69,7
7043,2019-08-06,31,24,-7
7044,2019-08-06,17,12,-5
7045,2019-08-06,73,75,2
7046,2019-08-06,108,111,3
7047,2019-08-06,148,206,58
7048,2019-08-06,34,33,-1
7049,2019-08-06,15,27,12
7050,2019-08-06,20,26,6
7051,2019-08-06,11,14,3
7052,2019-08-06,54,52,-2
7053,2019-08-06,42,43,1
7054,2019-08-06,74,87,13
7055,2019-08-06,14,30,16
7056,2019-08-06,17,19,2
7057,2019-08-06,34,42,8
7058,2019-08-06,48,46,-2
7059,2019-08-06,37,38,1
7060,2019-08-06,33,39,6
7061,2019-08-06,28,22,-6
7062,2019-08-06,54,49,-5
7063,2019-08-06,26,25,-1
7064,2019-08-06,29,35,6
7065,2019-08-06,36,32,-4
7066,2019-08-06,89,154,65
7067,2019-08-06,70,78,8
7068,2019-08-06,78,101,23
7069,2019-08-06,103,116,13
7070,2019-08-06,37,45,8
7071,2019-08-06,52,32,-20
7072,2019-08-06,61,36,-25
7073,2019-08-06,67,68,1
7074,2019-08-06,43,54,11
7075,2019-08-06,14,16,2
7076,2019-08-06,72,59,-13
7077,2019-08-06,25,34,9
7078,2019-08-06,20,28,8
7079,2019-08-06,44,56,12
7080,2019-08-06,79,95,16
7081,2019-08-06,77,99,22
7082,2019-08-06,88,111,23
7083,2019-08-06,62,65,3
7084,2019-08-06,87,94,7
7086,2019-08-06,2,1,-1
7088,2019-08-06,2,1,-1
7090,2019-08-06,13,19,6
7091,2019-08-06,10,15,5
7092,2019-08-06,4,3,-1
7093,2019-08-06,4,8,4
7094,2019-08-06,5,2,-3
7095,2019-08-06,14,23,9
7096,2019-08-06,29,41,12
7097,2019-08-06,5,8,3
7098,2019-08-06,4,3,-1
7099,2019-08-06,10,5,-5
7100,2019-08-06,6,6,0
7101,2019-08-06,13,13,0
7102,2019-08-06,29,32,3
7103,2019-08-06,21,23,2
7105,2019-08-06,5,7,2
7106,2019-08-06,5,2,-3
7107,2019-08-06,4,5,1
7108,2019-08-06,16,18,2
7109,2019-08-06,12,10,-2
7110,2019-08-06,7,8,1
7111,2019-08-06,11,12,1
7112,2019-08-06,6,4,-2
7113,2019-08-06,64,69,5
7114,2019-08-06,85,133,48
7115,2019-08-06,15,20,5
7116,2019-08-06,17,11,-6
7117,2019-08-06,5,4,-1
7118,2019-08-06,3,3,0
7119,2019-08-06,4,5,1
7120,2019-08-06,4,6,2
7121,2019-08-06,4,10,6
7122,2019-08-06,6,6,0
7123,2019-08-06,3,2,-1
7124,2019-08-06,24,17,-7
7125,2019-08-06,29,25,-4
7126,2019-08-06,8,3,-5
7127,2019-08-06,30,34,4
7128,2019-08-06,21,23,2
7129,2019-08-06,14,14,0
7130,2019-08-06,20,17,-3
7131,2019-08-06,5,6,1
7133,2019-08-06,7,5,-2
7134,2019-08-06,9,10,1
7135,2019-08-06,3,6,3
7136,2019-08-06,6,8,2
7137,2019-08-06,14,11,-3
7138,2019-08-06,7,2,-5
7139,2019-08-06,64,63,-1
7140,2019-08-06,31,22,-9
7141,2019-08-06,29,35,6
7142,2019-08-06,12,22,10
7143,2019-08-06,17,20,3
7144,2019-08-06,57,70,13
7145,2019-08-06,20,20,0
7146,2019-08-06,26,26,0
7147,2019-08-06,89,91,2
7148,2019-08-06,9,17,8
7149,2019-08-06,17,16,-1
10002,2019-08-06,98,121,23
4000,2019-08-07,64,72,8
4001,2019-08-07,7,15,8
4002,2019-08-07,18,22,4
5002,2019-08-07,8,5,-3
5003,2019-08-07,1,2,1
5004,2019-08-07,6,6,0
5005,2019-08-07,4,5,1
5006,2019-08-07,4,3,-1
5007,2019-08-07,23,28,5
6001,2019-08-07,66,104,38
6002,2019-08-07,38,52,14
6003,2019-08-07,68,74,6
6004,2019-08-07,58,66,8
6005,2019-08-07,92,107,15
6006,2019-08-07,35,19,-16
6007,2019-08-07,32,40,8
6008,2019-08-07,51,84,33
6009,2019-08-07,66,64,-2
6011,2019-08-07,73,88,15
6012,2019-08-07,124,208,84
6013,2019-08-07,45,59,14
6014,2019-08-07,66,77,11
6015,2019-08-07,118,203,85
6016,2019-08-07,19,23,4
6017,2019-08-07,50,65,15
6018,2019-08-07,65,79,14
6019,2019-08-07,146,94,-52
6020,2019-08-07,54,93,39
6021,2019-08-07,100,50,-50
6022,2019-08-07,50,58,8
6023,2019-08-07,126,168,42
6025,2019-08-07,24,35,11
6026,2019-08-07,119,168,49
6027,2019-08-07,122,104,-18
6029,2019-08-07,20,31,11
6031,2019-08-07,26,42,16
6032,2019-08-07,63,141,78
6033,2019-08-07,17,13,-4
6034,2019-08-07,25,26,1
6035,2019-08-07,18,61,43
6036,2019-08-07,174,229,55
6037,2019-08-07,64,72,8
6038,2019-08-07,96,107,11
6039,2019-08-07,109,117,8
6040,2019-08-07,63,75,12
6041,2019-08-07,91,93,2
6042,2019-08-07,85,85,0
6043,2019-08-07,179,419,240
6044,2019-08-07,84,74,-10
6046,2019-08-07,137,132,-5
6047,2019-08-07,69,35,-34
6048,2019-08-07,42,42,0
6049,2019-08-07,101,115,14
6050,2019-08-07,18,51,33
6051,2019-08-07,47,38,-9
6052,2019-08-07,199,287,88
6053,2019-08-07,146,147,1
6057,2019-08-07,73,77,4
6058,2019-08-07,62,71,9
6059,2019-08-07,62,63,1
6060,2019-08-07,30,31,1
6061,2019-08-07,69,68,-1
6062,2019-08-07,50,47,-3
6063,2019-08-07,86,68,-18
6064,2019-08-07,156,176,20
6065,2019-08-07,69,47,-22
6066,2019-08-07,27,11,-16
6067,2019-08-07,93,106,13
6068,2019-08-07,16,19,3
6070,2019-08-07,184,158,-26
6072,2019-08-07,62,72,10
6073,2019-08-07,191,151,-40
6075,2019-08-07,37,21,-16
6076,2019-08-07,18,28,10
6078,2019-08-07,54,60,6
6079,2019-08-07,66,55,-11
6080,2019-08-07,159,158,-1
6081,2019-08-07,44,30,-14
6082,2019-08-07,12,9,-3
6083,2019-08-07,82,138,56
6084,2019-08-07,48,71,23
6085,2019-08-07,89,132,43
6086,2019-08-07,63,78,15
6087,2019-08-07,98,147,49
6088,2019-08-07,78,89,11
6089,2019-08-07,52,54,2
6090,2019-08-07,55,55,0
6091,2019-08-07,47,45,-2
6092,2019-08-07,75,73,-2
6093,2019-08-07,32,20,-12
6094,2019-08-07,49,50,1
6095,2019-08-07,92,84,-8
6096,2019-08-07,51,73,22
6097,2019-08-07,73,59,-14
6098,2019-08-07,43,31,-12
6099,2019-08-07,81,143,62
6100,2019-08-07,235,189,-46
6101,2019-08-07,65,24,-41
6102,2019-08-07,43,29,-14
6103,2019-08-07,21,25,4
6104,2019-08-07,67,99,32
6105,2019-08-07,52,69,17
6106,2019-08-07,28,40,12
6107,2019-08-07,84,66,-18
6108,2019-08-07,46,50,4
6109,2019-08-07,1,5,4
6110,2019-08-07,32,42,10
6111,2019-08-07,35,54,19
6112,2019-08-07,91,104,13
6113,2019-08-07,45,43,-2
6114,2019-08-07,145,179,34
6115,2019-08-07,21,36,15
6116,2019-08-07,58,66,8
6117,2019-08-07,71,79,8
6118,2019-08-07,69,84,15
6119,2019-08-07,81,91,10
6120,2019-08-07,64,106,42
6121,2019-08-07,17,30,13
6122,2019-08-07,15,21,6
6123,2019-08-07,26,30,4
6124,2019-08-07,47,72,25
6125,2019-08-07,33,33,0
6126,2019-08-07,52,56,4
6127,2019-08-07,54,47,-7
6128,2019-08-07,26,29,3
6129,2019-08-07,58,63,5
6130,2019-08-07,25,27,2
6131,2019-08-07,93,52,-41
6132,2019-08-07,79,67,-12
6133,2019-08-07,62,55,-7
6134,2019-08-07,40,32,-8
6136,2019-08-07,304,218,-86
6137,2019-08-07,71,80,9
6138,2019-08-07,62,67,5
6139,2019-08-07,54,51,-3
6140,2019-08-07,89,97,8
6141,2019-08-07,42,31,-11
6142,2019-08-07,110,69,-41
6143,2019-08-07,111,93,-18
6145,2019-08-07,52,45,-7
6146,2019-08-07,43,48,5
6147,2019-08-07,113,57,-56
6148,2019-08-07,119,91,-28
6149,2019-08-07,48,46,-2
6150,2019-08-07,65,77,12
6151,2019-08-07,87,98,11
6152,2019-08-07,103,103,0
6153,2019-08-07,60,69,9
6154,2019-08-07,167,172,5
6155,2019-08-07,148,133,-15
6156,2019-08-07,63,76,13
6157,2019-08-07,105,91,-14
6158,2019-08-07,48,48,0
6159,2019-08-07,37,39,2
6160,2019-08-07,53,41,-12
6161,2019-08-07,46,38,-8
6162,2019-08-07,23,23,0
6163,2019-08-07,95,93,-2
6164,2019-08-07,77,79,2
6165,2019-08-07,155,162,7
6166,2019-08-07,77,44,-33
6167,2019-08-07,33,43,10
6168,2019-08-07,53,50,-3
6169,2019-08-07,163,139,-24
6170,2019-08-07,53,55,2
6171,2019-08-07,40,46,6
6173,2019-08-07,97,59,-38
6174,2019-08-07,86,53,-33
6175,2019-08-07,87,55,-32
6176,2019-08-07,62,84,22
6177,2019-08-07,65,64,-1
6178,2019-08-07,136,124,-12
6179,2019-08-07,77,68,-9
6180,2019-08-07,65,81,16
6181,2019-08-07,147,96,-51
6182,2019-08-07,65,44,-21
6183,2019-08-07,89,85,-4
6184,2019-08-07,251,210,-41
6185,2019-08-07,31,32,1
6186,2019-08-07,99,68,-31
6187,2019-08-07,122,116,-6
6188,2019-08-07,48,43,-5
6189,2019-08-07,22,21,-1
6190,2019-08-07,99,62,-37
6191,2019-08-07,74,72,-2
6192,2019-08-07,38,39,1
6193,2019-08-07,104,91,-13
6194,2019-08-07,181,160,-21
6195,2019-08-07,107,51,-56
6196,2019-08-07,115,95,-20
6197,2019-08-07,60,52,-8
6198,2019-08-07,30,12,-18
6199,2019-08-07,115,80,-35
6200,2019-08-07,105,103,-2
6201,2019-08-07,64,53,-11
6202,2019-08-07,126,96,-30
6203,2019-08-07,37,25,-12
6204,2019-08-07,98,93,-5
6205,2019-08-07,105,90,-15
6206,2019-08-07,145,134,-11
6207,2019-08-07,61,60,-1
6208,2019-08-07,58,64,6
6209,2019-08-07,130,81,-49
6210,2019-08-07,43,40,-3
6211,2019-08-07,171,147,-24
6212,2019-08-07,77,66,-11
6213,2019-08-07,75,73,-2
6214,2019-08-07,101,77,-24
6215,2019-08-07,69,70,1
6216,2019-08-07,122,47,-75
6217,2019-08-07,129,90,-39
6218,2019-08-07,64,65,1
6219,2019-08-07,45,58,13
6220,2019-08-07,102,86,-16
6221,2019-08-07,197,161,-36
6222,2019-08-07,67,51,-16
6223,2019-08-07,66,47,-19
6224,2019-08-07,75,71,-4
6225,2019-08-07,50,39,-11
6226,2019-08-07,30,30,0
6227,2019-08-07,138,116,-22
6228,2019-08-07,38,28,-10
6229,2019-08-07,61,48,-13
6230,2019-08-07,98,95,-3
6231,2019-08-07,106,90,-16
6232,2019-08-07,51,34,-17
6233,2019-08-07,128,102,-26
6234,2019-08-07,70,61,-9
6235,2019-08-07,115,72,-43
6236,2019-08-07,72,59,-13
6237,2019-08-07,75,70,-5
6240,2019-08-07,25,28,3
6241,2019-08-07,40,46,6
6243,2019-08-07,77,68,-9
6245,2019-08-07,40,39,-1
6246,2019-08-07,60,60,0
6247,2019-08-07,132,114,-18
6248,2019-08-07,169,126,-43
6249,2019-08-07,64,52,-12
6250,2019-08-07,87,67,-20
6251,2019-08-07,28,19,-9
6252,2019-08-07,53,44,-9
6253,2019-08-07,60,68,8
6254,2019-08-07,60,56,-4
6255,2019-08-07,67,61,-6
6257,2019-08-07,55,38,-17
6258,2019-08-07,109,72,-37
6259,2019-08-07,44,42,-2
6260,2019-08-07,50,48,-2
6261,2019-08-07,45,54,9
6262,2019-08-07,50,42,-8
6263,2019-08-07,26,29,3
6265,2019-08-07,65,52,-13
6267,2019-08-07,53,58,5
6268,2019-08-07,50,48,-2
6270,2019-08-07,37,32,-5
6271,2019-08-07,4,0,-4
6272,2019-08-07,35,34,-1
6273,2019-08-07,31,39,8
6274,2019-08-07,58,43,-15
6275,2019-08-07,40,46,6
6276,2019-08-07,41,39,-2
6277,2019-08-07,53,58,5
6278,2019-08-07,25,24,-1
6279,2019-08-07,11,14,3
6280,2019-08-07,91,83,-8
6281,2019-08-07,38,36,-2
6301,2019-08-07,37,25,-12
6302,2019-08-07,22,9,-13
6303,2019-08-07,22,16,-6
6304,2019-08-07,7,11,4
6305,2019-08-07,24,15,-9
6306,2019-08-07,50,22,-28
6307,2019-08-07,92,91,-1
6309,2019-08-07,23,26,3
6310,2019-08-07,72,34,-38
6311,2019-08-07,47,34,-13
6312,2019-08-07,40,43,3
6313,2019-08-07,39,53,14
6314,2019-08-07,48,53,5
6315,2019-08-07,93,44,-49
6316,2019-08-07,50,26,-24
6321,2019-08-07,155,143,-12
6322,2019-08-07,45,40,-5
6323,2019-08-07,10,7,-3
6324,2019-08-07,28,34,6
6327,2019-08-07,49,31,-18
6328,2019-08-07,61,49,-12
6329,2019-08-07,30,23,-7
6330,2019-08-07,33,19,-14
6331,2019-08-07,25,23,-2
6332,2019-08-07,36,45,9
6333,2019-08-07,19,18,-1
6334,2019-08-07,80,88,8
6335,2019-08-07,42,25,-17
6336,2019-08-07,23,18,-5
6338,2019-08-07,27,27,0
6339,2019-08-07,31,24,-7
6340,2019-08-07,31,27,-4
6341,2019-08-07,31,43,12
6343,2019-08-07,33,33,0
6344,2019-08-07,39,40,1
6345,2019-08-07,21,14,-7
6346,2019-08-07,15,5,-10
6347,2019-08-07,29,19,-10
6349,2019-08-07,29,29,0
6350,2019-08-07,55,43,-12
6354,2019-08-07,28,28,0
6355,2019-08-07,27,41,14
6356,2019-08-07,38,20,-18
6357,2019-08-07,30,24,-6
6358,2019-08-07,26,27,1
6359,2019-08-07,107,103,-4
6360,2019-08-07,32,24,-8
6361,2019-08-07,39,37,-2
6362,2019-08-07,38,37,-1
6363,2019-08-07,15,17,2
6364,2019-08-07,55,41,-14
6366,2019-08-07,34,22,-12
6367,2019-08-07,22,20,-2
6368,2019-08-07,58,57,-1
6369,2019-08-07,42,36,-6
6370,2019-08-07,41,45,4
6371,2019-08-07,79,76,-3
6372,2019-08-07,60,61,1
6373,2019-08-07,34,34,0
6374,2019-08-07,39,27,-12
6375,2019-08-07,68,86,18
6376,2019-08-07,28,22,-6
6377,2019-08-07,39,46,7
6379,2019-08-07,31,36,5
6380,2019-08-07,26,22,-4
6381,2019-08-07,55,45,-10
6383,2019-08-07,46,29,-17
6384,2019-08-07,19,10,-9
6385,2019-08-07,43,50,7
6386,2019-08-07,97,107,10
6387,2019-08-07,67,89,22
6388,2019-08-07,21,35,14
6389,2019-08-07,42,41,-1
6391,2019-08-07,40,55,15
6393,2019-08-07,66,97,31
6394,2019-08-07,77,101,24
6395,2019-08-07,102,95,-7
6396,2019-08-07,176,180,4
6397,2019-08-07,48,61,13
6398,2019-08-07,46,57,11
6401,2019-08-07,73,95,22
6402,2019-08-07,46,56,10
6403,2019-08-07,26,33,7
6404,2019-08-07,17,27,10
6405,2019-08-07,46,44,-2
6406,2019-08-07,95,97,2
6407,2019-08-07,24,32,8
6408,2019-08-07,54,59,5
6409,2019-08-07,22,22,0
6410,2019-08-07,46,47,1
6411,2019-08-07,142,135,-7
6412,2019-08-07,30,29,-1
6413,2019-08-07,22,73,51
6414,2019-08-07,10,26,16
6415,2019-08-07,26,25,-1
6416,2019-08-07,22,16,-6
6417,2019-08-07,37,33,-4
6418,2019-08-07,16,15,-1
6419,2019-08-07,10,20,10
6420,2019-08-07,31,29,-2
6421,2019-08-07,49,45,-4
6422,2019-08-07,14,15,1
6423,2019-08-07,30,20,-10
6424,2019-08-07,61,75,14
6425,2019-08-07,25,22,-3
6426,2019-08-07,67,80,13
6427,2019-08-07,77,63,-14
6428,2019-08-07,15,21,6
6429,2019-08-07,33,43,10
6432,2019-08-07,80,82,2
6433,2019-08-07,34,26,-8
6434,2019-08-07,69,62,-7
6435,2019-08-07,50,38,-12
6436,2019-08-07,28,15,-13
6501,2019-08-07,65,72,7
6502,2019-08-07,23,26,3
6503,2019-08-07,63,61,-2
6504,2019-08-07,14,10,-4
6700,2019-08-07,20,30,10
6701,2019-08-07,47,49,2
6702,2019-08-07,15,14,-1
6703,2019-08-07,51,52,1
6704,2019-08-07,35,30,-5
6705,2019-08-07,16,17,1
6706,2019-08-07,37,37,0
6707,2019-08-07,40,41,1
6708,2019-08-07,48,84,36
6709,2019-08-07,27,27,0
6710,2019-08-07,18,14,-4
6711,2019-08-07,23,23,0
6712,2019-08-07,13,17,4
6713,2019-08-07,19,15,-4
6714,2019-08-07,2,6,4
6715,2019-08-07,20,16,-4
6716,2019-08-07,8,9,1
6717,2019-08-07,12,26,14
6718,2019-08-07,24,23,-1
6719,2019-08-07,23,23,0
6720,2019-08-07,31,41,10
6721,2019-08-07,16,16,0
6722,2019-08-07,7,12,5
6723,2019-08-07,25,26,1
6724,2019-08-07,59,76,17
6725,2019-08-07,26,26,0
6726,2019-08-07,2,5,3
6727,2019-08-07,93,100,7
6728,2019-08-07,16,14,-2
6729,2019-08-07,113,129,16
6730,2019-08-07,10,18,8
6731,2019-08-07,13,10,-3
6732,2019-08-07,43,54,11
6733,2019-08-07,30,29,-1
6734,2019-08-07,38,32,-6
6735,2019-08-07,10,8,-2
6736,2019-08-07,8,18,10
6737,2019-08-07,16,23,7
6738,2019-08-07,79,76,-3
6739,2019-08-07,4,11,7
6741,2019-08-07,14,21,7
6742,2019-08-07,44,53,9
6743,2019-08-07,26,23,-3
6744,2019-08-07,15,20,5
6745,2019-08-07,37,27,-10
6746,2019-08-07,21,19,-2
6747,2019-08-07,45,54,9
6748,2019-08-07,66,91,25
6749,2019-08-07,42,48,6
6750,2019-08-07,49,49,0
6752,2019-08-07,24,31,7
6753,2019-08-07,31,35,4
6754,2019-08-07,24,16,-8
6901,2019-08-07,56,83,27
6902,2019-08-07,77,103,26
6903,2019-08-07,105,102,-3
6904,2019-08-07,32,28,-4
6905,2019-08-07,45,43,-2
6906,2019-08-07,182,116,-66
6907,2019-08-07,104,58,-46
6908,2019-08-07,52,46,-6
6910,2019-08-07,108,97,-11
6912,2019-08-07,154,102,-52
6913,2019-08-07,48,41,-7
6915,2019-08-07,78,64,-14
6916,2019-08-07,32,30,-2
6917,2019-08-07,20,20,0
6918,2019-08-07,21,19,-2
6919,2019-08-07,24,19,-5
6921,2019-08-07,89,100,11
6923,2019-08-07,39,42,3
6924,2019-08-07,19,19,0
6925,2019-08-07,37,39,2
6926,2019-08-07,80,74,-6
6927,2019-08-07,57,32,-25
6928,2019-08-07,23,9,-14
6929,2019-08-07,36,27,-9
6930,2019-08-07,22,32,10
7001,2019-08-07,36,42,6
7002,2019-08-07,14,11,-3
7003,2019-08-07,122,85,-37
7004,2019-08-07,8,18,10
7005,2019-08-07,3,6,3
7006,2019-08-07,13,21,8
7007,2019-08-07,10,16,6
7008,2019-08-07,30,26,-4
7009,2019-08-07,76,91,15
7010,2019-08-07,21,18,-3
7011,2019-08-07,82,97,15
7012,2019-08-07,35,42,7
7013,2019-08-07,26,31,5
7014,2019-08-07,64,40,-24
7015,2019-08-07,10,9,-1
7016,2019-08-07,16,8,-8
7017,2019-08-07,20,34,14
7018,2019-08-07,26,41,15
7019,2019-08-07,31,149,118
7020,2019-08-07,26,39,13
7021,2019-08-07,40,36,-4
7022,2019-08-07,35,46,11
7023,2019-08-07,2,4,2
7024,2019-08-07,54,44,-10
7025,2019-08-07,42,38,-4
7026,2019-08-07,74,75,1
7027,2019-08-07,53,47,-6
7028,2019-08-07,90,89,-1
7029,2019-08-07,52,42,-10
7030,2019-08-07,39,38,-1
7031,2019-08-07,35,33,-2
7032,2019-08-07,129,73,-56
7033,2019-08-07,57,47,-10
7034,2019-08-07,28,40,12
7035,2019-08-07,45,45,0
7036,2019-08-07,50,55,5
7037,2019-08-07,60,55,-5
7038,2019-08-07,69,58,-11
7039,2019-08-07,23,22,-1
7040,2019-08-07,73,94,21
7041,2019-08-07,128,113,-15
7042,2019-08-07,66,69,3
7043,2019-08-07,23,26,3
7044,2019-08-07,11,14,3
7045,2019-08-07,69,70,1
7046,2019-08-07,110,103,-7
7047,2019-08-07,127,188,61
7048,2019-08-07,20,26,6
7049,2019-08-07,17,17,0
7050,2019-08-07,22,23,1
7051,2019-08-07,10,7,-3
7052,2019-08-07,38,59,21
7053,2019-08-07,43,47,4
7054,2019-08-07,34,38,4
7055,2019-08-07,16,23,7
7056,2019-08-07,11,12,1
7057,2019-08-07,34,29,-5
7058,2019-08-07,34,34,0
7059,2019-08-07,34,38,4
7060,2019-08-07,38,39,1
7061,2019-08-07,42,36,-6
7062,2019-08-07,51,65,14
7063,2019-08-07,30,27,-3
7064,2019-08-07,33,34,1
7065,2019-08-07,31,31,0
7066,2019-08-07,78,158,80
7067,2019-08-07,64,66,2
7068,2019-08-07,63,71,8
7069,2019-08-07,101,111,10
7070,2019-08-07,34,42,8
7071,2019-08-07,73,46,-27
7072,2019-08-07,41,25,-16
7073,2019-08-07,54,62,8
7074,2019-08-07,34,40,6
7075,2019-08-07,5,10,5
7076,2019-08-07,70,59,-11
7077,2019-08-07,27,31,4
7078,2019-08-07,22,33,11
7079,2019-08-07,43,57,14
7080,2019-08-07,77,90,13
7081,2019-08-07,50,57,7
7082,2019-08-07,78,101,23
7083,2019-08-07,71,63,-8
7084,2019-08-07,80,80,0
7090,2019-08-07,16,15,-1
7091,2019-08-07,6,5,-1
7093,2019-08-07,5,9,4
7094,2019-08-07,3,6,3
7095,2019-08-07,24,22,-2
7096,2019-08-07,21,19,-2
7097,2019-08-07,13,12,-1
7098,2019-08-07,2,1,-1
7099,2019-08-07,10,11,1
7100,2019-08-07,5,7,2
7101,2019-08-07,7,7,0
7102,2019-08-07,20,32,12
7103,2019-08-07,4,3,-1
7104,2019-08-07,8,7,-1
7105,2019-08-07,9,10,1
7106,2019-08-07,1,1,0
7107,2019-08-07,1,2,1
7108,2019-08-07,3,3,0
7109,2019-08-07,10,10,0
7110,2019-08-07,8,6,-2
7111,2019-08-07,7,5,-2
7112,2019-08-07,10,12,2
7113,2019-08-07,44,44,0
7114,2019-08-07,91,114,23
7115,2019-08-07,18,11,-7
7116,2019-08-07,12,12,0
7117,2019-08-07,6,8,2
7118,2019-08-07,4,4,0
7119,2019-08-07,3,10,7
7120,2019-08-07,3,8,5
7121,2019-08-07,3,5,2
7122,2019-08-07,5,6,1
7123,2019-08-07,6,5,-1
7124,2019-08-07,20,15,-5
7125,2019-08-07,20,17,-3
7126,2019-08-07,6,5,-1
7127,2019-08-07,28,34,6
7128,2019-08-07,15,15,0
7129,2019-08-07,7,10,3
7130,2019-08-07,15,16,1
7131,2019-08-07,2,4,2
7132,2019-08-07,4,4,0
7133,2019-08-07,5,6,1
7134,2019-08-07,6,8,2
7135,2019-08-07,7,3,-4
7136,2019-08-07,6,10,4
7137,2019-08-07,4,5,1
7138,2019-08-07,4,3,-1
7139,2019-08-07,17,16,-1
7140,2019-08-07,24,27,3
7141,2019-08-07,33,33,0
7142,2019-08-07,8,10,2
7143,2019-08-07,13,17,4
7144,2019-08-07,55,59,4
7145,2019-08-07,23,24,1
7146,2019-08-07,20,24,4
7147,2019-08-07,80,80,0
7148,2019-08-07,5,8,3
7149,2019-08-07,18,20,2
10002,2019-08-07,111,123,12
4000,2019-08-08,58,75,17
4001,2019-08-08,12,14,2
4002,2019-08-08,17,19,2
5002,2019-08-08,2,2,0
5003,2019-08-08,2,2,0
5004,2019-08-08,6,4,-2
5005,2019-08-08,2,6,4
5006,2019-08-08,7,10,3
5007,2019-08-08,12,15,3
6001,2019-08-08,60,68,8
6002,2019-08-08,46,66,20
6003,2019-08-08,78,88,10
6004,2019-08-08,45,43,-2
6005,2019-08-08,89,79,-10
6006,2019-08-08,23,22,-1
6007,2019-08-08,57,58,1
6008,2019-08-08,46,73,27
6009,2019-08-08,55,56,1
6011,2019-08-08,72,97,25
6012,2019-08-08,165,215,50
6013,2019-08-08,45,58,13
6014,2019-08-08,66,87,21
6015,2019-08-08,194,270,76
6016,2019-08-08,10,9,-1
6017,2019-08-08,49,61,12
6018,2019-08-08,56,89,33
6019,2019-08-08,155,90,-65
6020,2019-08-08,89,119,30
6021,2019-08-08,69,56,-13
6022,2019-08-08,49,52,3
6023,2019-08-08,183,221,38
6024,2019-08-08,6,4,-2
6025,2019-08-08,44,43,-1
6026,2019-08-08,260,317,57
6027,2019-08-08,156,110,-46
6029,2019-08-08,19,28,9
6031,2019-08-08,41,42,1
6032,2019-08-08,78,135,57
6033,2019-08-08,22,12,-10
6034,2019-08-08,24,24,0
6035,2019-08-08,27,58,31
6036,2019-08-08,222,316,94
6037,2019-08-08,55,60,5
6038,2019-08-08,93,88,-5
6039,2019-08-08,82,86,4
6040,2019-08-08,54,65,11
6041,2019-08-08,81,88,7
6042,2019-08-08,94,93,-1
6043,2019-08-08,203,170,-33
6044,2019-08-08,72,56,-16
6046,2019-08-08,115,90,-25
6047,2019-08-08,68,31,-37
6048,2019-08-08,78,78,0
6050,2019-08-08,58,75,17
6051,2019-08-08,36,41,5
6052,2019-08-08,262,315,53
6053,2019-08-08,148,152,4
6057,2019-08-08,109,98,-11
6058,2019-08-08,83,61,-22
6059,2019-08-08,91,50,-41
6060,2019-08-08,40,40,0
6061,2019-08-08,88,65,-23
6062,2019-08-08,76,49,-27
6063,2019-08-08,98,74,-24
6064,2019-08-08,194,147,-47
6065,2019-08-08,63,46,-17
6066,2019-08-08,45,15,-30
6067,2019-08-08,111,91,-20
6068,2019-08-08,13,10,-3
6070,2019-08-08,176,149,-27
6072,2019-08-08,97,58,-39
6073,2019-08-08,167,129,-38
6075,2019-08-08,44,24,-20
6076,2019-08-08,23,30,7
6078,2019-08-08,88,78,-10
6079,2019-08-08,81,75,-6
6080,2019-08-08,128,130,2
6081,2019-08-08,51,40,-11
6082,2019-08-08,10,14,4
6083,2019-08-08,121,85,-36
6084,2019-08-08,71,68,-3
6085,2019-08-08,81,154,73
6086,2019-08-08,79,124,45
6087,2019-08-08,109,155,46
6088,2019-08-08,68,88,20
6089,2019-08-08,54,70,16
6090,2019-08-08,83,85,2
6091,2019-08-08,56,53,-3
6092,2019-08-08,79,66,-13
6093,2019-08-08,29,19,-10
6094,2019-08-08,57,42,-15
6095,2019-08-08,113,93,-20
6096,2019-08-08,33,54,21
6097,2019-08-08,90,52,-38
6098,2019-08-08,62,35,-27
6099,2019-08-08,107,162,55
6100,2019-08-08,223,210,-13
6101,2019-08-08,51,21,-30
6102,2019-08-08,46,43,-3
6103,2019-08-08,17,12,-5
6104,2019-08-08,76,108,32
6105,2019-08-08,48,66,18
6106,2019-08-08,31,39,8
6107,2019-08-08,98,89,-9
6108,2019-08-08,40,45,5
6109,2019-08-08,25,26,1
6110,2019-08-08,30,40,10
6111,2019-08-08,50,66,16
6112,2019-08-08,107,122,15
6113,2019-08-08,38,60,22
6114,2019-08-08,127,182,55
6115,2019-08-08,14,22,8
6116,2019-08-08,55,74,19
6117,2019-08-08,94,64,-30
6118,2019-08-08,85,126,41
6119,2019-08-08,73,116,43
6120,2019-08-08,77,138,61
6121,2019-08-08,25,45,20
6122,2019-08-08,23,25,2
6123,2019-08-08,34,47,13
6124,2019-08-08,35,66,31
6125,2019-08-08,30,27,-3
6126,2019-08-08,45,53,8
6127,2019-08-08,64,44,-20
6128,2019-08-08,22,28,6
6129,2019-08-08,82,72,-10
6130,2019-08-08,22,24,2
6131,2019-08-08,88,62,-26
6132,2019-08-08,53,82,29
6133,2019-08-08,70,81,11
6134,2019-08-08,49,47,-2
6136,2019-08-08,301,218,-83
6137,2019-08-08,75,89,14
6138,2019-08-08,77,71,-6
6139,2019-08-08,54,47,-7
6140,2019-08-08,75,85,10
6141,2019-08-08,58,62,4
6142,2019-08-08,98,76,-22
6143,2019-08-08,97,104,7
6145,2019-08-08,75,56,-19
6146,2019-08-08,79,57,-22
6147,2019-08-08,81,62,-19
6148,2019-08-08,146,106,-40
6149,2019-08-08,44,51,7
6150,2019-08-08,69,69,0
6151,2019-08-08,81,84,3
6152,2019-08-08,163,153,-10
6153,2019-08-08,65,52,-13
6154,2019-08-08,181,184,3
6155,2019-08-08,153,145,-8
6156,2019-08-08,85,88,3
6157,2019-08-08,123,103,-20
6158,2019-08-08,78,87,9
6159,2019-08-08,36,45,9
6160,2019-08-08,53,56,3
6161,2019-08-08,51,60,9
6162,2019-08-08,15,16,1
6163,2019-08-08,107,125,18
6164,2019-08-08,72,87,15
6165,2019-08-08,120,150,30
6166,2019-08-08,74,71,-3
6167,2019-08-08,45,51,6
6168,2019-08-08,59,33,-26
6169,2019-08-08,179,166,-13
6170,2019-08-08,79,75,-4
6171,2019-08-08,50,59,9
6173,2019-08-08,131,93,-38
6174,2019-08-08,107,98,-9
6175,2019-08-08,101,64,-37
6176,2019-08-08,99,93,-6
6177,2019-08-08,99,83,-16
6178,2019-08-08,149,147,-2
6179,2019-08-08,83,74,-9
6180,2019-08-08,54,54,0
6181,2019-08-08,104,90,-14
6182,2019-08-08,77,54,-23
6183,2019-08-08,96,86,-10
6184,2019-08-08,251,221,-30
6185,2019-08-08,20,17,-3
6186,2019-08-08,80,67,-13
6187,2019-08-08,146,162,16
6188,2019-08-08,44,55,11
6189,2019-08-08,25,22,-3
6190,2019-08-08,101,68,-33
6191,2019-08-08,70,54,-16
6192,2019-08-08,48,37,-11
6193,2019-08-08,135,134,-1
6194,2019-08-08,172,141,-31
6195,2019-08-08,89,42,-47
6196,2019-08-08,120,117,-3
6197,2019-08-08,54,48,-6
6198,2019-08-08,26,15,-11
6199,2019-08-08,116,104,-12
6200,2019-08-08,135,120,-15
6201,2019-08-08,74,62,-12
6202,2019-08-08,128,111,-17
6203,2019-08-08,31,17,-14
6204,2019-08-08,95,81,-14
6205,2019-08-08,96,79,-17
6206,2019-08-08,128,118,-10
6207,2019-08-08,42,46,4
6208,2019-08-08,75,73,-2
6209,2019-08-08,115,101,-14
6210,2019-08-08,29,29,0
6211,2019-08-08,168,159,-9
6212,2019-08-08,88,67,-21
6213,2019-08-08,126,112,-14
6214,2019-08-08,89,90,1
6215,2019-08-08,73,70,-3
6216,2019-08-08,166,100,-66
6217,2019-08-08,97,67,-30
6218,2019-08-08,73,57,-16
6219,2019-08-08,89,69,-20
6220,2019-08-08,102,80,-22
6221,2019-08-08,186,175,-11
6222,2019-08-08,89,59,-30
6223,2019-08-08,113,60,-53
6224,2019-08-08,93,78,-15
6225,2019-08-08,75,53,-22
6226,2019-08-08,34,24,-10
6227,2019-08-08,122,124,2
6228,2019-08-08,28,16,-12
6229,2019-08-08,69,54,-15
6230,2019-08-08,140,107,-33
6231,2019-08-08,119,99,-20
6232,2019-08-08,47,34,-13
6233,2019-08-08,148,120,-28
6234,2019-08-08,60,68,8
6235,2019-08-08,100,77,-23
6236,2019-08-08,79,91,12
6237,2019-08-08,77,78,1
6240,2019-08-08,15,20,5
6241,2019-08-08,48,56,8
6243,2019-08-08,76,63,-13
6245,2019-08-08,42,38,-4
6246,2019-08-08,52,52,0
6247,2019-08-08,137,118,-19
6248,2019-08-08,164,140,-24
6249,2019-08-08,69,58,-11
6250,2019-08-08,115,99,-16
6251,2019-08-08,34,27,-7
6252,2019-08-08,76,47,-29
6253,2019-08-08,41,37,-4
6254,2019-08-08,72,60,-12
6255,2019-08-08,77,80,3
6257,2019-08-08,35,35,0
6258,2019-08-08,67,74,7
6259,2019-08-08,48,46,-2
6260,2019-08-08,55,56,1
6261,2019-08-08,60,61,1
6262,2019-08-08,55,56,1
6263,2019-08-08,15,24,9
6265,2019-08-08,61,63,2
6267,2019-08-08,62,65,3
6268,2019-08-08,63,65,2
6270,2019-08-08,46,43,-3
6271,2019-08-08,2,3,1
6272,2019-08-08,35,37,2
6273,2019-08-08,31,31,0
6274,2019-08-08,45,49,4
6275,2019-08-08,35,30,-5
6276,2019-08-08,61,57,-4
6277,2019-08-08,78,75,-3
6278,2019-08-08,19,24,5
6279,2019-08-08,25,20,-5
6280,2019-08-08,102,84,-18
6281,2019-08-08,34,18,-16
6301,2019-08-08,19,31,12
6302,2019-08-08,21,11,-10
6303,2019-08-08,16,17,1
6304,2019-08-08,7,10,3
6305,2019-08-08,24,12,-12
6306,2019-08-08,59,19,-40
6307,2019-08-08,68,54,-14
6309,2019-08-08,20,27,7
6310,2019-08-08,69,33,-36
6311,2019-08-08,49,36,-13
6312,2019-08-08,26,31,5
6313,2019-08-08,45,67,22
6314,2019-08-08,54,57,3
6315,2019-08-08,94,49,-45
6316,2019-08-08,40,20,-20
6321,2019-08-08,125,159,34
6322,2019-08-08,55,52,-3
6323,2019-08-08,11,7,-4
6324,2019-08-08,27,32,5
6327,2019-08-08,50,39,-11
6328,2019-08-08,39,40,1
6329,2019-08-08,25,21,-4
6330,2019-08-08,19,23,4
6331,2019-08-08,29,19,-10
6332,2019-08-08,37,39,2
6333,2019-08-08,21,27,6
6334,2019-08-08,80,80,0
6335,2019-08-08,36,39,3
6336,2019-08-08,34,32,-2
6338,2019-08-08,28,34,6
6339,2019-08-08,18,22,4
6340,2019-08-08,31,26,-5
6341,2019-08-08,38,51,13
6343,2019-08-08,34,35,1
6344,2019-08-08,45,53,8
6345,2019-08-08,20,22,2
6346,2019-08-08,9,10,1
6347,2019-08-08,29,28,-1
6349,2019-08-08,30,40,10
6350,2019-08-08,45,48,3
6354,2019-08-08,37,33,-4
6355,2019-08-08,27,52,25
6356,2019-08-08,34,23,-11
6357,2019-08-08,18,20,2
6358,2019-08-08,29,32,3
6359,2019-08-08,103,103,0
6360,2019-08-08,26,31,5
6361,2019-08-08,35,41,6
6362,2019-08-08,53,56,3
6363,2019-08-08,18,19,1
6364,2019-08-08,45,47,2
6366,2019-08-08,26,20,-6
6367,2019-08-08,26,21,-5
6368,2019-08-08,62,69,7
6369,2019-08-08,42,65,23
6370,2019-08-08,48,47,-1
6371,2019-08-08,81,85,4
6372,2019-08-08,71,95,24
6373,2019-08-08,30,36,6
6374,2019-08-08,41,29,-12
6375,2019-08-08,55,65,10
6376,2019-08-08,26,30,4
6377,2019-08-08,32,42,10
6379,2019-08-08,24,33,9
6380,2019-08-08,19,31,12
6381,2019-08-08,63,54,-9
6383,2019-08-08,30,29,-1
6384,2019-08-08,27,21,-6
6385,2019-08-08,60,61,1
6386,2019-08-08,73,97,24
6387,2019-08-08,82,83,1
6388,2019-08-08,30,43,13
6389,2019-08-08,61,41,-20
6391,2019-08-08,57,78,21
6393,2019-08-08,60,88,28
6394,2019-08-08,77,126,49
6395,2019-08-08,95,82,-13
6396,2019-08-08,86,87,1
6397,2019-08-08,44,107,63
6398,2019-08-08,36,57,21
6401,2019-08-08,64,85,21
6402,2019-08-08,43,57,14
6403,2019-08-08,25,34,9
6404,2019-08-08,13,19,6
6405,2019-08-08,46,66,20
6406,2019-08-08,121,164,43
6407,2019-08-08,17,26,9
6408,2019-08-08,57,55,-2
6409,2019-08-08,33,37,4
6410,2019-08-08,52,50,-2
6411,2019-08-08,114,110,-4
6412,2019-08-08,21,23,2
6413,2019-08-08,25,25,0
6414,2019-08-08,14,27,13
6415,2019-08-08,23,24,1
6416,2019-08-08,18,11,-7
6417,2019-08-08,22,32,10
6418,2019-08-08,7,8,1
6419,2019-08-08,13,16,3
6420,2019-08-08,27,29,2
6421,2019-08-08,46,46,0
6422,2019-08-08,19,17,-2
6423,2019-08-08,25,12,-13
6424,2019-08-08,58,76,18
6425,2019-08-08,43,39,-4
6426,2019-08-08,69,68,-1
6427,2019-08-08,53,73,20
6428,2019-08-08,9,19,10
6429,2019-08-08,34,53,19
6432,2019-08-08,93,90,-3
6433,2019-08-08,39,34,-5
6434,2019-08-08,77,77,0
6435,2019-08-08,51,52,1
6436,2019-08-08,24,30,6
6501,2019-08-08,125,157,32
6502,2019-08-08,35,32,-3
6503,2019-08-08,49,49,0
6504,2019-08-08,13,8,-5
6700,2019-08-08,26,40,14
6701,2019-08-08,44,46,2
6702,2019-08-08,22,16,-6
6703,2019-08-08,61,55,-6
6704,2019-08-08,29,26,-3
6705,2019-08-08,7,20,13
6706,2019-08-08,20,29,9
6707,2019-08-08,29,29,0
6708,2019-08-08,52,63,11
6709,2019-08-08,20,25,5
6710,2019-08-08,14,17,3
6711,2019-08-08,23,33,10
6712,2019-08-08,17,19,2
6713,2019-08-08,14,16,2
6714,2019-08-08,2,3,1
6715,2019-08-08,32,29,-3
6716,2019-08-08,10,16,6
6717,2019-08-08,13,13,0
6718,2019-08-08,24,31,7
6719,2019-08-08,22,24,2
6720,2019-08-08,35,46,11
6721,2019-08-08,19,20,1
6722,2019-08-08,10,17,7
6723,2019-08-08,18,20,2
6724,2019-08-08,51,65,14
6725,2019-08-08,25,19,-6
6726,2019-08-08,2,14,12
6727,2019-08-08,87,89,2
6728,2019-08-08,22,17,-5
6729,2019-08-08,143,155,12
6730,2019-08-08,25,14,-11
6731,2019-08-08,12,14,2
6732,2019-08-08,29,42,13
6733,2019-08-08,38,33,-5
6734,2019-08-08,47,48,1
6735,2019-08-08,16,14,-2
6736,2019-08-08,19,22,3
6737,2019-08-08,16,20,4
6738,2019-08-08,90,67,-23
6739,2019-08-08,11,12,1
6741,2019-08-08,13,14,1
6742,2019-08-08,51,53,2
6743,2019-08-08,33,19,-14
6744,2019-08-08,17,18,1
6745,2019-08-08,31,18,-13
6746,2019-08-08,21,15,-6
6747,2019-08-08,59,59,0
6748,2019-08-08,66,91,25
6749,2019-08-08,46,46,0
6750,2019-08-08,53,46,-7
6752,2019-08-08,26,29,3
6753,2019-08-08,19,23,4
6754,2019-08-08,26,32,6
6901,2019-08-08,62,78,16
6902,2019-08-08,65,93,28
6903,2019-08-08,121,105,-16
6904,2019-08-08,25,24,-1
6905,2019-08-08,38,40,2
6906,2019-08-08,177,89,-88
6907,2019-08-08,104,93,-11
6908,2019-08-08,59,66,7
6910,2019-08-08,125,114,-11
6912,2019-08-08,170,121,-49
6913,2019-08-08,59,50,-9
6915,2019-08-08,112,110,-2
6916,2019-08-08,43,42,-1
6917,2019-08-08,18,17,-1
6918,2019-08-08,19,21,2
6919,2019-08-08,20,15,-5
6921,2019-08-08,82,89,7
6923,2019-08-08,35,34,-1
6924,2019-08-08,23,23,0
6925,2019-08-08,38,41,3
6926,2019-08-08,64,66,2
6927,2019-08-08,65,41,-24
6928,2019-08-08,38,9,-29
6929,2019-08-08,38,35,-3
6930,2019-08-08,23,14,-9
7001,2019-08-08,42,42,0
7002,2019-08-08,12,14,2
7003,2019-08-08,121,95,-26
7004,2019-08-08,10,10,0
7005,2019-08-08,6,7,1
7006,2019-08-08,14,16,2
7007,2019-08-08,14,21,7
7008,2019-08-08,25,26,1
7009,2019-08-08,117,135,18
7010,2019-08-08,20,18,-2
7011,2019-08-08,75,88,13
7012,2019-08-08,32,55,23
7013,2019-08-08,31,26,-5
7014,2019-08-08,74,46,-28
7015,2019-08-08,16,20,4
7016,2019-08-08,9,11,2
7017,2019-08-08,30,36,6
7018,2019-08-08,45,74,29
7019,2019-08-08,112,113,1
7020,2019-08-08,16,19,3
7021,2019-08-08,40,38,-2
7022,2019-08-08,31,24,-7
7023,2019-08-08,5,9,4
7024,2019-08-08,52,38,-14
7025,2019-08-08,82,75,-7
7026,2019-08-08,72,68,-4
7027,2019-08-08,45,53,8
7028,2019-08-08,126,123,-3
7029,2019-08-08,43,48,5
7030,2019-08-08,49,52,3
7031,2019-08-08,41,42,1
7032,2019-08-08,74,49,-25
7033,2019-08-08,83,76,-7
7034,2019-08-08,42,64,22
7035,2019-08-08,45,52,7
7036,2019-08-08,56,55,-1
7037,2019-08-08,59,56,-3
7038,2019-08-08,60,57,-3
7039,2019-08-08,37,37,0
7040,2019-08-08,61,69,8
7041,2019-08-08,140,104,-36
7042,2019-08-08,52,56,4
7043,2019-08-08,23,21,-2
7044,2019-08-08,8,10,2
7045,2019-08-08,66,55,-11
7046,2019-08-08,107,89,-18
7047,2019-08-08,103,167,64
7048,2019-08-08,20,19,-1
7049,2019-08-08,18,30,12
7050,2019-08-08,34,36,2
7051,2019-08-08,4,9,5
7052,2019-08-08,47,49,2
7053,2019-08-08,43,43,0
7054,2019-08-08,42,58,16
7055,2019-08-08,27,32,5
7056,2019-08-08,10,14,4
7057,2019-08-08,28,40,12
7058,2019-08-08,24,35,11
7059,2019-08-08,19,34,15
7060,2019-08-08,25,40,15
7061,2019-08-08,26,23,-3
7062,2019-08-08,60,58,-2
7063,2019-08-08,21,26,5
7064,2019-08-08,27,26,-1
7065,2019-08-08,23,26,3
7066,2019-08-08,85,125,40
7067,2019-08-08,83,71,-12
7068,2019-08-08,72,93,21
7069,2019-08-08,126,141,15
7070,2019-08-08,40,44,4
7071,2019-08-08,59,40,-19
7072,2019-08-08,39,34,-5
7073,2019-08-08,60,77,17
7074,2019-08-08,36,43,7
7075,2019-08-08,10,9,-1
7076,2019-08-08,72,57,-15
7077,2019-08-08,34,32,-2
7078,2019-08-08,19,30,11
7079,2019-08-08,47,53,6
7080,2019-08-08,88,78,-10
7081,2019-08-08,85,87,2
7082,2019-08-08,60,75,15
7083,2019-08-08,45,40,-5
7084,2019-08-08,79,81,2
7086,2019-08-08,1,1,0
7087,2019-08-08,1,2,1
7090,2019-08-08,11,15,4
7091,2019-08-08,7,11,4
7093,2019-08-08,4,13,9
7094,2019-08-08,5,2,-3
7095,2019-08-08,20,22,2
7096,2019-08-08,27,28,1
7097,2019-08-08,14,10,-4
7098,2019-08-08,2,2,0
7099,2019-08-08,6,7,1
7100,2019-08-08,7,9,2
7101,2019-08-08,7,7,0
7102,2019-08-08,14,24,10
7103,2019-08-08,13,19,6
7104,2019-08-08,1,1,0
7105,2019-08-08,22,21,-1
7106,2019-08-08,3,4,1
7107,2019-08-08,4,2,-2
7108,2019-08-08,7,7,0
7109,2019-08-08,15,9,-6
7110,2019-08-08,5,5,0
7111,2019-08-08,3,4,1
7112,2019-08-08,15,13,-2
7113,2019-08-08,60,68,8
7114,2019-08-08,122,146,24
7115,2019-08-08,15,12,-3
7116,2019-08-08,11,15,4
7118,2019-08-08,4,2,-2
7119,2019-08-08,9,9,0
7120,2019-08-08,4,7,3
7121,2019-08-08,4,6,2
7122,2019-08-08,6,5,-1
7123,2019-08-08,3,5,2
7124,2019-08-08,13,20,7
7125,2019-08-08,31,26,-5
7126,2019-08-08,6,6,0
7127,2019-08-08,38,38,0
7128,2019-08-08,14,16,2
7129,2019-08-08,11,10,-1
7130,2019-08-08,12,12,0
7132,2019-08-08,6,4,-2
7133,2019-08-08,7,9,2
7134,2019-08-08,4,4,0
7135,2019-08-08,1,3,2
7136,2019-08-08,7,6,-1
7137,2019-08-08,7,6,-1
7138,2019-08-08,2,3,1
7139,2019-08-08,58,55,-3
7140,2019-08-08,35,47,12
7141,2019-08-08,36,31,-5
7142,2019-08-08,12,16,4
7143,2019-08-08,18,15,-3
7144,2019-08-08,38,50,12
7145,2019-08-08,11,15,4
7146,2019-08-08,24,36,12
7147,2019-08-08,72,73,1
7148,2019-08-08,9,17,8
7149,2019-08-08,17,17,0
10002,2019-08-08,110,115,5
4000,2019-08-09,52,67,15
4001,2019-08-09,13,16,3
4002,2019-08-09,21,23,2
5002,2019-08-09,3,2,-1
5004,2019-08-09,1,2,1
5005,2019-08-09,1,4,3
5006,2019-08-09,4,4,0
5007,2019-08-09,14,16,2
6001,2019-08-09,58,100,42
6002,2019-08-09,53,50,-3
6003,2019-08-09,65,88,23
6004,2019-08-09,51,61,10
6005,2019-08-09,105,117,12
6006,2019-08-09,38,18,-20
6007,2019-08-09,32,44,12
6008,2019-08-09,46,55,9
6009,2019-08-09,89,89,0
6011,2019-08-09,59,68,9
6012,2019-08-09,124,224,100
6013,2019-08-09,47,60,13
6014,2019-08-09,61,76,15
6015,2019-08-09,147,274,127
6016,2019-08-09,11,21,10
6017,2019-08-09,46,57,11
6018,2019-08-09,59,68,9
6019,2019-08-09,147,98,-49
6020,2019-08-09,63,76,13
6021,2019-08-09,54,54,0
6022,2019-08-09,52,49,-3
6023,2019-08-09,162,235,73
6024,2019-08-09,5,3,-2
6025,2019-08-09,35,41,6
6026,2019-08-09,154,260,106
6027,2019-08-09,109,132,23
6029,2019-08-09,25,30,5
6031,2019-08-09,31,52,21
6032,2019-08-09,60,140,80
6033,2019-08-09,7,7,0
6034,2019-08-09,26,26,0
6035,2019-08-09,19,69,50
6036,2019-08-09,198,314,116
6037,2019-08-09,56,65,9
6038,2019-08-09,103,123,20
6039,2019-08-09,101,129,28
6040,2019-08-09,87,94,7
6041,2019-08-09,88,91,3
6042,2019-08-09,83,92,9
6043,2019-08-09,151,350,199
6044,2019-08-09,87,79,-8
6046,2019-08-09,111,127,16
6047,2019-08-09,73,43,-30
6048,2019-08-09,68,82,14
6050,2019-08-09,56,61,5
6051,2019-08-09,30,27,-3
6052,2019-08-09,255,370,115
6053,2019-08-09,175,197,22
6057,2019-08-09,69,62,-7
6058,2019-08-09,68,79,11
6059,2019-08-09,91,58,-33
6060,2019-08-09,33,26,-7
6061,2019-08-09,90,77,-13
6062,2019-08-09,61,42,-19
6063,2019-08-09,70,72,2
6064,2019-08-09,156,143,-13
6065,2019-08-09,72,50,-22
6066,2019-08-09,24,17,-7
6067,2019-08-09,106,136,30
6068,2019-08-09,13,15,2
6070,2019-08-09,146,137,-9
6072,2019-08-09,77,75,-2
6073,2019-08-09,134,149,15
6075,2019-08-09,53,31,-22
6076,2019-08-09,25,32,7
6078,2019-08-09,64,59,-5
6079,2019-08-09,61,53,-8
6080,2019-08-09,141,150,9
6081,2019-08-09,45,39,-6
6082,2019-08-09,14,9,-5
6083,2019-08-09,136,159,23
6084,2019-08-09,61,86,25
6085,2019-08-09,88,140,52
6086,2019-08-09,60,90,30
6087,2019-08-09,114,148,34
6088,2019-08-09,63,71,8
6089,2019-08-09,52,52,0
6090,2019-08-09,60,59,-1
6091,2019-08-09,47,40,-7
6092,2019-08-09,64,69,5
6093,2019-08-09,30,19,-11
6094,2019-08-09,43,42,-1
6095,2019-08-09,112,92,-20
6096,2019-08-09,40,69,29
6097,2019-08-09,79,57,-22
6098,2019-08-09,57,23,-34
6099,2019-08-09,92,148,56
6100,2019-08-09,191,210,19
6101,2019-08-09,39,21,-18
6102,2019-08-09,43,26,-17
6103,2019-08-09,23,27,4
6104,2019-08-09,101,109,8
6105,2019-08-09,58,71,13
6106,2019-08-09,26,42,16
6107,2019-08-09,84,67,-17
6108,2019-08-09,39,61,22
6109,2019-08-09,17,20,3
6110,2019-08-09,41,46,5
6111,2019-08-09,39,55,16
6112,2019-08-09,104,127,23
6113,2019-08-09,51,55,4
6114,2019-08-09,180,199,19
6115,2019-08-09,16,20,4
6116,2019-08-09,53,72,19
6117,2019-08-09,77,91,14
6118,2019-08-09,78,104,26
6119,2019-08-09,104,142,38
6120,2019-08-09,65,88,23
6121,2019-08-09,20,34,14
6122,2019-08-09,26,26,0
6123,2019-08-09,23,30,7
6124,2019-08-09,44,66,22
6125,2019-08-09,34,23,-11
6126,2019-08-09,46,65,19
6127,2019-08-09,59,50,-9
6128,2019-08-09,37,37,0
6129,2019-08-09,69,63,-6
6130,2019-08-09,34,17,-17
6131,2019-08-09,88,43,-45
6132,2019-08-09,60,79,19
6133,2019-08-09,66,52,-14
6134,2019-08-09,48,45,-3
6136,2019-08-09,273,233,-40
6137,2019-08-09,81,79,-2
6138,2019-08-09,67,60,-7
6139,2019-08-09,56,48,-8
6140,2019-08-09,107,96,-11
6141,2019-08-09,57,35,-22
6142,2019-08-09,84,62,-22
6143,2019-08-09,108,104,-4
6145,2019-08-09,58,56,-2
6146,2019-08-09,49,34,-15
6147,2019-08-09,93,54,-39
6148,2019-08-09,125,122,-3
6149,2019-08-09,40,30,-10
6150,2019-08-09,76,63,-13
6151,2019-08-09,79,70,-9
6152,2019-08-09,124,107,-17
6153,2019-08-09,60,60,0
6154,2019-08-09,162,161,-1
6155,2019-08-09,142,119,-23
6156,2019-08-09,85,71,-14
6157,2019-08-09,140,124,-16
6158,2019-08-09,68,67,-1
6159,2019-08-09,43,43,0
6160,2019-08-09,48,35,-13
6161,2019-08-09,51,36,-15
6162,2019-08-09,12,12,0
6163,2019-08-09,142,120,-22
6164,2019-08-09,80,76,-4
6165,2019-08-09,161,190,29
6166,2019-08-09,95,60,-35
6167,2019-08-09,46,53,7
6168,2019-08-09,49,42,-7
6169,2019-08-09,179,148,-31
6170,2019-08-09,65,58,-7
6171,2019-08-09,42,52,10
6173,2019-08-09,105,69,-36
6174,2019-08-09,113,85,-28
6175,2019-08-09,98,55,-43
6176,2019-08-09,108,107,-1
6177,2019-08-09,73,72,-1
6178,2019-08-09,134,138,4
6179,2019-08-09,89,83,-6
6180,2019-08-09,85,99,14
6181,2019-08-09,124,87,-37
6182,2019-08-09,52,42,-10
6183,2019-08-09,94,89,-5
6184,2019-08-09,248,226,-22
6185,2019-08-09,23,24,1
6186,2019-08-09,70,53,-17
6187,2019-08-09,119,112,-7
6188,2019-08-09,41,35,-6
6189,2019-08-09,25,28,3
6190,2019-08-09,112,60,-52
6191,2019-08-09,81,67,-14
6192,2019-08-09,39,31,-8
6193,2019-08-09,122,109,-13
6194,2019-08-09,144,127,-17
6195,2019-08-09,81,56,-25
6196,2019-08-09,129,95,-34
6197,2019-08-09,44,33,-11
6198,2019-08-09,34,23,-11
6199,2019-08-09,125,103,-22
6200,2019-08-09,102,102,0
6201,2019-08-09,84,63,-21
6202,2019-08-09,92,90,-2
6203,2019-08-09,47,33,-14
6204,2019-08-09,108,101,-7
6205,2019-08-09,93,85,-8
6206,2019-08-09,153,144,-9
6207,2019-08-09,52,42,-10
6208,2019-08-09,80,82,2
6209,2019-08-09,131,92,-39
6210,2019-08-09,41,42,1
6211,2019-08-09,188,173,-15
6212,2019-08-09,96,66,-30
6213,2019-08-09,107,112,5
6214,2019-08-09,88,72,-16
6215,2019-08-09,83,71,-12
6216,2019-08-09,123,75,-48
6217,2019-08-09,93,74,-19
6218,2019-08-09,70,53,-17
6219,2019-08-09,66,59,-7
6220,2019-08-09,98,64,-34
6221,2019-08-09,201,166,-35
6222,2019-08-09,97,64,-33
6223,2019-08-09,95,76,-19
6224,2019-08-09,81,50,-31
6225,2019-08-09,66,39,-27
6226,2019-08-09,29,33,4
6227,2019-08-09,172,153,-19
6228,2019-08-09,42,37,-5
6229,2019-08-09,68,46,-22
6230,2019-08-09,110,96,-14
6231,2019-08-09,141,110,-31
6232,2019-08-09,26,25,-1
6233,2019-08-09,105,118,13
6234,2019-08-09,65,59,-6
6235,2019-08-09,97,76,-21
6236,2019-08-09,75,80,5
6237,2019-08-09,75,65,-10
6240,2019-08-09,22,13,-9
6241,2019-08-09,56,48,-8
6243,2019-08-09,56,56,0
6245,2019-08-09,48,45,-3
6246,2019-08-09,57,50,-7
6247,2019-08-09,136,120,-16
6248,2019-08-09,149,124,-25
6249,2019-08-09,70,54,-16
6250,2019-08-09,124,109,-15
6251,2019-08-09,35,32,-3
6252,2019-08-09,67,55,-12
6253,2019-08-09,58,58,0
6254,2019-08-09,94,86,-8
6255,2019-08-09,82,68,-14
6257,2019-08-09,55,47,-8
6258,2019-08-09,91,64,-27
6259,2019-08-09,53,38,-15
6260,2019-08-09,62,51,-11
6261,2019-08-09,49,48,-1
6262,2019-08-09,64,66,2
6263,2019-08-09,21,17,-4
6265,2019-08-09,58,47,-11
6267,2019-08-09,66,55,-11
6268,2019-08-09,71,73,2
6270,2019-08-09,48,40,-8
6271,2019-08-09,1,0,-1
6272,2019-08-09,31,25,-6
6273,2019-08-09,41,36,-5
6274,2019-08-09,52,42,-10
6275,2019-08-09,34,33,-1
6276,2019-08-09,54,38,-16
6277,2019-08-09,65,62,-3
6278,2019-08-09,32,23,-9
6279,2019-08-09,19,16,-3
6280,2019-08-09,88,92,4
6281,2019-08-09,26,15,-11
6301,2019-08-09,32,25,-7
6302,2019-08-09,22,13,-9
6303,2019-08-09,20,14,-6
6304,2019-08-09,17,12,-5
6305,2019-08-09,16,12,-4
6306,2019-08-09,36,18,-18
6307,2019-08-09,87,84,-3
6309,2019-08-09,21,24,3
6310,2019-08-09,55,21,-34
6311,2019-08-09,59,45,-14
6312,2019-08-09,22,37,15
6313,2019-08-09,50,57,7
6314,2019-08-09,58,36,-22
6315,2019-08-09,73,53,-20
6316,2019-08-09,35,11,-24
6321,2019-08-09,103,122,19
6322,2019-08-09,38,35,-3
6323,2019-08-09,14,12,-2
6324,2019-08-09,22,21,-1
6327,2019-08-09,43,37,-6
6328,2019-08-09,56,42,-14
6329,2019-08-09,38,32,-6
6330,2019-08-09,25,22,-3
6331,2019-08-09,25,18,-7
6332,2019-08-09,33,43,10
6333,2019-08-09,29,29,0
6334,2019-08-09,58,67,9
6335,2019-08-09,42,31,-11
6336,2019-08-09,35,30,-5
6338,2019-08-09,35,30,-5
6339,2019-08-09,29,20,-9
6340,2019-08-09,37,24,-13
6341,2019-08-09,27,35,8
6343,2019-08-09,42,41,-1
6344,2019-08-09,65,62,-3
6345,2019-08-09,17,18,1
6346,2019-08-09,17,11,-6
6347,2019-08-09,28,23,-5
6349,2019-08-09,27,23,-4
6350,2019-08-09,29,48,19
6354,2019-08-09,33,32,-1
6355,2019-08-09,26,31,5
6356,2019-08-09,35,18,-17
6357,2019-08-09,24,19,-5
6358,2019-08-09,33,29,-4
6359,2019-08-09,101,125,24
6360,2019-08-09,31,23,-8
6361,2019-08-09,57,52,-5
6362,2019-08-09,47,43,-4
6363,2019-08-09,27,25,-2
6364,2019-08-09,37,32,-5
6366,2019-08-09,29,21,-8
6367,2019-08-09,19,13,-6
6368,2019-08-09,61,56,-5
6369,2019-08-09,39,35,-4
6370,2019-08-09,47,29,-18
6371,2019-08-09,79,65,-14
6372,2019-08-09,75,91,16
6373,2019-08-09,38,27,-11
6374,2019-08-09,45,34,-11
6375,2019-08-09,68,89,21
6376,2019-08-09,33,22,-11
6377,2019-08-09,37,39,2
6379,2019-08-09,30,36,6
6380,2019-08-09,29,23,-6
6381,2019-08-09,52,57,5
6383,2019-08-09,25,21,-4
6384,2019-08-09,27,10,-17
6385,2019-08-09,52,49,-3
6386,2019-08-09,65,86,21
6387,2019-08-09,74,89,15
6388,2019-08-09,30,26,-4
6389,2019-08-09,45,37,-8
6391,2019-08-09,53,71,18
6393,2019-08-09,74,93,19
6394,2019-08-09,76,90,14
6395,2019-08-09,69,78,9
6396,2019-08-09,82,72,-10
6397,2019-08-09,54,54,0
6398,2019-08-09,39,52,13
6401,2019-08-09,58,74,16
6402,2019-08-09,46,53,7
6403,2019-08-09,25,31,6
6404,2019-08-09,10,20,10
6405,2019-08-09,48,54,6
6406,2019-08-09,155,199,44
6407,2019-08-09,18,20,2
6408,2019-08-09,59,59,0
6409,2019-08-09,24,24,0
6410,2019-08-09,47,56,9
6411,2019-08-09,154,124,-30
6412,2019-08-09,24,27,3
6413,2019-08-09,26,65,39
6414,2019-08-09,18,26,8
6415,2019-08-09,33,24,-9
6416,2019-08-09,17,6,-11
6417,2019-08-09,28,25,-3
6418,2019-08-09,8,7,-1
6419,2019-08-09,12,16,4
6420,2019-08-09,24,25,1
6421,2019-08-09,52,46,-6
6422,2019-08-09,13,11,-2
6423,2019-08-09,13,11,-2
6424,2019-08-09,41,87,46
6425,2019-08-09,34,33,-1
6426,2019-08-09,64,73,9
6427,2019-08-09,65,62,-3
6428,2019-08-09,15,15,0
6429,2019-08-09,33,37,4
6432,2019-08-09,90,75,-15
6433,2019-08-09,36,20,-16
6434,2019-08-09,74,66,-8
6435,2019-08-09,45,38,-7
6436,2019-08-09,19,15,-4
6501,2019-08-09,120,148,28
6502,2019-08-09,25,24,-1
6503,2019-08-09,82,73,-9
6504,2019-08-09,18,17,-1
6700,2019-08-09,23,38,15
6701,2019-08-09,64,58,-6
6702,2019-08-09,18,14,-4
6703,2019-08-09,48,57,9
6704,2019-08-09,38,34,-4
6705,2019-08-09,13,11,-2
6706,2019-08-09,14,16,2
6707,2019-08-09,23,23,0
6708,2019-08-09,44,93,49
6709,2019-08-09,29,27,-2
6710,2019-08-09,14,19,5
6711,2019-08-09,17,25,8
6712,2019-08-09,22,23,1
6713,2019-08-09,16,16,0
6714,2019-08-09,3,3,0
6715,2019-08-09,14,17,3
6716,2019-08-09,8,7,-1
6717,2019-08-09,8,18,10
6718,2019-08-09,35,35,0
6719,2019-08-09,25,27,2
6720,2019-08-09,34,43,9
6721,2019-08-09,3,0,-3
6722,2019-08-09,12,21,9
6723,2019-08-09,18,19,1
6724,2019-08-09,55,78,23
6725,2019-08-09,24,31,7
6726,2019-08-09,11,13,2
6727,2019-08-09,78,82,4
6728,2019-08-09,16,18,2
6729,2019-08-09,130,136,6
6730,2019-08-09,15,10,-5
6731,2019-08-09,13,11,-2
6732,2019-08-09,42,33,-9
6733,2019-08-09,36,30,-6
6734,2019-08-09,42,46,4
6735,2019-08-09,8,13,5
6736,2019-08-09,23,25,2
6737,2019-08-09,21,18,-3
6738,2019-08-09,75,70,-5
6739,2019-08-09,11,12,1
6741,2019-08-09,16,17,1
6742,2019-08-09,34,40,6
6743,2019-08-09,33,19,-14
6744,2019-08-09,24,28,4
6745,2019-08-09,21,21,0
6746,2019-08-09,18,25,7
6747,2019-08-09,58,54,-4
6748,2019-08-09,91,97,6
6749,2019-08-09,52,59,7
6750,2019-08-09,57,46,-11
6752,2019-08-09,28,33,5
6753,2019-08-09,23,19,-4
6754,2019-08-09,23,20,-3
6901,2019-08-09,45,66,21
6902,2019-08-09,85,96,11
6903,2019-08-09,104,93,-11
6904,2019-08-09,29,16,-13
6905,2019-08-09,41,36,-5
6906,2019-08-09,169,124,-45
6907,2019-08-09,95,77,-18
6908,2019-08-09,51,44,-7
6910,2019-08-09,126,110,-16
6912,2019-08-09,168,118,-50
6913,2019-08-09,54,46,-8
6915,2019-08-09,122,106,-16
6916,2019-08-09,32,41,9
6917,2019-08-09,26,25,-1
6918,2019-08-09,24,23,-1
6919,2019-08-09,19,19,0
6921,2019-08-09,92,99,7
6923,2019-08-09,30,35,5
6924,2019-08-09,24,22,-2
6925,2019-08-09,39,29,-10
6926,2019-08-09,66,71,5
6927,2019-08-09,58,27,-31
6928,2019-08-09,18,7,-11
6929,2019-08-09,40,24,-16
6930,2019-08-09,19,27,8
7001,2019-08-09,36,34,-2
7002,2019-08-09,14,14,0
7003,2019-08-09,99,100,1
7004,2019-08-09,16,19,3
7005,2019-08-09,5,10,5
7006,2019-08-09,21,21,0
7007,2019-08-09,14,20,6
7008,2019-08-09,20,17,-3
7009,2019-08-09,90,137,47
7010,2019-08-09,18,23,5
7011,2019-08-09,87,84,-3
7012,2019-08-09,42,55,13
7013,2019-08-09,17,18,1
7014,2019-08-09,54,25,-29
7015,2019-08-09,16,22,6
7016,2019-08-09,13,17,4
7017,2019-08-09,28,42,14
7018,2019-08-09,32,34,2
7019,2019-08-09,139,139,0
7020,2019-08-09,22,26,4
7021,2019-08-09,40,38,-2
7022,2019-08-09,32,23,-9
7023,2019-08-09,6,9,3
7024,2019-08-09,64,37,-27
7025,2019-08-09,45,45,0
7026,2019-08-09,62,56,-6
7027,2019-08-09,38,27,-11
7028,2019-08-09,112,87,-25
7029,2019-08-09,47,38,-9
7030,2019-08-09,53,53,0
7031,2019-08-09,45,32,-13
7032,2019-08-09,88,49,-39
7033,2019-08-09,71,65,-6
7034,2019-08-09,36,51,15
7035,2019-08-09,47,40,-7
7036,2019-08-09,50,52,2
7037,2019-08-09,54,49,-5
7038,2019-08-09,66,68,2
7039,2019-08-09,31,33,2
7040,2019-08-09,75,92,17
7041,2019-08-09,105,101,-4
7042,2019-08-09,45,59,14
7043,2019-08-09,39,20,-19
7044,2019-08-09,8,8,0
7045,2019-08-09,71,71,0
7046,2019-08-09,100,118,18
7047,2019-08-09,128,163,35
7048,2019-08-09,20,23,3
7049,2019-08-09,15,17,2
7050,2019-08-09,32,29,-3
7051,2019-08-09,8,9,1
7052,2019-08-09,53,60,7
7053,2019-08-09,59,50,-9
7054,2019-08-09,60,57,-3
7055,2019-08-09,18,35,17
7056,2019-08-09,10,20,10
7057,2019-08-09,35,36,1
7058,2019-08-09,37,41,4
7059,2019-08-09,35,29,-6
7060,2019-08-09,22,31,9
7061,2019-08-09,19,17,-2
7062,2019-08-09,55,58,3
7063,2019-08-09,23,14,-9
7064,2019-08-09,18,21,3
7065,2019-08-09,48,31,-17
7066,2019-08-09,79,161,82
7067,2019-08-09,65,72,7
7068,2019-08-09,64,75,11
7069,2019-08-09,136,161,25
7070,2019-08-09,34,33,-1
7071,2019-08-09,50,36,-14
7072,2019-08-09,43,29,-14
7073,2019-08-09,62,81,19
7074,2019-08-09,34,52,18
7075,2019-08-09,11,13,2
7076,2019-08-09,69,51,-18
7077,2019-08-09,27,47,20
7078,2019-08-09,18,20,2
7079,2019-08-09,37,51,14
7080,2019-08-09,76,85,9
7081,2019-08-09,43,65,22
7082,2019-08-09,63,92,29
7083,2019-08-09,60,51,-9
7084,2019-08-09,76,73,-3
7090,2019-08-09,14,21,7
7091,2019-08-09,5,6,1
7093,2019-08-09,3,4,1
7094,2019-08-09,1,1,0
7095,2019-08-09,22,20,-2
7096,2019-08-09,29,35,6
7097,2019-08-09,8,7,-1
7098,2019-08-09,2,0,-2
7099,2019-08-09,8,12,4
7100,2019-08-09,7,7,0
7101,2019-08-09,7,7,0
7102,2019-08-09,15,17,2
7103,2019-08-09,9,7,-2
7104,2019-08-09,6,4,-2
7105,2019-08-09,7,7,0
7107,2019-08-09,1,1,0
7108,2019-08-09,12,15,3
7109,2019-08-09,5,2,-3
7110,2019-08-09,3,1,-2
7111,2019-08-09,4,4,0
7112,2019-08-09,9,10,1
7113,2019-08-09,48,47,-1
7114,2019-08-09,92,122,30
7115,2019-08-09,13,15,2
7116,2019-08-09,13,9,-4
7117,2019-08-09,2,1,-1
7118,2019-08-09,3,4,1
7119,2019-08-09,4,6,2
7120,2019-08-09,7,8,1
7121,2019-08-09,9,11,2
7122,2019-08-09,6,3,-3
7123,2019-08-09,2,6,4
7124,2019-08-09,18,19,1
7125,2019-08-09,23,27,4
7126,2019-08-09,4,5,1
7127,2019-08-09,37,41,4
7128,2019-08-09,16,18,2
7129,2019-08-09,8,7,-1
7130,2019-08-09,13,9,-4
7131,2019-08-09,2,4,2
7132,2019-08-09,2,3,1
7133,2019-08-09,9,7,-2
7134,2019-08-09,6,5,-1
7135,2019-08-09,1,1,0
7136,2019-08-09,5,7,2
7137,2019-08-09,6,6,0
7138,2019-08-09,4,3,-1
7139,2019-08-09,21,22,1
7140,2019-08-09,27,26,-1
7141,2019-08-09,25,33,8
7142,2019-08-09,6,10,4
7143,2019-08-09,22,17,-5
7144,2019-08-09,62,57,-5
7145,2019-08-09,24,17,-7
7146,2019-08-09,23,24,1
7147,2019-08-09,49,63,14
7148,2019-08-09,7,8,1
7149,2019-08-09,11,12,1
10002,2019-08-09,90,108,18
4000,2019-08-10,45,70,25
4001,2019-08-10,10,8,-2
4002,2019-08-10,8,18,10
5002,2019-08-10,1,7,6
5003,2019-08-10,1,3,2
5004,2019-08-10,4,1,-3
5005,2019-08-10,3,6,3
5006,2019-08-10,1,5,4
5007,2019-08-10,23,25,2
6001,2019-08-10,54,61,7
6002,2019-08-10,53,71,18
6003,2019-08-10,51,48,-3
6004,2019-08-10,35,35,0
6005,2019-08-10,33,34,1
6006,2019-08-10,25,25,0
6007,2019-08-10,29,40,11
6008,2019-08-10,28,40,12
6009,2019-08-10,47,48,1
6011,2019-08-10,39,40,1
6012,2019-08-10,137,211,74
6013,2019-08-10,33,65,32
6014,2019-08-10,51,57,6
6015,2019-08-10,103,188,85
6016,2019-08-10,13,11,-2
6017,2019-08-10,69,61,-8
6018,2019-08-10,61,64,3
6019,2019-08-10,96,67,-29
6020,2019-08-10,61,72,11
6021,2019-08-10,74,51,-23
6022,2019-08-10,37,38,1
6023,2019-08-10,193,262,69
6024,2019-08-10,5,5,0
6025,2019-08-10,25,26,1
6026,2019-08-10,242,382,140
6027,2019-08-10,59,71,12
6029,2019-08-10,20,11,-9
6031,2019-08-10,29,34,5
6032,2019-08-10,66,105,39
6033,2019-08-10,6,6,0
6034,2019-08-10,19,14,-5
6035,2019-08-10,25,23,-2
6036,2019-08-10,224,278,54
6037,2019-08-10,57,56,-1
6038,2019-08-10,68,87,19
6039,2019-08-10,52,50,-2
6040,2019-08-10,66,92,26
6041,2019-08-10,25,28,3
6042,2019-08-10,19,30,11
6043,2019-08-10,40,58,18
6044,2019-08-10,96,61,-35
6046,2019-08-10,30,22,-8
6047,2019-08-10,29,17,-12
6048,2019-08-10,20,20,0
6049,2019-08-10,15,17,2
6050,2019-08-10,36,27,-9
6051,2019-08-10,18,16,-2
6052,2019-08-10,218,275,57
6053,2019-08-10,113,139,26
6057,2019-08-10,27,35,8
6058,2019-08-10,31,33,2
6059,2019-08-10,41,24,-17
6060,2019-08-10,16,6,-10
6061,2019-08-10,45,40,-5
6062,2019-08-10,53,42,-11
6063,2019-08-10,47,58,11
6064,2019-08-10,62,64,2
6065,2019-08-10,54,42,-12
6066,2019-08-10,40,22,-18
6067,2019-08-10,72,82,10
6068,2019-08-10,10,8,-2
6070,2019-08-10,97,93,-4
6072,2019-08-10,26,26,0
6073,2019-08-10,39,72,33
6075,2019-08-10,27,17,-10
6076,2019-08-10,19,23,4
6078,2019-08-10,40,47,7
6079,2019-08-10,76,54,-22
6080,2019-08-10,87,91,4
6081,2019-08-10,26,22,-4
6082,2019-08-10,11,12,1
6083,2019-08-10,41,45,4
6084,2019-08-10,13,23,10
6085,2019-08-10,42,74,32
6086,2019-08-10,72,77,5
6087,2019-08-10,89,101,12
6088,2019-08-10,40,51,11
6089,2019-08-10,12,9,-3
6090,2019-08-10,38,32,-6
6091,2019-08-10,45,36,-9
6092,2019-08-10,46,39,-7
6093,2019-08-10,15,7,-8
6094,2019-08-10,67,55,-12
6095,2019-08-10,86,75,-11
6096,2019-08-10,17,19,2
6097,2019-08-10,61,38,-23
6098,2019-08-10,26,23,-3
6099,2019-08-10,85,123,38
6100,2019-08-10,142,132,-10
6101,2019-08-10,44,15,-29
6102,2019-08-10,25,7,-18
6103,2019-08-10,17,25,8
6104,2019-08-10,44,65,21
6105,2019-08-10,26,32,6
6106,2019-08-10,20,28,8
6107,2019-08-10,69,61,-8
6108,2019-08-10,27,22,-5
6109,2019-08-10,29,23,-6
6110,2019-08-10,44,40,-4
6111,2019-08-10,33,40,7
6112,2019-08-10,94,101,7
6113,2019-08-10,59,62,3
6114,2019-08-10,116,186,70
6115,2019-08-10,10,19,9
6116,2019-08-10,59,65,6
6117,2019-08-10,44,45,1
6118,2019-08-10,78,100,22
6119,2019-08-10,133,171,38
6120,2019-08-10,64,87,23
6121,2019-08-10,21,32,11
6122,2019-08-10,13,16,3
6123,2019-08-10,23,19,-4
6124,2019-08-10,33,46,13
6125,2019-08-10,11,21,10
6126,2019-08-10,43,52,9
6127,2019-08-10,64,57,-7
6128,2019-08-10,22,27,5
6129,2019-08-10,61,50,-11
6130,2019-08-10,25,12,-13
6131,2019-08-10,67,47,-20
6132,2019-08-10,37,41,4
6133,2019-08-10,42,35,-7
6134,2019-08-10,27,30,3
6136,2019-08-10,191,137,-54
6137,2019-08-10,95,85,-10
6138,2019-08-10,57,49,-8
6139,2019-08-10,48,41,-7
6140,2019-08-10,88,81,-7
6141,2019-08-10,47,47,0
6142,2019-08-10,82,80,-2
6143,2019-08-10,77,82,5
6145,2019-08-10,64,66,2
6146,2019-08-10,69,48,-21
6147,2019-08-10,56,29,-27
6148,2019-08-10,136,83,-53
6149,2019-08-10,31,26,-5
6150,2019-08-10,66,78,12
6151,2019-08-10,57,57,0
6152,2019-08-10,108,112,4
6153,2019-08-10,36,29,-7
6154,2019-08-10,151,150,-1
6155,2019-08-10,94,96,2
6156,2019-08-10,70,51,-19
6157,2019-08-10,108,109,1
6158,2019-08-10,63,52,-11
6159,2019-08-10,40,38,-2
6160,2019-08-10,40,29,-11
6161,2019-08-10,39,24,-15
6162,2019-08-10,13,16,3
6163,2019-08-10,110,110,0
6164,2019-08-10,81,97,16
6165,2019-08-10,129,156,27
6166,2019-08-10,63,49,-14
6167,2019-08-10,41,43,2
6168,2019-08-10,37,27,-10
6169,2019-08-10,135,130,-5
6170,2019-08-10,61,51,-10
6171,2019-08-10,40,56,16
6173,2019-08-10,84,59,-25
6174,2019-08-10,88,84,-4
6175,2019-08-10,56,44,-12
6176,2019-08-10,97,92,-5
6177,2019-08-10,72,69,-3
6178,2019-08-10,113,108,-5
6179,2019-08-10,77,77,0
6180,2019-08-10,48,55,7
6181,2019-08-10,114,75,-39
6182,2019-08-10,56,44,-12
6183,2019-08-10,60,62,2
6184,2019-08-10,225,204,-21
6185,2019-08-10,27,21,-6
6186,2019-08-10,73,53,-20
6187,2019-08-10,116,107,-9
6188,2019-08-10,26,23,-3
6189,2019-08-10,29,21,-8
6190,2019-08-10,79,49,-30
6191,2019-08-10,57,50,-7
6192,2019-08-10,46,28,-18
6193,2019-08-10,112,119,7
6194,2019-08-10,116,106,-10
6195,2019-08-10,70,39,-31
6196,2019-08-10,123,106,-17
6197,2019-08-10,47,42,-5
6198,2019-08-10,17,14,-3
6199,2019-08-10,70,49,-21
6200,2019-08-10,94,111,17
6201,2019-08-10,71,42,-29
6202,2019-08-10,74,67,-7
6203,2019-08-10,27,16,-11
6204,2019-08-10,86,78,-8
6205,2019-08-10,89,81,-8
6206,2019-08-10,111,105,-6
6207,2019-08-10,29,31,2
6208,2019-08-10,44,43,-1
6209,2019-08-10,92,71,-21
6210,2019-08-10,33,26,-7
6211,2019-08-10,162,154,-8
6212,2019-08-10,64,45,-19
6213,2019-08-10,118,106,-12
6214,2019-08-10,85,54,-31
6215,2019-08-10,71,54,-17
6216,2019-08-10,171,117,-54
6217,2019-08-10,115,63,-52
6218,2019-08-10,50,35,-15
6219,2019-08-10,71,57,-14
6220,2019-08-10,58,56,-2
6221,2019-08-10,179,154,-25
6222,2019-08-10,67,59,-8
6223,2019-08-10,98,66,-32
6224,2019-08-10,66,46,-20
6225,2019-08-10,63,44,-19
6226,2019-08-10,9,7,-2
6227,2019-08-10,101,116,15
6228,2019-08-10,24,19,-5
6229,2019-08-10,62,53,-9
6230,2019-08-10,107,90,-17
6231,2019-08-10,119,106,-13
6232,2019-08-10,17,14,-3
6233,2019-08-10,130,97,-33
6234,2019-08-10,74,61,-13
6235,2019-08-10,34,13,-21
6236,2019-08-10,72,52,-20
6237,2019-08-10,47,45,-2
6240,2019-08-10,11,9,-2
6241,2019-08-10,49,45,-4
6243,2019-08-10,59,52,-7
6245,2019-08-10,37,28,-9
6246,2019-08-10,31,34,3
6247,2019-08-10,126,100,-26
6248,2019-08-10,116,111,-5
6249,2019-08-10,81,64,-17
6250,2019-08-10,136,136,0
6251,2019-08-10,39,34,-5
6252,2019-08-10,63,57,-6
6253,2019-08-10,57,49,-8
6254,2019-08-10,72,68,-4
6255,2019-08-10,91,89,-2
6257,2019-08-10,38,46,8
6258,2019-08-10,73,61,-12
6259,2019-08-10,27,32,5
6260,2019-08-10,45,41,-4
6261,2019-08-10,50,44,-6
6262,2019-08-10,39,28,-11
6263,2019-08-10,15,11,-4
6265,2019-08-10,38,31,-7
6267,2019-08-10,68,66,-2
6268,2019-08-10,58,58,0
6270,2019-08-10,38,28,-10
6271,2019-08-10,2,5,3
6272,2019-08-10,33,32,-1
6273,2019-08-10,33,25,-8
6274,2019-08-10,33,31,-2
6275,2019-08-10,39,38,-1
6276,2019-08-10,48,47,-1
6277,2019-08-10,54,63,9
6278,2019-08-10,21,23,2
6279,2019-08-10,14,16,2
6280,2019-08-10,83,82,-1
6281,2019-08-10,21,16,-5
6301,2019-08-10,17,16,-1
6302,2019-08-10,10,8,-2
6303,2019-08-10,16,11,-5
6304,2019-08-10,3,9,6
6305,2019-08-10,9,8,-1
6306,2019-08-10,31,19,-12
6307,2019-08-10,67,76,9
6309,2019-08-10,26,22,-4
6310,2019-08-10,36,21,-15
6311,2019-08-10,50,39,-11
6312,2019-08-10,16,22,6
6313,2019-08-10,68,60,-8
6314,2019-08-10,54,56,2
6315,2019-08-10,64,44,-20
6316,2019-08-10,31,12,-19
6321,2019-08-10,106,149,43
6322,2019-08-10,33,27,-6
6323,2019-08-10,8,16,8
6324,2019-08-10,30,25,-5
6327,2019-08-10,42,24,-18
6328,2019-08-10,49,37,-12
6329,2019-08-10,32,25,-7
6330,2019-08-10,25,20,-5
6331,2019-08-10,22,24,2
6332,2019-08-10,34,33,-1
6333,2019-08-10,15,16,1
6334,2019-08-10,56,58,2
6335,2019-08-10,36,25,-11
6336,2019-08-10,26,28,2
6338,2019-08-10,20,30,10
6339,2019-08-10,18,19,1
6340,2019-08-10,24,26,2
6341,2019-08-10,30,31,1
6343,2019-08-10,47,42,-5
6344,2019-08-10,48,48,0
6345,2019-08-10,14,15,1
6346,2019-08-10,9,4,-5
6347,2019-08-10,18,16,-2
6349,2019-08-10,16,21,5
6350,2019-08-10,23,18,-5
6354,2019-08-10,38,33,-5
6355,2019-08-10,25,22,-3
6356,2019-08-10,37,20,-17
6357,2019-08-10,15,12,-3
6358,2019-08-10,15,18,3
6359,2019-08-10,109,133,24
6360,2019-08-10,29,22,-7
6361,2019-08-10,37,41,4
6362,2019-08-10,25,26,1
6363,2019-08-10,16,10,-6
6364,2019-08-10,33,21,-12
6366,2019-08-10,25,17,-8
6367,2019-08-10,24,28,4
6368,2019-08-10,35,44,9
6369,2019-08-10,20,27,7
6370,2019-08-10,40,38,-2
6371,2019-08-10,61,56,-5
6372,2019-08-10,65,68,3
6373,2019-08-10,44,32,-12
6374,2019-08-10,26,14,-12
6375,2019-08-10,50,55,5
6376,2019-08-10,21,19,-2
6377,2019-08-10,29,21,-8
6379,2019-08-10,19,23,4
6380,2019-08-10,20,16,-4
6381,2019-08-10,58,43,-15
6383,2019-08-10,20,18,-2
6384,2019-08-10,18,10,-8
6385,2019-08-10,51,43,-8
6386,2019-08-10,59,78,19
6387,2019-08-10,54,80,26
6388,2019-08-10,11,20,9
6389,2019-08-10,47,35,-12
6391,2019-08-10,51,61,10
6393,2019-08-10,52,62,10
6394,2019-08-10,77,89,12
6395,2019-08-10,53,58,5
6396,2019-08-10,71,87,16
6397,2019-08-10,36,45,9
6398,2019-08-10,38,48,10
6401,2019-08-10,51,66,15
6402,2019-08-10,50,56,6
6403,2019-08-10,24,26,2
6404,2019-08-10,15,20,5
6405,2019-08-10,69,72,3
6406,2019-08-10,218,276,58
6407,2019-08-10,7,19,12
6408,2019-08-10,27,27,0
6409,2019-08-10,6,12,6
6410,2019-08-10,20,19,-1
6411,2019-08-10,92,89,-3
6412,2019-08-10,16,17,1
6413,2019-08-10,10,12,2
6414,2019-08-10,11,16,5
6415,2019-08-10,19,21,2
6416,2019-08-10,13,7,-6
6417,2019-08-10,10,20,10
6418,2019-08-10,8,16,8
6419,2019-08-10,10,9,-1
6420,2019-08-10,18,19,1
6421,2019-08-10,54,43,-11
6422,2019-08-10,7,11,4
6423,2019-08-10,12,12,0
6424,2019-08-10,20,29,9
6425,2019-08-10,27,36,9
6426,2019-08-10,39,51,12
6427,2019-08-10,52,59,7
6428,2019-08-10,15,12,-3
6429,2019-08-10,34,33,-1
6432,2019-08-10,36,39,3
6433,2019-08-10,17,21,4
6434,2019-08-10,36,44,8
6435,2019-08-10,35,44,9
6436,2019-08-10,32,22,-10
6501,2019-08-10,153,154,1
6502,2019-08-10,19,24,5
6503,2019-08-10,47,44,-3
6504,2019-08-10,34,34,0
6700,2019-08-10,32,37,5
6701,2019-08-10,51,42,-9
6702,2019-08-10,16,12,-4
6703,2019-08-10,47,38,-9
6704,2019-08-10,26,20,-6
6705,2019-08-10,19,18,-1
6706,2019-08-10,23,25,2
6707,2019-08-10,18,26,8
6708,2019-08-10,35,65,30
6709,2019-08-10,34,34,0
6710,2019-08-10,16,20,4
6711,2019-08-10,12,14,2
6712,2019-08-10,22,24,2
6713,2019-08-10,14,16,2
6714,2019-08-10,8,8,0
6715,2019-08-10,20,18,-2
6716,2019-08-10,14,7,-7
6717,2019-08-10,3,4,1
6718,2019-08-10,13,11,-2
6719,2019-08-10,19,15,-4
6720,2019-08-10,24,28,4
6722,2019-08-10,13,20,7
6723,2019-08-10,19,10,-9
6724,2019-08-10,64,100,36
6725,2019-08-10,28,24,-4
6726,2019-08-10,10,6,-4
6727,2019-08-10,46,46,0
6728,2019-08-10,20,17,-3
6729,2019-08-10,110,120,10
6730,2019-08-10,8,10,2
6731,2019-08-10,14,15,1
6732,2019-08-10,21,28,7
6733,2019-08-10,32,24,-8
6734,2019-08-10,53,40,-13
6735,2019-08-10,9,6,-3
6736,2019-08-10,20,15,-5
6737,2019-08-10,15,21,6
6738,2019-08-10,17,17,0
6739,2019-08-10,7,5,-2
6741,2019-08-10,10,6,-4
6742,2019-08-10,42,41,-1
6743,2019-08-10,17,15,-2
6744,2019-08-10,11,11,0
6745,2019-08-10,27,19,-8
6746,2019-08-10,6,13,7
6747,2019-08-10,37,31,-6
6748,2019-08-10,56,58,2
6749,2019-08-10,56,56,0
6750,2019-08-10,33,35,2
6752,2019-08-10,25,24,-1
6753,2019-08-10,10,10,0
6754,2019-08-10,17,16,-1
6901,2019-08-10,42,48,6
6902,2019-08-10,66,57,-9
6903,2019-08-10,73,80,7
6904,2019-08-10,17,16,-1
6905,2019-08-10,17,20,3
6906,2019-08-10,114,80,-34
6907,2019-08-10,105,82,-23
6908,2019-08-10,56,56,0
6910,2019-08-10,100,107,7
6912,2019-08-10,91,82,-9
6913,2019-08-10,64,35,-29
6915,2019-08-10,106,90,-16
6916,2019-08-10,38,27,-11
6917,2019-08-10,13,17,4
6918,2019-08-10,26,19,-7
6919,2019-08-10,25,18,-7
6921,2019-08-10,23,25,2
6923,2019-08-10,26,25,-1
6924,2019-08-10,16,19,3
6925,2019-08-10,30,29,-1
6926,2019-08-10,49,43,-6
6927,2019-08-10,37,26,-11
6928,2019-08-10,7,4,-3
6929,2019-08-10,21,18,-3
6930,2019-08-10,34,42,8
7001,2019-08-10,44,37,-7
7002,2019-08-10,10,13,3
7003,2019-08-10,84,74,-10
7004,2019-08-10,15,6,-9
7005,2019-08-10,5,16,11
7006,2019-08-10,13,13,0
7007,2019-08-10,11,10,-1
7008,2019-08-10,29,25,-4
7009,2019-08-10,65,71,6
7010,2019-08-10,17,11,-6
7011,2019-08-10,61,72,11
7012,2019-08-10,30,39,9
7013,2019-08-10,19,17,-2
7014,2019-08-10,48,32,-16
7015,2019-08-10,21,21,0
7016,2019-08-10,6,13,7
7017,2019-08-10,43,43,0
7018,2019-08-10,58,91,33
7019,2019-08-10,21,24,3
7020,2019-08-10,19,16,-3
7021,2019-08-10,51,49,-2
7022,2019-08-10,42,40,-2
7023,2019-08-10,4,7,3
7024,2019-08-10,39,29,-10
7025,2019-08-10,29,14,-15
7026,2019-08-10,47,42,-5
7027,2019-08-10,32,34,2
7028,2019-08-10,38,39,1
7029,2019-08-10,46,30,-16
7030,2019-08-10,47,48,1
7031,2019-08-10,55,54,-1
7032,2019-08-10,78,46,-32
7033,2019-08-10,57,42,-15
7034,2019-08-10,46,91,45
7035,2019-08-10,22,16,-6
7036,2019-08-10,64,66,2
7037,2019-08-10,35,32,-3
7038,2019-08-10,70,53,-17
7039,2019-08-10,35,29,-6
7040,2019-08-10,32,30,-2
7041,2019-08-10,45,50,5
7042,2019-08-10,39,39,0
7043,2019-08-10,16,18,2
7044,2019-08-10,4,3,-1
7045,2019-08-10,75,82,7
7046,2019-08-10,41,49,8
7047,2019-08-10,139,147,8
7048,2019-08-10,20,25,5
7049,2019-08-10,5,18,13
7050,2019-08-10,34,31,-3
7051,2019-08-10,12,15,3
7052,2019-08-10,22,16,-6
7053,2019-08-10,49,62,13
7054,2019-08-10,43,60,17
7055,2019-08-10,19,30,11
7056,2019-08-10,12,12,0
7057,2019-08-10,24,32,8
7058,2019-08-10,38,46,8
7059,2019-08-10,32,31,-1
7060,2019-08-10,27,23,-4
7061,2019-08-10,26,18,-8
7062,2019-08-10,29,33,4
7063,2019-08-10,21,15,-6
7064,2019-08-10,12,18,6
7065,2019-08-10,46,41,-5
7066,2019-08-10,81,123,42
7067,2019-08-10,24,21,-3
7068,2019-08-10,73,90,17
7069,2019-08-10,69,92,23
7070,2019-08-10,32,36,4
7071,2019-08-10,44,30,-14
7072,2019-08-10,36,25,-11
7073,2019-08-10,65,77,12
7074,2019-08-10,22,24,2
7075,2019-08-10,5,7,2
7076,2019-08-10,45,39,-6
7077,2019-08-10,33,36,3
7078,2019-08-10,33,29,-4
7079,2019-08-10,21,31,10
7080,2019-08-10,32,32,0
7081,2019-08-10,68,98,30
7082,2019-08-10,58,68,10
7083,2019-08-10,40,42,2
7084,2019-08-10,54,55,1
7087,2019-08-10,2,1,-1
7088,2019-08-10,2,2,0
7090,2019-08-10,14,19,5
7091,2019-08-10,3,4,1
7093,2019-08-10,9,9,0
7095,2019-08-10,3,8,5
7096,2019-08-10,9,16,7
7097,2019-08-10,4,5,1
7098,2019-08-10,2,2,0
7099,2019-08-10,7,5,-2
7100,2019-08-10,11,7,-4
7101,2019-08-10,4,2,-2
7102,2019-08-10,16,13,-3
7103,2019-08-10,19,23,4
7104,2019-08-10,3,4,1
7105,2019-08-10,15,11,-4
7106,2019-08-10,6,3,-3
7107,2019-08-10,4,4,0
7108,2019-08-10,24,19,-5
7109,2019-08-10,6,8,2
7110,2019-08-10,15,11,-4
7111,2019-08-10,3,4,1
7112,2019-08-10,18,16,-2
7113,2019-08-10,27,21,-6
7114,2019-08-10,82,91,9
7115,2019-08-10,8,11,3
7116,2019-08-10,10,6,-4
7117,2019-08-10,6,6,0
7119,2019-08-10,8,9,1
7120,2019-08-10,4,7,3
7121,2019-08-10,1,4,3
7122,2019-08-10,1,9,8
7123,2019-08-10,3,2,-1
7124,2019-08-10,11,7,-4
7125,2019-08-10,24,24,0
7126,2019-08-10,3,2,-1
7127,2019-08-10,24,25,1
7128,2019-08-10,13,11,-2
7129,2019-08-10,6,9,3
7130,2019-08-10,3,5,2
7131,2019-08-10,8,5,-3
7132,2019-08-10,2,4,2
7133,2019-08-10,14,20,6
7134,2019-08-10,4,3,-1
7135,2019-08-10,2,2,0
7136,2019-08-10,1,2,1
7137,2019-08-10,6,9,3
7138,2019-08-10,3,2,-1
7139,2019-08-10,32,38,6
7140,2019-08-10,12,23,11
7141,2019-08-10,20,20,0
7142,2019-08-10,7,9,2
7143,2019-08-10,24,19,-5
7144,2019-08-10,35,49,14
7145,2019-08-10,11,9,-2
7146,2019-08-10,9,23,14
7147,2019-08-10,36,42,6
7148,2019-08-10,13,17,4
7149,2019-08-10,16,15,-1
10002,2019-08-10,49,57,8
4000,2019-08-11,42,60,18
4001,2019-08-11,11,16,5
4002,2019-08-11,19,29,10
5002,2019-08-11,5,5,0
5003,2019-08-11,3,4,1
5004,2019-08-11,1,4,3
5005,2019-08-11,5,4,-1
5006,2019-08-11,5,6,1
5007,2019-08-11,29,36,7
6001,2019-08-11,60,68,8
6002,2019-08-11,71,91,20
6003,2019-08-11,51,57,6
6004,2019-08-11,30,32,2
6005,2019-08-11,33,33,0
6006,2019-08-11,34,29,-5
6007,2019-08-11,46,42,-4
6008,2019-08-11,40,38,-2
6009,2019-08-11,62,71,9
6011,2019-08-11,37,33,-4
6012,2019-08-11,109,202,93
6013,2019-08-11,50,55,5
6014,2019-08-11,43,62,19
6015,2019-08-11,158,210,52
6016,2019-08-11,13,10,-3
6017,2019-08-11,51,67,16
6018,2019-08-11,62,76,14
6019,2019-08-11,110,56,-54
6020,2019-08-11,49,80,31
6021,2019-08-11,72,57,-15
6022,2019-08-11,49,59,10
6023,2019-08-11,233,289,56
6024,2019-08-11,13,13,0
6025,2019-08-11,35,46,11
6026,2019-08-11,298,392,94
6027,2019-08-11,56,62,6
6029,2019-08-11,16,19,3
6031,2019-08-11,44,55,11
6032,2019-08-11,44,80,36
6033,2019-08-11,8,13,5
6034,2019-08-11,19,13,-6
6035,2019-08-11,13,16,3
6036,2019-08-11,323,371,48
6037,2019-08-11,63,61,-2
6038,2019-08-11,60,67,7
6039,2019-08-11,47,57,10
6040,2019-08-11,42,42,0
6041,2019-08-11,30,29,-1
6042,2019-08-11,22,33,11
6043,2019-08-11,48,67,19
6044,2019-08-11,60,68,8
6046,2019-08-11,36,28,-8
6047,2019-08-11,37,19,-18
6048,2019-08-11,11,12,1
6049,2019-08-11,25,25,0
6050,2019-08-11,20,29,9
6051,2019-08-11,25,30,5
6052,2019-08-11,305,361,56
6053,2019-08-11,91,134,43
6057,2019-08-11,42,38,-4
6058,2019-08-11,34,32,-2
6059,2019-08-11,32,36,4
6060,2019-08-11,5,5,0
6061,2019-08-11,44,37,-7
6062,2019-08-11,42,35,-7
6063,2019-08-11,63,60,-3
6064,2019-08-11,95,86,-9
6065,2019-08-11,47,44,-3
6066,2019-08-11,55,36,-19
6067,2019-08-11,56,65,9
6068,2019-08-11,11,13,2
6070,2019-08-11,94,91,-3
6072,2019-08-11,37,21,-16
6073,2019-08-11,60,86,26
6075,2019-08-11,19,7,-12
6076,2019-08-11,21,23,2
6078,2019-08-11,37,34,-3
6079,2019-08-11,64,69,5
6080,2019-08-11,98,108,10
6081,2019-08-11,36,38,2
6082,2019-08-11,27,26,-1
6083,2019-08-11,57,58,1
6084,2019-08-11,51,51,0
6085,2019-08-11,47,74,27
6086,2019-08-11,83,98,15
6087,2019-08-11,105,133,28
6088,2019-08-11,57,65,8
6089,2019-08-11,28,26,-2
6090,2019-08-11,32,30,-2
6091,2019-08-11,58,52,-6
6092,2019-08-11,55,38,-17
6093,2019-08-11,26,17,-9
6094,2019-08-11,37,38,1
6095,2019-08-11,118,108,-10
6096,2019-08-11,20,29,9
6097,2019-08-11,71,41,-30
6098,2019-08-11,39,24,-15
6099,2019-08-11,92,107,15
6100,2019-08-11,134,138,4
6101,2019-08-11,38,10,-28
6102,2019-08-11,26,13,-13
6103,2019-08-11,19,26,7
6104,2019-08-11,53,58,5
6105,2019-08-11,17,45,28
6106,2019-08-11,39,46,7
6107,2019-08-11,76,74,-2
6108,2019-08-11,19,39,20
6109,2019-08-11,37,41,4
6110,2019-08-11,48,60,12
6111,2019-08-11,42,50,8
6112,2019-08-11,126,117,-9
6113,2019-08-11,68,65,-3
6114,2019-08-11,182,232,50
6115,2019-08-11,8,16,8
6116,2019-08-11,49,70,21
6117,2019-08-11,41,47,6
6118,2019-08-11,64,82,18
6119,2019-08-11,158,165,7
6120,2019-08-11,70,75,5
6121,2019-08-11,38,52,14
6122,2019-08-11,22,23,1
6123,2019-08-11,37,51,14
6124,2019-08-11,31,65,34
6125,2019-08-11,19,19,0
6126,2019-08-11,39,50,11
6127,2019-08-11,42,43,1
6128,2019-08-11,29,36,7
6129,2019-08-11,56,53,-3
6130,2019-08-11,32,31,-1
6131,2019-08-11,79,51,-28
6132,2019-08-11,37,55,18
6133,2019-08-11,76,80,4
6134,2019-08-11,51,46,-5
6136,2019-08-11,199,173,-26
6137,2019-08-11,94,99,5
6138,2019-08-11,46,57,11
6139,2019-08-11,41,44,3
6140,2019-08-11,106,114,8
6141,2019-08-11,47,58,11
6142,2019-08-11,129,92,-37
6143,2019-08-11,115,105,-10
6145,2019-08-11,79,68,-11
6146,2019-08-11,108,84,-24
6147,2019-08-11,67,52,-15
6148,2019-08-11,119,99,-20
6149,2019-08-11,24,24,0
6150,2019-08-11,54,53,-1
6151,2019-08-11,79,77,-2
6152,2019-08-11,128,118,-10
6153,2019-08-11,42,35,-7
6154,2019-08-11,164,155,-9
6155,2019-08-11,118,88,-30
6156,2019-08-11,53,59,6
6157,2019-08-11,145,141,-4
6158,2019-08-11,46,49,3
6159,2019-08-11,20,24,4
6160,2019-08-11,41,52,11
6161,2019-08-11,43,55,12
6162,2019-08-11,8,10,2
6163,2019-08-11,115,116,1
6164,2019-08-11,87,87,0
6165,2019-08-11,191,216,25
6166,2019-08-11,69,54,-15
6167,2019-08-11,56,48,-8
6168,2019-08-11,25,24,-1
6169,2019-08-11,163,118,-45
6170,2019-08-11,95,88,-7
6171,2019-08-11,23,42,19
6173,2019-08-11,93,76,-17
6174,2019-08-11,87,70,-17
6175,2019-08-11,84,54,-30
6176,2019-08-11,85,92,7
6177,2019-08-11,81,79,-2
6178,2019-08-11,125,122,-3
6179,2019-08-11,66,66,0
6180,2019-08-11,54,54,0
6181,2019-08-11,104,101,-3
6182,2019-08-11,62,62,0
6183,2019-08-11,101,80,-21
6184,2019-08-11,255,200,-55
6185,2019-08-11,28,29,1
6186,2019-08-11,74,72,-2
6187,2019-08-11,121,101,-20
6188,2019-08-11,36,28,-8
6189,2019-08-11,19,23,4
6190,2019-08-11,102,65,-37
6191,2019-08-11,53,51,-2
6192,2019-08-11,29,32,3
6193,2019-08-11,152,148,-4
6194,2019-08-11,144,133,-11
6195,2019-08-11,77,39,-38
6196,2019-08-11,106,94,-12
6197,2019-08-11,23,26,3
6198,2019-08-11,22,10,-12
6199,2019-08-11,55,63,8
6200,2019-08-11,134,124,-10
6201,2019-08-11,71,63,-8
6202,2019-08-11,84,56,-28
6203,2019-08-11,29,22,-7
6204,2019-08-11,102,94,-8
6205,2019-08-11,80,76,-4
6206,2019-08-11,114,117,3
6207,2019-08-11,47,37,-10
6208,2019-08-11,55,61,6
6209,2019-08-11,97,65,-32
6210,2019-08-11,32,22,-10
6211,2019-08-11,144,129,-15
6212,2019-08-11,83,72,-11
6213,2019-08-11,91,93,2
6214,2019-08-11,91,82,-9
6215,2019-08-11,45,44,-1
6216,2019-08-11,338,241,-97
6217,2019-08-11,66,54,-12
6218,2019-08-11,58,51,-7
6219,2019-08-11,57,51,-6
6220,2019-08-11,87,66,-21
6221,2019-08-11,204,172,-32
6222,2019-08-11,70,65,-5
6223,2019-08-11,145,94,-51
6224,2019-08-11,77,84,7
6225,2019-08-11,66,42,-24
6226,2019-08-11,10,13,3
6227,2019-08-11,102,99,-3
6228,2019-08-11,24,21,-3
6229,2019-08-11,60,49,-11
6230,2019-08-11,119,123,4
6231,2019-08-11,113,97,-16
6232,2019-08-11,27,29,2
6233,2019-08-11,96,96,0
6234,2019-08-11,64,63,-1
6235,2019-08-11,41,14,-27
6236,2019-08-11,61,59,-2
6237,2019-08-11,61,60,-1
6240,2019-08-11,19,21,2
6241,2019-08-11,39,39,0
6243,2019-08-11,78,85,7
6245,2019-08-11,42,36,-6
6246,2019-08-11,57,46,-11
6247,2019-08-11,103,84,-19
6248,2019-08-11,152,128,-24
6249,2019-08-11,82,75,-7
6250,2019-08-11,142,133,-9
6251,2019-08-11,23,25,2
6252,2019-08-11,40,43,3
6253,2019-08-11,51,41,-10
6254,2019-08-11,87,68,-19
6255,2019-08-11,98,93,-5
6257,2019-08-11,46,22,-24
6258,2019-08-11,87,69,-18
6259,2019-08-11,33,27,-6
6260,2019-08-11,45,49,4
6261,2019-08-11,40,35,-5
6262,2019-08-11,47,48,1
6263,2019-08-11,12,20,8
6265,2019-08-11,42,42,0
6267,2019-08-11,69,62,-7
6268,2019-08-11,63,54,-9
6270,2019-08-11,33,36,3
6271,2019-08-11,6,4,-2
6272,2019-08-11,26,30,4
6273,2019-08-11,32,37,5
6274,2019-08-11,37,40,3
6275,2019-08-11,36,33,-3
6276,2019-08-11,44,41,-3
6277,2019-08-11,66,56,-10
6278,2019-08-11,16,13,-3
6279,2019-08-11,21,17,-4
6280,2019-08-11,84,81,-3
6281,2019-08-11,37,22,-15
6301,2019-08-11,26,22,-4
6302,2019-08-11,17,11,-6
6303,2019-08-11,13,10,-3
6304,2019-08-11,18,10,-8
6305,2019-08-11,11,4,-7
6306,2019-08-11,31,15,-16
6307,2019-08-11,71,57,-14
6309,2019-08-11,19,24,5
6310,2019-08-11,38,28,-10
6311,2019-08-11,42,38,-4
6312,2019-08-11,27,34,7
6313,2019-08-11,46,51,5
6314,2019-08-11,57,61,4
6315,2019-08-11,66,31,-35
6316,2019-08-11,41,24,-17
6321,2019-08-11,141,117,-24
6322,2019-08-11,31,36,5
6323,2019-08-11,4,7,3
6324,2019-08-11,18,20,2
6327,2019-08-11,52,37,-15
6328,2019-08-11,47,50,3
6329,2019-08-11,20,20,0
6330,2019-08-11,29,20,-9
6331,2019-08-11,18,20,2
6332,2019-08-11,21,31,10
6333,2019-08-11,20,22,2
6334,2019-08-11,52,54,2
6335,2019-08-11,43,29,-14
6336,2019-08-11,29,22,-7
6338,2019-08-11,41,42,1
6339,2019-08-11,20,20,0
6340,2019-08-11,28,27,-1
6341,2019-08-11,37,40,3
6343,2019-08-11,25,31,6
6344,2019-08-11,66,61,-5
6345,2019-08-11,18,20,2
6346,2019-08-11,11,7,-4
6347,2019-08-11,21,26,5
6349,2019-08-11,38,40,2
6350,2019-08-11,34,35,1
6354,2019-08-11,35,33,-2
6355,2019-08-11,52,56,4
6356,2019-08-11,25,13,-12
6357,2019-08-11,23,20,-3
6358,2019-08-11,19,17,-2
6359,2019-08-11,79,84,5
6360,2019-08-11,28,32,4
6361,2019-08-11,46,46,0
6362,2019-08-11,34,35,1
6363,2019-08-11,27,20,-7
6364,2019-08-11,33,33,0
6366,2019-08-11,29,20,-9
6367,2019-08-11,16,9,-7
6368,2019-08-11,72,63,-9
6369,2019-08-11,23,25,2
6370,2019-08-11,30,37,7
6371,2019-08-11,62,57,-5
6372,2019-08-11,77,96,19
6373,2019-08-11,43,31,-12
6374,2019-08-11,29,36,7
6375,2019-08-11,68,79,11
6376,2019-08-11,20,25,5
6377,2019-08-11,30,37,7
6379,2019-08-11,31,33,2
6380,2019-08-11,17,19,2
6381,2019-08-11,43,50,7
6383,2019-08-11,32,28,-4
6384,2019-08-11,19,11,-8
6385,2019-08-11,44,44,0
6386,2019-08-11,69,73,4
6387,2019-08-11,60,61,1
6388,2019-08-11,23,22,-1
6389,2019-08-11,46,40,-6
6391,2019-08-11,79,102,23
6393,2019-08-11,63,65,2
6394,2019-08-11,120,149,29
6395,2019-08-11,61,72,11
6396,2019-08-11,75,85,10
6397,2019-08-11,45,78,33
6398,2019-08-11,32,43,11
6401,2019-08-11,49,58,9
6402,2019-08-11,45,68,23
6403,2019-08-11,25,23,-2
6404,2019-08-11,25,25,0
6405,2019-08-11,68,74,6
6406,2019-08-11,286,378,92
6407,2019-08-11,21,30,9
6408,2019-08-11,23,29,6
6409,2019-08-11,22,17,-5
6410,2019-08-11,24,23,-1
6411,2019-08-11,113,93,-20
6412,2019-08-11,14,13,-1
6413,2019-08-11,20,19,-1
6414,2019-08-11,25,27,2
6415,2019-08-11,14,23,9
6416,2019-08-11,15,9,-6
6417,2019-08-11,34,27,-7
6418,2019-08-11,9,12,3
6419,2019-08-11,11,15,4
6420,2019-08-11,49,32,-17
6421,2019-08-11,44,37,-7
6422,2019-08-11,20,22,2
6423,2019-08-11,17,11,-6
6424,2019-08-11,22,23,1
6425,2019-08-11,70,74,4
6426,2019-08-11,46,54,8
6427,2019-08-11,53,70,17
6428,2019-08-11,16,22,6
6429,2019-08-11,33,31,-2
6432,2019-08-11,57,47,-10
6433,2019-08-11,22,26,4
6434,2019-08-11,47,42,-5
6435,2019-08-11,42,40,-2
6436,2019-08-11,33,30,-3
6501,2019-08-11,260,294,34
6502,2019-08-11,34,41,7
6503,2019-08-11,57,53,-4
6504,2019-08-11,41,48,7
6700,2019-08-11,44,50,6
6701,2019-08-11,53,41,-12
6702,2019-08-11,13,22,9
6703,2019-08-11,98,98,0
6704,2019-08-11,27,20,-7
6705,2019-08-11,17,21,4
6706,2019-08-11,16,14,-2
6707,2019-08-11,16,10,-6
6708,2019-08-11,48,45,-3
6709,2019-08-11,31,31,0
6710,2019-08-11,18,16,-2
6711,2019-08-11,18,19,1
6712,2019-08-11,38,36,-2
6713,2019-08-11,16,17,1
6714,2019-08-11,17,16,-1
6715,2019-08-11,41,40,-1
6716,2019-08-11,12,12,0
6717,2019-08-11,8,10,2
6718,2019-08-11,21,21,0
6719,2019-08-11,21,18,-3
6720,2019-08-11,33,33,0
6722,2019-08-11,17,15,-2
6723,2019-08-11,14,17,3
6724,2019-08-11,80,98,18
6725,2019-08-11,20,23,3
6726,2019-08-11,11,13,2
6727,2019-08-11,52,66,14
6728,2019-08-11,18,18,0
6729,2019-08-11,129,138,9
6730,2019-08-11,13,13,0
6731,2019-08-11,26,15,-11
6732,2019-08-11,20,27,7
6733,2019-08-11,34,39,5
6734,2019-08-11,34,37,3
6735,2019-08-11,8,10,2
6736,2019-08-11,14,12,-2
6737,2019-08-11,23,20,-3
6738,2019-08-11,18,18,0
6739,2019-08-11,5,11,6
6741,2019-08-11,13,9,-4
6742,2019-08-11,67,68,1
6743,2019-08-11,20,15,-5
6744,2019-08-11,27,22,-5
6745,2019-08-11,31,26,-5
6746,2019-08-11,10,9,-1
6747,2019-08-11,24,22,-2
6748,2019-08-11,60,78,18
6749,2019-08-11,44,43,-1
6750,2019-08-11,45,50,5
6752,2019-08-11,9,9,0
6753,2019-08-11,10,6,-4
6754,2019-08-11,15,19,4
6901,2019-08-11,53,51,-2
6902,2019-08-11,62,76,14
6903,2019-08-11,88,88,0
6904,2019-08-11,21,18,-3
6905,2019-08-11,28,35,7
6906,2019-08-11,135,76,-59
6907,2019-08-11,110,89,-21
6908,2019-08-11,49,49,0
6910,2019-08-11,117,95,-22
6912,2019-08-11,111,81,-30
6913,2019-08-11,38,46,8
6915,2019-08-11,85,82,-3
6916,2019-08-11,38,32,-6
6917,2019-08-11,13,10,-3
6918,2019-08-11,27,23,-4
6919,2019-08-11,17,19,2
6921,2019-08-11,41,44,3
6923,2019-08-11,24,19,-5
6924,2019-08-11,20,24,4
6925,2019-08-11,14,24,10
6926,2019-08-11,43,41,-2
6927,2019-08-11,35,31,-4
6928,2019-08-11,9,3,-6
6929,2019-08-11,27,26,-1
6930,2019-08-11,20,17,-3
7001,2019-08-11,43,49,6
7002,2019-08-11,12,17,5
7003,2019-08-11,84,68,-16
7004,2019-08-11,14,23,9
7005,2019-08-11,9,6,-3
7006,2019-08-11,17,20,3
7007,2019-08-11,14,14,0
7008,2019-08-11,13,20,7
7009,2019-08-11,77,85,8
7010,2019-08-11,20,17,-3
7011,2019-08-11,108,100,-8
7012,2019-08-11,37,43,6
7013,2019-08-11,22,24,2
7014,2019-08-11,49,31,-18
7015,2019-08-11,65,65,0
7016,2019-08-11,6,11,5
7017,2019-08-11,41,48,7
7018,2019-08-11,82,104,22
7019,2019-08-11,11,11,0
7020,2019-08-11,23,24,1
7021,2019-08-11,37,28,-9
7022,2019-08-11,31,24,-7
7023,2019-08-11,8,4,-4
7024,2019-08-11,41,26,-15
7025,2019-08-11,24,14,-10
7026,2019-08-11,38,39,1
7027,2019-08-11,41,48,7
7028,2019-08-11,27,28,1
7029,2019-08-11,42,43,1
7030,2019-08-11,60,39,-21
7031,2019-08-11,51,45,-6
7032,2019-08-11,96,50,-46
7033,2019-08-11,42,33,-9
7034,2019-08-11,61,119,58
7035,2019-08-11,32,37,5
7036,2019-08-11,60,55,-5
7037,2019-08-11,38,41,3
7038,2019-08-11,57,56,-1
7039,2019-08-11,33,38,5
7040,2019-08-11,34,36,2
7041,2019-08-11,62,59,-3
7042,2019-08-11,27,31,4
7043,2019-08-11,26,16,-10
7044,2019-08-11,7,6,-1
7045,2019-08-11,100,114,14
7046,2019-08-11,36,46,10
7047,2019-08-11,123,161,38
7048,2019-08-11,22,28,6
7049,2019-08-11,9,10,1
7050,2019-08-11,23,28,5
7051,2019-08-11,9,14,5
7052,2019-08-11,22,27,5
7053,2019-08-11,58,60,2
7054,2019-08-11,79,71,-8
7055,2019-08-11,26,35,9
7056,2019-08-11,22,21,-1
7057,2019-08-11,48,52,4
7058,2019-08-11,25,31,6
7059,2019-08-11,23,29,6
7060,2019-08-11,28,28,0
7061,2019-08-11,26,19,-7
7062,2019-08-11,29,31,2
7063,2019-08-11,25,20,-5
7064,2019-08-11,9,15,6
7065,2019-08-11,24,30,6
7066,2019-08-11,78,127,49
7067,2019-08-11,35,43,8
7068,2019-08-11,99,105,6
7069,2019-08-11,78,116,38
7070,2019-08-11,27,39,12
7071,2019-08-11,56,41,-15
7072,2019-08-11,36,32,-4
7073,2019-08-11,68,57,-11
7074,2019-08-11,38,35,-3
7075,2019-08-11,7,9,2
7076,2019-08-11,45,42,-3
7077,2019-08-11,95,109,14
7078,2019-08-11,27,38,11
7079,2019-08-11,17,23,6
7080,2019-08-11,58,42,-16
7081,2019-08-11,86,82,-4
7082,2019-08-11,49,66,17
7083,2019-08-11,41,45,4
7084,2019-08-11,70,64,-6
7086,2019-08-11,2,3,1
7087,2019-08-11,4,3,-1
7088,2019-08-11,2,3,1
7090,2019-08-11,9,18,9
7091,2019-08-11,12,9,-3
7093,2019-08-11,6,10,4
7094,2019-08-11,3,2,-1
7095,2019-08-11,8,6,-2
7096,2019-08-11,10,16,6
7097,2019-08-11,7,8,1
7098,2019-08-11,3,3,0
7099,2019-08-11,6,10,4
7100,2019-08-11,6,3,-3
7102,2019-08-11,15,22,7
7103,2019-08-11,44,53,9
7104,2019-08-11,1,7,6
7105,2019-08-11,27,23,-4
7106,2019-08-11,16,21,5
7107,2019-08-11,23,24,1
7108,2019-08-11,28,33,5
7109,2019-08-11,9,7,-2
7110,2019-08-11,29,28,-1
7111,2019-08-11,13,16,3
7112,2019-08-11,14,13,-1
7113,2019-08-11,33,40,7
7114,2019-08-11,110,144,34
7115,2019-08-11,15,11,-4
7116,2019-08-11,13,14,1
7117,2019-08-11,2,3,1
7118,2019-08-11,3,3,0
7119,2019-08-11,20,19,-1
7120,2019-08-11,10,10,0
7121,2019-08-11,6,8,2
7123,2019-08-11,2,3,1
7124,2019-08-11,14,13,-1
7125,2019-08-11,42,36,-6
7126,2019-08-11,7,7,0
7127,2019-08-11,22,20,-2
7128,2019-08-11,11,4,-7
7129,2019-08-11,4,9,5
7130,2019-08-11,7,8,1
7131,2019-08-11,6,4,-2
7132,2019-08-11,6,10,4
7133,2019-08-11,13,16,3
7134,2019-08-11,2,4,2
7135,2019-08-11,4,9,5
7136,2019-08-11,2,0,-2
7137,2019-08-11,8,7,-1
7138,2019-08-11,8,5,-3
7139,2019-08-11,93,86,-7
7140,2019-08-11,19,19,0
7141,2019-08-11,30,17,-13
7142,2019-08-11,5,12,7
7143,2019-08-11,33,32,-1
7144,2019-08-11,56,58,2
7145,2019-08-11,16,22,6
7146,2019-08-11,12,23,11
7147,2019-08-11,36,38,2
7148,2019-08-11,16,18,2
7149,2019-08-11,20,20,0
10002,2019-08-11,109,109,0
4000,2019-08-12,45,60,15
4001,2019-08-12,11,13,2
4002,2019-08-12,11,18,7
5002,2019-08-12,3,3,0
5003,2019-08-12,1,2,1
5004,2019-08-12,6,3,-3
5005,2019-08-12,2,2,0
5006,2019-08-12,6,4,-2
5007,2019-08-12,6,21,15
6001,2019-08-12,64,79,15
6002,2019-08-12,46,60,14
6003,2019-08-12,44,62,18
6004,2019-08-12,30,58,28
6005,2019-08-12,77,92,15
6006,2019-08-12,26,17,-9
6007,2019-08-12,40,39,-1
6008,2019-08-12,33,52,19
6009,2019-08-12,56,58,2
6011,2019-08-12,58,71,13
6012,2019-08-12,113,168,55
6013,2019-08-12,54,76,22
6014,2019-08-12,54,77,23
6015,2019-08-12,96,157,61
6016,2019-08-12,11,13,2
6017,2019-08-12,42,55,13
6018,2019-08-12,59,70,11
6019,2019-08-12,126,82,-44
6020,2019-08-12,19,23,4
6021,2019-08-12,62,44,-18
6022,2019-08-12,52,57,5
6023,2019-08-12,112,186,74
6024,2019-08-12,2,4,2
6025,2019-08-12,36,35,-1
6026,2019-08-12,195,260,65
6027,2019-08-12,117,109,-8
6029,2019-08-12,24,28,4
6031,2019-08-12,27,39,12
6032,2019-08-12,57,129,72
6033,2019-08-12,13,13,0
6034,2019-08-12,30,28,-2
6035,2019-08-12,20,37,17
6036,2019-08-12,170,207,37
6037,2019-08-12,44,56,12
6038,2019-08-12,85,93,8
6039,2019-08-12,105,104,-1
6040,2019-08-12,71,67,-4
6041,2019-08-12,54,70,16
6042,2019-08-12,78,73,-5
6043,2019-08-12,167,266,99
6044,2019-08-12,83,77,-6
6046,2019-08-12,109,115,6
6047,2019-08-12,64,41,-23
6048,2019-08-12,46,44,-2
6049,2019-08-12,73,91,18
6050,2019-08-12,42,47,5
6051,2019-08-12,30,29,-1
6052,2019-08-12,192,226,34
6053,2019-08-12,147,151,4
6057,2019-08-12,80,78,-2
6058,2019-08-12,56,57,1
6059,2019-08-12,101,46,-55
6060,2019-08-12,33,15,-18
6061,2019-08-12,65,59,-6
6062,2019-08-12,58,45,-13
6063,2019-08-12,87,67,-20
6064,2019-08-12,143,111,-32
6065,2019-08-12,71,42,-29
6066,2019-08-12,48,28,-20
6067,2019-08-12,86,69,-17
6068,2019-08-12,14,12,-2
6070,2019-08-12,181,156,-25
6072,2019-08-12,60,65,5
6073,2019-08-12,156,115,-41
6075,2019-08-12,38,26,-12
6076,2019-08-12,20,35,15
6078,2019-08-12,57,57,0
6079,2019-08-12,80,72,-8
6080,2019-08-12,121,111,-10
6081,2019-08-12,69,50,-19
6082,2019-08-12,13,14,1
6083,2019-08-12,117,120,3
6084,2019-08-12,35,61,26
6085,2019-08-12,64,108,44
6086,2019-08-12,53,71,18
6087,2019-08-12,87,130,43
6088,2019-08-12,64,67,3
6089,2019-08-12,38,46,8
6090,2019-08-12,50,44,-6
6091,2019-08-12,50,44,-6
6092,2019-08-12,61,58,-3
6093,2019-08-12,61,55,-6
6094,2019-08-12,36,27,-9
6095,2019-08-12,126,122,-4
6096,2019-08-12,45,45,0
6097,2019-08-12,76,45,-31
6098,2019-08-12,55,25,-30
6099,2019-08-12,86,139,53
6100,2019-08-12,247,215,-32
6101,2019-08-12,42,9,-33
6102,2019-08-12,40,36,-4
6103,2019-08-12,14,27,13
6104,2019-08-12,67,67,0
6105,2019-08-12,38,57,19
6106,2019-08-12,29,31,2
6107,2019-08-12,99,81,-18
6108,2019-08-12,24,36,12
6109,2019-08-12,32,32,0
6110,2019-08-12,27,32,5
6111,2019-08-12,34,41,7
6112,2019-08-12,91,109,18
6113,2019-08-12,47,37,-10
6114,2019-08-12,125,169,44
6115,2019-08-12,8,21,13
6116,2019-08-12,59,59,0
6117,2019-08-12,58,53,-5
6118,2019-08-12,56,80,24
6119,2019-08-12,73,88,15
6120,2019-08-12,59,94,35
6121,2019-08-12,15,29,14
6122,2019-08-12,20,22,2
6123,2019-08-12,33,33,0
6124,2019-08-12,29,54,25
6125,2019-08-12,21,21,0
6126,2019-08-12,42,56,14
6127,2019-08-12,45,36,-9
6128,2019-08-12,24,34,10
6129,2019-08-12,67,62,-5
6130,2019-08-12,32,27,-5
6131,2019-08-12,71,41,-30
6132,2019-08-12,49,64,15
6133,2019-08-12,54,58,4
6134,2019-08-12,52,50,-2
6136,2019-08-12,247,194,-53
6137,2019-08-12,89,92,3
6138,2019-08-12,41,50,9
6139,2019-08-12,38,45,7
6140,2019-08-12,88,92,4
6141,2019-08-12,54,48,-6
6142,2019-08-12,91,72,-19
6143,2019-08-12,93,98,5
6145,2019-08-12,65,63,-2
6146,2019-08-12,37,29,-8
6147,2019-08-12,89,51,-38
6148,2019-08-12,119,74,-45
6149,2019-08-12,42,31,-11
6150,2019-08-12,63,66,3
6151,2019-08-12,87,91,4
6152,2019-08-12,111,115,4
6153,2019-08-12,55,58,3
6154,2019-08-12,146,147,1
6155,2019-08-12,109,113,4
6156,2019-08-12,68,63,-5
6157,2019-08-12,94,71,-23
6158,2019-08-12,46,53,7
6159,2019-08-12,36,36,0
6160,2019-08-12,36,33,-3
6161,2019-08-12,40,36,-4
6162,2019-08-12,16,11,-5
6163,2019-08-12,97,106,9
6164,2019-08-12,57,67,10
6165,2019-08-12,114,147,33
6166,2019-08-12,52,52,0
6167,2019-08-12,40,40,0
6168,2019-08-12,58,40,-18
6169,2019-08-12,132,124,-8
6170,2019-08-12,61,53,-8
6171,2019-08-12,20,27,7
6173,2019-08-12,91,67,-24
6174,2019-08-12,85,60,-25
6175,2019-08-12,94,59,-35
6176,2019-08-12,100,98,-2
6177,2019-08-12,67,59,-8
6178,2019-08-12,108,109,1
6179,2019-08-12,71,72,1
6180,2019-08-12,55,61,6
6181,2019-08-12,117,84,-33
6182,2019-08-12,50,34,-16
6183,2019-08-12,68,59,-9
6184,2019-08-12,222,182,-40
6185,2019-08-12,22,25,3
6186,2019-08-12,76,63,-13
6187,2019-08-12,100,100,0
6188,2019-08-12,44,46,2
6189,2019-08-12,23,22,-1
6190,2019-08-12,101,64,-37
6191,2019-08-12,51,47,-4
6192,2019-08-12,43,36,-7
6193,2019-08-12,108,114,6
6194,2019-08-12,37,23,-14
6195,2019-08-12,77,43,-34
6196,2019-08-12,107,88,-19
6197,2019-08-12,64,65,1
6198,2019-08-12,26,14,-12
6199,2019-08-12,110,89,-21
6200,2019-08-12,75,67,-8
6201,2019-08-12,62,51,-11
6202,2019-08-12,100,73,-27
6203,2019-08-12,40,22,-18
6204,2019-08-12,80,77,-3
6205,2019-08-12,85,67,-18
6206,2019-08-12,139,136,-3
6207,2019-08-12,50,49,-1
6208,2019-08-12,52,47,-5
6209,2019-08-12,101,55,-46
6210,2019-08-12,34,31,-3
6211,2019-08-12,146,134,-12
6212,2019-08-12,72,41,-31
6213,2019-08-12,112,97,-15
6214,2019-08-12,73,49,-24
6215,2019-08-12,67,48,-19
6216,2019-08-12,158,82,-76
6217,2019-08-12,69,50,-19
6218,2019-08-12,53,51,-2
6219,2019-08-12,64,59,-5
6220,2019-08-12,101,90,-11
6221,2019-08-12,185,141,-44
6222,2019-08-12,69,51,-18
6223,2019-08-12,87,58,-29
6224,2019-08-12,67,49,-18
6225,2019-08-12,55,32,-23
6226,2019-08-12,23,23,0
6227,2019-08-12,112,115,3
6228,2019-08-12,23,19,-4
6229,2019-08-12,56,49,-7
6230,2019-08-12,74,60,-14
6231,2019-08-12,89,87,-2
6232,2019-08-12,46,32,-14
6233,2019-08-12,129,113,-16
6234,2019-08-12,46,41,-5
6235,2019-08-12,62,63,1
6236,2019-08-12,43,60,17
6237,2019-08-12,50,49,-1
6240,2019-08-12,27,26,-1
6241,2019-08-12,34,30,-4
6243,2019-08-12,50,48,-2
6245,2019-08-12,36,38,2
6246,2019-08-12,61,53,-8
6247,2019-08-12,110,89,-21
6248,2019-08-12,130,110,-20
6249,2019-08-12,76,58,-18
6250,2019-08-12,89,76,-13
6251,2019-08-12,22,19,-3
6252,2019-08-12,41,36,-5
6253,2019-08-12,56,44,-12
6254,2019-08-12,63,74,11
6255,2019-08-12,79,74,-5
6257,2019-08-12,49,43,-6
6258,2019-08-12,81,60,-21
6259,2019-08-12,35,27,-8
6260,2019-08-12,52,43,-9
6261,2019-08-12,46,51,5
6262,2019-08-12,45,44,-1
6263,2019-08-12,13,21,8
6265,2019-08-12,45,38,-7
6267,2019-08-12,43,37,-6
6268,2019-08-12,55,58,3
6270,2019-08-12,27,26,-1
6271,2019-08-12,2,0,-2
6272,2019-08-12,22,22,0
6273,2019-08-12,30,32,2
6274,2019-08-12,32,35,3
6275,2019-08-12,33,28,-5
6276,2019-08-12,30,35,5
6277,2019-08-12,61,58,-3
6278,2019-08-12,15,18,3
6279,2019-08-12,13,13,0
6280,2019-08-12,94,93,-1
6281,2019-08-12,29,22,-7
6301,2019-08-12,21,19,-2
6302,2019-08-12,17,11,-6
6303,2019-08-12,20,8,-12
6304,2019-08-12,14,11,-3
6305,2019-08-12,9,8,-1
6306,2019-08-12,39,20,-19
6307,2019-08-12,53,55,2
6309,2019-08-12,25,16,-9
6310,2019-08-12,79,34,-45
6311,2019-08-12,40,33,-7
6312,2019-08-12,23,35,12
6313,2019-08-12,28,45,17
6314,2019-08-12,47,49,2
6315,2019-08-12,68,36,-32
6316,2019-08-12,28,10,-18
6321,2019-08-12,88,72,-16
6322,2019-08-12,29,30,1
6323,2019-08-12,10,8,-2
6324,2019-08-12,21,24,3
6327,2019-08-12,35,25,-10
6328,2019-08-12,40,38,-2
6329,2019-08-12,32,29,-3
6330,2019-08-12,16,22,6
6331,2019-08-12,16,16,0
6332,2019-08-12,22,32,10
6333,2019-08-12,25,23,-2
6334,2019-08-12,57,63,6
6335,2019-08-12,33,34,1
6336,2019-08-12,25,24,-1
6338,2019-08-12,18,24,6
6339,2019-08-12,24,22,-2
6340,2019-08-12,27,26,-1
6341,2019-08-12,30,40,10
6343,2019-08-12,31,36,5
6344,2019-08-12,42,30,-12
6345,2019-08-12,22,22,0
6346,2019-08-12,14,9,-5
6347,2019-08-12,21,22,1
6349,2019-08-12,24,26,2
6350,2019-08-12,32,36,4
6354,2019-08-12,25,35,10
6355,2019-08-12,30,36,6
6356,2019-08-12,29,20,-9
6357,2019-08-12,32,25,-7
6358,2019-08-12,22,26,4
6359,2019-08-12,100,105,5
6360,2019-08-12,26,23,-3
6361,2019-08-12,41,33,-8
6362,2019-08-12,37,38,1
6363,2019-08-12,19,18,-1
6364,2019-08-12,47,47,0
6366,2019-08-12,28,22,-6
6367,2019-08-12,15,12,-3
6368,2019-08-12,53,53,0
6369,2019-08-12,30,34,4
6370,2019-08-12,41,39,-2
6371,2019-08-12,61,72,11
6372,2019-08-12,63,74,11
6373,2019-08-12,34,36,2
6374,2019-08-12,35,32,-3
6375,2019-08-12,57,61,4
6376,2019-08-12,25,20,-5
6377,2019-08-12,32,37,5
6379,2019-08-12,19,25,6
6380,2019-08-12,18,19,1
6381,2019-08-12,54,53,-1
6383,2019-08-12,24,25,1
6384,2019-08-12,23,20,-3
6385,2019-08-12,46,47,1
6386,2019-08-12,70,88,18
6387,2019-08-12,59,76,17
6388,2019-08-12,16,25,9
6389,2019-08-12,32,37,5
6391,2019-08-12,41,64,23
6393,2019-08-12,57,81,24
6394,2019-08-12,67,94,27
6395,2019-08-12,63,63,0
6396,2019-08-12,88,76,-12
6397,2019-08-12,39,52,13
6398,2019-08-12,30,49,19
6401,2019-08-12,73,80,7
6402,2019-08-12,41,53,12
6403,2019-08-12,16,26,10
6404,2019-08-12,13,22,9
6405,2019-08-12,32,40,8
6406,2019-08-12,122,139,17
6407,2019-08-12,12,22,10
6408,2019-08-12,44,50,6
6409,2019-08-12,11,21,10
6410,2019-08-12,49,47,-2
6411,2019-08-12,104,92,-12
6412,2019-08-12,15,20,5
6413,2019-08-12,30,41,11
6414,2019-08-12,18,21,3
6415,2019-08-12,12,23,11
6416,2019-08-12,17,9,-8
6417,2019-08-12,23,36,13
6418,2019-08-12,12,8,-4
6419,2019-08-12,6,12,6
6420,2019-08-12,24,24,0
6421,2019-08-12,37,42,5
6422,2019-08-12,13,10,-3
6423,2019-08-12,19,11,-8
6424,2019-08-12,28,59,31
6425,2019-08-12,41,32,-9
6426,2019-08-12,54,65,11
6427,2019-08-12,45,52,7
6428,2019-08-12,13,20,7
6429,2019-08-12,36,45,9
6432,2019-08-12,77,69,-8
6433,2019-08-12,27,25,-2
6434,2019-08-12,63,56,-7
6435,2019-08-12,27,24,-3
6436,2019-08-12,13,18,5
6501,2019-08-12,113,133,20
6502,2019-08-12,44,39,-5
6503,2019-08-12,60,47,-13
6504,2019-08-12,35,30,-5
6700,2019-08-12,16,29,13
6701,2019-08-12,58,49,-9
6702,2019-08-12,19,16,-3
6703,2019-08-12,50,43,-7
6704,2019-08-12,33,31,-2
6705,2019-08-12,9,18,9
6706,2019-08-12,14,19,5
6707,2019-08-12,31,37,6
6708,2019-08-12,38,51,13
6709,2019-08-12,26,29,3
6710,2019-08-12,16,17,1
6711,2019-08-12,22,19,-3
6712,2019-08-12,10,16,6
6713,2019-08-12,16,23,7
6714,2019-08-12,7,2,-5
6715,2019-08-12,19,19,0
6716,2019-08-12,8,10,2
6717,2019-08-12,11,12,1
6718,2019-08-12,20,20,0
6719,2019-08-12,14,16,2
6720,2019-08-12,32,35,3
6722,2019-08-12,13,15,2
6723,2019-08-12,19,20,1
6724,2019-08-12,35,54,19
6725,2019-08-12,23,16,-7
6726,2019-08-12,8,10,2
6727,2019-08-12,78,75,-3
6728,2019-08-12,11,14,3
6729,2019-08-12,123,138,15
6730,2019-08-12,9,9,0
6731,2019-08-12,18,11,-7
6732,2019-08-12,36,52,16
6733,2019-08-12,21,32,11
6734,2019-08-12,41,41,0
6735,2019-08-12,8,8,0
6736,2019-08-12,21,19,-2
6737,2019-08-12,11,14,3
6738,2019-08-12,79,63,-16
6739,2019-08-12,7,8,1
6741,2019-08-12,6,10,4
6742,2019-08-12,60,70,10
6743,2019-08-12,29,21,-8
6744,2019-08-12,14,18,4
6745,2019-08-12,27,32,5
6746,2019-08-12,15,19,4
6747,2019-08-12,35,43,8
6748,2019-08-12,69,82,13
6749,2019-08-12,50,51,1
6750,2019-08-12,44,49,5
6752,2019-08-12,32,31,-1
6753,2019-08-12,16,15,-1
6754,2019-08-12,18,22,4
6901,2019-08-12,51,68,17
6902,2019-08-12,58,73,15
6903,2019-08-12,102,99,-3
6904,2019-08-12,30,23,-7
6905,2019-08-12,40,40,0
6906,2019-08-12,135,95,-40
6907,2019-08-12,82,78,-4
6908,2019-08-12,48,54,6
6910,2019-08-12,97,90,-7
6912,2019-08-12,127,96,-31
6913,2019-08-12,26,23,-3
6915,2019-08-12,60,61,1
6916,2019-08-12,31,18,-13
6917,2019-08-12,10,20,10
6918,2019-08-12,23,21,-2
6919,2019-08-12,19,22,3
6921,2019-08-12,71,74,3
6923,2019-08-12,35,33,-2
6924,2019-08-12,13,14,1
6925,2019-08-12,34,35,1
6926,2019-08-12,57,56,-1
6927,2019-08-12,73,37,-36
6928,2019-08-12,35,12,-23
6929,2019-08-12,31,27,-4
6930,2019-08-12,22,19,-3
7001,2019-08-12,36,45,9
7002,2019-08-12,16,13,-3
7003,2019-08-12,4,5,1
7004,2019-08-12,16,17,1
7005,2019-08-12,8,7,-1
7006,2019-08-12,13,19,6
7007,2019-08-12,14,22,8
7008,2019-08-12,18,18,0
7009,2019-08-12,75,95,20
7010,2019-08-12,23,21,-2
7011,2019-08-12,74,83,9
7012,2019-08-12,29,40,11
7013,2019-08-12,23,25,2
7014,2019-08-12,59,34,-25
7015,2019-08-12,13,14,1
7016,2019-08-12,15,18,3
7017,2019-08-12,27,40,13
7018,2019-08-12,31,37,6
7019,2019-08-12,137,108,-29
7020,2019-08-12,16,26,10
7021,2019-08-12,40,38,-2
7022,2019-08-12,40,36,-4
7023,2019-08-12,8,11,3
7024,2019-08-12,43,33,-10
7025,2019-08-12,42,35,-7
7026,2019-08-12,75,78,3
7027,2019-08-12,48,41,-7
7028,2019-08-12,80,79,-1
7029,2019-08-12,35,36,1
7030,2019-08-12,55,58,3
7031,2019-08-12,28,33,5
7032,2019-08-12,63,45,-18
7033,2019-08-12,64,57,-7
7034,2019-08-12,24,37,13
7035,2019-08-12,30,34,4
7036,2019-08-12,41,46,5
7037,2019-08-12,54,47,-7
7038,2019-08-12,67,68,1
7039,2019-08-12,34,27,-7
7040,2019-08-12,52,62,10
7041,2019-08-12,93,83,-10
7042,2019-08-12,41,43,2
7043,2019-08-12,25,21,-4
7044,2019-08-12,14,14,0
7045,2019-08-12,52,55,3
7046,2019-08-12,70,104,34
7047,2019-08-12,92,176,84
7048,2019-08-12,16,15,-1
7049,2019-08-12,10,20,10
7050,2019-08-12,29,30,1
7051,2019-08-12,12,16,4
7052,2019-08-12,45,48,3
7053,2019-08-12,39,48,9
7054,2019-08-12,36,35,-1
7055,2019-08-12,11,15,4
7056,2019-08-12,14,15,1
7057,2019-08-12,25,30,5
7058,2019-08-12,30,24,-6
7059,2019-08-12,27,29,2
7060,2019-08-12,18,26,8
7061,2019-08-12,23,24,1
7062,2019-08-12,47,43,-4
7063,2019-08-12,18,16,-2
7064,2019-08-12,26,26,0
7065,2019-08-12,33,36,3
7066,2019-08-12,78,115,37
7067,2019-08-12,58,63,5
7068,2019-08-12,63,77,14
7069,2019-08-12,70,96,26
7070,2019-08-12,43,47,4
7071,2019-08-12,40,27,-13
7072,2019-08-12,43,31,-12
7073,2019-08-12,56,58,2
7074,2019-08-12,24,38,14
7075,2019-08-12,10,4,-6
7076,2019-08-12,60,55,-5
7077,2019-08-12,25,30,5
7078,2019-08-12,25,30,5
7079,2019-08-12,24,38,14
7080,2019-08-12,63,71,8
7081,2019-08-12,55,66,11
7082,2019-08-12,73,92,19
7083,2019-08-12,51,37,-14
7084,2019-08-12,61,66,5
7087,2019-08-12,1,2,1
7088,2019-08-12,1,1,0
7090,2019-08-12,9,12,3
7091,2019-08-12,6,9,3
7095,2019-08-12,17,14,-3
7096,2019-08-12,24,24,0
7097,2019-08-12,7,8,1
7098,2019-08-12,3,2,-1
7099,2019-08-12,10,8,-2
7100,2019-08-12,4,6,2
7101,2019-08-12,7,6,-1
7102,2019-08-12,14,13,-1
7103,2019-08-12,16,15,-1
7104,2019-08-12,4,5,1
7105,2019-08-12,8,6,-2
7106,2019-08-12,3,2,-1
7107,2019-08-12,4,9,5
7108,2019-08-12,6,7,1
7109,2019-08-12,3,5,2
7110,2019-08-12,10,9,-1
7111,2019-08-12,4,3,-1
7112,2019-08-12,7,6,-1
7113,2019-08-12,66,60,-6
7114,2019-08-12,100,115,15
7115,2019-08-12,10,13,3
7116,2019-08-12,13,7,-6
7117,2019-08-12,2,3,1
7118,2019-08-12,4,3,-1
7119,2019-08-12,6,8,2
7121,2019-08-12,5,7,2
7122,2019-08-12,4,6,2
7123,2019-08-12,3,4,1
7124,2019-08-12,16,19,3
7125,2019-08-12,28,21,-7
7126,2019-08-12,4,5,1
7127,2019-08-12,28,27,-1
7128,2019-08-12,13,12,-1
7129,2019-08-12,7,5,-2
7130,2019-08-12,8,10,2
7131,2019-08-12,3,2,-1
7132,2019-08-12,1,3,2
7133,2019-08-12,7,5,-2
7134,2019-08-12,3,4,1
7135,2019-08-12,6,9,3
7136,2019-08-12,11,5,-6
7137,2019-08-12,6,6,0
7138,2019-08-12,2,2,0
7139,2019-08-12,60,57,-3
7140,2019-08-12,29,30,1
7141,2019-08-12,34,25,-9
7142,2019-08-12,7,12,5
7143,2019-08-12,19,23,4
7144,2019-08-12,38,38,0
7145,2019-08-12,18,25,7
7146,2019-08-12,23,26,3
7147,2019-08-12,31,32,1
7148,2019-08-12,8,8,0
7149,2019-08-12,13,10,-3
10002,2019-08-12,100,105,5
4000,2019-08-13,70,71,1
4001,2019-08-13,14,11,-3
4002,2019-08-13,20,36,16
5002,2019-08-13,4,5,1
5004,2019-08-13,5,4,-1
5005,2019-08-13,2,4,2
5006,2019-08-13,5,5,0
5007,2019-08-13,16,23,7
6001,2019-08-13,70,112,42
6002,2019-08-13,54,82,28
6003,2019-08-13,61,93,32
6004,2019-08-13,60,71,11
6005,2019-08-13,93,117,24
6006,2019-08-13,35,22,-13
6007,2019-08-13,40,38,-2
6008,2019-08-13,31,66,35
6009,2019-08-13,72,70,-2
6011,2019-08-13,57,87,30
6012,2019-08-13,153,218,65
6013,2019-08-13,94,128,34
6014,2019-08-13,80,106,26
6015,2019-08-13,220,314,94
6016,2019-08-13,20,26,6
6017,2019-08-13,45,65,20
6018,2019-08-13,69,85,16
6019,2019-08-13,186,94,-92
6021,2019-08-13,105,85,-20
6022,2019-08-13,69,80,11
6023,2019-08-13,178,211,33
6024,2019-08-13,4,5,1
6025,2019-08-13,45,48,3
6026,2019-08-13,234,252,18
6027,2019-08-13,139,153,14
6029,2019-08-13,41,36,-5
6031,2019-08-13,40,64,24
6032,2019-08-13,57,116,59
6033,2019-08-13,21,14,-7
6034,2019-08-13,26,40,14
6035,2019-08-13,27,69,42
6036,2019-08-13,176,295,119
6037,2019-08-13,56,68,12
6038,2019-08-13,104,105,1
6039,2019-08-13,103,107,4
6040,2019-08-13,77,76,-1
6041,2019-08-13,95,98,3
6042,2019-08-13,79,80,1
6043,2019-08-13,216,423,207
6044,2019-08-13,101,103,2
6046,2019-08-13,148,142,-6
6047,2019-08-13,67,50,-17
6048,2019-08-13,39,50,11
6049,2019-08-13,109,126,17
6050,2019-08-13,58,74,16
6051,2019-08-13,30,35,5
6052,2019-08-13,288,372,84
6053,2019-08-13,140,147,7
6057,2019-08-13,79,79,0
6058,2019-08-13,73,73,0
6059,2019-08-13,94,79,-15
6060,2019-08-13,37,15,-22
6061,2019-08-13,96,90,-6
6062,2019-08-13,76,61,-15
6063,2019-08-13,99,81,-18
6064,2019-08-13,203,153,-50
6065,2019-08-13,71,57,-14
6066,2019-08-13,35,16,-19
6067,2019-08-13,102,124,22
6068,2019-08-13,20,22,2
6070,2019-08-13,235,173,-62
6072,2019-08-13,88,73,-15
6073,2019-08-13,240,169,-71
6075,2019-08-13,34,15,-19
6076,2019-08-13,28,31,3
6078,2019-08-13,68,67,-1
6079,2019-08-13,68,55,-13
6080,2019-08-13,178,167,-11
6081,2019-08-13,80,64,-16
6082,2019-08-13,13,8,-5
6083,2019-08-13,158,163,5
6084,2019-08-13,58,85,27
6085,2019-08-13,96,128,32
6086,2019-08-13,64,107,43
6087,2019-08-13,115,154,39
6088,2019-08-13,73,90,17
6089,2019-08-13,62,61,-1
6090,2019-08-13,53,53,0
6091,2019-08-13,67,50,-17
6092,2019-08-13,76,73,-3
6093,2019-08-13,95,88,-7
6094,2019-08-13,58,53,-5
6095,2019-08-13,176,158,-18
6096,2019-08-13,43,62,19
6097,2019-08-13,68,40,-28
6098,2019-08-13,57,30,-27
6099,2019-08-13,107,174,67
6100,2019-08-13,271,241,-30
6101,2019-08-13,61,22,-39
6102,2019-08-13,46,35,-11
6103,2019-08-13,25,33,8
6104,2019-08-13,75,106,31
6105,2019-08-13,62,83,21
6106,2019-08-13,45,52,7
6107,2019-08-13,94,69,-25
6108,2019-08-13,39,42,3
6109,2019-08-13,32,33,1
6110,2019-08-13,32,41,9
6111,2019-08-13,51,56,5
6112,2019-08-13,126,124,-2
6113,2019-08-13,58,59,1
6114,2019-08-13,169,224,55
6115,2019-08-13,18,28,10
6116,2019-08-13,57,75,18
6117,2019-08-13,76,76,0
6118,2019-08-13,88,104,16
6119,2019-08-13,101,105,4
6120,2019-08-13,89,119,30
6121,2019-08-13,22,38,16
6122,2019-08-13,21,25,4
6123,2019-08-13,34,48,14
6124,2019-08-13,48,75,27
6125,2019-08-13,32,23,-9
6126,2019-08-13,52,59,7
6127,2019-08-13,69,59,-10
6128,2019-08-13,31,40,9
6129,2019-08-13,59,71,12
6130,2019-08-13,32,24,-8
6131,2019-08-13,113,68,-45
6132,2019-08-13,55,73,18
6133,2019-08-13,4,4,0
6134,2019-08-13,61,59,-2
6136,2019-08-13,311,229,-82
6137,2019-08-13,98,82,-16
6138,2019-08-13,70,71,1
6139,2019-08-13,54,46,-8
6140,2019-08-13,98,99,1
6141,2019-08-13,79,61,-18
6142,2019-08-13,109,86,-23
6143,2019-08-13,152,139,-13
6145,2019-08-13,58,61,3
6146,2019-08-13,81,80,-1
6147,2019-08-13,121,84,-37
6148,2019-08-13,136,120,-16
6149,2019-08-13,48,37,-11
6150,2019-08-13,69,70,1
6151,2019-08-13,89,105,16
6152,2019-08-13,120,132,12
6153,2019-08-13,54,55,1
6154,2019-08-13,152,149,-3
6155,2019-08-13,144,127,-17
6156,2019-08-13,86,83,-3
6157,2019-08-13,131,130,-1
6158,2019-08-13,64,62,-2
6159,2019-08-13,41,49,8
6160,2019-08-13,42,46,4
6161,2019-08-13,36,41,5
6162,2019-08-13,16,20,4
6163,2019-08-13,146,132,-14
6164,2019-08-13,76,98,22
6165,2019-08-13,166,201,35
6166,2019-08-13,87,68,-19
6167,2019-08-13,31,35,4
6168,2019-08-13,64,60,-4
6169,2019-08-13,190,152,-38
6170,2019-08-13,88,72,-16
6171,2019-08-13,47,47,0
6173,2019-08-13,117,78,-39
6174,2019-08-13,112,90,-22
6175,2019-08-13,116,75,-41
6176,2019-08-13,89,90,1
6177,2019-08-13,84,69,-15
6178,2019-08-13,133,135,2
6179,2019-08-13,80,80,0
6180,2019-08-13,66,73,7
6181,2019-08-13,111,88,-23
6182,2019-08-13,77,58,-19
6183,2019-08-13,90,72,-18
6184,2019-08-13,277,222,-55
6185,2019-08-13,28,20,-8
6186,2019-08-13,100,70,-30
6187,2019-08-13,114,121,7
6188,2019-08-13,60,54,-6
6189,2019-08-13,21,18,-3
6190,2019-08-13,119,65,-54
6191,2019-08-13,71,68,-3
6192,2019-08-13,29,34,5
6193,2019-08-13,132,127,-5
6195,2019-08-13,91,48,-43
6196,2019-08-13,143,108,-35
6197,2019-08-13,67,60,-7
6198,2019-08-13,21,19,-2
6199,2019-08-13,105,85,-20
6200,2019-08-13,107,110,3
6201,2019-08-13,86,69,-17
6202,2019-08-13,131,97,-34
6203,2019-08-13,40,36,-4
6204,2019-08-13,96,89,-7
6205,2019-08-13,91,83,-8
6206,2019-08-13,185,167,-18
6207,2019-08-13,56,45,-11
6208,2019-08-13,79,85,6
6209,2019-08-13,136,94,-42
6210,2019-08-13,45,45,0
6211,2019-08-13,164,136,-28
6212,2019-08-13,101,86,-15
6213,2019-08-13,148,137,-11
6214,2019-08-13,81,79,-2
6215,2019-08-13,76,77,1
6216,2019-08-13,208,110,-98
6217,2019-08-13,112,86,-26
6218,2019-08-13,79,57,-22
6219,2019-08-13,88,92,4
6220,2019-08-13,92,83,-9
6221,2019-08-13,218,183,-35
6222,2019-08-13,70,65,-5
6223,2019-08-13,99,62,-37
6224,2019-08-13,59,51,-8
6225,2019-08-13,82,58,-24
6226,2019-08-13,35,29,-6
6227,2019-08-13,155,152,-3
6228,2019-08-13,39,37,-2
6229,2019-08-13,53,42,-11
6230,2019-08-13,120,105,-15
6231,2019-08-13,135,107,-28
6232,2019-08-13,45,35,-10
6233,2019-08-13,127,110,-17
6234,2019-08-13,57,65,8
6235,2019-08-13,74,64,-10
6236,2019-08-13,84,86,2
6237,2019-08-13,76,71,-5
6240,2019-08-13,22,26,4
6241,2019-08-13,61,48,-13
6243,2019-08-13,63,51,-12
6245,2019-08-13,38,42,4
6246,2019-08-13,55,57,2
6247,2019-08-13,139,121,-18
6248,2019-08-13,136,113,-23
6249,2019-08-13,73,60,-13
6250,2019-08-13,100,86,-14
6251,2019-08-13,30,27,-3
6252,2019-08-13,69,62,-7
6253,2019-08-13,83,59,-24
6254,2019-08-13,87,75,-12
6255,2019-08-13,95,89,-6
6257,2019-08-13,53,38,-15
6258,2019-08-13,100,78,-22
6259,2019-08-13,48,45,-3
6260,2019-08-13,56,50,-6
6261,2019-08-13,51,51,0
6262,2019-08-13,55,60,5
6263,2019-08-13,25,26,1
6265,2019-08-13,55,52,-3
6267,2019-08-13,42,46,4
6268,2019-08-13,59,64,5
6269,2019-08-13,4,16,12
6270,2019-08-13,38,35,-3
6272,2019-08-13,24,28,4
6273,2019-08-13,41,40,-1
6274,2019-08-13,53,63,10
6275,2019-08-13,47,44,-3
6276,2019-08-13,55,49,-6
6277,2019-08-13,57,60,3
6278,2019-08-13,21,29,8
6279,2019-08-13,25,21,-4
6280,2019-08-13,106,97,-9
6281,2019-08-13,24,22,-2
6301,2019-08-13,28,17,-11
6302,2019-08-13,26,15,-11
6303,2019-08-13,22,19,-3
6304,2019-08-13,18,19,1
6305,2019-08-13,26,9,-17
6306,2019-08-13,73,24,-49
6307,2019-08-13,69,68,-1
6309,2019-08-13,14,27,13
6310,2019-08-13,77,37,-40
6311,2019-08-13,56,41,-15
6312,2019-08-13,31,41,10
6313,2019-08-13,56,66,10
6314,2019-08-13,63,59,-4
6315,2019-08-13,95,43,-52
6316,2019-08-13,42,23,-19
6321,2019-08-13,108,101,-7
6322,2019-08-13,36,31,-5
6323,2019-08-13,10,8,-2
6324,2019-08-13,34,32,-2
6327,2019-08-13,36,27,-9
6328,2019-08-13,34,32,-2
6329,2019-08-13,36,34,-2
6330,2019-08-13,21,28,7
6331,2019-08-13,22,21,-1
6332,2019-08-13,41,42,1
6333,2019-08-13,23,21,-2
6334,2019-08-13,67,73,6
6335,2019-08-13,51,42,-9
6336,2019-08-13,34,39,5
6338,2019-08-13,30,29,-1
6339,2019-08-13,31,35,4
6340,2019-08-13,32,36,4
6341,2019-08-13,42,55,13
6343,2019-08-13,36,42,6
6344,2019-08-13,53,47,-6
6345,2019-08-13,14,24,10
6346,2019-08-13,27,9,-18
6347,2019-08-13,28,24,-4
6349,2019-08-13,44,47,3
6350,2019-08-13,53,55,2
6354,2019-08-13,43,47,4
6355,2019-08-13,33,52,19
6356,2019-08-13,32,24,-8
6357,2019-08-13,34,31,-3
6358,2019-08-13,36,39,3
6359,2019-08-13,105,124,19
6360,2019-08-13,21,24,3
6361,2019-08-13,44,39,-5
6362,2019-08-13,53,49,-4
6363,2019-08-13,28,21,-7
6364,2019-08-13,40,28,-12
6366,2019-08-13,28,19,-9
6367,2019-08-13,28,18,-10
6368,2019-08-13,63,72,9
6369,2019-08-13,50,54,4
6370,2019-08-13,39,28,-11
6371,2019-08-13,104,91,-13
6372,2019-08-13,85,95,10
6373,2019-08-13,48,36,-12
6374,2019-08-13,56,44,-12
6375,2019-08-13,80,80,0
6376,2019-08-13,33,28,-5
6377,2019-08-13,41,41,0
6379,2019-08-13,29,40,11
6380,2019-08-13,30,33,3
6381,2019-08-13,65,68,3
6383,2019-08-13,42,33,-9
6384,2019-08-13,24,21,-3
6385,2019-08-13,60,62,2
6386,2019-08-13,71,92,21
6387,2019-08-13,70,93,23
6388,2019-08-13,33,30,-3
6389,2019-08-13,70,62,-8
6391,2019-08-13,57,96,39
6393,2019-08-13,70,82,12
6394,2019-08-13,71,104,33
6395,2019-08-13,91,91,0
6396,2019-08-13,116,120,4
6397,2019-08-13,57,75,18
6398,2019-08-13,38,57,19
6401,2019-08-13,69,70,1
6402,2019-08-13,56,63,7
6403,2019-08-13,25,37,12
6404,2019-08-13,11,25,14
6405,2019-08-13,51,55,4
6406,2019-08-13,144,194,50
6407,2019-08-13,14,22,8
6408,2019-08-13,55,63,8
6409,2019-08-13,21,27,6
6410,2019-08-13,63,63,0
6411,2019-08-13,140,121,-19
6412,2019-08-13,29,28,-1
6413,2019-08-13,27,66,39
6414,2019-08-13,18,28,10
6415,2019-08-13,32,30,-2
6416,2019-08-13,31,15,-16
6417,2019-08-13,18,32,14
6418,2019-08-13,8,9,1
6419,2019-08-13,18,21,3
6420,2019-08-13,31,22,-9
6421,2019-08-13,50,42,-8
6422,2019-08-13,20,22,2
6423,2019-08-13,26,16,-10
6424,2019-08-13,55,83,28
6425,2019-08-13,52,52,0
6426,2019-08-13,77,91,14
6427,2019-08-13,62,72,10
6428,2019-08-13,23,26,3
6429,2019-08-13,38,52,14
6432,2019-08-13,109,108,-1
6433,2019-08-13,36,34,-2
6434,2019-08-13,70,69,-1
6435,2019-08-13,70,59,-11
6436,2019-08-13,25,13,-12
6501,2019-08-13,134,148,14
6502,2019-08-13,23,17,-6
6503,2019-08-13,68,58,-10
6504,2019-08-13,24,31,7
6700,2019-08-13,22,36,14
6701,2019-08-13,58,46,-12
6702,2019-08-13,20,34,14
6703,2019-08-13,77,75,-2
6704,2019-08-13,37,29,-8
6705,2019-08-13,15,17,2
6706,2019-08-13,31,35,4
6707,2019-08-13,38,41,3
6708,2019-08-13,50,65,15
6709,2019-08-13,30,29,-1
6710,2019-08-13,17,16,-1
6711,2019-08-13,26,24,-2
6712,2019-08-13,20,23,3
6713,2019-08-13,23,23,0
6714,2019-08-13,9,12,3
6715,2019-08-13,28,25,-3
6716,2019-08-13,8,8,0
6717,2019-08-13,10,21,11
6718,2019-08-13,23,28,5
6719,2019-08-13,30,28,-2
6720,2019-08-13,26,33,7
6722,2019-08-13,16,25,9
6723,2019-08-13,23,22,-1
6724,2019-08-13,70,84,14
6725,2019-08-13,42,47,5
6726,2019-08-13,8,10,2
6727,2019-08-13,97,98,1
6728,2019-08-13,22,16,-6
6729,2019-08-13,146,163,17
6730,2019-08-13,13,18,5
6731,2019-08-13,25,16,-9
6732,2019-08-13,37,46,9
6733,2019-08-13,26,37,11
6734,2019-08-13,53,48,-5
6735,2019-08-13,9,8,-1
6736,2019-08-13,19,17,-2
6737,2019-08-13,24,22,-2
6738,2019-08-13,129,94,-35
6739,2019-08-13,10,12,2
6741,2019-08-13,25,22,-3
6742,2019-08-13,77,94,17
6743,2019-08-13,35,21,-14
6744,2019-08-13,25,26,1
6745,2019-08-13,40,40,0
6746,2019-08-13,24,17,-7
6747,2019-08-13,48,62,14
6748,2019-08-13,88,104,16
6749,2019-08-13,66,65,-1
6750,2019-08-13,58,53,-5
6752,2019-08-13,35,35,0
6753,2019-08-13,26,25,-1
6754,2019-08-13,17,27,10
6901,2019-08-13,26,50,24
6902,2019-08-13,73,103,30
6903,2019-08-13,93,92,-1
6904,2019-08-13,28,26,-2
6905,2019-08-13,38,36,-2
6906,2019-08-13,182,103,-79
6907,2019-08-13,121,89,-32
6908,2019-08-13,55,53,-2
6910,2019-08-13,113,120,7
6912,2019-08-13,171,123,-48
6913,2019-08-13,62,48,-14
6915,2019-08-13,87,77,-10
6916,2019-08-13,39,41,2
6917,2019-08-13,19,21,2
6918,2019-08-13,38,33,-5
6919,2019-08-13,34,20,-14
6921,2019-08-13,83,84,1
6923,2019-08-13,48,46,-2
6924,2019-08-13,24,25,1
6925,2019-08-13,50,50,0
6926,2019-08-13,63,66,3
6927,2019-08-13,84,46,-38
6928,2019-08-13,31,11,-20
6929,2019-08-13,32,28,-4
6930,2019-08-13,30,35,5
7001,2019-08-13,35,34,-1
7002,2019-08-13,11,17,6
7004,2019-08-13,15,24,9
7005,2019-08-13,4,8,4
7006,2019-08-13,23,25,2
7007,2019-08-13,9,15,6
7008,2019-08-13,27,28,1
7009,2019-08-13,111,115,4
7010,2019-08-13,22,27,5
7011,2019-08-13,93,111,18
7012,2019-08-13,51,69,18
7013,2019-08-13,25,29,4
7014,2019-08-13,56,35,-21
7015,2019-08-13,27,24,-3
7016,2019-08-13,21,23,2
7017,2019-08-13,26,40,14
7018,2019-08-13,31,44,13
7019,2019-08-13,147,128,-19
7020,2019-08-13,15,22,7
7021,2019-08-13,49,40,-9
7022,2019-08-13,41,35,-6
7023,2019-08-13,5,6,1
7024,2019-08-13,60,44,-16
7025,2019-08-13,40,41,1
7026,2019-08-13,83,88,5
7027,2019-08-13,75,78,3
7028,2019-08-13,101,90,-11
7029,2019-08-13,52,47,-5
7030,2019-08-13,47,52,5
7031,2019-08-13,42,50,8
7032,2019-08-13,110,56,-54
7033,2019-08-13,91,75,-16
7034,2019-08-13,69,81,12
7035,2019-08-13,67,71,4
7036,2019-08-13,53,50,-3
7037,2019-08-13,54,53,-1
7038,2019-08-13,65,57,-8
7039,2019-08-13,35,36,1
7040,2019-08-13,70,79,9
7041,2019-08-13,120,113,-7
7042,2019-08-13,48,50,2
7043,2019-08-13,31,26,-5
7044,2019-08-13,12,13,1
7045,2019-08-13,64,59,-5
7046,2019-08-13,118,131,13
7047,2019-08-13,125,204,79
7048,2019-08-13,16,22,6
7049,2019-08-13,15,20,5
7050,2019-08-13,29,32,3
7051,2019-08-13,13,18,5
7052,2019-08-13,72,76,4
7053,2019-08-13,56,59,3
7054,2019-08-13,58,78,20
7055,2019-08-13,24,35,11
7056,2019-08-13,13,17,4
7057,2019-08-13,31,39,8
7058,2019-08-13,36,43,7
7059,2019-08-13,37,37,0
7060,2019-08-13,30,44,14
7061,2019-08-13,37,31,-6
7062,2019-08-13,66,67,1
7063,2019-08-13,35,28,-7
7064,2019-08-13,34,31,-3
7065,2019-08-13,40,38,-2
7066,2019-08-13,87,154,67
7067,2019-08-13,77,80,3
7068,2019-08-13,71,87,16
7069,2019-08-13,87,87,0
7070,2019-08-13,33,41,8
7071,2019-08-13,56,39,-17
7072,2019-08-13,38,30,-8
7073,2019-08-13,62,67,5
7074,2019-08-13,47,38,-9
7075,2019-08-13,12,12,0
7076,2019-08-13,81,64,-17
7077,2019-08-13,29,38,9
7078,2019-08-13,37,38,1
7079,2019-08-13,39,54,15
7080,2019-08-13,76,104,28
7081,2019-08-13,89,113,24
7082,2019-08-13,79,110,31
7083,2019-08-13,58,54,-4
7084,2019-08-13,75,82,7
7085,2019-08-13,1,0,-1
7086,2019-08-13,1,0,-1
7087,2019-08-13,2,0,-2
7088,2019-08-13,1,0,-1
7090,2019-08-13,12,13,1
7091,2019-08-13,7,13,6
7093,2019-08-13,8,8,0
7094,2019-08-13,2,6,4
7095,2019-08-13,18,17,-1
7096,2019-08-13,40,38,-2
7097,2019-08-13,12,6,-6
7098,2019-08-13,3,4,1
7099,2019-08-13,15,14,-1
7100,2019-08-13,6,3,-3
7101,2019-08-13,14,10,-4
7102,2019-08-13,26,25,-1
7103,2019-08-13,13,12,-1
7104,2019-08-13,3,5,2
7105,2019-08-13,5,9,4
7106,2019-08-13,5,3,-2
7107,2019-08-13,4,2,-2
7108,2019-08-13,9,10,1
7109,2019-08-13,10,7,-3
7110,2019-08-13,9,10,1
7111,2019-08-13,5,5,0
7112,2019-08-13,15,16,1
7113,2019-08-13,64,71,7
7114,2019-08-13,95,119,24
7115,2019-08-13,14,14,0
7116,2019-08-13,9,11,2
7117,2019-08-13,3,3,0
7118,2019-08-13,4,3,-1
7119,2019-08-13,12,9,-3
7120,2019-08-13,2,4,2
7121,2019-08-13,3,11,8
7122,2019-08-13,10,11,1
7123,2019-08-13,4,6,2
7124,2019-08-13,21,20,-1
7125,2019-08-13,41,34,-7
7126,2019-08-13,7,7,0
7127,2019-08-13,39,38,-1
7128,2019-08-13,14,11,-3
7129,2019-08-13,7,12,5
7130,2019-08-13,17,12,-5
7131,2019-08-13,4,9,5
7132,2019-08-13,4,6,2
7133,2019-08-13,10,5,-5
7134,2019-08-13,7,6,-1
7135,2019-08-13,2,5,3
7136,2019-08-13,11,9,-2
7137,2019-08-13,13,14,1
7138,2019-08-13,4,7,3
7139,2019-08-13,62,58,-4
7140,2019-08-13,24,24,0
7141,2019-08-13,25,35,10
7142,2019-08-13,5,11,6
7143,2019-08-13,20,21,1
7144,2019-08-13,49,66,17
7145,2019-08-13,18,17,-1
7146,2019-08-13,11,21,10
7147,2019-08-13,34,35,1
7148,2019-08-13,15,17,2
7149,2019-08-13,17,22,5
10002,2019-08-13,129,143,14
4000,2019-08-14,55,66,11
4001,2019-08-14,10,15,5
4002,2019-08-14,21,28,7
5002,2019-08-14,5,5,0
5003,2019-08-14,5,4,-1
5004,2019-08-14,5,6,1
5006,2019-08-14,7,3,-4
5007,2019-08-14,22,25,3
6001,2019-08-14,59,103,44
6002,2019-08-14,62,76,14
6003,2019-08-14,76,88,12
6004,2019-08-14,68,77,9
6005,2019-08-14,98,114,16
6006,2019-08-14,34,21,-13
6007,2019-08-14,43,48,5
6008,2019-08-14,54,75,21
6009,2019-08-14,93,92,-1
6011,2019-08-14,77,92,15
6012,2019-08-14,124,217,93
6013,2019-08-14,88,114,26
6014,2019-08-14,87,100,13
6015,2019-08-14,201,328,127
6016,2019-08-14,20,20,0
6017,2019-08-14,51,69,18
6018,2019-08-14,95,105,10
6019,2019-08-14,163,105,-58
6021,2019-08-14,87,65,-22
6022,2019-08-14,66,68,2
6023,2019-08-14,188,247,59
6024,2019-08-14,6,8,2
6025,2019-08-14,47,47,0
6026,2019-08-14,258,302,44
6027,2019-08-14,156,132,-24
6029,2019-08-14,29,35,6
6031,2019-08-14,36,55,19
6032,2019-08-14,64,149,85
6033,2019-08-14,15,18,3
6034,2019-08-14,4,15,11
6035,2019-08-14,30,71,41
6036,2019-08-14,241,324,83
6037,2019-08-14,51,58,7
6038,2019-08-14,114,117,3
6039,2019-08-14,83,124,41
6040,2019-08-14,51,75,24
6041,2019-08-14,91,92,1
6042,2019-08-14,97,98,1
6043,2019-08-14,208,399,191
6044,2019-08-14,79,81,2
6046,2019-08-14,160,161,1
6047,2019-08-14,86,54,-32
6048,2019-08-14,52,52,0
6049,2019-08-14,95,128,33
6050,2019-08-14,67,66,-1
6051,2019-08-14,31,30,-1
6052,2019-08-14,289,389,100
6053,2019-08-14,138,150,12
6057,2019-08-14,91,91,0
6058,2019-08-14,97,83,-14
6059,2019-08-14,109,85,-24
6060,2019-08-14,49,29,-20
6061,2019-08-14,77,79,2
6062,2019-08-14,83,63,-20
6063,2019-08-14,116,99,-17
6064,2019-08-14,195,187,-8
6065,2019-08-14,56,49,-7
6066,2019-08-14,42,23,-19
6067,2019-08-14,152,149,-3
6068,2019-08-14,18,21,3
6070,2019-08-14,194,163,-31
6072,2019-08-14,78,70,-8
6073,2019-08-14,198,145,-53
6075,2019-08-14,42,22,-20
6076,2019-08-14,23,32,9
6078,2019-08-14,68,79,11
6079,2019-08-14,76,61,-15
6080,2019-08-14,186,163,-23
6081,2019-08-14,73,60,-13
6082,2019-08-14,19,16,-3
6083,2019-08-14,139,165,26
6084,2019-08-14,56,58,2
6085,2019-08-14,85,135,50
6086,2019-08-14,84,108,24
6087,2019-08-14,129,164,35
6088,2019-08-14,32,34,2
6089,2019-08-14,56,64,8
6090,2019-08-14,46,48,2
6091,2019-08-14,45,52,7
6092,2019-08-14,83,76,-7
6093,2019-08-14,92,79,-13
6094,2019-08-14,46,43,-3
6095,2019-08-14,186,177,-9
6096,2019-08-14,46,61,15
6097,2019-08-14,83,56,-27
6098,2019-08-14,78,32,-46
6099,2019-08-14,109,148,39
6100,2019-08-14,298,287,-11
6101,2019-08-14,74,37,-37
6102,2019-08-14,43,27,-16
6103,2019-08-14,1,0,-1
6104,2019-08-14,93,116,23
6105,2019-08-14,78,90,12
6106,2019-08-14,51,52,1
6107,2019-08-14,140,118,-22
6108,2019-08-14,45,62,17
6109,2019-08-14,29,39,10
6110,2019-08-14,32,43,11
6111,2019-08-14,51,61,10
6112,2019-08-14,109,137,28
6113,2019-08-14,56,49,-7
6114,2019-08-14,161,199,38
6115,2019-08-14,21,26,5
6116,2019-08-14,68,91,23
6117,2019-08-14,91,78,-13
6118,2019-08-14,108,132,24
6119,2019-08-14,146,173,27
6120,2019-08-14,90,113,23
6121,2019-08-14,37,67,30
6122,2019-08-14,24,29,5
6123,2019-08-14,26,32,6
6124,2019-08-14,44,76,32
6125,2019-08-14,26,22,-4
6126,2019-08-14,57,64,7
6127,2019-08-14,52,42,-10
6128,2019-08-14,27,32,5
6129,2019-08-14,67,67,0
6130,2019-08-14,20,27,7
6131,2019-08-14,117,70,-47
6132,2019-08-14,63,84,21
6134,2019-08-14,61,54,-7
6136,2019-08-14,304,240,-64
6137,2019-08-14,101,110,9
6138,2019-08-14,64,57,-7
6139,2019-08-14,41,33,-8
6140,2019-08-14,112,119,7
6141,2019-08-14,63,55,-8
6142,2019-08-14,126,88,-38
6143,2019-08-14,128,102,-26
6145,2019-08-14,78,77,-1
6146,2019-08-14,100,81,-19
6147,2019-08-14,126,65,-61
6148,2019-08-14,144,97,-47
6149,2019-08-14,41,40,-1
6150,2019-08-14,79,87,8
6151,2019-08-14,91,93,2
6152,2019-08-14,132,122,-10
6153,2019-08-14,62,74,12
6154,2019-08-14,179,184,5
6155,2019-08-14,146,141,-5
6156,2019-08-14,95,84,-11
6157,2019-08-14,119,118,-1
6158,2019-08-14,82,81,-1
6159,2019-08-14,42,47,5
6160,2019-08-14,62,48,-14
6161,2019-08-14,45,59,14
6162,2019-08-14,17,17,0
6163,2019-08-14,128,141,13
6164,2019-08-14,75,81,6
6165,2019-08-14,185,179,-6
6166,2019-08-14,85,59,-26
6167,2019-08-14,38,41,3
6168,2019-08-14,51,49,-2
6169,2019-08-14,149,133,-16
6170,2019-08-14,97,79,-18
6171,2019-08-14,53,57,4
6173,2019-08-14,135,85,-50
6174,2019-08-14,111,110,-1
6175,2019-08-14,103,55,-48
6176,2019-08-14,83,92,9
6177,2019-08-14,81,73,-8
6178,2019-08-14,132,106,-26
6179,2019-08-14,84,79,-5
6180,2019-08-14,76,82,6
6181,2019-08-14,142,99,-43
6182,2019-08-14,81,59,-22
6183,2019-08-14,91,95,4
6184,2019-08-14,312,240,-72
6185,2019-08-14,23,22,-1
6186,2019-08-14,83,69,-14
6187,2019-08-14,142,141,-1
6188,2019-08-14,64,52,-12
6189,2019-08-14,23,28,5
6190,2019-08-14,110,71,-39
6191,2019-08-14,79,71,-8
6192,2019-08-14,41,24,-17
6193,2019-08-14,115,114,-1
6195,2019-08-14,114,57,-57
6196,2019-08-14,108,87,-21
6197,2019-08-14,65,61,-4
6198,2019-08-14,30,26,-4
6199,2019-08-14,123,96,-27
6200,2019-08-14,103,98,-5
6201,2019-08-14,90,65,-25
6202,2019-08-14,133,104,-29
6203,2019-08-14,38,39,1
6204,2019-08-14,108,95,-13
6205,2019-08-14,95,90,-5
6206,2019-08-14,162,133,-29
6207,2019-08-14,48,54,6
6208,2019-08-14,78,82,4
6209,2019-08-14,139,92,-47
6210,2019-08-14,57,56,-1
6211,2019-08-14,161,163,2
6212,2019-08-14,87,59,-28
6213,2019-08-14,93,93,0
6214,2019-08-14,97,75,-22
6215,2019-08-14,83,82,-1
6216,2019-08-14,152,82,-70
6217,2019-08-14,128,89,-39
6218,2019-08-14,65,52,-13
6219,2019-08-14,89,90,1
6220,2019-08-14,87,72,-15
6221,2019-08-14,235,184,-51
6222,2019-08-14,108,75,-33
6223,2019-08-14,118,78,-40
6224,2019-08-14,81,75,-6
6225,2019-08-14,73,54,-19
6226,2019-08-14,44,36,-8
6227,2019-08-14,167,164,-3
6228,2019-08-14,29,26,-3
6229,2019-08-14,57,50,-7
6230,2019-08-14,82,79,-3
6231,2019-08-14,113,108,-5
6232,2019-08-14,39,39,0
6233,2019-08-14,128,109,-19
6234,2019-08-14,65,67,2
6235,2019-08-14,68,70,2
6236,2019-08-14,90,88,-2
6237,2019-08-14,68,61,-7
6240,2019-08-14,21,24,3
6241,2019-08-14,46,45,-1
6243,2019-08-14,78,70,-8
6245,2019-08-14,47,39,-8
6246,2019-08-14,65,53,-12
6247,2019-08-14,135,118,-17
6248,2019-08-14,176,146,-30
6249,2019-08-14,80,59,-21
6250,2019-08-14,90,91,1
6251,2019-08-14,30,29,-1
6252,2019-08-14,70,51,-19
6253,2019-08-14,64,49,-15
6254,2019-08-14,90,78,-12
6255,2019-08-14,100,90,-10
6257,2019-08-14,58,46,-12
6258,2019-08-14,95,74,-21
6259,2019-08-14,57,51,-6
6260,2019-08-14,48,45,-3
6261,2019-08-14,73,65,-8
6262,2019-08-14,61,56,-5
6263,2019-08-14,29,34,5
6265,2019-08-14,64,54,-10
6267,2019-08-14,62,62,0
6268,2019-08-14,55,59,4
6269,2019-08-14,22,30,8
6270,2019-08-14,47,43,-4
6271,2019-08-14,2,3,1
6272,2019-08-14,33,27,-6
6273,2019-08-14,52,31,-21
6274,2019-08-14,59,50,-9
6275,2019-08-14,43,38,-5
6276,2019-08-14,49,32,-17
6277,2019-08-14,70,68,-2
6278,2019-08-14,33,30,-3
6279,2019-08-14,12,13,1
6280,2019-08-14,105,112,7
6281,2019-08-14,37,26,-11
6301,2019-08-14,24,18,-6
6302,2019-08-14,21,14,-7
6303,2019-08-14,24,20,-4
6304,2019-08-14,10,9,-1
6305,2019-08-14,17,13,-4
6306,2019-08-14,61,23,-38
6307,2019-08-14,58,64,6
6309,2019-08-14,30,29,-1
6310,2019-08-14,91,38,-53
6311,2019-08-14,45,34,-11
6312,2019-08-14,24,29,5
6313,2019-08-14,47,58,11
6314,2019-08-14,62,54,-8
6315,2019-08-14,89,47,-42
6316,2019-08-14,38,15,-23
6321,2019-08-14,88,88,0
6322,2019-08-14,30,37,7
6323,2019-08-14,16,7,-9
6324,2019-08-14,19,30,11
6327,2019-08-14,30,39,9
6328,2019-08-14,40,35,-5
6329,2019-08-14,34,23,-11
6330,2019-08-14,29,25,-4
6331,2019-08-14,27,27,0
6332,2019-08-14,38,45,7
6333,2019-08-14,23,31,8
6334,2019-08-14,90,86,-4
6335,2019-08-14,33,41,8
6336,2019-08-14,33,30,-3
6338,2019-08-14,28,32,4
6339,2019-08-14,37,43,6
6340,2019-08-14,38,31,-7
6341,2019-08-14,46,53,7
6343,2019-08-14,50,50,0
6344,2019-08-14,50,51,1
6345,2019-08-14,16,14,-2
6346,2019-08-14,25,18,-7
6347,2019-08-14,39,37,-2
6349,2019-08-14,32,50,18
6350,2019-08-14,50,64,14
6354,2019-08-14,44,45,1
6355,2019-08-14,41,49,8
6356,2019-08-14,26,18,-8
6357,2019-08-14,25,16,-9
6358,2019-08-14,27,25,-2
6359,2019-08-14,132,142,10
6360,2019-08-14,38,35,-3
6361,2019-08-14,44,35,-9
6362,2019-08-14,43,38,-5
6363,2019-08-14,28,15,-13
6364,2019-08-14,57,56,-1
6366,2019-08-14,28,21,-7
6367,2019-08-14,18,13,-5
6368,2019-08-14,63,70,7
6369,2019-08-14,47,44,-3
6370,2019-08-14,45,43,-2
6371,2019-08-14,77,67,-10
6372,2019-08-14,82,101,19
6373,2019-08-14,41,38,-3
6374,2019-08-14,37,34,-3
6375,2019-08-14,67,82,15
6376,2019-08-14,27,20,-7
6377,2019-08-14,52,45,-7
6379,2019-08-14,34,36,2
6380,2019-08-14,29,25,-4
6381,2019-08-14,56,49,-7
6383,2019-08-14,31,25,-6
6384,2019-08-14,26,19,-7
6385,2019-08-14,49,51,2
6386,2019-08-14,92,107,15
6387,2019-08-14,56,74,18
6388,2019-08-14,26,25,-1
6389,2019-08-14,42,33,-9
6391,2019-08-14,50,82,32
6393,2019-08-14,74,103,29
6394,2019-08-14,77,110,33
6395,2019-08-14,64,77,13
6396,2019-08-14,102,106,4
6397,2019-08-14,41,57,16
6398,2019-08-14,41,56,15
6401,2019-08-14,76,87,11
6402,2019-08-14,49,76,27
6403,2019-08-14,39,38,-1
6404,2019-08-14,16,24,8
6405,2019-08-14,55,57,2
6406,2019-08-14,151,178,27
6407,2019-08-14,31,53,22
6408,2019-08-14,48,54,6
6409,2019-08-14,25,29,4
6410,2019-08-14,63,60,-3
6411,2019-08-14,169,142,-27
6412,2019-08-14,28,30,2
6413,2019-08-14,32,83,51
6414,2019-08-14,17,26,9
6415,2019-08-14,25,27,2
6416,2019-08-14,27,9,-18
6417,2019-08-14,30,41,11
6418,2019-08-14,10,11,1
6419,2019-08-14,12,17,5
6420,2019-08-14,18,28,10
6421,2019-08-14,42,46,4
6422,2019-08-14,11,14,3
6423,2019-08-14,34,25,-9
6424,2019-08-14,55,103,48
6425,2019-08-14,59,61,2
6426,2019-08-14,73,80,7
6427,2019-08-14,83,88,5
6428,2019-08-14,13,18,5
6429,2019-08-14,46,62,16
6432,2019-08-14,103,112,9
6433,2019-08-14,33,36,3
6434,2019-08-14,71,71,0
6435,2019-08-14,52,55,3
6436,2019-08-14,20,31,11
6501,2019-08-14,139,152,13
6502,2019-08-14,48,55,7
6503,2019-08-14,66,55,-11
6504,2019-08-14,33,32,-1
6700,2019-08-14,27,38,11
6701,2019-08-14,68,70,2
6702,2019-08-14,17,23,6
6703,2019-08-14,63,62,-1
6704,2019-08-14,35,33,-2
6705,2019-08-14,19,22,3
6706,2019-08-14,28,29,1
6707,2019-08-14,36,45,9
6708,2019-08-14,50,60,10
6709,2019-08-14,35,37,2
6710,2019-08-14,17,19,2
6711,2019-08-14,24,27,3
6712,2019-08-14,27,29,2
6713,2019-08-14,26,26,0
6714,2019-08-14,7,8,1
6715,2019-08-14,28,33,5
6716,2019-08-14,7,12,5
6717,2019-08-14,14,20,6
6718,2019-08-14,36,31,-5
6719,2019-08-14,25,27,2
6720,2019-08-14,30,38,8
6722,2019-08-14,15,30,15
6723,2019-08-14,22,24,2
6724,2019-08-14,70,90,20
6725,2019-08-14,35,31,-4
6726,2019-08-14,11,10,-1
6727,2019-08-14,84,110,26
6728,2019-08-14,19,28,9
6729,2019-08-14,145,158,13
6730,2019-08-14,24,22,-2
6731,2019-08-14,21,20,-1
6732,2019-08-14,42,49,7
6733,2019-08-14,32,30,-2
6734,2019-08-14,54,49,-5
6735,2019-08-14,7,8,1
6736,2019-08-14,22,23,1
6737,2019-08-14,30,30,0
6738,2019-08-14,117,85,-32
6739,2019-08-14,11,10,-1
6741,2019-08-14,15,14,-1
6742,2019-08-14,94,98,4
6743,2019-08-14,32,29,-3
6744,2019-08-14,25,25,0
6745,2019-08-14,30,16,-14
6746,2019-08-14,20,20,0
6747,2019-08-14,56,53,-3
6748,2019-08-14,80,99,19
6749,2019-08-14,42,45,3
6750,2019-08-14,51,46,-5
6752,2019-08-14,26,29,3
6753,2019-08-14,13,14,1
6754,2019-08-14,27,27,0
6901,2019-08-14,8,12,4
6902,2019-08-14,76,100,24
6903,2019-08-14,113,101,-12
6904,2019-08-14,27,29,2
6905,2019-08-14,48,41,-7
6906,2019-08-14,169,115,-54
6907,2019-08-14,81,66,-15
6908,2019-08-14,56,52,-4
6910,2019-08-14,113,101,-12
6912,2019-08-14,144,100,-44
6913,2019-08-14,59,47,-12
6915,2019-08-14,104,86,-18
6916,2019-08-14,43,35,-8
6917,2019-08-14,22,25,3
6918,2019-08-14,40,21,-19
6919,2019-08-14,15,21,6
6921,2019-08-14,105,117,12
6923,2019-08-14,43,43,0
6924,2019-08-14,24,18,-6
6925,2019-08-14,44,45,1
6926,2019-08-14,69,62,-7
6927,2019-08-14,62,36,-26
6928,2019-08-14,35,16,-19
6929,2019-08-14,47,29,-18
6930,2019-08-14,34,33,-1
7001,2019-08-14,46,41,-5
7002,2019-08-14,17,18,1
7004,2019-08-14,18,22,4
7005,2019-08-14,5,6,1
7006,2019-08-14,29,29,0
7007,2019-08-14,10,13,3
7008,2019-08-14,35,28,-7
7009,2019-08-14,110,128,18
7010,2019-08-14,17,17,0
7011,2019-08-14,99,109,10
7012,2019-08-14,50,55,5
7013,2019-08-14,28,26,-2
7014,2019-08-14,71,34,-37
7015,2019-08-14,37,39,2
7016,2019-08-14,14,17,3
7017,2019-08-14,27,39,12
7018,2019-08-14,38,49,11
7019,2019-08-14,126,128,2
7020,2019-08-14,26,29,3
7021,2019-08-14,41,40,-1
7022,2019-08-14,42,33,-9
7023,2019-08-14,5,5,0
7024,2019-08-14,57,45,-12
7025,2019-08-14,47,34,-13
7026,2019-08-14,70,82,12
7027,2019-08-14,71,72,1
7028,2019-08-14,106,89,-17
7029,2019-08-14,53,43,-10
7030,2019-08-14,58,50,-8
7031,2019-08-14,49,42,-7
7032,2019-08-14,95,56,-39
7033,2019-08-14,85,71,-14
7034,2019-08-14,39,53,14
7035,2019-08-14,40,43,3
7036,2019-08-14,45,40,-5
7037,2019-08-14,57,60,3
7038,2019-08-14,65,59,-6
7039,2019-08-14,40,31,-9
7040,2019-08-14,68,95,27
7041,2019-08-14,116,103,-13
7042,2019-08-14,48,41,-7
7043,2019-08-14,27,26,-1
7044,2019-08-14,11,12,1
7045,2019-08-14,77,79,2
7046,2019-08-14,118,140,22
7047,2019-08-14,150,212,62
7048,2019-08-14,19,24,5
7049,2019-08-14,28,38,10
7050,2019-08-14,39,37,-2
7051,2019-08-14,8,12,4
7052,2019-08-14,51,61,10
7053,2019-08-14,61,61,0
7054,2019-08-14,62,80,18
7055,2019-08-14,18,20,2
7056,2019-08-14,16,22,6
7057,2019-08-14,48,55,7
7058,2019-08-14,44,49,5
7059,2019-08-14,43,29,-14
7060,2019-08-14,44,51,7
7061,2019-08-14,36,24,-12
7062,2019-08-14,57,54,-3
7063,2019-08-14,29,30,1
7064,2019-08-14,26,29,3
7065,2019-08-14,36,28,-8
7066,2019-08-14,96,188,92
7067,2019-08-14,67,77,10
7068,2019-08-14,97,109,12
7069,2019-08-14,95,123,28
7070,2019-08-14,44,50,6
7071,2019-08-14,72,36,-36
7072,2019-08-14,57,46,-11
7073,2019-08-14,69,91,22
7074,2019-08-14,36,51,15
7075,2019-08-14,11,16,5
7076,2019-08-14,73,55,-18
7077,2019-08-14,30,35,5
7078,2019-08-14,27,54,27
7079,2019-08-14,48,59,11
7080,2019-08-14,81,95,14
7081,2019-08-14,83,105,22
7082,2019-08-14,95,126,31
7083,2019-08-14,68,45,-23
7084,2019-08-14,95,80,-15
7085,2019-08-14,2,1,-1
7086,2019-08-14,1,0,-1
7088,2019-08-14,1,2,1
7089,2019-08-14,3,2,-1
7090,2019-08-14,17,18,1
7091,2019-08-14,14,14,0
7093,2019-08-14,6,6,0
7094,2019-08-14,2,4,2
7095,2019-08-14,18,19,1
7096,2019-08-14,36,37,1
7097,2019-08-14,7,5,-2
7098,2019-08-14,3,3,0
7099,2019-08-14,13,11,-2
7100,2019-08-14,9,11,2
7101,2019-08-14,9,9,0
7102,2019-08-14,15,27,12
7103,2019-08-14,39,39,0
7104,2019-08-14,2,4,2
7105,2019-08-14,7,11,4
7106,2019-08-14,1,0,-1
7107,2019-08-14,11,9,-2
7108,2019-08-14,13,12,-1
7109,2019-08-14,8,10,2
7110,2019-08-14,21,22,1
7111,2019-08-14,8,9,1
7112,2019-08-14,14,18,4
7113,2019-08-14,64,61,-3
7114,2019-08-14,121,139,18
7115,2019-08-14,22,13,-9
7116,2019-08-14,16,17,1
7117,2019-08-14,1,4,3
7118,2019-08-14,4,7,3
7119,2019-08-14,8,12,4
7120,2019-08-14,1,2,1
7121,2019-08-14,6,7,1
7122,2019-08-14,11,11,0
7123,2019-08-14,3,4,1
7124,2019-08-14,21,21,0
7125,2019-08-14,34,24,-10
7126,2019-08-14,4,4,0
7127,2019-08-14,36,38,2
7128,2019-08-14,12,13,1
7129,2019-08-14,6,15,9
7130,2019-08-14,17,14,-3
7131,2019-08-14,7,4,-3
7132,2019-08-14,2,3,1
7133,2019-08-14,6,5,-1
7134,2019-08-14,3,3,0
7135,2019-08-14,1,2,1
7136,2019-08-14,6,6,0
7137,2019-08-14,14,17,3
7138,2019-08-14,6,9,3
7139,2019-08-14,81,79,-2
7140,2019-08-14,32,37,5
7141,2019-08-14,44,39,-5
7142,2019-08-14,16,23,7
7143,2019-08-14,22,26,4
7144,2019-08-14,38,50,12
7145,2019-08-14,15,25,10
7146,2019-08-14,26,28,2
7147,2019-08-14,40,39,-1
7148,2019-08-14,11,13,2
7149,2019-08-14,13,11,-2
10002,2019-08-14,116,117,1
4000,2019-08-15,69,90,21
4001,2019-08-15,12,16,4
4002,2019-08-15,20,18,-2
5002,2019-08-15,4,7,3
5003,2019-08-15,5,6,1
5004,2019-08-15,10,10,0
5005,2019-08-15,4,4,0
5006,2019-08-15,11,11,0
5007,2019-08-15,26,29,3
6001,2019-08-15,77,105,28
6002,2019-08-15,53,64,11
6003,2019-08-15,79,75,-4
6004,2019-08-15,72,74,2
6005,2019-08-15,93,125,32
6006,2019-08-15,37,30,-7
6007,2019-08-15,57,55,-2
6008,2019-08-15,59,82,23
6009,2019-08-15,84,88,4
6011,2019-08-15,74,80,6
6012,2019-08-15,187,239,52
6013,2019-08-15,97,142,45
6014,2019-08-15,80,81,1
6015,2019-08-15,207,336,129
6016,2019-08-15,15,22,7
6017,2019-08-15,65,67,2
6018,2019-08-15,78,109,31
6019,2019-08-15,160,93,-67
6021,2019-08-15,108,78,-30
6022,2019-08-15,91,80,-11
6023,2019-08-15,168,244,76
6024,2019-08-15,7,7,0
6025,2019-08-15,52,52,0
6026,2019-08-15,238,306,68
6027,2019-08-15,146,136,-10
6029,2019-08-15,34,43,9
6031,2019-08-15,43,63,20
6032,2019-08-15,69,176,107
6033,2019-08-15,20,17,-3
6035,2019-08-15,48,77,29
6036,2019-08-15,252,320,68
6037,2019-08-15,57,63,6
6038,2019-08-15,111,121,10
6039,2019-08-15,90,121,31
6040,2019-08-15,80,106,26
6041,2019-08-15,91,91,0
6042,2019-08-15,87,87,0
6043,2019-08-15,227,416,189
6044,2019-08-15,112,85,-27
6046,2019-08-15,127,137,10
6047,2019-08-15,64,38,-26
6048,2019-08-15,47,50,3
6049,2019-08-15,100,105,5
6050,2019-08-15,50,72,22
6051,2019-08-15,37,34,-3
6052,2019-08-15,266,385,119
6053,2019-08-15,146,183,37
6057,2019-08-15,92,95,3
6058,2019-08-15,75,75,0
6059,2019-08-15,65,65,0
6060,2019-08-15,28,28,0
6061,2019-08-15,84,91,7
6062,2019-08-15,63,63,0
6063,2019-08-15,92,75,-17
6064,2019-08-15,241,178,-63
6065,2019-08-15,70,52,-18
6066,2019-08-15,52,32,-20
6067,2019-08-15,147,131,-16
6068,2019-08-15,17,13,-4
6070,2019-08-15,165,169,4
6072,2019-08-15,86,67,-19
6073,2019-08-15,167,146,-21
6075,2019-08-15,32,15,-17
6076,2019-08-15,30,41,11
6078,2019-08-15,67,82,15
6079,2019-08-15,97,73,-24
6080,2019-08-15,167,168,1
6081,2019-08-15,95,87,-8
6082,2019-08-15,14,17,3
6083,2019-08-15,128,168,40
6084,2019-08-15,51,52,1
6085,2019-08-15,93,146,53
6086,2019-08-15,95,121,26
6087,2019-08-15,109,142,33
6089,2019-08-15,84,85,1
6090,2019-08-15,72,72,0
6091,2019-08-15,54,48,-6
6092,2019-08-15,62,64,2
6093,2019-08-15,72,56,-16
6094,2019-08-15,53,48,-5
6095,2019-08-15,184,174,-10
6096,2019-08-15,54,69,15
6097,2019-08-15,98,60,-38
6098,2019-08-15,68,38,-30
6099,2019-08-15,108,160,52
6100,2019-08-15,280,255,-25
6101,2019-08-15,48,25,-23
6102,2019-08-15,52,42,-10
6103,2019-08-15,17,25,8
6104,2019-08-15,81,130,49
6105,2019-08-15,52,86,34
6106,2019-08-15,52,76,24
6107,2019-08-15,170,108,-62
6108,2019-08-15,51,57,6
6109,2019-08-15,22,31,9
6110,2019-08-15,31,44,13
6111,2019-08-15,59,80,21
6112,2019-08-15,122,136,14
6113,2019-08-15,58,76,18
6114,2019-08-15,179,215,36
6115,2019-08-15,22,28,6
6116,2019-08-15,60,115,55
6117,2019-08-15,92,80,-12
6118,2019-08-15,125,148,23
6119,2019-08-15,292,306,14
6120,2019-08-15,81,120,39
6121,2019-08-15,24,44,20
6122,2019-08-15,31,37,6
6123,2019-08-15,30,33,3
6124,2019-08-15,47,95,48
6125,2019-08-15,29,32,3
6126,2019-08-15,48,45,-3
6127,2019-08-15,56,48,-8
6128,2019-08-15,32,39,7
6129,2019-08-15,103,81,-22
6130,2019-08-15,39,31,-8
6131,2019-08-15,118,79,-39
6132,2019-08-15,75,84,9
6134,2019-08-15,50,52,2
6136,2019-08-15,308,261,-47
6137,2019-08-15,111,101,-10
6138,2019-08-15,78,74,-4
6139,2019-08-15,51,47,-4
6140,2019-08-15,99,88,-11
6141,2019-08-15,70,45,-25
6142,2019-08-15,135,117,-18
6143,2019-08-15,133,122,-11
6145,2019-08-15,64,63,-1
6146,2019-08-15,80,58,-22
6147,2019-08-15,130,99,-31
6148,2019-08-15,181,149,-32
6149,2019-08-15,39,28,-11
6150,2019-08-15,72,74,2
6151,2019-08-15,91,101,10
6152,2019-08-15,137,123,-14
6153,2019-08-15,68,62,-6
6154,2019-08-15,189,188,-1
6155,2019-08-15,158,142,-16
6156,2019-08-15,95,80,-15
6157,2019-08-15,158,138,-20
6158,2019-08-15,88,77,-11
6159,2019-08-15,41,37,-4
6160,2019-08-15,61,44,-17
6161,2019-08-15,52,44,-8
6162,2019-08-15,22,27,5
6163,2019-08-15,142,117,-25
6164,2019-08-15,68,81,13
6165,2019-08-15,194,246,52
6166,2019-08-15,88,57,-31
6167,2019-08-15,48,52,4
6168,2019-08-15,78,61,-17
6169,2019-08-15,198,174,-24
6170,2019-08-15,103,77,-26
6171,2019-08-15,38,44,6
6173,2019-08-15,107,71,-36
6174,2019-08-15,98,71,-27
6175,2019-08-15,118,71,-47
6176,2019-08-15,125,125,0
6177,2019-08-15,97,93,-4
6178,2019-08-15,125,109,-16
6179,2019-08-15,84,87,3
6180,2019-08-15,63,69,6
6181,2019-08-15,128,103,-25
6182,2019-08-15,55,43,-12
6183,2019-08-15,104,83,-21
6184,2019-08-15,291,255,-36
6185,2019-08-15,32,32,0
6186,2019-08-15,98,74,-24
6187,2019-08-15,130,143,13
6188,2019-08-15,48,42,-6
6189,2019-08-15,25,26,1
6190,2019-08-15,111,67,-44
6191,2019-08-15,87,86,-1
6192,2019-08-15,45,32,-13
6193,2019-08-15,130,106,-24
6195,2019-08-15,87,46,-41
6196,2019-08-15,126,105,-21
6197,2019-08-15,40,47,7
6198,2019-08-15,31,18,-13
6199,2019-08-15,116,110,-6
6200,2019-08-15,107,108,1
6201,2019-08-15,87,56,-31
6202,2019-08-15,125,111,-14
6203,2019-08-15,49,48,-1
6204,2019-08-15,85,89,4
6205,2019-08-15,144,96,-48
6206,2019-08-15,151,111,-40
6207,2019-08-15,51,49,-2
6208,2019-08-15,68,60,-8
6209,2019-08-15,90,67,-23
6210,2019-08-15,62,57,-5
6211,2019-08-15,179,172,-7
6212,2019-08-15,79,57,-22
6213,2019-08-15,118,123,5
6214,2019-08-15,103,87,-16
6215,2019-08-15,124,85,-39
6216,2019-08-15,195,95,-100
6217,2019-08-15,124,97,-27
6218,2019-08-15,81,50,-31
6219,2019-08-15,89,73,-16
6220,2019-08-15,95,89,-6
6221,2019-08-15,257,220,-37
6222,2019-08-15,106,67,-39
6223,2019-08-15,117,67,-50
6224,2019-08-15,81,70,-11
6225,2019-08-15,69,55,-14
6226,2019-08-15,43,46,3
6227,2019-08-15,187,177,-10
6228,2019-08-15,18,18,0
6229,2019-08-15,79,66,-13
6230,2019-08-15,113,100,-13
6231,2019-08-15,128,101,-27
6232,2019-08-15,43,29,-14
6233,2019-08-15,134,127,-7
6234,2019-08-15,88,81,-7
6235,2019-08-15,106,88,-18
6236,2019-08-15,81,72,-9
6237,2019-08-15,67,67,0
6240,2019-08-15,29,29,0
6241,2019-08-15,56,43,-13
6243,2019-08-15,65,62,-3
6245,2019-08-15,56,47,-9
6246,2019-08-15,58,56,-2
6247,2019-08-15,138,125,-13
6248,2019-08-15,173,156,-17
6249,2019-08-15,87,79,-8
6250,2019-08-15,106,96,-10
6251,2019-08-15,24,24,0
6252,2019-08-15,78,52,-26
6253,2019-08-15,79,57,-22
6254,2019-08-15,99,81,-18
6255,2019-08-15,80,74,-6
6257,2019-08-15,67,55,-12
6258,2019-08-15,102,67,-35
6259,2019-08-15,60,51,-9
6260,2019-08-15,76,57,-19
6261,2019-08-15,68,73,5
6262,2019-08-15,57,55,-2
6263,2019-08-15,21,24,3
6265,2019-08-15,81,59,-22
6267,2019-08-15,61,61,0
6268,2019-08-15,61,57,-4
6269,2019-08-15,24,30,6
6270,2019-08-15,57,44,-13
6271,2019-08-15,3,2,-1
6272,2019-08-15,29,31,2
6273,2019-08-15,36,31,-5
6274,2019-08-15,34,39,5
6275,2019-08-15,48,51,3
6276,2019-08-15,53,58,5
6277,2019-08-15,94,75,-19
6278,2019-08-15,34,28,-6
6279,2019-08-15,20,17,-3
6280,2019-08-15,126,115,-11
6281,2019-08-15,32,20,-12
6301,2019-08-15,16,18,2
6302,2019-08-15,12,13,1
6303,2019-08-15,22,15,-7
6304,2019-08-15,14,16,2
6305,2019-08-15,31,26,-5
6306,2019-08-15,51,18,-33
6307,2019-08-15,87,89,2
6309,2019-08-15,27,22,-5
6310,2019-08-15,83,47,-36
6311,2019-08-15,46,35,-11
6312,2019-08-15,35,38,3
6313,2019-08-15,46,62,16
6314,2019-08-15,40,50,10
6315,2019-08-15,68,41,-27
6316,2019-08-15,52,21,-31
6321,2019-08-15,90,82,-8
6322,2019-08-15,42,41,-1
6323,2019-08-15,15,14,-1
6324,2019-08-15,28,33,5
6327,2019-08-15,59,42,-17
6328,2019-08-15,54,43,-11
6329,2019-08-15,47,42,-5
6330,2019-08-15,30,28,-2
6331,2019-08-15,22,16,-6
6332,2019-08-15,46,49,3
6333,2019-08-15,26,23,-3
6334,2019-08-15,83,83,0
6335,2019-08-15,46,40,-6
6336,2019-08-15,39,31,-8
6338,2019-08-15,31,32,1
6339,2019-08-15,38,29,-9
6340,2019-08-15,33,32,-1
6341,2019-08-15,32,61,29
6343,2019-08-15,44,48,4
6344,2019-08-15,57,41,-16
6345,2019-08-15,17,19,2
6346,2019-08-15,20,14,-6
6347,2019-08-15,29,28,-1
6349,2019-08-15,37,45,8
6350,2019-08-15,65,60,-5
6354,2019-08-15,40,37,-3
6355,2019-08-15,31,46,15
6356,2019-08-15,41,35,-6
6357,2019-08-15,24,22,-2
6358,2019-08-15,29,24,-5
6359,2019-08-15,119,133,14
6360,2019-08-15,39,34,-5
6361,2019-08-15,57,64,7
6362,2019-08-15,45,41,-4
6363,2019-08-15,25,21,-4
6364,2019-08-15,46,46,0
6366,2019-08-15,31,19,-12
6367,2019-08-15,21,21,0
6368,2019-08-15,66,70,4
6369,2019-08-15,40,45,5
6370,2019-08-15,48,48,0
6371,2019-08-15,102,91,-11
6372,2019-08-15,98,81,-17
6373,2019-08-15,46,45,-1
6374,2019-08-15,47,42,-5
6375,2019-08-15,85,98,13
6376,2019-08-15,29,32,3
6377,2019-08-15,41,44,3
6379,2019-08-15,26,31,5
6380,2019-08-15,34,24,-10
6381,2019-08-15,75,67,-8
6383,2019-08-15,44,32,-12
6384,2019-08-15,23,26,3
6385,2019-08-15,52,53,1
6386,2019-08-15,102,132,30
6387,2019-08-15,67,95,28
6388,2019-08-15,32,34,2
6389,2019-08-15,43,41,-2
6391,2019-08-15,62,106,44
6393,2019-08-15,73,91,18
6394,2019-08-15,80,117,37
6395,2019-08-15,78,84,6
6396,2019-08-15,105,106,1
6397,2019-08-15,66,70,4
6398,2019-08-15,44,55,11
6401,2019-08-15,81,93,12
6402,2019-08-15,45,61,16
6403,2019-08-15,35,39,4
6404,2019-08-15,22,30,8
6405,2019-08-15,55,61,6
6406,2019-08-15,165,201,36
6407,2019-08-15,24,32,8
6408,2019-08-15,58,53,-5
6409,2019-08-15,15,23,8
6410,2019-08-15,53,59,6
6411,2019-08-15,150,125,-25
6412,2019-08-15,35,38,3
6413,2019-08-15,24,61,37
6414,2019-08-15,25,27,2
6415,2019-08-15,30,23,-7
6416,2019-08-15,30,13,-17
6417,2019-08-15,42,46,4
6418,2019-08-15,4,7,3
6419,2019-08-15,13,16,3
6420,2019-08-15,27,30,3
6421,2019-08-15,59,55,-4
6422,2019-08-15,16,13,-3
6423,2019-08-15,31,14,-17
6424,2019-08-15,48,97,49
6425,2019-08-15,45,45,0
6426,2019-08-15,98,106,8
6427,2019-08-15,75,81,6
6428,2019-08-15,22,31,9
6429,2019-08-15,41,47,6
6432,2019-08-15,130,121,-9
6433,2019-08-15,36,32,-4
6434,2019-08-15,79,77,-2
6435,2019-08-15,40,39,-1
6436,2019-08-15,38,33,-5
6501,2019-08-15,174,212,38
6502,2019-08-15,36,27,-9
6503,2019-08-15,77,65,-12
6504,2019-08-15,41,44,3
6700,2019-08-15,27,49,22
6701,2019-08-15,51,49,-2
6702,2019-08-15,18,20,2
6703,2019-08-15,57,60,3
6704,2019-08-15,33,23,-10
6705,2019-08-15,15,19,4
6706,2019-08-15,26,35,9
6707,2019-08-15,36,44,8
6708,2019-08-15,11,35,24
6709,2019-08-15,41,40,-1
6710,2019-08-15,20,21,1
6711,2019-08-15,39,37,-2
6712,2019-08-15,15,16,1
6713,2019-08-15,16,21,5
6714,2019-08-15,9,11,2
6715,2019-08-15,22,27,5
6716,2019-08-15,14,19,5
6717,2019-08-15,10,11,1
6718,2019-08-15,32,34,2
6719,2019-08-15,24,23,-1
6720,2019-08-15,40,53,13
6722,2019-08-15,14,20,6
6723,2019-08-15,22,12,-10
6724,2019-08-15,84,95,11
6725,2019-08-15,34,35,1
6726,2019-08-15,15,18,3
6727,2019-08-15,88,76,-12
6728,2019-08-15,17,14,-3
6729,2019-08-15,170,175,5
6730,2019-08-15,25,15,-10
6731,2019-08-15,24,16,-8
6732,2019-08-15,29,43,14
6733,2019-08-15,26,26,0
6734,2019-08-15,54,49,-5
6735,2019-08-15,10,6,-4
6736,2019-08-15,27,33,6
6737,2019-08-15,24,25,1
6738,2019-08-15,77,104,27
6739,2019-08-15,13,10,-3
6741,2019-08-15,31,33,2
6742,2019-08-15,46,66,20
6743,2019-08-15,33,13,-20
6744,2019-08-15,26,25,-1
6745,2019-08-15,35,31,-4
6746,2019-08-15,21,25,4
6747,2019-08-15,51,59,8
6748,2019-08-15,71,87,16
6749,2019-08-15,48,48,0
6750,2019-08-15,61,43,-18
6752,2019-08-15,30,31,1
6753,2019-08-15,32,32,0
6754,2019-08-15,22,27,5
6901,2019-08-15,13,28,15
6902,2019-08-15,85,122,37
6903,2019-08-15,121,96,-25
6904,2019-08-15,25,27,2
6905,2019-08-15,51,48,-3
6906,2019-08-15,181,116,-65
6907,2019-08-15,101,86,-15
6908,2019-08-15,66,65,-1
6910,2019-08-15,122,93,-29
6912,2019-08-15,169,127,-42
6913,2019-08-15,57,34,-23
6915,2019-08-15,84,78,-6
6916,2019-08-15,44,41,-3
6917,2019-08-15,28,29,1
6918,2019-08-15,46,30,-16
6919,2019-08-15,29,21,-8
6921,2019-08-15,86,95,9
6923,2019-08-15,36,39,3
6924,2019-08-15,15,15,0
6925,2019-08-15,46,36,-10
6926,2019-08-15,63,54,-9
6927,2019-08-15,78,48,-30
6928,2019-08-15,34,8,-26
6929,2019-08-15,40,27,-13
6930,2019-08-15,23,36,13
7001,2019-08-15,30,38,8
7002,2019-08-15,22,27,5
7004,2019-08-15,24,27,3
7005,2019-08-15,8,12,4
7006,2019-08-15,29,32,3
7007,2019-08-15,12,9,-3
7008,2019-08-15,23,28,5
7009,2019-08-15,108,132,24
7010,2019-08-15,19,23,4
7011,2019-08-15,109,131,22
7012,2019-08-15,54,58,4
7013,2019-08-15,34,30,-4
7014,2019-08-15,85,39,-46
7015,2019-08-15,29,34,5
7016,2019-08-15,15,16,1
7017,2019-08-15,27,33,6
7018,2019-08-15,41,47,6
7019,2019-08-15,130,128,-2
7020,2019-08-15,30,40,10
7021,2019-08-15,51,48,-3
7022,2019-08-15,43,42,-1
7023,2019-08-15,4,7,3
7024,2019-08-15,58,27,-31
7025,2019-08-15,72,56,-16
7026,2019-08-15,76,84,8
7027,2019-08-15,69,67,-2
7028,2019-08-15,149,150,1
7029,2019-08-15,56,60,4
7030,2019-08-15,68,72,4
7031,2019-08-15,61,69,8
7032,2019-08-15,91,61,-30
7033,2019-08-15,57,55,-2
7034,2019-08-15,25,69,44
7035,2019-08-15,53,47,-6
7036,2019-08-15,62,54,-8
7037,2019-08-15,58,51,-7
7038,2019-08-15,68,80,12
7039,2019-08-15,29,36,7
7040,2019-08-15,97,96,-1
7041,2019-08-15,148,147,-1
7042,2019-08-15,62,54,-8
7043,2019-08-15,30,22,-8
7044,2019-08-15,17,15,-2
7045,2019-08-15,85,88,3
7046,2019-08-15,116,132,16
7047,2019-08-15,167,236,69
7048,2019-08-15,26,24,-2
7049,2019-08-15,34,57,23
7050,2019-08-15,40,43,3
7051,2019-08-15,16,17,1
7052,2019-08-15,59,75,16
7053,2019-08-15,53,57,4
7054,2019-08-15,77,94,17
7055,2019-08-15,27,34,7
7056,2019-08-15,14,15,1
7057,2019-08-15,38,50,12
7058,2019-08-15,43,38,-5
7059,2019-08-15,22,37,15
7060,2019-08-15,38,42,4
7061,2019-08-15,25,25,0
7062,2019-08-15,52,62,10
7063,2019-08-15,34,28,-6
7064,2019-08-15,29,29,0
7065,2019-08-15,44,42,-2
7066,2019-08-15,98,164,66
7067,2019-08-15,60,72,12
7068,2019-08-15,108,124,16
7069,2019-08-15,106,134,28
7070,2019-08-15,34,37,3
7071,2019-08-15,49,35,-14
7072,2019-08-15,50,39,-11
7073,2019-08-15,78,86,8
7074,2019-08-15,36,45,9
7075,2019-08-15,14,15,1
7076,2019-08-15,104,86,-18
7077,2019-08-15,64,64,0
7078,2019-08-15,32,41,9
7079,2019-08-15,43,53,10
7080,2019-08-15,78,108,30
7081,2019-08-15,86,100,14
7082,2019-08-15,88,113,25
7083,2019-08-15,66,63,-3
7084,2019-08-15,82,85,3
7085,2019-08-15,1,3,2
7086,2019-08-15,1,1,0
7090,2019-08-15,17,15,-2
7091,2019-08-15,5,6,1
7093,2019-08-15,4,7,3
7094,2019-08-15,1,4,3
7095,2019-08-15,23,27,4
7096,2019-08-15,34,42,8
7097,2019-08-15,11,13,2
7098,2019-08-15,6,4,-2
7099,2019-08-15,10,8,-2
7100,2019-08-15,3,3,0
7101,2019-08-15,7,8,1
7102,2019-08-15,21,29,8
7103,2019-08-15,18,14,-4
7104,2019-08-15,3,4,1
7105,2019-08-15,8,9,1
7106,2019-08-15,4,2,-2
7107,2019-08-15,2,2,0
7108,2019-08-15,20,16,-4
7109,2019-08-15,13,17,4
7110,2019-08-15,15,16,1
7111,2019-08-15,8,7,-1
7112,2019-08-15,17,14,-3
7113,2019-08-15,74,84,10
7114,2019-08-15,149,146,-3
7115,2019-08-15,14,13,-1
7116,2019-08-15,17,12,-5
7117,2019-08-15,5,6,1
7118,2019-08-15,7,6,-1
7119,2019-08-15,16,14,-2
7120,2019-08-15,3,6,3
7121,2019-08-15,5,12,7
7122,2019-08-15,8,7,-1
7124,2019-08-15,26,13,-13
7125,2019-08-15,25,28,3
7126,2019-08-15,7,6,-1
7127,2019-08-15,42,46,4
7128,2019-08-15,15,14,-1
7129,2019-08-15,11,6,-5
7130,2019-08-15,14,14,0
7131,2019-08-15,2,2,0
7132,2019-08-15,3,4,1
7133,2019-08-15,3,2,-1
7134,2019-08-15,12,8,-4
7135,2019-08-15,2,1,-1
7136,2019-08-15,5,4,-1
7137,2019-08-15,5,9,4
7138,2019-08-15,3,7,4
7139,2019-08-15,77,75,-2
7140,2019-08-15,27,38,11
7141,2019-08-15,21,29,8
7142,2019-08-15,13,15,2
7143,2019-08-15,36,36,0
7144,2019-08-15,66,66,0
7145,2019-08-15,24,19,-5
7146,2019-08-15,23,33,10
7147,2019-08-15,40,46,6
7148,2019-08-15,16,26,10
7149,2019-08-15,17,14,-3
10002,2019-08-15,120,125,5
4000,2019-08-16,50,70,20
4001,2019-08-16,12,12,0
4002,2019-08-16,21,19,-2
5002,2019-08-16,4,4,0
5003,2019-08-16,1,4,3
5004,2019-08-16,5,4,-1
5005,2019-08-16,2,1,-1
5006,2019-08-16,8,7,-1
5007,2019-08-16,21,27,6
6001,2019-08-16,82,90,8
6002,2019-08-16,74,78,4
6003,2019-08-16,79,88,9
6004,2019-08-16,71,74,3
6005,2019-08-16,110,116,6
6006,2019-08-16,36,28,-8
6007,2019-08-16,47,49,2
6008,2019-08-16,44,70,26
6009,2019-08-16,91,84,-7
6011,2019-08-16,78,85,7
6012,2019-08-16,115,206,91
6013,2019-08-16,59,86,27
6014,2019-08-16,56,77,21
6015,2019-08-16,201,321,120
6016,2019-08-16,13,15,2
6017,2019-08-16,67,72,5
6018,2019-08-16,99,125,26
6019,2019-08-16,174,109,-65
6020,2019-08-16,43,56,13
6021,2019-08-16,89,92,3
6022,2019-08-16,44,56,12
6023,2019-08-16,195,280,85
6024,2019-08-16,6,9,3
6025,2019-08-16,63,69,6
6026,2019-08-16,257,355,98
6027,2019-08-16,120,133,13
6029,2019-08-16,30,36,6
6031,2019-08-16,56,58,2
6032,2019-08-16,84,197,113
6033,2019-08-16,14,16,2
6035,2019-08-16,45,76,31
6036,2019-08-16,244,354,110
6037,2019-08-16,67,69,2
6038,2019-08-16,105,118,13
6039,2019-08-16,86,97,11
6040,2019-08-16,76,106,30
6041,2019-08-16,89,99,10
6042,2019-08-16,77,77,0
6043,2019-08-16,184,401,217
6044,2019-08-16,78,81,3
6046,2019-08-16,126,102,-24
6047,2019-08-16,51,35,-16
6048,2019-08-16,46,45,-1
6049,2019-08-16,93,108,15
6050,2019-08-16,54,79,25
6051,2019-08-16,34,33,-1
6052,2019-08-16,308,380,72
6053,2019-08-16,164,162,-2
6057,2019-08-16,94,99,5
6058,2019-08-16,69,78,9
6059,2019-08-16,100,62,-38
6060,2019-08-16,41,42,1
6061,2019-08-16,111,101,-10
6062,2019-08-16,92,63,-29
6063,2019-08-16,77,77,0
6064,2019-08-16,200,161,-39
6065,2019-08-16,48,51,3
6066,2019-08-16,44,25,-19
6067,2019-08-16,149,148,-1
6068,2019-08-16,17,16,-1
6070,2019-08-16,152,131,-21
6072,2019-08-16,93,103,10
6073,2019-08-16,140,143,3
6075,2019-08-16,39,19,-20
6076,2019-08-16,24,29,5
6078,2019-08-16,78,65,-13
6079,2019-08-16,96,70,-26
6080,2019-08-16,136,159,23
6081,2019-08-16,96,72,-24
6082,2019-08-16,21,15,-6
6083,2019-08-16,151,152,1
6084,2019-08-16,50,77,27
6085,2019-08-16,88,126,38
6086,2019-08-16,80,101,21
6087,2019-08-16,130,167,37
6089,2019-08-16,49,64,15
6090,2019-08-16,56,58,2
6091,2019-08-16,72,44,-28
6092,2019-08-16,79,78,-1
6093,2019-08-16,58,64,6
6094,2019-08-16,50,51,1
6095,2019-08-16,189,170,-19
6096,2019-08-16,51,61,10
6097,2019-08-16,104,74,-30
6098,2019-08-16,64,39,-25
6099,2019-08-16,146,184,38
6100,2019-08-16,300,272,-28
6101,2019-08-16,60,22,-38
6102,2019-08-16,36,25,-11
6103,2019-08-16,23,24,1
6104,2019-08-16,97,135,38
6105,2019-08-16,65,78,13
6106,2019-08-16,36,44,8
6107,2019-08-16,131,130,-1
6108,2019-08-16,41,50,9
6109,2019-08-16,31,38,7
6110,2019-08-16,44,43,-1
6111,2019-08-16,70,77,7
6112,2019-08-16,119,131,12
6113,2019-08-16,64,88,24
6114,2019-08-16,163,214,51
6115,2019-08-16,18,22,4
6116,2019-08-16,85,100,15
6117,2019-08-16,82,90,8
6118,2019-08-16,110,144,34
6119,2019-08-16,175,155,-20
6120,2019-08-16,92,103,11
6121,2019-08-16,23,39,16
6122,2019-08-16,17,29,12
6123,2019-08-16,31,49,18
6124,2019-08-16,49,77,28
6125,2019-08-16,21,23,2
6126,2019-08-16,43,53,10
6127,2019-08-16,50,48,-2
6128,2019-08-16,28,28,0
6129,2019-08-16,87,70,-17
6130,2019-08-16,38,24,-14
6131,2019-08-16,128,84,-44
6132,2019-08-16,76,83,7
6134,2019-08-16,50,45,-5
6136,2019-08-16,344,237,-107
6137,2019-08-16,92,88,-4
6138,2019-08-16,70,63,-7
6139,2019-08-16,48,42,-6
6140,2019-08-16,111,112,1
6141,2019-08-16,64,62,-2
6142,2019-08-16,138,93,-45
6143,2019-08-16,129,135,6
6145,2019-08-16,93,90,-3
6146,2019-08-16,75,57,-18
6147,2019-08-16,98,66,-32
6148,2019-08-16,166,118,-48
6149,2019-08-16,58,48,-10
6150,2019-08-16,86,82,-4
6151,2019-08-16,88,80,-8
6152,2019-08-16,136,131,-5
6153,2019-08-16,78,50,-28
6154,2019-08-16,187,190,3
6155,2019-08-16,140,121,-19
6156,2019-08-16,80,72,-8
6157,2019-08-16,121,124,3
6158,2019-08-16,73,68,-5
6159,2019-08-16,40,41,1
6160,2019-08-16,60,44,-16
6161,2019-08-16,52,56,4
6162,2019-08-16,15,19,4
6163,2019-08-16,144,125,-19
6164,2019-08-16,86,81,-5
6165,2019-08-16,184,189,5
6166,2019-08-16,88,55,-33
6167,2019-08-16,44,41,-3
6168,2019-08-16,37,36,-1
6169,2019-08-16,185,177,-8
6170,2019-08-16,106,84,-22
6171,2019-08-16,54,85,31
6173,2019-08-16,122,80,-42
6174,2019-08-16,102,81,-21
6175,2019-08-16,89,47,-42
6176,2019-08-16,116,119,3
6177,2019-08-16,92,78,-14
6178,2019-08-16,123,127,4
6179,2019-08-16,100,97,-3
6180,2019-08-16,72,70,-2
6181,2019-08-16,117,81,-36
6182,2019-08-16,85,73,-12
6183,2019-08-16,105,87,-18
6184,2019-08-16,321,255,-66
6185,2019-08-16,20,21,1
6186,2019-08-16,87,80,-7
6187,2019-08-16,115,124,9
6188,2019-08-16,33,44,11
6189,2019-08-16,29,30,1
6190,2019-08-16,96,64,-32
6191,2019-08-16,78,85,7
6192,2019-08-16,54,35,-19
6193,2019-08-16,132,125,-7
6195,2019-08-16,78,44,-34
6196,2019-08-16,128,108,-20
6197,2019-08-16,49,51,2
6198,2019-08-16,30,19,-11
6199,2019-08-16,120,104,-16
6200,2019-08-16,111,113,2
6201,2019-08-16,79,71,-8
6202,2019-08-16,136,101,-35
6203,2019-08-16,50,27,-23
6204,2019-08-16,93,87,-6
6205,2019-08-16,116,99,-17
6206,2019-08-16,154,121,-33
6207,2019-08-16,38,42,4
6208,2019-08-16,62,63,1
6209,2019-08-16,149,108,-41
6210,2019-08-16,35,33,-2
6211,2019-08-16,165,155,-10
6212,2019-08-16,85,57,-28
6213,2019-08-16,118,109,-9
6214,2019-08-16,114,97,-17
6215,2019-08-16,107,83,-24
6216,2019-08-16,156,92,-64
6217,2019-08-16,113,89,-24
6218,2019-08-16,103,72,-31
6219,2019-08-16,74,67,-7
6220,2019-08-16,103,105,2
6221,2019-08-16,213,180,-33
6222,2019-08-16,104,93,-11
6223,2019-08-16,96,66,-30
6224,2019-08-16,90,68,-22
6225,2019-08-16,92,63,-29
6226,2019-08-16,33,28,-5
6227,2019-08-16,180,174,-6
6228,2019-08-16,33,32,-1
6229,2019-08-16,69,68,-1
6230,2019-08-16,84,79,-5
6231,2019-08-16,107,107,0
6232,2019-08-16,39,29,-10
6233,2019-08-16,139,119,-20
6234,2019-08-16,67,69,2
6235,2019-08-16,110,71,-39
6236,2019-08-16,77,76,-1
6237,2019-08-16,78,67,-11
6240,2019-08-16,19,18,-1
6241,2019-08-16,45,43,-2
6243,2019-08-16,94,78,-16
6245,2019-08-16,47,33,-14
6246,2019-08-16,50,48,-2
6247,2019-08-16,165,165,0
6248,2019-08-16,150,134,-16
6249,2019-08-16,83,64,-19
6250,2019-08-16,104,92,-12
6251,2019-08-16,35,30,-5
6252,2019-08-16,45,47,2
6253,2019-08-16,73,56,-17
6254,2019-08-16,98,84,-14
6255,2019-08-16,95,91,-4
6257,2019-08-16,60,51,-9
6258,2019-08-16,94,59,-35
6259,2019-08-16,40,44,4
6260,2019-08-16,65,64,-1
6261,2019-08-16,66,61,-5
6262,2019-08-16,48,48,0
6263,2019-08-16,22,26,4
6264,2019-08-16,9,10,1
6265,2019-08-16,56,53,-3
6266,2019-08-16,11,18,7
6267,2019-08-16,65,67,2
6268,2019-08-16,61,61,0
6269,2019-08-16,31,35,4
6270,2019-08-16,49,39,-10
6271,2019-08-16,2,1,-1
6272,2019-08-16,35,28,-7
6273,2019-08-16,31,34,3
6274,2019-08-16,48,45,-3
6275,2019-08-16,43,38,-5
6276,2019-08-16,58,47,-11
6277,2019-08-16,85,72,-13
6278,2019-08-16,31,29,-2
6279,2019-08-16,18,15,-3
6280,2019-08-16,108,103,-5
6281,2019-08-16,31,16,-15
6301,2019-08-16,21,23,2
6302,2019-08-16,17,9,-8
6303,2019-08-16,21,18,-3
6304,2019-08-16,14,10,-4
6305,2019-08-16,22,4,-18
6306,2019-08-16,42,29,-13
6307,2019-08-16,80,76,-4
6309,2019-08-16,28,26,-2
6310,2019-08-16,70,35,-35
6311,2019-08-16,61,46,-15
6312,2019-08-16,22,31,9
6313,2019-08-16,45,68,23
6314,2019-08-16,75,70,-5
6315,2019-08-16,82,47,-35
6316,2019-08-16,51,31,-20
6321,2019-08-16,86,85,-1
6322,2019-08-16,38,26,-12
6323,2019-08-16,14,17,3
6324,2019-08-16,30,31,1
6327,2019-08-16,52,40,-12
6328,2019-08-16,53,52,-1
6329,2019-08-16,47,32,-15
6330,2019-08-16,28,22,-6
6331,2019-08-16,22,27,5
6332,2019-08-16,37,29,-8
6333,2019-08-16,22,18,-4
6334,2019-08-16,84,87,3
6335,2019-08-16,45,43,-2
6336,2019-08-16,38,42,4
6338,2019-08-16,46,34,-12
6339,2019-08-16,38,35,-3
6340,2019-08-16,34,34,0
6341,2019-08-16,39,60,21
6343,2019-08-16,36,41,5
6344,2019-08-16,51,37,-14
6345,2019-08-16,15,18,3
6346,2019-08-16,18,13,-5
6347,2019-08-16,30,30,0
6349,2019-08-16,34,41,7
6350,2019-08-16,48,59,11
6354,2019-08-16,35,38,3
6355,2019-08-16,26,41,15
6356,2019-08-16,35,26,-9
6357,2019-08-16,33,25,-8
6358,2019-08-16,39,28,-11
6359,2019-08-16,137,135,-2
6360,2019-08-16,33,29,-4
6361,2019-08-16,37,35,-2
6362,2019-08-16,38,36,-2
6363,2019-08-16,26,22,-4
6364,2019-08-16,47,35,-12
6366,2019-08-16,27,23,-4
6367,2019-08-16,24,27,3
6368,2019-08-16,64,59,-5
6369,2019-08-16,38,49,11
6370,2019-08-16,48,48,0
6371,2019-08-16,89,77,-12
6372,2019-08-16,83,80,-3
6373,2019-08-16,45,29,-16
6374,2019-08-16,48,29,-19
6375,2019-08-16,71,81,10
6376,2019-08-16,22,24,2
6377,2019-08-16,45,55,10
6379,2019-08-16,34,45,11
6380,2019-08-16,36,30,-6
6381,2019-08-16,59,47,-12
6383,2019-08-16,38,29,-9
6384,2019-08-16,29,19,-10
6385,2019-08-16,48,47,-1
6386,2019-08-16,71,103,32
6387,2019-08-16,77,84,7
6388,2019-08-16,28,30,2
6389,2019-08-16,40,34,-6
6391,2019-08-16,65,88,23
6393,2019-08-16,56,85,29
6394,2019-08-16,87,133,46
6395,2019-08-16,59,83,24
6396,2019-08-16,100,104,4
6397,2019-08-16,49,62,13
6398,2019-08-16,41,54,13
6401,2019-08-16,84,96,12
6402,2019-08-16,45,62,17
6403,2019-08-16,45,45,0
6404,2019-08-16,18,35,17
6405,2019-08-16,63,69,6
6406,2019-08-16,194,247,53
6407,2019-08-16,12,27,15
6408,2019-08-16,42,42,0
6409,2019-08-16,19,24,5
6410,2019-08-16,52,46,-6
6411,2019-08-16,146,139,-7
6412,2019-08-16,24,30,6
6413,2019-08-16,32,74,42
6414,2019-08-16,25,21,-4
6415,2019-08-16,31,40,9
6416,2019-08-16,15,9,-6
6417,2019-08-16,32,37,5
6418,2019-08-16,11,10,-1
6419,2019-08-16,14,18,4
6420,2019-08-16,34,32,-2
6421,2019-08-16,50,45,-5
6422,2019-08-16,17,21,4
6423,2019-08-16,24,18,-6
6424,2019-08-16,55,85,30
6425,2019-08-16,37,47,10
6426,2019-08-16,83,86,3
6427,2019-08-16,80,75,-5
6428,2019-08-16,20,19,-1
6429,2019-08-16,47,50,3
6432,2019-08-16,101,92,-9
6433,2019-08-16,42,33,-9
6434,2019-08-16,80,80,0
6435,2019-08-16,60,46,-14
6436,2019-08-16,40,29,-11
6501,2019-08-16,113,133,20
6502,2019-08-16,21,18,-3
6503,2019-08-16,63,53,-10
6504,2019-08-16,43,42,-1
6700,2019-08-16,24,34,10
6701,2019-08-16,56,57,1
6702,2019-08-16,21,21,0
6703,2019-08-16,68,60,-8
6704,2019-08-16,29,24,-5
6705,2019-08-16,24,19,-5
6706,2019-08-16,28,30,2
6707,2019-08-16,26,33,7
6709,2019-08-16,28,25,-3
6710,2019-08-16,21,22,1
6711,2019-08-16,27,29,2
6712,2019-08-16,26,20,-6
6713,2019-08-16,19,16,-3
6714,2019-08-16,7,11,4
6715,2019-08-16,30,30,0
6716,2019-08-16,13,15,2
6717,2019-08-16,9,11,2
6718,2019-08-16,24,25,1
6719,2019-08-16,20,14,-6
6720,2019-08-16,31,42,11
6722,2019-08-16,19,19,0
6723,2019-08-16,15,24,9
6724,2019-08-16,84,110,26
6725,2019-08-16,32,33,1
6726,2019-08-16,10,14,4
6727,2019-08-16,94,108,14
6728,2019-08-16,22,24,2
6729,2019-08-16,152,160,8
6730,2019-08-16,17,12,-5
6731,2019-08-16,10,11,1
6732,2019-08-16,41,42,1
6733,2019-08-16,29,34,5
6734,2019-08-16,69,59,-10
6735,2019-08-16,6,7,1
6736,2019-08-16,18,20,2
6737,2019-08-16,25,29,4
6738,2019-08-16,76,75,-1
6739,2019-08-16,10,7,-3
6741,2019-08-16,17,28,11
6742,2019-08-16,70,65,-5
6743,2019-08-16,36,17,-19
6744,2019-08-16,24,23,-1
6745,2019-08-16,22,19,-3
6746,2019-08-16,21,24,3
6747,2019-08-16,47,53,6
6748,2019-08-16,80,91,11
6749,2019-08-16,43,50,7
6750,2019-08-16,69,52,-17
6752,2019-08-16,26,33,7
6753,2019-08-16,25,23,-2
6754,2019-08-16,29,26,-3
6901,2019-08-16,30,48,18
6902,2019-08-16,97,119,22
6903,2019-08-16,104,84,-20
6904,2019-08-16,30,31,1
6905,2019-08-16,45,42,-3
6906,2019-08-16,202,116,-86
6907,2019-08-16,117,98,-19
6908,2019-08-16,75,62,-13
6910,2019-08-16,162,142,-20
6912,2019-08-16,172,144,-28
6913,2019-08-16,53,34,-19
6915,2019-08-16,96,90,-6
6916,2019-08-16,40,33,-7
6917,2019-08-16,18,18,0
6918,2019-08-16,39,28,-11
6919,2019-08-16,14,14,0
6921,2019-08-16,95,111,16
6923,2019-08-16,45,40,-5
6924,2019-08-16,26,19,-7
6925,2019-08-16,41,44,3
6926,2019-08-16,71,73,2
6927,2019-08-16,70,29,-41
6928,2019-08-16,18,10,-8
6929,2019-08-16,25,28,3
6930,2019-08-16,24,28,4
7001,2019-08-16,30,32,2
7002,2019-08-16,17,20,3
7004,2019-08-16,12,18,6
7005,2019-08-16,10,10,0
7006,2019-08-16,26,27,1
7007,2019-08-16,6,11,5
7008,2019-08-16,20,19,-1
7009,2019-08-16,114,121,7
7010,2019-08-16,23,20,-3
7011,2019-08-16,103,121,18
7012,2019-08-16,51,62,11
7013,2019-08-16,29,26,-3
7014,2019-08-16,74,41,-33
7015,2019-08-16,22,18,-4
7016,2019-08-16,10,16,6
7017,2019-08-16,32,42,10
7018,2019-08-16,30,44,14
7019,2019-08-16,115,118,3
7020,2019-08-16,29,29,0
7021,2019-08-16,60,40,-20
7022,2019-08-16,43,33,-10
7023,2019-08-16,7,5,-2
7024,2019-08-16,72,48,-24
7025,2019-08-16,42,41,-1
7026,2019-08-16,70,70,0
7027,2019-08-16,72,61,-11
7028,2019-08-16,97,81,-16
7029,2019-08-16,45,45,0
7030,2019-08-16,67,65,-2
7031,2019-08-16,58,56,-2
7032,2019-08-16,85,60,-25
7033,2019-08-16,86,65,-21
7034,2019-08-16,48,90,42
7035,2019-08-16,44,47,3
7036,2019-08-16,44,51,7
7037,2019-08-16,60,54,-6
7038,2019-08-16,99,99,0
7039,2019-08-16,44,38,-6
7040,2019-08-16,79,80,1
7041,2019-08-16,130,122,-8
7042,2019-08-16,44,43,-1
7043,2019-08-16,18,22,4
7044,2019-08-16,13,13,0
7045,2019-08-16,84,85,1
7046,2019-08-16,101,128,27
7047,2019-08-16,172,210,38
7048,2019-08-16,17,15,-2
7049,2019-08-16,33,40,7
7050,2019-08-16,53,48,-5
7051,2019-08-16,10,15,5
7052,2019-08-16,41,69,28
7053,2019-08-16,58,60,2
7054,2019-08-16,66,86,20
7055,2019-08-16,37,68,31
7056,2019-08-16,17,20,3
7057,2019-08-16,35,50,15
7058,2019-08-16,38,53,15
7059,2019-08-16,27,30,3
7060,2019-08-16,25,34,9
7061,2019-08-16,22,21,-1
7062,2019-08-16,46,46,0
7063,2019-08-16,21,20,-1
7064,2019-08-16,22,20,-2
7065,2019-08-16,42,38,-4
7066,2019-08-16,92,200,108
7067,2019-08-16,65,70,5
7068,2019-08-16,81,86,5
7069,2019-08-16,112,126,14
7070,2019-08-16,51,50,-1
7071,2019-08-16,64,43,-21
7072,2019-08-16,48,31,-17
7073,2019-08-16,80,87,7
7074,2019-08-16,43,45,2
7075,2019-08-16,8,7,-1
7076,2019-08-16,86,74,-12
7077,2019-08-16,50,72,22
7078,2019-08-16,17,35,18
7079,2019-08-16,52,59,7
7080,2019-08-16,98,105,7
7081,2019-08-16,87,118,31
7082,2019-08-16,67,94,27
7083,2019-08-16,72,67,-5
7084,2019-08-16,7,24,17
7086,2019-08-16,1,0,-1
7087,2019-08-16,1,1,0
7088,2019-08-16,1,2,1
7090,2019-08-16,11,12,1
7091,2019-08-16,12,11,-1
7093,2019-08-16,5,9,4
7094,2019-08-16,3,6,3
7095,2019-08-16,20,15,-5
7096,2019-08-16,33,29,-4
7097,2019-08-16,3,4,1
7099,2019-08-16,12,10,-2
7100,2019-08-16,5,10,5
7101,2019-08-16,6,6,0
7102,2019-08-16,18,23,5
7103,2019-08-16,32,28,-4
7104,2019-08-16,1,2,1
7105,2019-08-16,15,20,5
7106,2019-08-16,6,4,-2
7107,2019-08-16,12,10,-2
7108,2019-08-16,16,19,3
7109,2019-08-16,15,17,2
7110,2019-08-16,9,8,-1
7111,2019-08-16,5,7,2
7112,2019-08-16,12,15,3
7113,2019-08-16,73,73,0
7114,2019-08-16,122,119,-3
7115,2019-08-16,21,16,-5
7116,2019-08-16,9,8,-1
7117,2019-08-16,2,2,0
7118,2019-08-16,2,3,1
7119,2019-08-16,5,8,3
7120,2019-08-16,9,12,3
7121,2019-08-16,7,7,0
7122,2019-08-16,7,6,-1
7123,2019-08-16,2,2,0
7124,2019-08-16,23,16,-7
7125,2019-08-16,19,20,1
7126,2019-08-16,2,4,2
7127,2019-08-16,29,31,2
7128,2019-08-16,13,10,-3
7129,2019-08-16,12,7,-5
7130,2019-08-16,9,9,0
7131,2019-08-16,1,3,2
7133,2019-08-16,9,8,-1
7134,2019-08-16,6,6,0
7135,2019-08-16,12,19,7
7136,2019-08-16,5,6,1
7137,2019-08-16,5,8,3
7138,2019-08-16,6,7,1
7139,2019-08-16,55,54,-1
7140,2019-08-16,28,27,-1
7141,2019-08-16,43,39,-4
7142,2019-08-16,11,18,7
7143,2019-08-16,27,37,10
7144,2019-08-16,55,49,-6
7145,2019-08-16,20,20,0
7146,2019-08-16,30,34,4
7147,2019-08-16,41,38,-3
7148,2019-08-16,5,12,7
7149,2019-08-16,12,18,6
10002,2019-08-16,115,121,6
4000,2019-08-17,59,65,6
4001,2019-08-17,6,12,6
4002,2019-08-17,5,11,6
5002,2019-08-17,3,1,-2
5003,2019-08-17,6,5,-1
5004,2019-08-17,2,4,2
5005,2019-08-17,4,5,1
5006,2019-08-17,3,5,2
5007,2019-08-17,13,20,7
6001,2019-08-17,44,40,-4
6002,2019-08-17,47,64,17
6003,2019-08-17,32,50,18
6004,2019-08-17,36,32,-4
6005,2019-08-17,35,41,6
6006,2019-08-17,34,26,-8
6007,2019-08-17,34,40,6
6008,2019-08-17,33,39,6
6009,2019-08-17,77,72,-5
6011,2019-08-17,43,44,1
6012,2019-08-17,134,240,106
6013,2019-08-17,45,74,29
6014,2019-08-17,53,57,4
6015,2019-08-17,144,268,124
6016,2019-08-17,8,9,1
6017,2019-08-17,51,75,24
6018,2019-08-17,82,104,22
6019,2019-08-17,91,71,-20
6020,2019-08-17,52,85,33
6021,2019-08-17,82,64,-18
6022,2019-08-17,34,37,3
6023,2019-08-17,188,280,92
6024,2019-08-17,6,8,2
6025,2019-08-17,32,33,1
6026,2019-08-17,239,395,156
6027,2019-08-17,76,81,5
6029,2019-08-17,18,22,4
6031,2019-08-17,49,48,-1
6032,2019-08-17,89,146,57
6033,2019-08-17,9,7,-2
6035,2019-08-17,18,42,24
6036,2019-08-17,226,327,101
6037,2019-08-17,84,88,4
6038,2019-08-17,81,83,2
6039,2019-08-17,52,57,5
6040,2019-08-17,66,70,4
6041,2019-08-17,32,44,12
6042,2019-08-17,31,34,3
6043,2019-08-17,65,74,9
6044,2019-08-17,86,69,-17
6046,2019-08-17,56,34,-22
6047,2019-08-17,22,18,-4
6048,2019-08-17,7,14,7
6049,2019-08-17,38,39,1
6050,2019-08-17,31,35,4
6051,2019-08-17,14,21,7
6052,2019-08-17,214,250,36
6053,2019-08-17,88,109,21
6057,2019-08-17,37,37,0
6058,2019-08-17,39,41,2
6059,2019-08-17,34,20,-14
6060,2019-08-17,3,2,-1
6061,2019-08-17,70,73,3
6062,2019-08-17,52,39,-13
6063,2019-08-17,65,69,4
6064,2019-08-17,97,88,-9
6065,2019-08-17,52,53,1
6066,2019-08-17,35,36,1
6067,2019-08-17,53,54,1
6068,2019-08-17,3,3,0
6070,2019-08-17,100,89,-11
6072,2019-08-17,47,55,8
6073,2019-08-17,66,80,14
6075,2019-08-17,21,8,-13
6076,2019-08-17,20,22,2
6078,2019-08-17,45,52,7
6079,2019-08-17,67,51,-16
6080,2019-08-17,98,108,10
6081,2019-08-17,61,54,-7
6082,2019-08-17,21,20,-1
6083,2019-08-17,53,61,8
6084,2019-08-17,22,28,6
6085,2019-08-17,56,63,7
6086,2019-08-17,61,71,10
6087,2019-08-17,98,125,27
6089,2019-08-17,18,16,-2
6090,2019-08-17,30,33,3
6091,2019-08-17,50,38,-12
6092,2019-08-17,60,41,-19
6093,2019-08-17,50,43,-7
6094,2019-08-17,25,21,-4
6095,2019-08-17,155,120,-35
6096,2019-08-17,38,33,-5
6097,2019-08-17,83,63,-20
6098,2019-08-17,42,23,-19
6099,2019-08-17,126,199,73
6100,2019-08-17,187,193,6
6101,2019-08-17,37,20,-17
6102,2019-08-17,26,26,0
6103,2019-08-17,16,12,-4
6104,2019-08-17,77,94,17
6105,2019-08-17,42,49,7
6106,2019-08-17,34,41,7
6107,2019-08-17,145,108,-37
6108,2019-08-17,35,38,3
6109,2019-08-17,40,50,10
6110,2019-08-17,48,37,-11
6111,2019-08-17,41,46,5
6112,2019-08-17,102,128,26
6113,2019-08-17,98,92,-6
6114,2019-08-17,209,234,25
6115,2019-08-17,9,10,1
6116,2019-08-17,68,72,4
6117,2019-08-17,46,55,9
6118,2019-08-17,129,155,26
6119,2019-08-17,159,191,32
6120,2019-08-17,64,85,21
6121,2019-08-17,25,29,4
6122,2019-08-17,22,22,0
6123,2019-08-17,39,43,4
6124,2019-08-17,45,59,14
6125,2019-08-17,16,6,-10
6126,2019-08-17,42,46,4
6127,2019-08-17,51,39,-12
6128,2019-08-17,23,26,3
6129,2019-08-17,77,74,-3
6130,2019-08-17,24,25,1
6131,2019-08-17,79,68,-11
6132,2019-08-17,50,74,24
6134,2019-08-17,42,42,0
6136,2019-08-17,212,151,-61
6137,2019-08-17,109,109,0
6138,2019-08-17,76,58,-18
6139,2019-08-17,33,34,1
6140,2019-08-17,92,78,-14
6141,2019-08-17,58,44,-14
6142,2019-08-17,92,69,-23
6143,2019-08-17,110,97,-13
6145,2019-08-17,73,74,1
6146,2019-08-17,74,57,-17
6147,2019-08-17,89,49,-40
6148,2019-08-17,123,70,-53
6149,2019-08-17,33,24,-9
6150,2019-08-17,68,57,-11
6151,2019-08-17,79,71,-8
6152,2019-08-17,126,99,-27
6153,2019-08-17,46,34,-12
6154,2019-08-17,189,171,-18
6155,2019-08-17,124,100,-24
6156,2019-08-17,74,64,-10
6157,2019-08-17,159,161,2
6158,2019-08-17,59,56,-3
6159,2019-08-17,26,30,4
6160,2019-08-17,44,36,-8
6161,2019-08-17,41,35,-6
6162,2019-08-17,15,17,2
6163,2019-08-17,143,118,-25
6164,2019-08-17,89,82,-7
6165,2019-08-17,169,160,-9
6166,2019-08-17,78,41,-37
6167,2019-08-17,51,46,-5
6168,2019-08-17,23,22,-1
6169,2019-08-17,190,189,-1
6170,2019-08-17,76,63,-13
6171,2019-08-17,41,61,20
6173,2019-08-17,90,54,-36
6174,2019-08-17,85,72,-13
6175,2019-08-17,74,43,-31
6176,2019-08-17,115,117,2
6177,2019-08-17,76,66,-10
6178,2019-08-17,152,136,-16
6179,2019-08-17,90,84,-6
6180,2019-08-17,66,82,16
6181,2019-08-17,108,82,-26
6182,2019-08-17,53,51,-2
6183,2019-08-17,88,76,-12
6184,2019-08-17,281,222,-59
6185,2019-08-17,21,17,-4
6186,2019-08-17,58,56,-2
6187,2019-08-17,108,106,-2
6188,2019-08-17,32,32,0
6189,2019-08-17,18,9,-9
6190,2019-08-17,75,53,-22
6191,2019-08-17,82,83,1
6192,2019-08-17,32,31,-1
6193,2019-08-17,143,136,-7
6195,2019-08-17,56,43,-13
6196,2019-08-17,116,95,-21
6197,2019-08-17,46,44,-2
6198,2019-08-17,17,11,-6
6199,2019-08-17,77,66,-11
6200,2019-08-17,116,108,-8
6201,2019-08-17,69,61,-8
6202,2019-08-17,96,73,-23
6203,2019-08-17,32,28,-4
6204,2019-08-17,81,70,-11
6205,2019-08-17,95,92,-3
6206,2019-08-17,131,116,-15
6207,2019-08-17,30,25,-5
6208,2019-08-17,32,31,-1
6209,2019-08-17,83,89,6
6210,2019-08-17,20,26,6
6211,2019-08-17,162,171,9
6212,2019-08-17,66,36,-30
6213,2019-08-17,90,104,14
6214,2019-08-17,107,88,-19
6215,2019-08-17,47,48,1
6216,2019-08-17,180,126,-54
6217,2019-08-17,114,74,-40
6218,2019-08-17,53,47,-6
6219,2019-08-17,66,59,-7
6220,2019-08-17,75,71,-4
6221,2019-08-17,218,158,-60
6222,2019-08-17,85,57,-28
6223,2019-08-17,101,78,-23
6224,2019-08-17,76,49,-27
6225,2019-08-17,69,50,-19
6226,2019-08-17,4,4,0
6227,2019-08-17,123,106,-17
6228,2019-08-17,19,13,-6
6229,2019-08-17,86,74,-12
6230,2019-08-17,98,96,-2
6231,2019-08-17,130,106,-24
6232,2019-08-17,33,27,-6
6233,2019-08-17,138,113,-25
6234,2019-08-17,43,47,4
6235,2019-08-17,38,29,-9
6236,2019-08-17,83,76,-7
6237,2019-08-17,63,58,-5
6240,2019-08-17,16,20,4
6241,2019-08-17,44,36,-8
6243,2019-08-17,59,50,-9
6245,2019-08-17,36,42,6
6246,2019-08-17,55,42,-13
6247,2019-08-17,148,132,-16
6248,2019-08-17,118,117,-1
6249,2019-08-17,96,71,-25
6250,2019-08-17,115,115,0
6251,2019-08-17,37,35,-2
6252,2019-08-17,68,58,-10
6253,2019-08-17,57,50,-7
6254,2019-08-17,74,74,0
6255,2019-08-17,81,82,1
6257,2019-08-17,36,33,-3
6258,2019-08-17,78,69,-9
6259,2019-08-17,37,35,-2
6260,2019-08-17,54,62,8
6261,2019-08-17,61,42,-19
6262,2019-08-17,70,57,-13
6263,2019-08-17,13,16,3
6264,2019-08-17,23,20,-3
6265,2019-08-17,37,32,-5
6266,2019-08-17,10,16,6
6267,2019-08-17,61,49,-12
6268,2019-08-17,62,52,-10
6269,2019-08-17,22,30,8
6270,2019-08-17,34,34,0
6271,2019-08-17,2,3,1
6272,2019-08-17,21,28,7
6273,2019-08-17,24,20,-4
6274,2019-08-17,53,26,-27
6275,2019-08-17,30,25,-5
6276,2019-08-17,37,38,1
6277,2019-08-17,68,79,11
6278,2019-08-17,27,20,-7
6279,2019-08-17,25,20,-5
6280,2019-08-17,102,105,3
6281,2019-08-17,18,17,-1
6301,2019-08-17,16,16,0
6302,2019-08-17,8,8,0
6303,2019-08-17,8,7,-1
6304,2019-08-17,11,12,1
6305,2019-08-17,15,5,-10
6306,2019-08-17,21,2,-19
6307,2019-08-17,84,86,2
6309,2019-08-17,26,21,-5
6310,2019-08-17,40,26,-14
6311,2019-08-17,50,28,-22
6312,2019-08-17,22,23,1
6313,2019-08-17,50,45,-5
6314,2019-08-17,66,53,-13
6315,2019-08-17,68,41,-27
6316,2019-08-17,32,11,-21
6321,2019-08-17,63,61,-2
6322,2019-08-17,23,17,-6
6323,2019-08-17,11,7,-4
6324,2019-08-17,24,17,-7
6327,2019-08-17,27,33,6
6328,2019-08-17,58,50,-8
6329,2019-08-17,32,33,1
6330,2019-08-17,19,22,3
6331,2019-08-17,32,23,-9
6332,2019-08-17,27,36,9
6333,2019-08-17,20,26,6
6334,2019-08-17,62,46,-16
6335,2019-08-17,26,33,7
6336,2019-08-17,28,20,-8
6338,2019-08-17,20,25,5
6339,2019-08-17,17,15,-2
6340,2019-08-17,32,30,-2
6341,2019-08-17,47,49,2
6343,2019-08-17,31,30,-1
6344,2019-08-17,63,65,2
6345,2019-08-17,15,21,6
6346,2019-08-17,15,17,2
6347,2019-08-17,14,16,2
6349,2019-08-17,18,18,0
6350,2019-08-17,43,26,-17
6354,2019-08-17,22,32,10
6355,2019-08-17,36,39,3
6356,2019-08-17,32,23,-9
6357,2019-08-17,22,23,1
6358,2019-08-17,21,18,-3
6359,2019-08-17,76,97,21
6360,2019-08-17,28,26,-2
6361,2019-08-17,56,40,-16
6362,2019-08-17,37,33,-4
6363,2019-08-17,25,22,-3
6364,2019-08-17,41,37,-4
6366,2019-08-17,20,19,-1
6367,2019-08-17,11,16,5
6368,2019-08-17,66,61,-5
6369,2019-08-17,20,27,7
6370,2019-08-17,39,39,0
6371,2019-08-17,74,59,-15
6372,2019-08-17,81,88,7
6373,2019-08-17,31,32,1
6374,2019-08-17,39,32,-7
6375,2019-08-17,54,59,5
6376,2019-08-17,38,31,-7
6377,2019-08-17,18,31,13
6379,2019-08-17,25,31,6
6380,2019-08-17,23,11,-12
6381,2019-08-17,51,51,0
6383,2019-08-17,39,31,-8
6384,2019-08-17,21,21,0
6385,2019-08-17,47,38,-9
6386,2019-08-17,65,75,10
6387,2019-08-17,49,78,29
6388,2019-08-17,24,30,6
6389,2019-08-17,55,47,-8
6391,2019-08-17,71,90,19
6393,2019-08-17,60,76,16
6394,2019-08-17,92,112,20
6395,2019-08-17,71,96,25
6396,2019-08-17,119,138,19
6397,2019-08-17,65,70,5
6398,2019-08-17,30,51,21
6401,2019-08-17,54,78,24
6402,2019-08-17,52,58,6
6403,2019-08-17,34,31,-3
6404,2019-08-17,15,12,-3
6405,2019-08-17,61,46,-15
6406,2019-08-17,265,328,63
6407,2019-08-17,14,22,8
6408,2019-08-17,32,31,-1
6409,2019-08-17,18,13,-5
6410,2019-08-17,27,28,1
6411,2019-08-17,106,103,-3
6412,2019-08-17,18,22,4
6413,2019-08-17,22,24,2
6414,2019-08-17,24,23,-1
6415,2019-08-17,28,24,-4
6416,2019-08-17,22,20,-2
6417,2019-08-17,26,30,4
6418,2019-08-17,4,8,4
6419,2019-08-17,13,21,8
6420,2019-08-17,26,22,-4
6421,2019-08-17,45,36,-9
6422,2019-08-17,10,13,3
6423,2019-08-17,20,13,-7
6424,2019-08-17,18,34,16
6425,2019-08-17,45,43,-2
6426,2019-08-17,52,64,12
6427,2019-08-17,50,61,11
6428,2019-08-17,23,25,2
6429,2019-08-17,42,48,6
6432,2019-08-17,77,76,-1
6433,2019-08-17,26,19,-7
6434,2019-08-17,51,51,0
6435,2019-08-17,37,37,0
6436,2019-08-17,24,19,-5
6501,2019-08-17,179,195,16
6502,2019-08-17,50,49,-1
6503,2019-08-17,39,33,-6
6504,2019-08-17,26,33,7
6700,2019-08-17,34,40,6
6701,2019-08-17,46,34,-12
6702,2019-08-17,23,22,-1
6703,2019-08-17,106,97,-9
6704,2019-08-17,17,21,4
6705,2019-08-17,15,12,-3
6706,2019-08-17,21,22,1
6707,2019-08-17,21,18,-3
6709,2019-08-17,19,22,3
6710,2019-08-17,20,20,0
6711,2019-08-17,18,21,3
6712,2019-08-17,20,22,2
6713,2019-08-17,16,16,0
6714,2019-08-17,25,24,-1
6715,2019-08-17,34,38,4
6716,2019-08-17,5,6,1
6717,2019-08-17,4,10,6
6718,2019-08-17,18,13,-5
6719,2019-08-17,16,16,0
6720,2019-08-17,28,30,2
6722,2019-08-17,20,29,9
6723,2019-08-17,19,10,-9
6724,2019-08-17,75,75,0
6725,2019-08-17,19,32,13
6726,2019-08-17,5,7,2
6727,2019-08-17,52,50,-2
6728,2019-08-17,13,12,-1
6729,2019-08-17,146,157,11
6730,2019-08-17,16,15,-1
6731,2019-08-17,17,18,1
6732,2019-08-17,29,30,1
6733,2019-08-17,38,28,-10
6734,2019-08-17,62,59,-3
6735,2019-08-17,6,10,4
6736,2019-08-17,13,14,1
6737,2019-08-17,12,11,-1
6738,2019-08-17,29,29,0
6739,2019-08-17,5,9,4
6741,2019-08-17,14,18,4
6742,2019-08-17,59,66,7
6743,2019-08-17,9,10,1
6744,2019-08-17,21,23,2
6745,2019-08-17,25,30,5
6746,2019-08-17,14,19,5
6747,2019-08-17,20,30,10
6748,2019-08-17,61,76,15
6749,2019-08-17,50,50,0
6750,2019-08-17,40,48,8
6752,2019-08-17,14,13,-1
6753,2019-08-17,12,12,0
6754,2019-08-17,13,18,5
6901,2019-08-17,9,41,32
6902,2019-08-17,70,85,15
6903,2019-08-17,74,69,-5
6904,2019-08-17,20,20,0
6905,2019-08-17,37,27,-10
6906,2019-08-17,128,91,-37
6907,2019-08-17,94,77,-17
6908,2019-08-17,66,58,-8
6910,2019-08-17,107,96,-11
6912,2019-08-17,114,87,-27
6913,2019-08-17,43,40,-3
6915,2019-08-17,104,78,-26
6916,2019-08-17,36,43,7
6917,2019-08-17,18,19,1
6918,2019-08-17,32,26,-6
6919,2019-08-17,21,21,0
6921,2019-08-17,40,54,14
6923,2019-08-17,29,28,-1
6924,2019-08-17,22,24,2
6925,2019-08-17,24,16,-8
6926,2019-08-17,69,74,5
6927,2019-08-17,41,36,-5
6928,2019-08-17,14,8,-6
6929,2019-08-17,33,29,-4
6930,2019-08-17,13,17,4
7001,2019-08-17,28,32,4
7002,2019-08-17,12,12,0
7004,2019-08-17,16,12,-4
7005,2019-08-17,6,10,4
7006,2019-08-17,14,14,0
7007,2019-08-17,8,8,0
7008,2019-08-17,14,15,1
7009,2019-08-17,103,108,5
7010,2019-08-17,13,16,3
7011,2019-08-17,106,118,12
7012,2019-08-17,38,48,10
7013,2019-08-17,31,23,-8
7014,2019-08-17,22,14,-8
7015,2019-08-17,50,47,-3
7016,2019-08-17,8,12,4
7017,2019-08-17,26,32,6
7018,2019-08-17,30,41,11
7019,2019-08-17,10,14,4
7020,2019-08-17,22,19,-3
7021,2019-08-17,35,32,-3
7022,2019-08-17,36,19,-17
7023,2019-08-17,3,8,5
7024,2019-08-17,38,39,1
7025,2019-08-17,33,23,-10
7026,2019-08-17,52,48,-4
7027,2019-08-17,52,54,2
7028,2019-08-17,40,45,5
7029,2019-08-17,43,34,-9
7030,2019-08-17,51,52,1
7031,2019-08-17,67,55,-12
7032,2019-08-17,83,67,-16
7033,2019-08-17,67,65,-2
7034,2019-08-17,50,69,19
7035,2019-08-17,23,30,7
7036,2019-08-17,49,43,-6
7037,2019-08-17,35,21,-14
7038,2019-08-17,67,61,-6
7039,2019-08-17,25,18,-7
7040,2019-08-17,62,75,13
7041,2019-08-17,99,102,3
7042,2019-08-17,34,29,-5
7043,2019-08-17,10,11,1
7044,2019-08-17,7,6,-1
7045,2019-08-17,95,98,3
7046,2019-08-17,58,63,5
7047,2019-08-17,142,176,34
7048,2019-08-17,20,22,2
7049,2019-08-17,19,22,3
7050,2019-08-17,31,32,1
7051,2019-08-17,13,12,-1
7052,2019-08-17,22,21,-1
7053,2019-08-17,33,28,-5
7054,2019-08-17,76,78,2
7055,2019-08-17,26,35,9
7056,2019-08-17,19,20,1
7057,2019-08-17,31,30,-1
7058,2019-08-17,30,29,-1
7059,2019-08-17,22,29,7
7060,2019-08-17,22,27,5
7061,2019-08-17,25,23,-2
7062,2019-08-17,29,20,-9
7063,2019-08-17,29,26,-3
7064,2019-08-17,8,9,1
7065,2019-08-17,35,30,-5
7066,2019-08-17,49,125,76
7067,2019-08-17,36,38,2
7068,2019-08-17,77,88,11
7069,2019-08-17,56,75,19
7070,2019-08-17,27,19,-8
7071,2019-08-17,34,29,-5
7072,2019-08-17,36,29,-7
7073,2019-08-17,61,88,27
7074,2019-08-17,37,39,2
7075,2019-08-17,1,2,1
7076,2019-08-17,54,55,1
7077,2019-08-17,48,40,-8
7078,2019-08-17,25,36,11
7079,2019-08-17,17,33,16
7080,2019-08-17,47,53,6
7081,2019-08-17,81,106,25
7082,2019-08-17,61,75,14
7083,2019-08-17,53,42,-11
7086,2019-08-17,2,2,0
7087,2019-08-17,2,2,0
7089,2019-08-17,1,1,0
7090,2019-08-17,6,5,-1
7091,2019-08-17,5,5,0
7093,2019-08-17,8,8,0
7094,2019-08-17,3,4,1
7095,2019-08-17,6,7,1
7096,2019-08-17,17,21,4
7097,2019-08-17,8,9,1
7098,2019-08-17,4,2,-2
7099,2019-08-17,4,13,9
7100,2019-08-17,10,7,-3
7101,2019-08-17,4,5,1
7102,2019-08-17,16,23,7
7103,2019-08-17,57,54,-3
7104,2019-08-17,2,2,0
7105,2019-08-17,18,22,4
7106,2019-08-17,3,3,0
7107,2019-08-17,5,3,-2
7108,2019-08-17,21,20,-1
7109,2019-08-17,11,6,-5
7110,2019-08-17,16,18,2
7111,2019-08-17,3,0,-3
7112,2019-08-17,11,19,8
7113,2019-08-17,37,42,5
7114,2019-08-17,113,115,2
7115,2019-08-17,7,13,6
7116,2019-08-17,6,4,-2
7117,2019-08-17,4,1,-3
7118,2019-08-17,1,1,0
7119,2019-08-17,10,10,0
7120,2019-08-17,4,5,1
7121,2019-08-17,4,6,2
7122,2019-08-17,7,5,-2
7123,2019-08-17,2,3,1
7124,2019-08-17,17,10,-7
7125,2019-08-17,29,25,-4
7126,2019-08-17,3,4,1
7127,2019-08-17,23,24,1
7128,2019-08-17,18,13,-5
7129,2019-08-17,6,3,-3
7130,2019-08-17,7,15,8
7131,2019-08-17,10,11,1
7132,2019-08-17,2,4,2
7133,2019-08-17,7,11,4
7134,2019-08-17,4,6,2
7135,2019-08-17,9,10,1
7136,2019-08-17,3,4,1
7137,2019-08-17,7,7,0
7138,2019-08-17,3,5,2
7139,2019-08-17,63,65,2
7140,2019-08-17,20,29,9
7141,2019-08-17,27,31,4
7142,2019-08-17,18,18,0
7143,2019-08-17,29,39,10
7144,2019-08-17,57,56,-1
7145,2019-08-17,14,15,1
7146,2019-08-17,28,25,-3
7147,2019-08-17,20,19,-1
7148,2019-08-17,18,16,-2
7149,2019-08-17,13,7,-6
10002,2019-08-17,73,85,12
4000,2019-08-18,33,35,2
4001,2019-08-18,5,11,6
4002,2019-08-18,6,9,3
5002,2019-08-18,6,6,0
5004,2019-08-18,6,4,-2
5005,2019-08-18,2,5,3
5007,2019-08-18,16,11,-5
6001,2019-08-18,45,68,23
6002,2019-08-18,41,57,16
6003,2019-08-18,27,40,13
6004,2019-08-18,19,27,8
6005,2019-08-18,42,65,23
6006,2019-08-18,26,21,-5
6007,2019-08-18,41,47,6
6008,2019-08-18,44,45,1
6009,2019-08-18,51,51,0
6011,2019-08-18,31,41,10
6012,2019-08-18,135,234,99
6013,2019-08-18,34,75,41
6014,2019-08-18,66,93,27
6015,2019-08-18,134,257,123
6016,2019-08-18,10,10,0
6017,2019-08-18,43,42,-1
6018,2019-08-18,67,77,10
6019,2019-08-18,87,55,-32
6020,2019-08-18,54,78,24
6021,2019-08-18,69,55,-14
6022,2019-08-18,33,32,-1
6023,2019-08-18,148,165,17
6024,2019-08-18,6,4,-2
6025,2019-08-18,42,54,12
6026,2019-08-18,188,247,59
6027,2019-08-18,30,47,17
6029,2019-08-18,25,17,-8
6031,2019-08-18,21,32,11
6032,2019-08-18,44,95,51
6033,2019-08-18,15,9,-6
6035,2019-08-18,33,48,15
6036,2019-08-18,178,236,58
6037,2019-08-18,40,47,7
6038,2019-08-18,61,68,7
6039,2019-08-18,39,42,3
6040,2019-08-18,44,56,12
6041,2019-08-18,28,30,2
6042,2019-08-18,36,45,9
6043,2019-08-18,50,68,18
6044,2019-08-18,56,73,17
6046,2019-08-18,37,39,2
6047,2019-08-18,20,12,-8
6048,2019-08-18,13,9,-4
6049,2019-08-18,17,21,4
6050,2019-08-18,21,15,-6
6051,2019-08-18,15,18,3
6052,2019-08-18,166,221,55
6053,2019-08-18,87,104,17
6057,2019-08-18,48,52,4
6058,2019-08-18,49,50,1
6059,2019-08-18,50,50,0
6060,2019-08-18,12,13,1
6061,2019-08-18,70,80,10
6062,2019-08-18,51,53,2
6063,2019-08-18,57,68,11
6064,2019-08-18,69,85,16
6065,2019-08-18,45,43,-2
6066,2019-08-18,40,19,-21
6067,2019-08-18,44,62,18
6068,2019-08-18,8,15,7
6070,2019-08-18,65,77,12
6072,2019-08-18,28,35,7
6073,2019-08-18,56,105,49
6075,2019-08-18,13,11,-2
6076,2019-08-18,19,26,7
6078,2019-08-18,52,41,-11
6079,2019-08-18,45,31,-14
6080,2019-08-18,71,77,6
6081,2019-08-18,48,49,1
6082,2019-08-18,15,4,-11
6083,2019-08-18,49,44,-5
6084,2019-08-18,27,36,9
6085,2019-08-18,52,92,40
6086,2019-08-18,74,95,21
6087,2019-08-18,90,105,15
6089,2019-08-18,16,9,-7
6090,2019-08-18,27,27,0
6091,2019-08-18,33,31,-2
6092,2019-08-18,32,34,2
6093,2019-08-18,47,50,3
6094,2019-08-18,35,33,-2
6095,2019-08-18,131,132,1
6096,2019-08-18,12,24,12
6097,2019-08-18,58,33,-25
6098,2019-08-18,29,27,-2
6099,2019-08-18,92,109,17
6100,2019-08-18,157,150,-7
6101,2019-08-18,21,16,-5
6102,2019-08-18,12,12,0
6103,2019-08-18,13,19,6
6104,2019-08-18,88,109,21
6105,2019-08-18,35,42,7
6106,2019-08-18,45,42,-3
6107,2019-08-18,101,81,-20
6108,2019-08-18,36,38,2
6109,2019-08-18,26,33,7
6110,2019-08-18,25,31,6
6111,2019-08-18,37,49,12
6112,2019-08-18,138,135,-3
6113,2019-08-18,89,79,-10
6114,2019-08-18,159,164,5
6115,2019-08-18,17,18,1
6116,2019-08-18,64,67,3
6117,2019-08-18,49,46,-3
6118,2019-08-18,83,96,13
6119,2019-08-18,158,165,7
6120,2019-08-18,58,75,17
6121,2019-08-18,22,45,23
6122,2019-08-18,25,37,12
6123,2019-08-18,49,50,1
6124,2019-08-18,39,53,14
6125,2019-08-18,7,8,1
6126,2019-08-18,27,39,12
6127,2019-08-18,44,45,1
6128,2019-08-18,17,17,0
6129,2019-08-18,62,66,4
6130,2019-08-18,22,13,-9
6131,2019-08-18,74,43,-31
6132,2019-08-18,52,64,12
6134,2019-08-18,28,30,2
6136,2019-08-18,181,151,-30
6137,2019-08-18,66,51,-15
6138,2019-08-18,51,45,-6
6139,2019-08-18,39,26,-13
6140,2019-08-18,88,85,-3
6141,2019-08-18,45,39,-6
6142,2019-08-18,105,69,-36
6143,2019-08-18,96,88,-8
6145,2019-08-18,59,60,1
6146,2019-08-18,89,71,-18
6147,2019-08-18,58,46,-12
6148,2019-08-18,105,74,-31
6149,2019-08-18,23,18,-5
6150,2019-08-18,50,53,3
6151,2019-08-18,62,73,11
6152,2019-08-18,102,99,-3
6153,2019-08-18,28,28,0
6154,2019-08-18,161,153,-8
6155,2019-08-18,93,62,-31
6156,2019-08-18,48,41,-7
6157,2019-08-18,93,86,-7
6158,2019-08-18,42,41,-1
6159,2019-08-18,32,31,-1
6160,2019-08-18,45,41,-4
6161,2019-08-18,46,36,-10
6162,2019-08-18,4,15,11
6163,2019-08-18,101,112,11
6164,2019-08-18,70,77,7
6165,2019-08-18,150,159,9
6166,2019-08-18,48,34,-14
6167,2019-08-18,38,44,6
6168,2019-08-18,20,21,1
6169,2019-08-18,153,104,-49
6170,2019-08-18,73,69,-4
6171,2019-08-18,35,38,3
6173,2019-08-18,49,38,-11
6174,2019-08-18,88,65,-23
6175,2019-08-18,85,47,-38
6176,2019-08-18,99,94,-5
6177,2019-08-18,72,63,-9
6178,2019-08-18,111,96,-15
6179,2019-08-18,46,53,7
6180,2019-08-18,50,51,1
6181,2019-08-18,81,62,-19
6182,2019-08-18,38,34,-4
6183,2019-08-18,72,74,2
6184,2019-08-18,176,139,-37
6185,2019-08-18,20,17,-3
6186,2019-08-18,70,58,-12
6187,2019-08-18,85,87,2
6188,2019-08-18,47,29,-18
6189,2019-08-18,15,20,5
6190,2019-08-18,53,39,-14
6191,2019-08-18,57,56,-1
6192,2019-08-18,33,25,-8
6193,2019-08-18,116,122,6
6195,2019-08-18,40,21,-19
6196,2019-08-18,89,55,-34
6197,2019-08-18,46,35,-11
6198,2019-08-18,13,14,1
6199,2019-08-18,66,49,-17
6200,2019-08-18,69,50,-19
6201,2019-08-18,49,33,-16
6202,2019-08-18,64,44,-20
6203,2019-08-18,23,12,-11
6204,2019-08-18,59,52,-7
6205,2019-08-18,82,65,-17
6206,2019-08-18,97,86,-11
6207,2019-08-18,27,21,-6
6208,2019-08-18,36,37,1
6209,2019-08-18,108,74,-34
6210,2019-08-18,25,17,-8
6211,2019-08-18,118,87,-31
6212,2019-08-18,74,58,-16
6213,2019-08-18,78,67,-11
6214,2019-08-18,94,69,-25
6215,2019-08-18,38,43,5
6216,2019-08-18,247,175,-72
6217,2019-08-18,59,55,-4
6218,2019-08-18,45,38,-7
6219,2019-08-18,51,49,-2
6220,2019-08-18,93,69,-24
6221,2019-08-18,183,152,-31
6222,2019-08-18,70,80,10
6223,2019-08-18,83,73,-10
6224,2019-08-18,68,64,-4
6225,2019-08-18,55,31,-24
6226,2019-08-18,11,12,1
6227,2019-08-18,117,105,-12
6228,2019-08-18,20,23,3
6229,2019-08-18,56,45,-11
6230,2019-08-18,84,71,-13
6231,2019-08-18,105,89,-16
6232,2019-08-18,22,17,-5
6233,2019-08-18,73,83,10
6234,2019-08-18,53,54,1
6235,2019-08-18,20,13,-7
6236,2019-08-18,48,47,-1
6237,2019-08-18,37,36,-1
6240,2019-08-18,22,26,4
6241,2019-08-18,25,28,3
6243,2019-08-18,50,55,5
6245,2019-08-18,35,33,-2
6246,2019-08-18,42,46,4
6247,2019-08-18,88,101,13
6248,2019-08-18,107,92,-15
6249,2019-08-18,73,58,-15
6250,2019-08-18,109,107,-2
6251,2019-08-18,17,22,5
6252,2019-08-18,50,41,-9
6253,2019-08-18,34,34,0
6254,2019-08-18,60,57,-3
6255,2019-08-18,93,73,-20
6257,2019-08-18,38,32,-6
6258,2019-08-18,64,47,-17
6259,2019-08-18,33,14,-19
6260,2019-08-18,32,20,-12
6261,2019-08-18,34,35,1
6262,2019-08-18,37,43,6
6263,2019-08-18,12,10,-2
6264,2019-08-18,14,12,-2
6265,2019-08-18,49,30,-19
6266,2019-08-18,24,8,-16
6267,2019-08-18,48,40,-8
6268,2019-08-18,37,32,-5
6269,2019-08-18,19,15,-4
6270,2019-08-18,27,22,-5
6271,2019-08-18,4,4,0
6272,2019-08-18,32,25,-7
6273,2019-08-18,28,25,-3
6274,2019-08-18,37,38,1
6275,2019-08-18,21,25,4
6276,2019-08-18,33,22,-11
6277,2019-08-18,53,51,-2
6278,2019-08-18,19,20,1
6279,2019-08-18,15,19,4
6280,2019-08-18,67,67,0
6281,2019-08-18,19,13,-6
6301,2019-08-18,16,13,-3
6302,2019-08-18,16,15,-1
6303,2019-08-18,8,5,-3
6304,2019-08-18,6,6,0
6305,2019-08-18,13,15,2
6306,2019-08-18,23,9,-14
6307,2019-08-18,61,58,-3
6309,2019-08-18,24,36,12
6310,2019-08-18,30,17,-13
6311,2019-08-18,25,22,-3
6312,2019-08-18,16,18,2
6313,2019-08-18,57,46,-11
6314,2019-08-18,37,28,-9
6315,2019-08-18,41,24,-17
6316,2019-08-18,29,11,-18
6321,2019-08-18,81,73,-8
6322,2019-08-18,26,27,1
6323,2019-08-18,4,3,-1
6324,2019-08-18,20,19,-1
6327,2019-08-18,38,20,-18
6328,2019-08-18,31,29,-2
6329,2019-08-18,27,18,-9
6330,2019-08-18,19,18,-1
6331,2019-08-18,15,17,2
6332,2019-08-18,27,30,3
6333,2019-08-18,21,27,6
6334,2019-08-18,45,41,-4
6335,2019-08-18,33,38,5
6336,2019-08-18,18,12,-6
6338,2019-08-18,28,23,-5
6339,2019-08-18,26,19,-7
6340,2019-08-18,25,16,-9
6341,2019-08-18,39,37,-2
6343,2019-08-18,25,15,-10
6344,2019-08-18,50,44,-6
6345,2019-08-18,20,18,-2
6346,2019-08-18,10,11,1
6347,2019-08-18,11,14,3
6349,2019-08-18,18,21,3
6350,2019-08-18,21,27,6
6354,2019-08-18,21,26,5
6355,2019-08-18,29,32,3
6356,2019-08-18,20,15,-5
6357,2019-08-18,17,11,-6
6358,2019-08-18,12,24,12
6359,2019-08-18,133,128,-5
6360,2019-08-18,25,35,10
6361,2019-08-18,41,40,-1
6362,2019-08-18,19,23,4
6363,2019-08-18,16,10,-6
6364,2019-08-18,33,27,-6
6366,2019-08-18,15,11,-4
6367,2019-08-18,19,8,-11
6368,2019-08-18,55,66,11
6369,2019-08-18,20,25,5
6370,2019-08-18,43,40,-3
6371,2019-08-18,58,61,3
6372,2019-08-18,65,68,3
6373,2019-08-18,42,29,-13
6374,2019-08-18,37,22,-15
6375,2019-08-18,50,55,5
6376,2019-08-18,24,19,-5
6377,2019-08-18,27,33,6
6379,2019-08-18,22,23,1
6380,2019-08-18,24,25,1
6381,2019-08-18,38,39,1
6383,2019-08-18,23,18,-5
6384,2019-08-18,11,12,1
6385,2019-08-18,36,36,0
6386,2019-08-18,40,55,15
6387,2019-08-18,46,61,15
6388,2019-08-18,11,23,12
6389,2019-08-18,41,25,-16
6391,2019-08-18,56,62,6
6393,2019-08-18,34,69,35
6394,2019-08-18,68,77,9
6395,2019-08-18,53,67,14
6396,2019-08-18,62,97,35
6397,2019-08-18,55,67,12
6398,2019-08-18,24,40,16
6401,2019-08-18,45,51,6
6402,2019-08-18,47,65,18
6403,2019-08-18,24,24,0
6404,2019-08-18,8,15,7
6405,2019-08-18,47,61,14
6406,2019-08-18,240,293,53
6407,2019-08-18,8,26,18
6408,2019-08-18,22,23,1
6409,2019-08-18,15,23,8
6410,2019-08-18,11,22,11
6411,2019-08-18,77,53,-24
6412,2019-08-18,7,9,2
6413,2019-08-18,16,15,-1
6414,2019-08-18,24,20,-4
6415,2019-08-18,21,23,2
6416,2019-08-18,21,8,-13
6417,2019-08-18,16,24,8
6418,2019-08-18,5,6,1
6419,2019-08-18,8,13,5
6420,2019-08-18,24,26,2
6421,2019-08-18,26,24,-2
6422,2019-08-18,8,7,-1
6423,2019-08-18,12,10,-2
6424,2019-08-18,20,29,9
6425,2019-08-18,36,40,4
6426,2019-08-18,29,37,8
6427,2019-08-18,47,53,6
6428,2019-08-18,18,13,-5
6429,2019-08-18,47,49,2
6432,2019-08-18,63,59,-4
6433,2019-08-18,10,16,6
6434,2019-08-18,41,44,3
6435,2019-08-18,30,41,11
6436,2019-08-18,11,17,6
6501,2019-08-18,124,223,99
6502,2019-08-18,21,28,7
6503,2019-08-18,30,28,-2
6504,2019-08-18,40,37,-3
6700,2019-08-18,15,23,8
6701,2019-08-18,36,22,-14
6702,2019-08-18,9,18,9
6703,2019-08-18,85,91,6
6704,2019-08-18,35,25,-10
6705,2019-08-18,13,13,0
6706,2019-08-18,15,20,5
6707,2019-08-18,29,31,2
6709,2019-08-18,24,22,-2
6710,2019-08-18,14,21,7
6711,2019-08-18,12,11,-1
6712,2019-08-18,17,24,7
6713,2019-08-18,17,11,-6
6714,2019-08-18,6,3,-3
6715,2019-08-18,28,38,10
6716,2019-08-18,9,12,3
6717,2019-08-18,14,11,-3
6718,2019-08-18,12,13,1
6719,2019-08-18,14,11,-3
6720,2019-08-18,29,30,1
6722,2019-08-18,23,15,-8
6723,2019-08-18,16,18,2
6724,2019-08-18,44,62,18
6725,2019-08-18,26,17,-9
6726,2019-08-18,6,2,-4
6727,2019-08-18,29,45,16
6728,2019-08-18,25,24,-1
6729,2019-08-18,111,107,-4
6730,2019-08-18,8,5,-3
6731,2019-08-18,21,16,-5
6732,2019-08-18,25,17,-8
6733,2019-08-18,19,19,0
6734,2019-08-18,37,32,-5
6735,2019-08-18,6,5,-1
6736,2019-08-18,18,23,5
6737,2019-08-18,14,13,-1
6738,2019-08-18,16,19,3
6739,2019-08-18,3,6,3
6741,2019-08-18,14,18,4
6742,2019-08-18,56,54,-2
6743,2019-08-18,21,9,-12
6744,2019-08-18,20,21,1
6745,2019-08-18,8,12,4
6746,2019-08-18,6,7,1
6747,2019-08-18,17,18,1
6748,2019-08-18,34,53,19
6749,2019-08-18,23,37,14
6750,2019-08-18,37,34,-3
6752,2019-08-18,12,14,2
6753,2019-08-18,12,18,6
6754,2019-08-18,17,13,-4
6901,2019-08-18,24,39,15
6902,2019-08-18,58,76,18
6903,2019-08-18,66,50,-16
6904,2019-08-18,19,11,-8
6905,2019-08-18,30,25,-5
6906,2019-08-18,112,59,-53
6907,2019-08-18,78,57,-21
6908,2019-08-18,35,37,2
6910,2019-08-18,105,85,-20
6912,2019-08-18,99,88,-11
6913,2019-08-18,36,26,-10
6915,2019-08-18,67,59,-8
6916,2019-08-18,22,29,7
6917,2019-08-18,14,9,-5
6918,2019-08-18,16,22,6
6919,2019-08-18,20,13,-7
6921,2019-08-18,37,37,0
6923,2019-08-18,30,27,-3
6924,2019-08-18,11,13,2
6925,2019-08-18,16,17,1
6926,2019-08-18,54,48,-6
6927,2019-08-18,24,24,0
6928,2019-08-18,12,7,-5
6929,2019-08-18,25,16,-9
6930,2019-08-18,10,8,-2
7001,2019-08-18,28,28,0
7002,2019-08-18,6,8,2
7004,2019-08-18,10,9,-1
7005,2019-08-18,1,10,9
7006,2019-08-18,10,13,3
7007,2019-08-18,5,10,5
7008,2019-08-18,14,19,5
7009,2019-08-18,87,108,21
7010,2019-08-18,21,20,-1
7011,2019-08-18,111,110,-1
7012,2019-08-18,47,49,2
7013,2019-08-18,20,14,-6
7014,2019-08-18,24,14,-10
7015,2019-08-18,20,17,-3
7016,2019-08-18,4,6,2
7017,2019-08-18,23,24,1
7018,2019-08-18,35,39,4
7019,2019-08-18,10,9,-1
7020,2019-08-18,15,21,6
7021,2019-08-18,23,18,-5
7022,2019-08-18,29,20,-9
7023,2019-08-18,5,3,-2
7024,2019-08-18,31,24,-7
7025,2019-08-18,29,24,-5
7026,2019-08-18,25,30,5
7027,2019-08-18,60,51,-9
7028,2019-08-18,20,17,-3
7029,2019-08-18,34,33,-1
7030,2019-08-18,43,42,-1
7031,2019-08-18,47,36,-11
7032,2019-08-18,56,38,-18
7033,2019-08-18,44,43,-1
7034,2019-08-18,36,77,41
7035,2019-08-18,36,22,-14
7036,2019-08-18,59,68,9
7037,2019-08-18,33,35,2
7038,2019-08-18,56,35,-21
7039,2019-08-18,23,25,2
7040,2019-08-18,45,40,-5
7041,2019-08-18,80,85,5
7042,2019-08-18,22,17,-5
7043,2019-08-18,23,15,-8
7044,2019-08-18,4,2,-2
7045,2019-08-18,78,74,-4
7046,2019-08-18,44,40,-4
7047,2019-08-18,100,124,24
7048,2019-08-18,13,9,-4
7049,2019-08-18,20,27,7
7050,2019-08-18,27,21,-6
7051,2019-08-18,13,13,0
7052,2019-08-18,11,8,-3
7053,2019-08-18,35,38,3
7054,2019-08-18,58,81,23
7055,2019-08-18,26,24,-2
7056,2019-08-18,7,11,4
7057,2019-08-18,28,31,3
7058,2019-08-18,26,27,1
7059,2019-08-18,29,24,-5
7060,2019-08-18,21,31,10
7061,2019-08-18,21,18,-3
7062,2019-08-18,27,20,-7
7063,2019-08-18,15,14,-1
7064,2019-08-18,12,8,-4
7065,2019-08-18,44,36,-8
7066,2019-08-18,72,110,38
7067,2019-08-18,39,46,7
7068,2019-08-18,73,77,4
7069,2019-08-18,65,81,16
7070,2019-08-18,23,19,-4
7071,2019-08-18,37,21,-16
7072,2019-08-18,30,15,-15
7073,2019-08-18,59,72,13
7074,2019-08-18,39,44,5
7075,2019-08-18,7,8,1
7076,2019-08-18,45,36,-9
7077,2019-08-18,37,56,19
7078,2019-08-18,9,9,0
7079,2019-08-18,14,18,4
7080,2019-08-18,38,50,12
7081,2019-08-18,76,117,41
7082,2019-08-18,60,85,25
7083,2019-08-18,38,39,1
7087,2019-08-18,1,1,0
7088,2019-08-18,1,1,0
7090,2019-08-18,10,7,-3
7091,2019-08-18,6,5,-1
7093,2019-08-18,10,12,2
7095,2019-08-18,6,7,1
7096,2019-08-18,18,20,2
7097,2019-08-18,4,7,3
7098,2019-08-18,3,3,0
7099,2019-08-18,5,6,1
7100,2019-08-18,5,10,5
7101,2019-08-18,1,4,3
7102,2019-08-18,16,15,-1
7103,2019-08-18,47,62,15
7104,2019-08-18,2,2,0
7105,2019-08-18,10,13,3
7106,2019-08-18,6,5,-1
7107,2019-08-18,5,6,1
7108,2019-08-18,14,19,5
7109,2019-08-18,7,5,-2
7110,2019-08-18,15,19,4
7111,2019-08-18,4,3,-1
7112,2019-08-18,29,33,4
7113,2019-08-18,29,34,5
7114,2019-08-18,72,85,13
7115,2019-08-18,13,18,5
7116,2019-08-18,4,10,6
7117,2019-08-18,5,3,-2
7119,2019-08-18,18,27,9
7120,2019-08-18,2,3,1
7121,2019-08-18,2,0,-2
7122,2019-08-18,1,2,1
7123,2019-08-18,3,4,1
7124,2019-08-18,12,5,-7
7125,2019-08-18,31,32,1
7126,2019-08-18,9,7,-2
7127,2019-08-18,14,11,-3
7128,2019-08-18,12,14,2
7129,2019-08-18,5,3,-2
7130,2019-08-18,3,7,4
7131,2019-08-18,6,7,1
7132,2019-08-18,3,1,-2
7133,2019-08-18,8,14,6
7134,2019-08-18,5,7,2
7135,2019-08-18,7,3,-4
7136,2019-08-18,3,1,-2
7137,2019-08-18,8,9,1
7138,2019-08-18,2,2,0
7139,2019-08-18,50,45,-5
7140,2019-08-18,10,11,1
7141,2019-08-18,19,27,8
7142,2019-08-18,11,11,0
7143,2019-08-18,20,22,2
7144,2019-08-18,52,61,9
7145,2019-08-18,11,6,-5
7146,2019-08-18,10,15,5
7147,2019-08-18,26,21,-5
7148,2019-08-18,7,14,7
7149,2019-08-18,8,9,1
10002,2019-08-18,78,72,-6
10002,2019-08-18,13,9,-4
4000,2019-08-18,13,18,5
4001,2019-08-18,1,2,1
4002,2019-08-18,4,3,-1
5002,2019-08-18,2,2,0
5007,2019-08-18,1,5,4
6001,2019-08-18,11,4,-7
6002,2019-08-18,7,9,2
6003,2019-08-18,5,12,7
6004,2019-08-18,8,12,4
6005,2019-08-18,12,5,-7
6006,2019-08-18,7,10,3
6007,2019-08-18,4,12,8
6008,2019-08-18,6,0,-6
6009,2019-08-18,15,18,3
6011,2019-08-18,8,9,1
6012,2019-08-18,25,35,10
6013,2019-08-18,12,7,-5
6014,2019-08-18,9,13,4
6015,2019-08-18,32,33,1
6017,2019-08-18,12,14,2
6018,2019-08-18,10,14,4
6019,2019-08-18,28,13,-15
6020,2019-08-18,14,22,8
6021,2019-08-18,12,20,8
6022,2019-08-18,3,3,0
6023,2019-08-18,38,29,-9
6025,2019-08-18,23,12,-11
6026,2019-08-18,60,65,5
6027,2019-08-18,5,4,-1
6029,2019-08-18,5,11,6
6031,2019-08-18,6,8,2
6032,2019-08-18,10,17,7
6033,2019-08-18,1,1,0
6035,2019-08-18,4,7,3
6036,2019-08-18,58,44,-14
6037,2019-08-18,6,7,1
6038,2019-08-18,20,9,-11
6039,2019-08-18,11,8,-3
6040,2019-08-18,12,6,-6
6041,2019-08-18,9,10,1
6042,2019-08-18,9,5,-4
6043,2019-08-18,8,10,2
6044,2019-08-18,14,12,-2
6046,2019-08-18,7,7,0
6047,2019-08-18,5,4,-1
6049,2019-08-18,2,15,13
6050,2019-08-18,5,6,1
6051,2019-08-18,5,1,-4
6052,2019-08-18,35,26,-9
6053,2019-08-18,15,28,13
6057,2019-08-18,10,5,-5
6058,2019-08-18,9,10,1
6059,2019-08-18,7,5,-2
6060,2019-08-18,1,1,0
6061,2019-08-18,17,8,-9
6062,2019-08-18,11,5,-6
6063,2019-08-18,11,9,-2
6064,2019-08-18,19,9,-10
6065,2019-08-18,13,13,0
6066,2019-08-18,10,2,-8
6067,2019-08-18,17,4,-13
6068,2019-08-18,2,2,0
6070,2019-08-18,12,13,1
6072,2019-08-18,13,5,-8
6073,2019-08-18,6,5,-1
6075,2019-08-18,2,1,-1
6076,2019-08-18,3,6,3
6078,2019-08-18,3,4,1
6079,2019-08-18,3,14,11
6080,2019-08-18,22,23,1
6081,2019-08-18,7,15,8
6083,2019-08-18,8,9,1
6084,2019-08-18,8,9,1
6085,2019-08-18,7,12,5
6086,2019-08-18,24,29,5
6087,2019-08-18,24,34,10
6089,2019-08-18,2,2,0
6090,2019-08-18,13,11,-2
6091,2019-08-18,11,15,4
6092,2019-08-18,11,12,1
6093,2019-08-18,8,11,3
6094,2019-08-18,6,6,0
6095,2019-08-18,26,25,-1
6096,2019-08-18,5,4,-1
6097,2019-08-18,22,21,-1
6098,2019-08-18,3,2,-1
6099,2019-08-18,31,31,0
6100,2019-08-18,45,34,-11
6101,2019-08-18,10,2,-8
6102,2019-08-18,3,8,5
6103,2019-08-18,4,11,7
6104,2019-08-18,19,17,-2
6105,2019-08-18,1,11,10
6106,2019-08-18,4,3,-1
6107,2019-08-18,22,33,11
6108,2019-08-18,5,4,-1
6109,2019-08-18,13,0,-13
6110,2019-08-18,6,5,-1
6111,2019-08-18,7,10,3
6112,2019-08-18,24,31,7
6113,2019-08-18,21,15,-6
6114,2019-08-18,46,41,-5
6115,2019-08-18,5,11,6
6116,2019-08-18,32,17,-15
6117,2019-08-18,5,7,2
6118,2019-08-18,32,29,-3
6119,2019-08-18,86,79,-7
6120,2019-08-18,21,20,-1
6121,2019-08-18,6,7,1
6122,2019-08-18,4,8,4
6123,2019-08-18,16,9,-7
6124,2019-08-18,26,19,-7
6125,2019-08-18,5,1,-4
6126,2019-08-18,8,8,0
6127,2019-08-18,6,2,-4
6128,2019-08-18,2,5,3
6129,2019-08-18,31,16,-15
6130,2019-08-18,7,12,5
6131,2019-08-18,12,12,0
6132,2019-08-18,27,14,-13
6134,2019-08-18,2,6,4
6136,2019-08-18,42,31,-11
6137,2019-08-18,24,19,-5
6138,2019-08-18,13,21,8
6139,2019-08-18,5,7,2
6140,2019-08-18,21,19,-2
6141,2019-08-18,11,18,7
6142,2019-08-18,38,22,-16
6143,2019-08-18,15,20,5
6145,2019-08-18,17,12,-5
6146,2019-08-18,18,18,0
6147,2019-08-18,20,9,-11
6148,2019-08-18,42,14,-28
6149,2019-08-18,3,3,0
6150,2019-08-18,16,12,-4
6151,2019-08-18,12,10,-2
6152,2019-08-18,8,19,11
6153,2019-08-18,4,5,1
6154,2019-08-18,31,25,-6
6155,2019-08-18,12,14,2
6156,2019-08-18,11,20,9
6157,2019-08-18,22,12,-10
6158,2019-08-18,11,9,-2
6159,2019-08-18,2,5,3
6160,2019-08-18,2,11,9
6161,2019-08-18,10,19,9
6162,2019-08-18,1,4,3
6163,2019-08-18,19,31,12
6164,2019-08-18,7,15,8
6165,2019-08-18,20,30,10
6166,2019-08-18,3,6,3
6167,2019-08-18,5,13,8
6168,2019-08-18,2,0,-2
6169,2019-08-18,34,32,-2
6170,2019-08-18,20,11,-9
6171,2019-08-18,3,7,4
6173,2019-08-18,16,8,-8
6174,2019-08-18,16,13,-3
6175,2019-08-18,21,14,-7
6176,2019-08-18,45,42,-3
6177,2019-08-18,8,19,11
6178,2019-08-18,29,21,-8
6179,2019-08-18,20,12,-8
6180,2019-08-18,12,6,-6
6181,2019-08-18,12,16,4
6182,2019-08-18,7,6,-1
6183,2019-08-18,19,12,-7
6184,2019-08-18,44,26,-18
6185,2019-08-18,1,7,6
6186,2019-08-18,17,13,-4
6187,2019-08-18,38,21,-17
6188,2019-08-18,5,5,0
6189,2019-08-18,1,7,6
6190,2019-08-18,27,4,-23
6191,2019-08-18,20,12,-8
6192,2019-08-18,1,9,8
6193,2019-08-18,27,20,-7
6195,2019-08-18,8,8,0
6196,2019-08-18,15,15,0
6197,2019-08-18,1,5,4
6198,2019-08-18,2,5,3
6199,2019-08-18,13,9,-4
6200,2019-08-18,8,10,2
6201,2019-08-18,13,10,-3
6202,2019-08-18,18,20,2
6203,2019-08-18,4,2,-2
6204,2019-08-18,11,7,-4
6205,2019-08-18,13,25,12
6206,2019-08-18,32,36,4
6207,2019-08-18,3,5,2
6208,2019-08-18,8,4,-4
6209,2019-08-18,32,23,-9
6210,2019-08-18,10,5,-5
6211,2019-08-18,21,24,3
6212,2019-08-18,16,5,-11
6213,2019-08-18,16,13,-3
6214,2019-08-18,15,23,8
6215,2019-08-18,13,2,-11
6216,2019-08-18,63,14,-49
6217,2019-08-18,24,6,-18
6218,2019-08-18,10,7,-3
6219,2019-08-18,5,11,6
6220,2019-08-18,12,12,0
6221,2019-08-18,37,31,-6
6222,2019-08-18,12,16,4
6223,2019-08-18,24,14,-10
6224,2019-08-18,9,12,3
6225,2019-08-18,11,13,2
6226,2019-08-18,4,0,-4
6227,2019-08-18,26,36,10
6228,2019-08-18,9,1,-8
6229,2019-08-18,12,7,-5
6230,2019-08-18,15,22,7
6231,2019-08-18,14,15,1
6232,2019-08-18,3,4,1
6233,2019-08-18,25,22,-3
6234,2019-08-18,11,14,3
6235,2019-08-18,1,1,0
6236,2019-08-18,11,29,18
6237,2019-08-18,9,17,8
6241,2019-08-18,10,3,-7
6243,2019-08-18,9,11,2
6245,2019-08-18,8,3,-5
6246,2019-08-18,6,7,1
6247,2019-08-18,41,27,-14
6248,2019-08-18,21,20,-1
6249,2019-08-18,11,17,6
6250,2019-08-18,6,5,-1
6251,2019-08-18,3,4,1
6252,2019-08-18,9,10,1
6253,2019-08-18,12,1,-11
6254,2019-08-18,8,8,0
6255,2019-08-18,16,19,3
6257,2019-08-18,8,7,-1
6258,2019-08-18,9,12,3
6259,2019-08-18,5,9,4
6260,2019-08-18,5,13,8
6261,2019-08-18,6,13,7
6262,2019-08-18,5,10,5
6264,2019-08-18,1,3,2
6265,2019-08-18,1,14,13
6266,2019-08-18,2,6,4
6267,2019-08-18,5,6,1
6268,2019-08-18,12,14,2
6269,2019-08-18,5,8,3
6270,2019-08-18,7,11,4
6271,2019-08-18,1,0,-1
6272,2019-08-18,3,6,3
6274,2019-08-18,1,9,8
6275,2019-08-18,3,3,0
6276,2019-08-18,11,8,-3
6277,2019-08-18,19,11,-8
6278,2019-08-18,5,4,-1
6279,2019-08-18,5,4,-1
6280,2019-08-18,14,13,-1
6281,2019-08-18,8,2,-6
6301,2019-08-18,2,5,3
6302,2019-08-18,1,1,0
6303,2019-08-18,4,2,-2
6304,2019-08-18,1,2,1
6305,2019-08-18,6,3,-3
6306,2019-08-18,2,1,-1
6307,2019-08-18,15,17,2
6309,2019-08-18,5,4,-1
6311,2019-08-18,8,3,-5
6312,2019-08-18,6,5,-1
6313,2019-08-18,3,12,9
6314,2019-08-18,3,12,9
6315,2019-08-18,16,8,-8
6316,2019-08-18,7,2,-5
6321,2019-08-18,19,11,-8
6322,2019-08-18,7,9,2
6324,2019-08-18,2,1,-1
6327,2019-08-18,2,5,3
6328,2019-08-18,8,9,1
6329,2019-08-18,5,4,-1
6330,2019-08-18,10,5,-5
6331,2019-08-18,4,2,-2
6332,2019-08-18,4,4,0
6333,2019-08-18,2,3,1
6334,2019-08-18,9,4,-5
6335,2019-08-18,7,10,3
6336,2019-08-18,1,5,4
6338,2019-08-18,4,8,4
6339,2019-08-18,6,4,-2
6340,2019-08-18,4,8,4
6341,2019-08-18,4,14,10
6343,2019-08-18,3,7,4
6344,2019-08-18,7,5,-2
6345,2019-08-18,4,3,-1
6346,2019-08-18,4,4,0
6347,2019-08-18,6,3,-3
6349,2019-08-18,2,5,3
6350,2019-08-18,6,12,6
6354,2019-08-18,11,10,-1
6355,2019-08-18,7,11,4
6356,2019-08-18,7,2,-5
6357,2019-08-18,3,6,3
6358,2019-08-18,3,2,-1
6359,2019-08-18,18,8,-10
6360,2019-08-18,6,1,-5
6361,2019-08-18,9,9,0
6362,2019-08-18,6,5,-1
6363,2019-08-18,5,3,-2
6364,2019-08-18,15,9,-6
6367,2019-08-18,3,5,2
6368,2019-08-18,15,14,-1
6369,2019-08-18,6,7,1
6370,2019-08-18,5,9,4
6371,2019-08-18,7,14,7
6372,2019-08-18,13,9,-4
6373,2019-08-18,6,15,9
6374,2019-08-18,3,4,1
6375,2019-08-18,8,17,9
6376,2019-08-18,1,3,2
6377,2019-08-18,1,4,3
6379,2019-08-18,1,5,4
6380,2019-08-18,2,5,3
6381,2019-08-18,11,9,-2
6383,2019-08-18,4,5,1
6384,2019-08-18,3,5,2
6385,2019-08-18,2,13,11
6386,2019-08-18,13,8,-5
6387,2019-08-18,18,13,-5
6388,2019-08-18,5,5,0
6389,2019-08-18,10,9,-1
6391,2019-08-18,11,19,8
6393,2019-08-18,8,15,7
6394,2019-08-18,17,20,3
6395,2019-08-18,12,8,-4
6396,2019-08-18,41,10,-31
6397,2019-08-18,8,6,-2
6398,2019-08-18,8,21,13
6401,2019-08-18,11,6,-5
6402,2019-08-18,9,11,2
6403,2019-08-18,3,3,0
6404,2019-08-18,10,9,-1
6405,2019-08-18,6,7,1
6406,2019-08-18,9,23,14
6407,2019-08-18,2,5,3
6408,2019-08-18,10,6,-4
6409,2019-08-18,2,1,-1
6410,2019-08-18,7,2,-5
6411,2019-08-18,25,12,-13
6413,2019-08-18,1,3,2
6414,2019-08-18,5,8,3
6415,2019-08-18,3,7,4
6416,2019-08-18,2,2,0
6417,2019-08-18,2,8,6
6418,2019-08-18,3,2,-1
6419,2019-08-18,3,6,3
6420,2019-08-18,4,8,4
6421,2019-08-18,3,10,7
6422,2019-08-18,3,5,2
6423,2019-08-18,3,3,0
6424,2019-08-18,5,3,-2
6425,2019-08-18,10,5,-5
6426,2019-08-18,23,9,-14
6427,2019-08-18,9,10,1
6428,2019-08-18,2,1,-1
6429,2019-08-18,5,7,2
6432,2019-08-18,15,12,-3
6433,2019-08-18,1,2,1
6434,2019-08-18,11,10,-1
6435,2019-08-18,6,4,-2
6436,2019-08-18,6,5,-1
6501,2019-08-18,51,21,-30
6502,2019-08-18,7,1,-6
6503,2019-08-18,15,6,-9
6504,2019-08-18,6,2,-4
6700,2019-08-18,4,10,6
6701,2019-08-18,4,4,0
6702,2019-08-18,4,3,-1
6703,2019-08-18,18,10,-8
6704,2019-08-18,2,8,6
6705,2019-08-18,1,11,10
6706,2019-08-18,1,4,3
6707,2019-08-18,8,7,-1
6709,2019-08-18,2,5,3
6711,2019-08-18,3,4,1
6712,2019-08-18,3,2,-1
6713,2019-08-18,3,3,0
6714,2019-08-18,1,1,0
6715,2019-08-18,4,5,1
6716,2019-08-18,5,1,-4
6717,2019-08-18,5,3,-2
6718,2019-08-18,3,5,2
6720,2019-08-18,4,11,7
6722,2019-08-18,2,8,6
6723,2019-08-18,3,3,0
6724,2019-08-18,9,5,-4
6725,2019-08-18,6,7,1
6726,2019-08-18,1,2,1
6727,2019-08-18,7,3,-4
6728,2019-08-18,2,6,4
6729,2019-08-18,30,24,-6
6730,2019-08-18,4,2,-2
6731,2019-08-18,1,1,0
6732,2019-08-18,2,10,8
6733,2019-08-18,6,7,1
6734,2019-08-18,7,10,3
6736,2019-08-18,6,1,-5
6737,2019-08-18,1,4,3
6738,2019-08-18,5,3,-2
6741,2019-08-18,4,8,4
6742,2019-08-18,5,6,1
6743,2019-08-18,7,2,-5
6744,2019-08-18,4,3,-1
6745,2019-08-18,3,3,0
6746,2019-08-18,4,7,3
6747,2019-08-18,2,10,8
6748,2019-08-18,23,31,8
6749,2019-08-18,4,3,-1
6750,2019-08-18,8,7,-1
6752,2019-08-18,2,1,-1
6753,2019-08-18,2,3,1
6754,2019-08-18,2,8,6
6901,2019-08-18,7,7,0
6902,2019-08-18,32,14,-18
6903,2019-08-18,10,10,0
6904,2019-08-18,2,3,1
6905,2019-08-18,4,4,0
6906,2019-08-18,24,12,-12
6907,2019-08-18,13,14,1
6908,2019-08-18,9,6,-3
6910,2019-08-18,15,20,5
6912,2019-08-18,32,13,-19
6913,2019-08-18,9,7,-2
6915,2019-08-18,14,16,2
6916,2019-08-18,8,8,0
6917,2019-08-18,3,6,3
6918,2019-08-18,5,3,-2
6919,2019-08-18,2,5,3
6921,2019-08-18,7,14,7
6923,2019-08-18,3,9,6
6924,2019-08-18,3,3,0
6925,2019-08-18,3,8,5
6926,2019-08-18,4,2,-2
6927,2019-08-18,7,6,-1
6928,2019-08-18,7,1,-6
6929,2019-08-18,4,5,1
7001,2019-08-18,10,10,0
7005,2019-08-18,4,0,-4
7006,2019-08-18,2,7,5
7007,2019-08-18,1,0,-1
7008,2019-08-18,5,4,-1
7009,2019-08-18,24,18,-6
7010,2019-08-18,5,6,1
7011,2019-08-18,33,31,-2
7012,2019-08-18,4,7,3
7013,2019-08-18,5,3,-2
7014,2019-08-18,10,7,-3
7015,2019-08-18,1,1,0
7016,2019-08-18,2,0,-2
7017,2019-08-18,1,5,4
7018,2019-08-18,5,7,2
7020,2019-08-18,2,5,3
7021,2019-08-18,5,11,6
7022,2019-08-18,8,4,-4
7024,2019-08-18,11,6,-5
7025,2019-08-18,4,3,-1
7026,2019-08-18,5,9,4
7027,2019-08-18,9,9,0
7028,2019-08-18,1,5,4
7029,2019-08-18,3,12,9
7030,2019-08-18,13,14,1
7031,2019-08-18,1,8,7
7032,2019-08-18,17,16,-1
7033,2019-08-18,6,15,9
7034,2019-08-18,8,9,1
7035,2019-08-18,1,4,3
7036,2019-08-18,11,9,-2
7037,2019-08-18,7,10,3
7038,2019-08-18,14,20,6
7039,2019-08-18,8,7,-1
7040,2019-08-18,6,6,0
7041,2019-08-18,22,16,-6
7042,2019-08-18,3,4,1
7044,2019-08-18,3,3,0
7045,2019-08-18,8,8,0
7046,2019-08-18,6,3,-3
7047,2019-08-18,19,33,14
7048,2019-08-18,1,0,-1
7050,2019-08-18,4,5,1
7051,2019-08-18,2,3,1
7052,2019-08-18,7,17,10
7053,2019-08-18,5,4,-1
7054,2019-08-18,22,2,-20
7055,2019-08-18,6,4,-2
7056,2019-08-18,1,2,1
7057,2019-08-18,8,3,-5
7058,2019-08-18,5,0,-5
7059,2019-08-18,3,7,4
7060,2019-08-18,3,3,0
7061,2019-08-18,1,2,1
7062,2019-08-18,7,13,6
7063,2019-08-18,7,3,-4
7064,2019-08-18,3,2,-1
7065,2019-08-18,2,6,4
7066,2019-08-18,14,14,0
7067,2019-08-18,5,7,2
7068,2019-08-18,18,36,18
7069,2019-08-18,9,11,2
7070,2019-08-18,6,10,4
7071,2019-08-18,11,9,-2
7072,2019-08-18,8,6,-2
7073,2019-08-18,9,8,-1
7074,2019-08-18,5,8,3
7075,2019-08-18,1,0,-1
7076,2019-08-18,13,11,-2
7077,2019-08-18,19,8,-11
7078,2019-08-18,5,10,5
7080,2019-08-18,5,5,0
7081,2019-08-18,20,11,-9
7082,2019-08-18,8,10,2
7083,2019-08-18,12,10,-2
7090,2019-08-18,3,2,-1
7091,2019-08-18,1,2,1
7095,2019-08-18,2,1,-1
7096,2019-08-18,1,0,-1
7099,2019-08-18,2,2,0
7102,2019-08-18,3,1,-2
7103,2019-08-18,4,2,-2
7105,2019-08-18,2,4,2
7107,2019-08-18,1,0,-1
7108,2019-08-18,3,5,2
7109,2019-08-18,2,4,2
7110,2019-08-18,2,1,-1
7112,2019-08-18,3,2,-1
7113,2019-08-18,3,1,-2
7114,2019-08-18,22,41,19
7115,2019-08-18,1,0,-1
7116,2019-08-18,1,0,-1
7117,2019-08-18,1,2,1
7118,2019-08-18,1,0,-1
7119,2019-08-18,6,4,-2
7121,2019-08-18,3,4,1
7122,2019-08-18,4,3,-1
7123,2019-08-18,1,0,-1
7124,2019-08-18,1,2,1
7125,2019-08-18,4,7,3
7126,2019-08-18,4,1,-3
7127,2019-08-18,3,1,-2
7128,2019-08-18,6,3,-3
7129,2019-08-18,1,2,1
7130,2019-08-18,1,1,0
7131,2019-08-18,2,4,2
7133,2019-08-18,1,2,1
7134,2019-08-18,2,1,-1
7135,2019-08-18,2,4,2
7140,2019-08-18,3,6,3
7141,2019-08-18,9,2,-7
7142,2019-08-18,1,4,3
7143,2019-08-18,3,4,1
7144,2019-08-18,8,7,-1
7146,2019-08-18,2,6,4
7147,2019-08-18,8,2,-6
7148,2019-08-18,4,2,-2
7149,2019-08-18,4,1,-3
10002,2019-08-19,105,121,16
4000,2019-08-19,55,73,18
4001,2019-08-19,7,12,5
4002,2019-08-19,14,19,5
5002,2019-08-19,2,2,0
5003,2019-08-19,2,1,-1
5004,2019-08-19,4,2,-2
5005,2019-08-19,3,5,2
5006,2019-08-19,6,8,2
5007,2019-08-19,18,23,5
6001,2019-08-19,60,94,34
6002,2019-08-19,55,74,19
6003,2019-08-19,76,78,2
6004,2019-08-19,55,54,-1
6005,2019-08-19,95,95,0
6006,2019-08-19,39,27,-12
6007,2019-08-19,45,39,-6
6008,2019-08-19,44,72,28
6009,2019-08-19,79,82,3
6011,2019-08-19,66,70,4
6012,2019-08-19,145,210,65
6013,2019-08-19,55,58,3
6014,2019-08-19,86,90,4
6015,2019-08-19,132,218,86
6016,2019-08-19,12,12,0
6017,2019-08-19,41,67,26
6018,2019-08-19,72,93,21
6019,2019-08-19,140,75,-65
6020,2019-08-19,84,108,24
6021,2019-08-19,88,61,-27
6022,2019-08-19,56,61,5
6023,2019-08-19,151,199,48
6024,2019-08-19,2,2,0
6025,2019-08-19,39,44,5
6026,2019-08-19,189,246,57
6027,2019-08-19,157,132,-25
6029,2019-08-19,28,41,13
6031,2019-08-19,39,40,1
6032,2019-08-19,62,121,59
6033,2019-08-19,26,21,-5
6035,2019-08-19,40,59,19
6036,2019-08-19,174,231,57
6037,2019-08-19,55,53,-2
6038,2019-08-19,92,106,14
6039,2019-08-19,76,101,25
6040,2019-08-19,50,63,13
6041,2019-08-19,78,74,-4
6042,2019-08-19,85,81,-4
6043,2019-08-19,219,363,144
6044,2019-08-19,115,91,-24
6046,2019-08-19,126,118,-8
6047,2019-08-19,66,40,-26
6048,2019-08-19,55,51,-4
6049,2019-08-19,108,108,0
6050,2019-08-19,60,77,17
6051,2019-08-19,41,42,1
6052,2019-08-19,241,314,73
6053,2019-08-19,151,161,10
6057,2019-08-19,68,62,-6
6058,2019-08-19,69,67,-2
6059,2019-08-19,74,58,-16
6060,2019-08-19,16,16,0
6061,2019-08-19,85,84,-1
6062,2019-08-19,96,67,-29
6063,2019-08-19,95,74,-21
6064,2019-08-19,191,123,-68
6065,2019-08-19,62,44,-18
6066,2019-08-19,36,16,-20
6067,2019-08-19,113,103,-10
6068,2019-08-19,16,16,0
6070,2019-08-19,227,181,-46
6072,2019-08-19,82,86,4
6073,2019-08-19,202,138,-64
6075,2019-08-19,45,15,-30
6076,2019-08-19,33,48,15
6078,2019-08-19,66,73,7
6079,2019-08-19,87,64,-23
6080,2019-08-19,170,161,-9
6081,2019-08-19,80,61,-19
6082,2019-08-19,19,16,-3
6083,2019-08-19,111,119,8
6084,2019-08-19,46,52,6
6085,2019-08-19,77,118,41
6086,2019-08-19,65,97,32
6087,2019-08-19,122,151,29
6089,2019-08-19,48,43,-5
6090,2019-08-19,49,48,-1
6091,2019-08-19,68,56,-12
6092,2019-08-19,82,64,-18
6093,2019-08-19,72,69,-3
6094,2019-08-19,40,39,-1
6095,2019-08-19,175,162,-13
6096,2019-08-19,48,65,17
6097,2019-08-19,73,51,-22
6098,2019-08-19,52,32,-20
6099,2019-08-19,107,162,55
6100,2019-08-19,239,237,-2
6101,2019-08-19,56,19,-37
6102,2019-08-19,41,37,-4
6103,2019-08-19,18,24,6
6104,2019-08-19,75,83,8
6105,2019-08-19,50,67,17
6106,2019-08-19,27,37,10
6107,2019-08-19,144,111,-33
6108,2019-08-19,44,56,12
6109,2019-08-19,18,19,1
6110,2019-08-19,20,23,3
6111,2019-08-19,53,51,-2
6112,2019-08-19,97,102,5
6113,2019-08-19,37,32,-5
6114,2019-08-19,146,191,45
6115,2019-08-19,18,27,9
6116,2019-08-19,77,99,22
6117,2019-08-19,86,68,-18
6118,2019-08-19,87,99,12
6119,2019-08-19,91,102,11
6120,2019-08-19,84,115,31
6121,2019-08-19,22,52,30
6122,2019-08-19,26,33,7
6123,2019-08-19,31,33,2
6124,2019-08-19,33,45,12
6125,2019-08-19,23,15,-8
6126,2019-08-19,46,67,21
6127,2019-08-19,49,44,-5
6128,2019-08-19,17,17,0
6129,2019-08-19,86,74,-12
6130,2019-08-19,30,27,-3
6131,2019-08-19,97,69,-28
6132,2019-08-19,54,68,14
6134,2019-08-19,49,59,10
6136,2019-08-19,285,205,-80
6137,2019-08-19,93,90,-3
6138,2019-08-19,62,64,2
6139,2019-08-19,49,51,2
6140,2019-08-19,91,105,14
6141,2019-08-19,52,60,8
6142,2019-08-19,121,109,-12
6143,2019-08-19,116,104,-12
6145,2019-08-19,64,63,-1
6146,2019-08-19,70,57,-13
6147,2019-08-19,113,56,-57
6148,2019-08-19,123,88,-35
6149,2019-08-19,56,43,-13
6150,2019-08-19,67,71,4
6151,2019-08-19,98,116,18
6152,2019-08-19,94,103,9
6153,2019-08-19,51,56,5
6154,2019-08-19,170,181,11
6155,2019-08-19,146,119,-27
6156,2019-08-19,84,82,-2
6157,2019-08-19,124,98,-26
6158,2019-08-19,71,57,-14
6159,2019-08-19,34,31,-3
6160,2019-08-19,52,46,-6
6161,2019-08-19,51,57,6
6162,2019-08-19,16,10,-6
6163,2019-08-19,115,120,5
6164,2019-08-19,64,85,21
6165,2019-08-19,158,200,42
6166,2019-08-19,66,52,-14
6167,2019-08-19,37,45,8
6168,2019-08-19,48,48,0
6169,2019-08-19,160,145,-15
6170,2019-08-19,87,80,-7
6171,2019-08-19,26,37,11
6173,2019-08-19,114,74,-40
6174,2019-08-19,102,82,-20
6175,2019-08-19,92,41,-51
6176,2019-08-19,93,97,4
6177,2019-08-19,76,74,-2
6178,2019-08-19,80,91,11
6179,2019-08-19,68,72,4
6180,2019-08-19,85,86,1
6181,2019-08-19,134,95,-39
6182,2019-08-19,56,45,-11
6183,2019-08-19,101,95,-6
6184,2019-08-19,270,233,-37
6185,2019-08-19,22,24,2
6186,2019-08-19,80,55,-25
6187,2019-08-19,104,102,-2
6188,2019-08-19,45,54,9
6189,2019-08-19,23,18,-5
6190,2019-08-19,102,74,-28
6191,2019-08-19,70,56,-14
6192,2019-08-19,37,29,-8
6193,2019-08-19,116,110,-6
6195,2019-08-19,82,54,-28
6196,2019-08-19,128,100,-28
6197,2019-08-19,61,56,-5
6198,2019-08-19,22,14,-8
6199,2019-08-19,87,72,-15
6200,2019-08-19,86,83,-3
6201,2019-08-19,82,52,-30
6202,2019-08-19,124,110,-14
6203,2019-08-19,64,45,-19
6204,2019-08-19,107,78,-29
6205,2019-08-19,116,82,-34
6206,2019-08-19,155,122,-33
6207,2019-08-19,52,49,-3
6208,2019-08-19,59,55,-4
6209,2019-08-19,131,94,-37
6210,2019-08-19,50,43,-7
6211,2019-08-19,155,149,-6
6212,2019-08-19,91,70,-21
6213,2019-08-19,119,108,-11
6214,2019-08-19,88,74,-14
6215,2019-08-19,65,63,-2
6216,2019-08-19,162,107,-55
6217,2019-08-19,75,62,-13
6218,2019-08-19,64,49,-15
6219,2019-08-19,68,68,0
6220,2019-08-19,93,76,-17
6221,2019-08-19,187,157,-30
6222,2019-08-19,99,78,-21
6223,2019-08-19,141,68,-73
6224,2019-08-19,78,58,-20
6225,2019-08-19,71,61,-10
6226,2019-08-19,27,31,4
6227,2019-08-19,143,139,-4
6228,2019-08-19,29,35,6
6229,2019-08-19,68,61,-7
6230,2019-08-19,89,75,-14
6231,2019-08-19,125,103,-22
6232,2019-08-19,32,20,-12
6233,2019-08-19,133,119,-14
6234,2019-08-19,61,50,-11
6235,2019-08-19,72,61,-11
6236,2019-08-19,84,70,-14
6237,2019-08-19,63,63,0
6240,2019-08-19,26,24,-2
6241,2019-08-19,39,45,6
6243,2019-08-19,73,65,-8
6245,2019-08-19,40,40,0
6246,2019-08-19,66,56,-10
6247,2019-08-19,145,120,-25
6248,2019-08-19,151,127,-24
6249,2019-08-19,80,58,-22
6250,2019-08-19,67,56,-11
6251,2019-08-19,33,34,1
6252,2019-08-19,64,54,-10
6253,2019-08-19,51,40,-11
6254,2019-08-19,93,72,-21
6255,2019-08-19,84,86,2
6257,2019-08-19,44,46,2
6258,2019-08-19,76,62,-14
6259,2019-08-19,36,38,2
6260,2019-08-19,49,52,3
6261,2019-08-19,37,38,1
6262,2019-08-19,42,45,3
6263,2019-08-19,20,22,2
6264,2019-08-19,17,24,7
6265,2019-08-19,58,52,-6
6266,2019-08-19,19,10,-9
6267,2019-08-19,38,47,9
6268,2019-08-19,48,52,4
6269,2019-08-19,30,38,8
6270,2019-08-19,40,42,2
6272,2019-08-19,21,30,9
6273,2019-08-19,38,34,-4
6274,2019-08-19,36,39,3
6275,2019-08-19,41,30,-11
6276,2019-08-19,44,39,-5
6277,2019-08-19,42,56,14
6278,2019-08-19,17,26,9
6279,2019-08-19,15,20,5
6280,2019-08-19,109,101,-8
6281,2019-08-19,37,21,-16
6301,2019-08-19,30,22,-8
6302,2019-08-19,31,22,-9
6303,2019-08-19,18,11,-7
6304,2019-08-19,8,7,-1
6305,2019-08-19,21,9,-12
6306,2019-08-19,54,30,-24
6307,2019-08-19,69,73,4
6309,2019-08-19,20,25,5
6310,2019-08-19,89,38,-51
6311,2019-08-19,34,24,-10
6312,2019-08-19,30,43,13
6313,2019-08-19,42,64,22
6314,2019-08-19,57,58,1
6315,2019-08-19,95,51,-44
6316,2019-08-19,47,20,-27
6321,2019-08-19,90,95,5
6322,2019-08-19,38,36,-2
6323,2019-08-19,16,3,-13
6324,2019-08-19,20,29,9
6327,2019-08-19,26,34,8
6328,2019-08-19,44,44,0
6329,2019-08-19,28,32,4
6330,2019-08-19,23,16,-7
6331,2019-08-19,25,23,-2
6332,2019-08-19,35,41,6
6333,2019-08-19,32,31,-1
6334,2019-08-19,69,70,1
6335,2019-08-19,44,37,-7
6336,2019-08-19,38,37,-1
6338,2019-08-19,24,20,-4
6339,2019-08-19,29,30,1
6340,2019-08-19,31,35,4
6341,2019-08-19,31,54,23
6343,2019-08-19,41,45,4
6344,2019-08-19,50,41,-9
6345,2019-08-19,10,19,9
6346,2019-08-19,24,15,-9
6347,2019-08-19,25,26,1
6349,2019-08-19,28,40,12
6350,2019-08-19,38,47,9
6354,2019-08-19,33,45,12
6355,2019-08-19,26,42,16
6356,2019-08-19,41,33,-8
6357,2019-08-19,25,18,-7
6358,2019-08-19,24,19,-5
6359,2019-08-19,110,109,-1
6360,2019-08-19,37,37,0
6361,2019-08-19,40,35,-5
6362,2019-08-19,43,51,8
6363,2019-08-19,20,14,-6
6364,2019-08-19,43,39,-4
6366,2019-08-19,23,18,-5
6367,2019-08-19,15,23,8
6368,2019-08-19,54,56,2
6369,2019-08-19,26,45,19
6370,2019-08-19,37,36,-1
6371,2019-08-19,67,75,8
6372,2019-08-19,77,96,19
6373,2019-08-19,39,27,-12
6374,2019-08-19,37,28,-9
6375,2019-08-19,65,84,19
6376,2019-08-19,29,35,6
6377,2019-08-19,34,42,8
6379,2019-08-19,30,36,6
6380,2019-08-19,30,25,-5
6381,2019-08-19,47,47,0
6383,2019-08-19,23,30,7
6384,2019-08-19,26,16,-10
6385,2019-08-19,55,58,3
6386,2019-08-19,54,89,35
6387,2019-08-19,80,98,18
6388,2019-08-19,26,37,11
6389,2019-08-19,52,43,-9
6391,2019-08-19,61,94,33
6393,2019-08-19,71,90,19
6394,2019-08-19,71,103,32
6395,2019-08-19,91,88,-3
6396,2019-08-19,102,95,-7
6397,2019-08-19,43,66,23
6398,2019-08-19,39,51,12
6401,2019-08-19,57,83,26
6402,2019-08-19,45,62,17
6403,2019-08-19,26,26,0
6404,2019-08-19,12,18,6
6405,2019-08-19,41,48,7
6406,2019-08-19,124,138,14
6407,2019-08-19,17,32,15
6408,2019-08-19,59,52,-7
6409,2019-08-19,10,21,11
6410,2019-08-19,56,57,1
6411,2019-08-19,114,105,-9
6412,2019-08-19,16,23,7
6413,2019-08-19,29,63,34
6414,2019-08-19,19,37,18
6415,2019-08-19,32,31,-1
6416,2019-08-19,26,16,-10
6417,2019-08-19,34,40,6
6418,2019-08-19,12,11,-1
6419,2019-08-19,6,10,4
6420,2019-08-19,36,32,-4
6421,2019-08-19,36,39,3
6422,2019-08-19,14,15,1
6423,2019-08-19,22,22,0
6424,2019-08-19,44,65,21
6425,2019-08-19,33,45,12
6426,2019-08-19,73,72,-1
6427,2019-08-19,60,66,6
6428,2019-08-19,11,16,5
6429,2019-08-19,38,49,11
6432,2019-08-19,96,81,-15
6433,2019-08-19,40,41,1
6434,2019-08-19,74,74,0
6435,2019-08-19,40,42,2
6436,2019-08-19,29,29,0
6501,2019-08-19,77,81,4
6502,2019-08-19,29,27,-2
6503,2019-08-19,65,62,-3
6504,2019-08-19,14,14,0
6700,2019-08-19,26,55,29
6701,2019-08-19,78,74,-4
6702,2019-08-19,14,22,8
6703,2019-08-19,49,51,2
6704,2019-08-19,26,26,0
6705,2019-08-19,11,21,10
6706,2019-08-19,18,34,16
6707,2019-08-19,30,27,-3
6709,2019-08-19,28,30,2
6710,2019-08-19,20,17,-3
6711,2019-08-19,32,34,2
6712,2019-08-19,17,24,7
6713,2019-08-19,22,23,1
6714,2019-08-19,4,5,1
6715,2019-08-19,23,26,3
6716,2019-08-19,6,9,3
6717,2019-08-19,8,19,11
6718,2019-08-19,23,27,4
6719,2019-08-19,20,22,2
6720,2019-08-19,34,38,4
6721,2019-08-19,8,14,6
6722,2019-08-19,17,21,4
6723,2019-08-19,14,18,4
6724,2019-08-19,67,97,30
6725,2019-08-19,27,31,4
6726,2019-08-19,8,10,2
6727,2019-08-19,75,76,1
6728,2019-08-19,17,14,-3
6729,2019-08-19,143,144,1
6730,2019-08-19,12,20,8
6731,2019-08-19,17,10,-7
6732,2019-08-19,34,37,3
6733,2019-08-19,27,31,4
6734,2019-08-19,48,53,5
6735,2019-08-19,3,1,-2
6736,2019-08-19,24,26,2
6737,2019-08-19,23,24,1
6738,2019-08-19,106,67,-39
6739,2019-08-19,6,9,3
6741,2019-08-19,10,22,12
6742,2019-08-19,31,43,12
6743,2019-08-19,31,12,-19
6744,2019-08-19,20,30,10
6745,2019-08-19,30,29,-1
6746,2019-08-19,20,12,-8
6747,2019-08-19,47,52,5
6748,2019-08-19,65,90,25
6749,2019-08-19,39,41,2
6750,2019-08-19,59,58,-1
6752,2019-08-19,26,29,3
6753,2019-08-19,29,27,-2
6754,2019-08-19,19,19,0
6901,2019-08-19,34,27,-7
6902,2019-08-19,81,72,-9
6903,2019-08-19,95,84,-11
6904,2019-08-19,16,17,1
6905,2019-08-19,42,40,-2
6906,2019-08-19,174,106,-68
6907,2019-08-19,96,81,-15
6908,2019-08-19,52,52,0
6910,2019-08-19,96,96,0
6912,2019-08-19,169,101,-68
6913,2019-08-19,57,34,-23
6915,2019-08-19,77,71,-6
6916,2019-08-19,38,32,-6
6917,2019-08-19,18,23,5
6918,2019-08-19,30,23,-7
6919,2019-08-19,27,25,-2
6921,2019-08-19,83,78,-5
6923,2019-08-19,48,40,-8
6924,2019-08-19,17,18,1
6925,2019-08-19,47,45,-2
6926,2019-08-19,53,57,4
6927,2019-08-19,81,43,-38
6928,2019-08-19,38,17,-21
6929,2019-08-19,38,45,7
6930,2019-08-19,31,27,-4
7001,2019-08-19,29,43,14
7002,2019-08-19,19,17,-2
7004,2019-08-19,12,22,10
7005,2019-08-19,4,7,3
7006,2019-08-19,16,20,4
7007,2019-08-19,8,9,1
7008,2019-08-19,14,17,3
7009,2019-08-19,106,118,12
7010,2019-08-19,23,27,4
7011,2019-08-19,107,109,2
7012,2019-08-19,56,53,-3
7013,2019-08-19,26,29,3
7014,2019-08-19,71,43,-28
7015,2019-08-19,26,34,8
7016,2019-08-19,23,18,-5
7017,2019-08-19,21,39,18
7018,2019-08-19,28,42,14
7019,2019-08-19,110,105,-5
7020,2019-08-19,17,32,15
7021,2019-08-19,47,44,-3
7022,2019-08-19,28,28,0
7023,2019-08-19,5,2,-3
7024,2019-08-19,51,38,-13
7025,2019-08-19,30,24,-6
7026,2019-08-19,65,66,1
7027,2019-08-19,47,72,25
7028,2019-08-19,89,99,10
7029,2019-08-19,42,41,-1
7030,2019-08-19,45,54,9
7031,2019-08-19,59,67,8
7032,2019-08-19,89,60,-29
7033,2019-08-19,84,73,-11
7034,2019-08-19,45,51,6
7035,2019-08-19,52,57,5
7036,2019-08-19,56,49,-7
7037,2019-08-19,46,45,-1
7038,2019-08-19,70,82,12
7039,2019-08-19,25,33,8
7040,2019-08-19,59,61,2
7041,2019-08-19,155,105,-50
7042,2019-08-19,50,51,1
7043,2019-08-19,27,20,-7
7044,2019-08-19,11,11,0
7045,2019-08-19,67,64,-3
7046,2019-08-19,111,111,0
7047,2019-08-19,167,221,54
7048,2019-08-19,29,28,-1
7049,2019-08-19,23,36,13
7050,2019-08-19,35,42,7
7051,2019-08-19,18,16,-2
7052,2019-08-19,55,55,0
7053,2019-08-19,42,56,14
7054,2019-08-19,63,80,17
7055,2019-08-19,18,30,12
7056,2019-08-19,10,14,4
7057,2019-08-19,36,54,18
7058,2019-08-19,34,43,9
7059,2019-08-19,32,34,2
7060,2019-08-19,30,37,7
7061,2019-08-19,29,25,-4
7062,2019-08-19,46,58,12
7063,2019-08-19,25,26,1
7064,2019-08-19,26,33,7
7065,2019-08-19,30,31,1
7066,2019-08-19,101,171,70
7067,2019-08-19,60,69,9
7068,2019-08-19,71,112,41
7069,2019-08-19,91,106,15
7070,2019-08-19,33,52,19
7071,2019-08-19,61,39,-22
7072,2019-08-19,50,37,-13
7073,2019-08-19,66,73,7
7074,2019-08-19,39,44,5
7075,2019-08-19,10,9,-1
7076,2019-08-19,87,68,-19
7077,2019-08-19,33,32,-1
7078,2019-08-19,22,32,10
7079,2019-08-19,45,67,22
7080,2019-08-19,73,97,24
7081,2019-08-19,76,77,1
7082,2019-08-19,88,112,24
7083,2019-08-19,59,54,-5
7085,2019-08-19,1,1,0
7087,2019-08-19,1,1,0
7089,2019-08-19,1,0,-1
7090,2019-08-19,8,17,9
7091,2019-08-19,3,8,5
7092,2019-08-19,7,8,1
7093,2019-08-19,7,8,1
7094,2019-08-19,3,2,-1
7095,2019-08-19,20,18,-2
7096,2019-08-19,37,34,-3
7097,2019-08-19,9,8,-1
7098,2019-08-19,7,7,0
7099,2019-08-19,5,8,3
7100,2019-08-19,6,5,-1
7101,2019-08-19,9,10,1
7102,2019-08-19,16,38,22
7103,2019-08-19,15,10,-5
7104,2019-08-19,1,2,1
7105,2019-08-19,9,12,3
7106,2019-08-19,2,2,0
7107,2019-08-19,3,3,0
7108,2019-08-19,13,6,-7
7109,2019-08-19,18,13,-5
7110,2019-08-19,8,11,3
7111,2019-08-19,4,3,-1
7112,2019-08-19,4,7,3
7113,2019-08-19,55,55,0
7114,2019-08-19,112,134,22
7115,2019-08-19,26,19,-7
7116,2019-08-19,8,11,3
7117,2019-08-19,1,3,2
7118,2019-08-19,2,1,-1
7119,2019-08-19,12,12,0
7120,2019-08-19,7,5,-2
7121,2019-08-19,5,9,4
7122,2019-08-19,7,7,0
7123,2019-08-19,3,4,1
7124,2019-08-19,12,19,7
7125,2019-08-19,26,25,-1
7126,2019-08-19,15,10,-5
7127,2019-08-19,30,37,7
7128,2019-08-19,14,11,-3
7129,2019-08-19,5,7,2
7130,2019-08-19,16,13,-3
7131,2019-08-19,4,4,0
7132,2019-08-19,1,1,0
7133,2019-08-19,6,7,1
7134,2019-08-19,5,3,-2
7135,2019-08-19,2,4,2
7136,2019-08-19,8,6,-2
7137,2019-08-19,3,8,5
7138,2019-08-19,1,9,8
7139,2019-08-19,9,9,0
7140,2019-08-19,25,34,9
7141,2019-08-19,28,35,7
7142,2019-08-19,20,23,3
7143,2019-08-19,15,26,11
7144,2019-08-19,53,64,11
7145,2019-08-19,22,25,3
7146,2019-08-19,24,37,13
7147,2019-08-19,40,39,-1
7148,2019-08-19,10,12,2
7149,2019-08-19,14,18,4
10002,2019-08-20,145,148,3
4000,2019-08-20,85,99,14
4001,2019-08-20,14,19,5
4002,2019-08-20,22,27,5
5002,2019-08-20,5,3,-2
5003,2019-08-20,2,3,1
5004,2019-08-20,10,8,-2
5005,2019-08-20,3,7,4
5006,2019-08-20,4,6,2
5007,2019-08-20,21,18,-3
6001,2019-08-20,70,105,35
6002,2019-08-20,56,84,28
6003,2019-08-20,84,106,22
6004,2019-08-20,44,50,6
6005,2019-08-20,111,120,9
6006,2019-08-20,51,30,-21
6007,2019-08-20,36,36,0
6008,2019-08-20,43,68,25
6009,2019-08-20,60,70,10
6011,2019-08-20,82,94,12
6012,2019-08-20,211,275,64
6013,2019-08-20,57,64,7
6014,2019-08-20,82,100,18
6015,2019-08-20,247,352,105
6016,2019-08-20,18,21,3
6017,2019-08-20,57,68,11
6018,2019-08-20,62,81,19
6019,2019-08-20,198,92,-106
6020,2019-08-20,90,136,46
6021,2019-08-20,112,97,-15
6022,2019-08-20,77,81,4
6023,2019-08-20,206,282,76
6024,2019-08-20,9,8,-1
6025,2019-08-20,33,38,5
6026,2019-08-20,205,275,70
6027,2019-08-20,153,152,-1
6029,2019-08-20,24,40,16
6031,2019-08-20,50,53,3
6032,2019-08-20,93,159,66
6033,2019-08-20,10,14,4
6035,2019-08-20,40,83,43
6036,2019-08-20,228,328,100
6037,2019-08-20,72,86,14
6038,2019-08-20,116,124,8
6039,2019-08-20,92,122,30
6040,2019-08-20,72,106,34
6041,2019-08-20,83,84,1
6042,2019-08-20,84,84,0
6043,2019-08-20,236,442,206
6044,2019-08-20,108,98,-10
6046,2019-08-20,141,143,2
6047,2019-08-20,67,43,-24
6048,2019-08-20,52,62,10
6049,2019-08-20,95,114,19
6050,2019-08-20,61,70,9
6051,2019-08-20,38,36,-2
6052,2019-08-20,300,408,108
6053,2019-08-20,163,195,32
6057,2019-08-20,101,91,-10
6058,2019-08-20,87,83,-4
6059,2019-08-20,100,64,-36
6060,2019-08-20,50,51,1
6061,2019-08-20,65,73,8
6062,2019-08-20,74,73,-1
6063,2019-08-20,99,84,-15
6064,2019-08-20,246,187,-59
6065,2019-08-20,87,71,-16
6066,2019-08-20,74,30,-44
6067,2019-08-20,110,113,3
6068,2019-08-20,14,25,11
6070,2019-08-20,276,221,-55
6072,2019-08-20,93,96,3
6073,2019-08-20,196,148,-48
6075,2019-08-20,52,25,-27
6076,2019-08-20,25,31,6
6078,2019-08-20,79,78,-1
6079,2019-08-20,81,67,-14
6080,2019-08-20,184,178,-6
6081,2019-08-20,97,72,-25
6082,2019-08-20,21,15,-6
6083,2019-08-20,122,121,-1
6084,2019-08-20,56,78,22
6085,2019-08-20,107,143,36
6086,2019-08-20,81,121,40
6087,2019-08-20,126,154,28
6089,2019-08-20,48,56,8
6090,2019-08-20,59,59,0
6091,2019-08-20,74,52,-22
6092,2019-08-20,69,69,0
6093,2019-08-20,87,74,-13
6094,2019-08-20,49,43,-6
6095,2019-08-20,181,158,-23
6096,2019-08-20,60,72,12
6097,2019-08-20,96,53,-43
6098,2019-08-20,42,29,-13
6099,2019-08-20,147,211,64
6100,2019-08-20,290,258,-32
6101,2019-08-20,64,27,-37
6102,2019-08-20,44,36,-8
6103,2019-08-20,27,32,5
6104,2019-08-20,75,96,21
6105,2019-08-20,62,87,25
6106,2019-08-20,28,31,3
6107,2019-08-20,135,108,-27
6108,2019-08-20,47,52,5
6109,2019-08-20,25,29,4
6110,2019-08-20,40,41,1
6111,2019-08-20,64,73,9
6112,2019-08-20,98,110,12
6113,2019-08-20,45,52,7
6114,2019-08-20,164,227,63
6115,2019-08-20,25,31,6
6116,2019-08-20,69,103,34
6117,2019-08-20,66,90,24
6118,2019-08-20,96,106,10
6119,2019-08-20,85,105,20
6120,2019-08-20,78,120,42
6121,2019-08-20,33,49,16
6122,2019-08-20,21,27,6
6123,2019-08-20,30,38,8
6124,2019-08-20,44,87,43
6125,2019-08-20,23,16,-7
6126,2019-08-20,48,64,16
6127,2019-08-20,50,47,-3
6128,2019-08-20,31,29,-2
6129,2019-08-20,90,90,0
6130,2019-08-20,39,31,-8
6131,2019-08-20,136,102,-34
6132,2019-08-20,75,87,12
6134,2019-08-20,59,52,-7
6136,2019-08-20,321,233,-88
6137,2019-08-20,101,85,-16
6138,2019-08-20,77,64,-13
6139,2019-08-20,41,42,1
6140,2019-08-20,106,103,-3
6141,2019-08-20,82,60,-22
6142,2019-08-20,146,107,-39
6143,2019-08-20,139,129,-10
6145,2019-08-20,56,60,4
6146,2019-08-20,89,66,-23
6147,2019-08-20,158,76,-82
6148,2019-08-20,147,113,-34
6149,2019-08-20,63,49,-14
6150,2019-08-20,62,70,8
6151,2019-08-20,119,111,-8
6152,2019-08-20,133,133,0
6153,2019-08-20,50,54,4
6154,2019-08-20,179,191,12
6155,2019-08-20,159,168,9
6156,2019-08-20,91,83,-8
6157,2019-08-20,120,106,-14
6158,2019-08-20,70,74,4
6159,2019-08-20,52,51,-1
6160,2019-08-20,53,62,9
6161,2019-08-20,51,49,-2
6162,2019-08-20,11,18,7
6163,2019-08-20,137,132,-5
6164,2019-08-20,88,101,13
6165,2019-08-20,201,207,6
6166,2019-08-20,71,54,-17
6167,2019-08-20,31,46,15
6168,2019-08-20,49,47,-2
6169,2019-08-20,186,169,-17
6170,2019-08-20,85,78,-7
6171,2019-08-20,52,53,1
6173,2019-08-20,125,76,-49
6174,2019-08-20,93,78,-15
6175,2019-08-20,108,57,-51
6176,2019-08-20,96,107,11
6177,2019-08-20,105,94,-11
6178,2019-08-20,120,93,-27
6179,2019-08-20,85,91,6
6180,2019-08-20,79,81,2
6181,2019-08-20,141,91,-50
6182,2019-08-20,86,56,-30
6183,2019-08-20,107,83,-24
6184,2019-08-20,293,259,-34
6185,2019-08-20,34,27,-7
6186,2019-08-20,85,66,-19
6187,2019-08-20,133,120,-13
6188,2019-08-20,41,49,8
6189,2019-08-20,29,31,2
6190,2019-08-20,106,61,-45
6191,2019-08-20,85,73,-12
6192,2019-08-20,35,37,2
6193,2019-08-20,102,114,12
6195,2019-08-20,106,54,-52
6196,2019-08-20,156,111,-45
6197,2019-08-20,55,52,-3
6198,2019-08-20,39,27,-12
6199,2019-08-20,102,89,-13
6200,2019-08-20,113,99,-14
6201,2019-08-20,80,67,-13
6202,2019-08-20,137,105,-32
6203,2019-08-20,53,41,-12
6204,2019-08-20,87,93,6
6205,2019-08-20,142,127,-15
6206,2019-08-20,173,147,-26
6207,2019-08-20,53,51,-2
6208,2019-08-20,83,80,-3
6209,2019-08-20,179,133,-46
6210,2019-08-20,55,61,6
6211,2019-08-20,171,162,-9
6212,2019-08-20,106,80,-26
6213,2019-08-20,141,136,-5
6214,2019-08-20,105,113,8
6215,2019-08-20,82,87,5
6216,2019-08-20,223,120,-103
6217,2019-08-20,101,68,-33
6218,2019-08-20,70,57,-13
6219,2019-08-20,83,68,-15
6220,2019-08-20,104,85,-19
6221,2019-08-20,218,202,-16
6222,2019-08-20,111,70,-41
6223,2019-08-20,147,78,-69
6224,2019-08-20,55,56,1
6225,2019-08-20,71,48,-23
6226,2019-08-20,42,31,-11
6227,2019-08-20,149,148,-1
6228,2019-08-20,39,30,-9
6229,2019-08-20,76,59,-17
6230,2019-08-20,89,83,-6
6231,2019-08-20,135,102,-33
6232,2019-08-20,38,29,-9
6233,2019-08-20,143,112,-31
6234,2019-08-20,77,72,-5
6235,2019-08-20,71,53,-18
6236,2019-08-20,80,79,-1
6237,2019-08-20,66,59,-7
6240,2019-08-20,24,24,0
6241,2019-08-20,58,49,-9
6243,2019-08-20,70,71,1
6245,2019-08-20,49,51,2
6246,2019-08-20,60,66,6
6247,2019-08-20,160,140,-20
6248,2019-08-20,169,121,-48
6249,2019-08-20,73,62,-11
6250,2019-08-20,110,90,-20
6251,2019-08-20,44,38,-6
6252,2019-08-20,64,51,-13
6253,2019-08-20,75,53,-22
6254,2019-08-20,115,90,-25
6255,2019-08-20,83,84,1
6257,2019-08-20,52,52,0
6258,2019-08-20,90,65,-25
6259,2019-08-20,52,52,0
6260,2019-08-20,44,50,6
6261,2019-08-20,62,55,-7
6262,2019-08-20,55,62,7
6263,2019-08-20,25,29,4
6264,2019-08-20,29,32,3
6265,2019-08-20,57,48,-9
6266,2019-08-20,17,16,-1
6267,2019-08-20,71,66,-5
6268,2019-08-20,58,68,10
6269,2019-08-20,33,42,9
6270,2019-08-20,38,34,-4
6271,2019-08-20,2,3,1
6272,2019-08-20,33,30,-3
6273,2019-08-20,47,45,-2
6274,2019-08-20,47,48,1
6275,2019-08-20,27,25,-2
6276,2019-08-20,59,48,-11
6277,2019-08-20,80,70,-10
6278,2019-08-20,29,27,-2
6279,2019-08-20,21,23,2
6280,2019-08-20,125,115,-10
6281,2019-08-20,43,24,-19
6301,2019-08-20,23,16,-7
6302,2019-08-20,30,23,-7
6303,2019-08-20,20,11,-9
6304,2019-08-20,13,7,-6
6305,2019-08-20,18,11,-7
6306,2019-08-20,63,25,-38
6307,2019-08-20,81,74,-7
6309,2019-08-20,27,22,-5
6310,2019-08-20,87,35,-52
6311,2019-08-20,44,33,-11
6312,2019-08-20,32,43,11
6313,2019-08-20,57,62,5
6314,2019-08-20,67,59,-8
6315,2019-08-20,106,45,-61
6316,2019-08-20,47,20,-27
6321,2019-08-20,117,110,-7
6322,2019-08-20,34,29,-5
6323,2019-08-20,15,6,-9
6324,2019-08-20,32,40,8
6327,2019-08-20,39,31,-8
6328,2019-08-20,52,46,-6
6329,2019-08-20,37,34,-3
6330,2019-08-20,33,27,-6
6331,2019-08-20,30,28,-2
6332,2019-08-20,44,48,4
6333,2019-08-20,26,30,4
6334,2019-08-20,82,88,6
6335,2019-08-20,44,42,-2
6336,2019-08-20,30,38,8
6338,2019-08-20,42,34,-8
6339,2019-08-20,32,29,-3
6340,2019-08-20,40,50,10
6341,2019-08-20,41,53,12
6343,2019-08-20,39,45,6
6344,2019-08-20,53,61,8
6345,2019-08-20,17,23,6
6346,2019-08-20,21,16,-5
6347,2019-08-20,30,28,-2
6349,2019-08-20,40,38,-2
6350,2019-08-20,58,58,0
6354,2019-08-20,49,40,-9
6355,2019-08-20,41,51,10
6356,2019-08-20,45,27,-18
6357,2019-08-20,26,26,0
6358,2019-08-20,31,32,1
6359,2019-08-20,111,130,19
6360,2019-08-20,47,45,-2
6361,2019-08-20,46,54,8
6362,2019-08-20,48,46,-2
6363,2019-08-20,25,29,4
6364,2019-08-20,58,46,-12
6366,2019-08-20,34,25,-9
6367,2019-08-20,27,21,-6
6368,2019-08-20,89,90,1
6369,2019-08-20,55,52,-3
6370,2019-08-20,46,33,-13
6371,2019-08-20,75,87,12
6372,2019-08-20,107,121,14
6373,2019-08-20,48,42,-6
6374,2019-08-20,45,43,-2
6375,2019-08-20,71,84,13
6376,2019-08-20,39,29,-10
6377,2019-08-20,39,46,7
6379,2019-08-20,36,45,9
6380,2019-08-20,33,28,-5
6381,2019-08-20,74,73,-1
6383,2019-08-20,42,36,-6
6384,2019-08-20,26,23,-3
6385,2019-08-20,55,60,5
6386,2019-08-20,79,99,20
6387,2019-08-20,81,105,24
6388,2019-08-20,20,33,13
6389,2019-08-20,70,49,-21
6391,2019-08-20,63,85,22
6393,2019-08-20,69,96,27
6394,2019-08-20,82,129,47
6395,2019-08-20,93,111,18
6396,2019-08-20,121,105,-16
6397,2019-08-20,54,68,14
6398,2019-08-20,40,61,21
6401,2019-08-20,72,103,31
6402,2019-08-20,49,63,14
6403,2019-08-20,25,26,1
6404,2019-08-20,15,25,10
6405,2019-08-20,50,84,34
6406,2019-08-20,142,179,37
6407,2019-08-20,24,43,19
6408,2019-08-20,61,67,6
6409,2019-08-20,17,26,9
6410,2019-08-20,61,67,6
6411,2019-08-20,122,112,-10
6412,2019-08-20,39,34,-5
6413,2019-08-20,33,117,84
6414,2019-08-20,17,30,13
6415,2019-08-20,28,30,2
6416,2019-08-20,22,17,-5
6417,2019-08-20,32,44,12
6418,2019-08-20,10,12,2
6419,2019-08-20,26,23,-3
6420,2019-08-20,24,29,5
6421,2019-08-20,46,43,-3
6422,2019-08-20,14,16,2
6423,2019-08-20,23,12,-11
6424,2019-08-20,45,88,43
6425,2019-08-20,50,58,8
6426,2019-08-20,80,92,12
6427,2019-08-20,73,81,8
6428,2019-08-20,16,21,5
6429,2019-08-20,38,51,13
6432,2019-08-20,101,104,3
6433,2019-08-20,43,39,-4
6434,2019-08-20,82,76,-6
6435,2019-08-20,49,42,-7
6436,2019-08-20,25,24,-1
6501,2019-08-20,146,167,21
6502,2019-08-20,17,17,0
6503,2019-08-20,78,63,-15
6504,2019-08-20,18,23,5
6700,2019-08-20,30,44,14
6701,2019-08-20,64,64,0
6702,2019-08-20,16,28,12
6703,2019-08-20,56,54,-2
6704,2019-08-20,24,30,6
6705,2019-08-20,11,21,10
6706,2019-08-20,20,32,12
6707,2019-08-20,28,35,7
6709,2019-08-20,35,32,-3
6710,2019-08-20,21,23,2
6711,2019-08-20,27,26,-1
6712,2019-08-20,18,23,5
6713,2019-08-20,15,20,5
6714,2019-08-20,4,6,2
6715,2019-08-20,37,26,-11
6716,2019-08-20,7,11,4
6717,2019-08-20,16,16,0
6718,2019-08-20,31,38,7
6719,2019-08-20,25,24,-1
6720,2019-08-20,29,42,13
6721,2019-08-20,20,20,0
6722,2019-08-20,16,17,1
6723,2019-08-20,25,28,3
6724,2019-08-20,61,77,16
6725,2019-08-20,24,29,5
6726,2019-08-20,13,20,7
6727,2019-08-20,81,85,4
6728,2019-08-20,23,15,-8
6729,2019-08-20,153,170,17
6730,2019-08-20,23,23,0
6731,2019-08-20,25,19,-6
6732,2019-08-20,44,53,9
6733,2019-08-20,28,29,1
6734,2019-08-20,57,46,-11
6735,2019-08-20,8,9,1
6736,2019-08-20,17,19,2
6737,2019-08-20,23,30,7
6738,2019-08-20,91,79,-12
6739,2019-08-20,10,9,-1
6741,2019-08-20,24,23,-1
6742,2019-08-20,80,91,11
6743,2019-08-20,32,16,-16
6744,2019-08-20,30,28,-2
6745,2019-08-20,26,26,0
6746,2019-08-20,16,17,1
6747,2019-08-20,50,50,0
6748,2019-08-20,87,106,19
6749,2019-08-20,48,53,5
6750,2019-08-20,63,45,-18
6752,2019-08-20,24,27,3
6753,2019-08-20,27,32,5
6754,2019-08-20,20,31,11
6901,2019-08-20,47,80,33
6902,2019-08-20,87,110,23
6903,2019-08-20,93,96,3
6904,2019-08-20,33,33,0
6905,2019-08-20,46,41,-5
6906,2019-08-20,225,124,-101
6907,2019-08-20,114,98,-16
6908,2019-08-20,69,62,-7
6910,2019-08-20,119,116,-3
6912,2019-08-20,188,110,-78
6913,2019-08-20,51,41,-10
6915,2019-08-20,86,65,-21
6916,2019-08-20,42,37,-5
6917,2019-08-20,17,18,1
6918,2019-08-20,29,24,-5
6919,2019-08-20,29,21,-8
6921,2019-08-20,111,117,6
6923,2019-08-20,48,54,6
6924,2019-08-20,25,23,-2
6925,2019-08-20,51,48,-3
6926,2019-08-20,66,74,8
6927,2019-08-20,75,46,-29
6928,2019-08-20,31,14,-17
6929,2019-08-20,29,32,3
6930,2019-08-20,29,27,-2
7001,2019-08-20,46,49,3
7002,2019-08-20,23,22,-1
7004,2019-08-20,27,29,2
7005,2019-08-20,11,11,0
7006,2019-08-20,19,25,6
7007,2019-08-20,7,9,2
7008,2019-08-20,26,25,-1
7009,2019-08-20,45,49,4
7010,2019-08-20,25,22,-3
7011,2019-08-20,91,108,17
7012,2019-08-20,65,69,4
7013,2019-08-20,25,25,0
7014,2019-08-20,82,48,-34
7015,2019-08-20,50,48,-2
7016,2019-08-20,17,16,-1
7017,2019-08-20,34,43,9
7018,2019-08-20,23,44,21
7019,2019-08-20,182,151,-31
7020,2019-08-20,27,32,5
7021,2019-08-20,45,50,5
7022,2019-08-20,35,29,-6
7023,2019-08-20,7,6,-1
7024,2019-08-20,51,44,-7
7025,2019-08-20,46,45,-1
7026,2019-08-20,71,69,-2
7027,2019-08-20,77,85,8
7028,2019-08-20,88,89,1
7029,2019-08-20,58,62,4
7030,2019-08-20,48,56,8
7031,2019-08-20,61,58,-3
7032,2019-08-20,119,63,-56
7033,2019-08-20,77,80,3
7034,2019-08-20,44,60,16
7035,2019-08-20,55,56,1
7036,2019-08-20,52,49,-3
7037,2019-08-20,66,66,0
7038,2019-08-20,74,67,-7
7039,2019-08-20,40,38,-2
7040,2019-08-20,68,72,4
7041,2019-08-20,116,116,0
7042,2019-08-20,55,56,1
7043,2019-08-20,34,25,-9
7044,2019-08-20,19,23,4
7045,2019-08-20,76,74,-2
7046,2019-08-20,128,114,-14
7047,2019-08-20,150,204,54
7048,2019-08-20,27,36,9
7049,2019-08-20,36,49,13
7050,2019-08-20,30,33,3
7051,2019-08-20,7,11,4
7052,2019-08-20,56,57,1
7053,2019-08-20,42,48,6
7054,2019-08-20,57,72,15
7055,2019-08-20,25,32,7
7056,2019-08-20,14,20,6
7057,2019-08-20,38,44,6
7058,2019-08-20,47,54,7
7059,2019-08-20,39,38,-1
7060,2019-08-20,44,54,10
7061,2019-08-20,24,22,-2
7062,2019-08-20,62,55,-7
7063,2019-08-20,26,20,-6
7064,2019-08-20,35,37,2
7065,2019-08-20,35,40,5
7066,2019-08-20,94,173,79
7067,2019-08-20,66,68,2
7068,2019-08-20,102,122,20
7069,2019-08-20,93,113,20
7070,2019-08-20,43,47,4
7071,2019-08-20,62,47,-15
7072,2019-08-20,44,35,-9
7073,2019-08-20,66,81,15
7074,2019-08-20,46,50,4
7075,2019-08-20,8,11,3
7076,2019-08-20,82,68,-14
7077,2019-08-20,21,26,5
7078,2019-08-20,28,37,9
7079,2019-08-20,47,66,19
7080,2019-08-20,68,102,34
7081,2019-08-20,63,84,21
7082,2019-08-20,89,111,22
7083,2019-08-20,55,51,-4
7085,2019-08-20,1,2,1
7087,2019-08-20,2,2,0
7088,2019-08-20,3,1,-2
7089,2019-08-20,1,1,0
7090,2019-08-20,15,13,-2
7091,2019-08-20,4,9,5
7092,2019-08-20,10,11,1
7093,2019-08-20,5,1,-4
7094,2019-08-20,1,3,2
7095,2019-08-20,25,26,1
7096,2019-08-20,33,46,13
7097,2019-08-20,11,11,0
7098,2019-08-20,2,2,0
7099,2019-08-20,14,18,4
7100,2019-08-20,9,9,0
7101,2019-08-20,7,6,-1
7102,2019-08-20,29,42,13
7103,2019-08-20,33,37,4
7104,2019-08-20,3,1,-2
7105,2019-08-20,12,12,0
7106,2019-08-20,1,2,1
7107,2019-08-20,5,12,7
7108,2019-08-20,11,8,-3
7109,2019-08-20,16,21,5
7110,2019-08-20,16,15,-1
7111,2019-08-20,8,10,2
7112,2019-08-20,11,11,0
7113,2019-08-20,55,63,8
7114,2019-08-20,142,159,17
7115,2019-08-20,24,20,-4
7116,2019-08-20,16,12,-4
7117,2019-08-20,1,2,1
7118,2019-08-20,1,3,2
7119,2019-08-20,7,14,7
7120,2019-08-20,2,4,2
7121,2019-08-20,5,14,9
7122,2019-08-20,4,4,0
7123,2019-08-20,8,8,0
7124,2019-08-20,25,16,-9
7125,2019-08-20,50,50,0
7126,2019-08-20,9,7,-2
7127,2019-08-20,30,34,4
7128,2019-08-20,14,11,-3
7129,2019-08-20,14,8,-6
7130,2019-08-20,19,17,-2
7131,2019-08-20,2,0,-2
7132,2019-08-20,4,7,3
7133,2019-08-20,14,16,2
7134,2019-08-20,7,4,-3
7135,2019-08-20,3,7,4
7136,2019-08-20,11,10,-1
7137,2019-08-20,11,11,0
7138,2019-08-20,7,6,-1
7139,2019-08-20,28,25,-3
7140,2019-08-20,34,29,-5
7141,2019-08-20,41,44,3
7142,2019-08-20,11,20,9
7143,2019-08-20,39,42,3
7144,2019-08-20,65,78,13
7145,2019-08-20,19,24,5
7146,2019-08-20,27,27,0
7147,2019-08-20,32,31,-1
7148,2019-08-20,9,15,6
7149,2019-08-20,25,20,-5
10002,2019-08-21,114,110,-4
4000,2019-08-21,56,73,17
4001,2019-08-21,8,12,4
4002,2019-08-21,13,23,10
5002,2019-08-21,1,5,4
5003,2019-08-21,1,1,0
5004,2019-08-21,1,1,0
5005,2019-08-21,3,2,-1
5006,2019-08-21,6,7,1
5007,2019-08-21,15,20,5
6001,2019-08-21,67,82,15
6002,2019-08-21,36,63,27
6003,2019-08-21,86,100,14
6004,2019-08-21,42,49,7
6005,2019-08-21,78,102,24
6006,2019-08-21,35,36,1
6007,2019-08-21,28,33,5
6008,2019-08-21,47,79,32
6009,2019-08-21,51,49,-2
6011,2019-08-21,68,84,16
6012,2019-08-21,168,271,103
6013,2019-08-21,60,66,6
6014,2019-08-21,63,91,28
6015,2019-08-21,167,239,72
6016,2019-08-21,13,21,8
6017,2019-08-21,47,60,13
6018,2019-08-21,54,74,20
6019,2019-08-21,170,96,-74
6020,2019-08-21,60,91,31
6021,2019-08-21,87,48,-39
6022,2019-08-21,46,61,15
6023,2019-08-21,106,141,35
6024,2019-08-21,2,1,-1
6025,2019-08-21,35,37,2
6026,2019-08-21,98,139,41
6027,2019-08-21,138,125,-13
6029,2019-08-21,27,37,10
6031,2019-08-21,29,33,4
6032,2019-08-21,68,144,76
6033,2019-08-21,15,11,-4
6035,2019-08-21,27,59,32
6036,2019-08-21,133,185,52
6037,2019-08-21,46,49,3
6038,2019-08-21,88,98,10
6039,2019-08-21,75,78,3
6040,2019-08-21,44,53,9
6041,2019-08-21,69,80,11
6042,2019-08-21,83,83,0
6043,2019-08-21,132,375,243
6044,2019-08-21,65,56,-9
6046,2019-08-21,113,112,-1
6047,2019-08-21,50,39,-11
6048,2019-08-21,46,45,-1
6049,2019-08-21,57,87,30
6050,2019-08-21,62,73,11
6051,2019-08-21,34,32,-2
6052,2019-08-21,127,209,82
6053,2019-08-21,200,214,14
6057,2019-08-21,68,68,0
6058,2019-08-21,83,70,-13
6059,2019-08-21,60,42,-18
6060,2019-08-21,28,28,0
6061,2019-08-21,57,63,6
6062,2019-08-21,63,45,-18
6063,2019-08-21,107,89,-18
6064,2019-08-21,191,173,-18
6065,2019-08-21,76,58,-18
6066,2019-08-21,42,21,-21
6067,2019-08-21,73,98,25
6068,2019-08-21,16,16,0
6070,2019-08-21,211,133,-78
6072,2019-08-21,86,79,-7
6073,2019-08-21,206,146,-60
6075,2019-08-21,34,14,-20
6076,2019-08-21,13,28,15
6078,2019-08-21,66,84,18
6079,2019-08-21,63,44,-19
6080,2019-08-21,150,139,-11
6081,2019-08-21,67,63,-4
6082,2019-08-21,22,13,-9
6083,2019-08-21,83,108,25
6084,2019-08-21,59,71,12
6085,2019-08-21,70,94,24
6086,2019-08-21,69,104,35
6087,2019-08-21,123,163,40
6089,2019-08-21,47,57,10
6090,2019-08-21,53,54,1
6091,2019-08-21,50,49,-1
6092,2019-08-21,79,68,-11
6093,2019-08-21,67,55,-12
6094,2019-08-21,56,57,1
6095,2019-08-21,151,141,-10
6096,2019-08-21,37,70,33
6097,2019-08-21,90,60,-30
6098,2019-08-21,57,25,-32
6099,2019-08-21,125,179,54
6100,2019-08-21,255,209,-46
6101,2019-08-21,58,21,-37
6102,2019-08-21,31,25,-6
6103,2019-08-21,19,22,3
6104,2019-08-21,69,93,24
6105,2019-08-21,44,64,20
6106,2019-08-21,25,32,7
6107,2019-08-21,130,114,-16
6108,2019-08-21,48,54,6
6109,2019-08-21,9,13,4
6110,2019-08-21,36,40,4
6111,2019-08-21,44,58,14
6112,2019-08-21,95,104,9
6113,2019-08-21,44,43,-1
6114,2019-08-21,132,179,47
6115,2019-08-21,14,22,8
6116,2019-08-21,66,77,11
6117,2019-08-21,83,79,-4
6118,2019-08-21,75,93,18
6119,2019-08-21,69,97,28
6120,2019-08-21,81,107,26
6121,2019-08-21,21,36,15
6122,2019-08-21,18,26,8
6123,2019-08-21,25,27,2
6124,2019-08-21,28,60,32
6125,2019-08-21,23,17,-6
6126,2019-08-21,56,58,2
6127,2019-08-21,46,39,-7
6128,2019-08-21,18,22,4
6129,2019-08-21,67,69,2
6130,2019-08-21,44,30,-14
6131,2019-08-21,80,47,-33
6132,2019-08-21,71,66,-5
6134,2019-08-21,41,45,4
6136,2019-08-21,304,215,-89
6137,2019-08-21,95,96,1
6138,2019-08-21,62,68,6
6139,2019-08-21,39,45,6
6140,2019-08-21,75,92,17
6141,2019-08-21,66,55,-11
6142,2019-08-21,113,78,-35
6143,2019-08-21,124,95,-29
6145,2019-08-21,48,53,5
6146,2019-08-21,74,51,-23
6147,2019-08-21,93,57,-36
6148,2019-08-21,111,76,-35
6149,2019-08-21,58,28,-30
6150,2019-08-21,75,81,6
6151,2019-08-21,99,96,-3
6152,2019-08-21,99,102,3
6153,2019-08-21,72,53,-19
6154,2019-08-21,162,171,9
6155,2019-08-21,119,112,-7
6156,2019-08-21,78,80,2
6157,2019-08-21,111,119,8
6158,2019-08-21,70,48,-22
6159,2019-08-21,34,41,7
6160,2019-08-21,53,52,-1
6161,2019-08-21,54,43,-11
6162,2019-08-21,24,26,2
6163,2019-08-21,113,129,16
6164,2019-08-21,75,93,18
6165,2019-08-21,124,161,37
6166,2019-08-21,67,50,-17
6167,2019-08-21,33,49,16
6168,2019-08-21,52,40,-12
6169,2019-08-21,163,138,-25
6170,2019-08-21,76,51,-25
6171,2019-08-21,43,42,-1
6173,2019-08-21,111,66,-45
6174,2019-08-21,91,87,-4
6175,2019-08-21,105,60,-45
6176,2019-08-21,100,95,-5
6177,2019-08-21,66,63,-3
6178,2019-08-21,110,112,2
6179,2019-08-21,67,72,5
6180,2019-08-21,59,64,5
6181,2019-08-21,110,70,-40
6182,2019-08-21,67,50,-17
6183,2019-08-21,104,93,-11
6184,2019-08-21,270,234,-36
6185,2019-08-21,17,19,2
6186,2019-08-21,113,65,-48
6187,2019-08-21,126,133,7
6188,2019-08-21,47,57,10
6189,2019-08-21,21,24,3
6190,2019-08-21,107,59,-48
6191,2019-08-21,85,70,-15
6192,2019-08-21,46,32,-14
6193,2019-08-21,117,98,-19
6195,2019-08-21,82,49,-33
6196,2019-08-21,132,91,-41
6197,2019-08-21,46,36,-10
6198,2019-08-21,21,25,4
6199,2019-08-21,123,81,-42
6200,2019-08-21,98,89,-9
6201,2019-08-21,87,63,-24
6202,2019-08-21,146,125,-21
6203,2019-08-21,38,29,-9
6204,2019-08-21,78,86,8
6205,2019-08-21,123,96,-27
6206,2019-08-21,140,121,-19
6207,2019-08-21,46,43,-3
6208,2019-08-21,61,62,1
6209,2019-08-21,154,104,-50
6210,2019-08-21,51,48,-3
6211,2019-08-21,165,147,-18
6212,2019-08-21,76,55,-21
6213,2019-08-21,110,115,5
6214,2019-08-21,110,80,-30
6215,2019-08-21,73,81,8
6216,2019-08-21,135,76,-59
6217,2019-08-21,95,56,-39
6218,2019-08-21,81,66,-15
6219,2019-08-21,66,69,3
6220,2019-08-21,102,86,-16
6221,2019-08-21,179,169,-10
6222,2019-08-21,102,54,-48
6223,2019-08-21,142,92,-50
6224,2019-08-21,62,67,5
6225,2019-08-21,66,41,-25
6226,2019-08-21,31,34,3
6227,2019-08-21,157,140,-17
6228,2019-08-21,31,27,-4
6229,2019-08-21,74,50,-24
6230,2019-08-21,112,100,-12
6231,2019-08-21,107,101,-6
6232,2019-08-21,41,44,3
6233,2019-08-21,136,117,-19
6234,2019-08-21,74,76,2
6235,2019-08-21,116,59,-57
6236,2019-08-21,83,84,1
6237,2019-08-21,60,67,7
6240,2019-08-21,17,13,-4
6241,2019-08-21,40,42,2
6243,2019-08-21,63,58,-5
6245,2019-08-21,40,43,3
6246,2019-08-21,61,47,-14
6247,2019-08-21,114,99,-15
6248,2019-08-21,171,149,-22
6249,2019-08-21,76,60,-16
6250,2019-08-21,98,100,2
6251,2019-08-21,28,25,-3
6252,2019-08-21,61,42,-19
6253,2019-08-21,75,44,-31
6254,2019-08-21,89,78,-11
6255,2019-08-21,80,70,-10
6257,2019-08-21,57,43,-14
6258,2019-08-21,77,68,-9
6259,2019-08-21,47,50,3
6260,2019-08-21,57,50,-7
6261,2019-08-21,47,49,2
6262,2019-08-21,44,46,2
6263,2019-08-21,17,28,11
6264,2019-08-21,32,25,-7
6265,2019-08-21,68,67,-1
6266,2019-08-21,15,24,9
6267,2019-08-21,45,50,5
6268,2019-08-21,62,49,-13
6269,2019-08-21,26,35,9
6270,2019-08-21,33,40,7
6272,2019-08-21,27,21,-6
6273,2019-08-21,35,28,-7
6274,2019-08-21,46,41,-5
6275,2019-08-21,50,41,-9
6276,2019-08-21,40,40,0
6277,2019-08-21,70,69,-1
6278,2019-08-21,20,28,8
6279,2019-08-21,22,22,0
6280,2019-08-21,84,86,2
6281,2019-08-21,31,19,-12
6301,2019-08-21,18,24,6
6302,2019-08-21,20,18,-2
6303,2019-08-21,25,12,-13
6304,2019-08-21,15,12,-3
6305,2019-08-21,14,10,-4
6306,2019-08-21,56,23,-33
6307,2019-08-21,59,65,6
6309,2019-08-21,16,28,12
6310,2019-08-21,85,41,-44
6311,2019-08-21,50,40,-10
6312,2019-08-21,26,46,20
6313,2019-08-21,46,54,8
6314,2019-08-21,84,72,-12
6315,2019-08-21,104,39,-65
6316,2019-08-21,27,26,-1
6321,2019-08-21,81,85,4
6322,2019-08-21,33,31,-2
6323,2019-08-21,16,8,-8
6324,2019-08-21,28,32,4
6327,2019-08-21,39,35,-4
6328,2019-08-21,45,42,-3
6329,2019-08-21,33,27,-6
6330,2019-08-21,33,25,-8
6331,2019-08-21,19,22,3
6332,2019-08-21,23,38,15
6333,2019-08-21,29,28,-1
6334,2019-08-21,79,85,6
6335,2019-08-21,36,38,2
6336,2019-08-21,31,38,7
6338,2019-08-21,33,33,0
6339,2019-08-21,36,32,-4
6340,2019-08-21,42,42,0
6341,2019-08-21,35,44,9
6343,2019-08-21,36,32,-4
6344,2019-08-21,35,46,11
6345,2019-08-21,14,27,13
6346,2019-08-21,21,14,-7
6347,2019-08-21,29,30,1
6349,2019-08-21,29,33,4
6350,2019-08-21,52,43,-9
6354,2019-08-21,39,32,-7
6355,2019-08-21,31,51,20
6356,2019-08-21,38,25,-13
6357,2019-08-21,17,19,2
6358,2019-08-21,22,24,2
6359,2019-08-21,117,143,26
6360,2019-08-21,25,25,0
6361,2019-08-21,54,48,-6
6362,2019-08-21,48,40,-8
6363,2019-08-21,25,22,-3
6364,2019-08-21,52,45,-7
6366,2019-08-21,28,21,-7
6367,2019-08-21,25,27,2
6368,2019-08-21,56,60,4
6369,2019-08-21,23,41,18
6370,2019-08-21,33,32,-1
6371,2019-08-21,77,79,2
6372,2019-08-21,87,96,9
6373,2019-08-21,48,35,-13
6374,2019-08-21,36,31,-5
6375,2019-08-21,60,82,22
6376,2019-08-21,32,31,-1
6377,2019-08-21,39,45,6
6379,2019-08-21,25,33,8
6380,2019-08-21,26,21,-5
6381,2019-08-21,69,63,-6
6383,2019-08-21,39,26,-13
6384,2019-08-21,22,19,-3
6385,2019-08-21,51,51,0
6386,2019-08-21,68,108,40
6387,2019-08-21,60,75,15
6388,2019-08-21,32,30,-2
6389,2019-08-21,51,42,-9
6391,2019-08-21,47,66,19
6393,2019-08-21,77,99,22
6394,2019-08-21,63,104,41
6395,2019-08-21,75,71,-4
6396,2019-08-21,104,89,-15
6397,2019-08-21,51,69,18
6398,2019-08-21,38,53,15
6401,2019-08-21,49,67,18
6402,2019-08-21,50,55,5
6403,2019-08-21,32,38,6
6404,2019-08-21,11,25,14
6405,2019-08-21,36,50,14
6406,2019-08-21,67,77,10
6407,2019-08-21,16,27,11
6408,2019-08-21,49,57,8
6409,2019-08-21,21,22,1
6410,2019-08-21,67,67,0
6411,2019-08-21,155,128,-27
6412,2019-08-21,26,39,13
6413,2019-08-21,28,79,51
6414,2019-08-21,15,30,15
6415,2019-08-21,25,23,-2
6416,2019-08-21,28,18,-10
6417,2019-08-21,25,34,9
6418,2019-08-21,13,8,-5
6419,2019-08-21,11,11,0
6420,2019-08-21,25,26,1
6421,2019-08-21,49,43,-6
6422,2019-08-21,8,17,9
6423,2019-08-21,20,11,-9
6424,2019-08-21,40,64,24
6425,2019-08-21,41,41,0
6426,2019-08-21,85,80,-5
6427,2019-08-21,54,67,13
6428,2019-08-21,9,11,2
6429,2019-08-21,26,32,6
6432,2019-08-21,87,76,-11
6433,2019-08-21,46,37,-9
6434,2019-08-21,62,67,5
6435,2019-08-21,30,23,-7
6436,2019-08-21,22,18,-4
6501,2019-08-21,65,78,13
6502,2019-08-21,16,17,1
6503,2019-08-21,68,50,-18
6504,2019-08-21,21,13,-8
6700,2019-08-21,21,32,11
6701,2019-08-21,56,57,1
6702,2019-08-21,20,27,7
6703,2019-08-21,37,39,2
6704,2019-08-21,25,24,-1
6705,2019-08-21,15,27,12
6706,2019-08-21,24,29,5
6707,2019-08-21,30,35,5
6709,2019-08-21,21,26,5
6710,2019-08-21,12,15,3
6711,2019-08-21,20,21,1
6712,2019-08-21,16,24,8
6713,2019-08-21,13,17,4
6714,2019-08-21,1,1,0
6715,2019-08-21,18,29,11
6716,2019-08-21,14,19,5
6717,2019-08-21,8,18,10
6718,2019-08-21,30,27,-3
6719,2019-08-21,13,22,9
6720,2019-08-21,27,37,10
6721,2019-08-21,18,15,-3
6722,2019-08-21,17,23,6
6723,2019-08-21,17,22,5
6724,2019-08-21,45,52,7
6725,2019-08-21,27,25,-2
6726,2019-08-21,22,20,-2
6727,2019-08-21,96,108,12
6728,2019-08-21,16,15,-1
6729,2019-08-21,146,153,7
6730,2019-08-21,14,13,-1
6731,2019-08-21,14,6,-8
6732,2019-08-21,36,37,1
6733,2019-08-21,29,33,4
6734,2019-08-21,39,32,-7
6735,2019-08-21,7,8,1
6736,2019-08-21,21,31,10
6737,2019-08-21,26,28,2
6738,2019-08-21,72,81,9
6739,2019-08-21,10,8,-2
6741,2019-08-21,25,23,-2
6742,2019-08-21,46,48,2
6743,2019-08-21,28,15,-13
6744,2019-08-21,18,17,-1
6745,2019-08-21,25,24,-1
6746,2019-08-21,10,8,-2
6747,2019-08-21,54,68,14
6748,2019-08-21,76,96,20
6749,2019-08-21,41,49,8
6750,2019-08-21,59,58,-1
6752,2019-08-21,42,42,0
6753,2019-08-21,27,24,-3
6754,2019-08-21,26,25,-1
6901,2019-08-21,41,60,19
6902,2019-08-21,75,78,3
6903,2019-08-21,123,110,-13
6904,2019-08-21,37,33,-4
6905,2019-08-21,41,41,0
6906,2019-08-21,192,107,-85
6907,2019-08-21,87,59,-28
6908,2019-08-21,43,36,-7
6910,2019-08-21,113,100,-13
6912,2019-08-21,157,93,-64
6913,2019-08-21,53,35,-18
6915,2019-08-21,87,74,-13
6916,2019-08-21,27,28,1
6917,2019-08-21,17,24,7
6918,2019-08-21,31,18,-13
6919,2019-08-21,25,22,-3
6921,2019-08-21,76,89,13
6923,2019-08-21,46,46,0
6924,2019-08-21,20,22,2
6925,2019-08-21,44,42,-2
6926,2019-08-21,76,67,-9
6927,2019-08-21,71,34,-37
6928,2019-08-21,32,9,-23
6929,2019-08-21,44,33,-11
6930,2019-08-21,20,22,2
7001,2019-08-21,30,26,-4
7002,2019-08-21,21,29,8
7004,2019-08-21,24,18,-6
7005,2019-08-21,14,11,-3
7006,2019-08-21,15,16,1
7007,2019-08-21,10,10,0
7008,2019-08-21,25,19,-6
7009,2019-08-21,38,42,4
7010,2019-08-21,19,22,3
7011,2019-08-21,74,93,19
7012,2019-08-21,36,52,16
7013,2019-08-21,17,23,6
7014,2019-08-21,67,44,-23
7015,2019-08-21,9,13,4
7016,2019-08-21,19,22,3
7017,2019-08-21,22,33,11
7018,2019-08-21,33,47,14
7019,2019-08-21,30,80,50
7020,2019-08-21,31,34,3
7021,2019-08-21,47,52,5
7022,2019-08-21,39,35,-4
7023,2019-08-21,6,5,-1
7024,2019-08-21,58,53,-5
7025,2019-08-21,39,39,0
7026,2019-08-21,72,78,6
7027,2019-08-21,77,72,-5
7028,2019-08-21,113,106,-7
7029,2019-08-21,69,59,-10
7030,2019-08-21,48,55,7
7031,2019-08-21,56,40,-16
7032,2019-08-21,105,51,-54
7033,2019-08-21,77,60,-17
7034,2019-08-21,38,49,11
7035,2019-08-21,39,40,1
7036,2019-08-21,50,52,2
7037,2019-08-21,64,57,-7
7038,2019-08-21,60,62,2
7039,2019-08-21,31,23,-8
7040,2019-08-21,62,75,13
7041,2019-08-21,108,109,1
7042,2019-08-21,39,42,3
7043,2019-08-21,23,25,2
7044,2019-08-21,9,15,6
7045,2019-08-21,54,51,-3
7046,2019-08-21,108,115,7
7047,2019-08-21,96,168,72
7048,2019-08-21,13,23,10
7049,2019-08-21,28,37,9
7050,2019-08-21,31,33,2
7051,2019-08-21,16,23,7
7052,2019-08-21,46,55,9
7053,2019-08-21,31,40,9
7054,2019-08-21,26,36,10
7055,2019-08-21,17,19,2
7056,2019-08-21,12,23,11
7057,2019-08-21,35,42,7
7058,2019-08-21,31,31,0
7059,2019-08-21,32,25,-7
7060,2019-08-21,36,32,-4
7061,2019-08-21,31,30,-1
7062,2019-08-21,52,54,2
7063,2019-08-21,16,22,6
7064,2019-08-21,26,31,5
7065,2019-08-21,35,37,2
7066,2019-08-21,61,126,65
7067,2019-08-21,48,76,28
7068,2019-08-21,77,97,20
7069,2019-08-21,113,143,30
7070,2019-08-21,32,42,10
7071,2019-08-21,68,49,-19
7072,2019-08-21,42,32,-10
7073,2019-08-21,59,68,9
7074,2019-08-21,40,47,7
7075,2019-08-21,13,13,0
7076,2019-08-21,68,63,-5
7077,2019-08-21,18,22,4
7078,2019-08-21,27,39,12
7079,2019-08-21,50,50,0
7080,2019-08-21,67,99,32
7081,2019-08-21,71,79,8
7082,2019-08-21,96,117,21
7083,2019-08-21,66,54,-12
7086,2019-08-21,1,1,0
7087,2019-08-21,1,1,0
7090,2019-08-21,11,15,4
7091,2019-08-21,3,6,3
7092,2019-08-21,11,10,-1
7093,2019-08-21,7,8,1
7094,2019-08-21,4,4,0
7095,2019-08-21,23,22,-1
7096,2019-08-21,32,38,6
7097,2019-08-21,9,8,-1
7098,2019-08-21,4,3,-1
7099,2019-08-21,3,10,7
7100,2019-08-21,4,6,2
7101,2019-08-21,7,5,-2
7102,2019-08-21,12,19,7
7103,2019-08-21,4,1,-3
7105,2019-08-21,6,8,2
7107,2019-08-21,3,2,-1
7108,2019-08-21,7,8,1
7109,2019-08-21,13,12,-1
7110,2019-08-21,5,6,1
7111,2019-08-21,2,1,-1
7112,2019-08-21,6,10,4
7113,2019-08-21,56,59,3
7114,2019-08-21,75,89,14
7115,2019-08-21,20,15,-5
7116,2019-08-21,13,8,-5
7117,2019-08-21,8,6,-2
7118,2019-08-21,3,3,0
7119,2019-08-21,7,10,3
7120,2019-08-21,4,4,0
7121,2019-08-21,3,11,8
7122,2019-08-21,5,4,-1
7123,2019-08-21,2,3,1
7124,2019-08-21,21,10,-11
7125,2019-08-21,19,23,4
7126,2019-08-21,9,7,-2
7127,2019-08-21,27,35,8
7128,2019-08-21,12,12,0
7129,2019-08-21,21,17,-4
7130,2019-08-21,13,13,0
7131,2019-08-21,5,3,-2
7132,2019-08-21,2,2,0
7133,2019-08-21,4,5,1
7134,2019-08-21,4,3,-1
7135,2019-08-21,1,2,1
7136,2019-08-21,6,7,1
7137,2019-08-21,6,4,-2
7138,2019-08-21,8,8,0
7139,2019-08-21,7,10,3
7140,2019-08-21,29,23,-6
7141,2019-08-21,32,33,1
7142,2019-08-21,8,13,5
7143,2019-08-21,23,28,5
7144,2019-08-21,37,53,16
7145,2019-08-21,17,19,2
7146,2019-08-21,28,40,12
7147,2019-08-21,25,25,0
7148,2019-08-21,3,8,5
7149,2019-08-21,21,19,-2
4000,2019-08-22,26,37,11
4001,2019-08-22,4,9,5
4002,2019-08-22,9,8,-1
5002,2019-08-22,1,1,0
5004,2019-08-22,1,3,2
5005,2019-08-22,1,3,2
5006,2019-08-22,3,0,-3
5007,2019-08-22,9,11,2
6001,2019-08-22,35,23,-12
6002,2019-08-22,17,29,12
6003,2019-08-22,32,45,13
6004,2019-08-22,30,20,-10
6005,2019-08-22,52,13,-39
6006,2019-08-22,12,15,3
6007,2019-08-22,14,20,6
6008,2019-08-22,19,12,-7
6009,2019-08-22,41,13,-28
6011,2019-08-22,36,28,-8
6012,2019-08-22,95,98,3
6013,2019-08-22,30,21,-9
6014,2019-08-22,23,31,8
6015,2019-08-22,89,99,10
6016,2019-08-22,4,5,1
6017,2019-08-22,19,37,18
6018,2019-08-22,25,40,15
6019,2019-08-22,73,37,-36
6020,2019-08-22,39,61,22
6021,2019-08-22,24,29,5
6022,2019-08-22,28,21,-7
6023,2019-08-22,63,65,2
6024,2019-08-22,3,3,0
6025,2019-08-22,20,21,1
6026,2019-08-22,110,106,-4
6027,2019-08-22,77,27,-50
6029,2019-08-22,11,21,10
6031,2019-08-22,20,21,1
6032,2019-08-22,48,41,-7
6033,2019-08-22,3,5,2
6035,2019-08-22,5,9,4
6036,2019-08-22,90,109,19
6037,2019-08-22,36,30,-6
6038,2019-08-22,66,46,-20
6039,2019-08-22,43,22,-21
6040,2019-08-22,33,19,-14
6041,2019-08-22,33,13,-20
6042,2019-08-22,40,20,-20
6043,2019-08-22,114,48,-66
6044,2019-08-22,35,36,1
6046,2019-08-22,58,28,-30
6047,2019-08-22,26,2,-24
6048,2019-08-22,16,16,0
6049,2019-08-22,25,18,-7
6050,2019-08-22,26,8,-18
6051,2019-08-22,17,14,-3
6052,2019-08-22,135,61,-74
6053,2019-08-22,131,105,-26
6057,2019-08-22,29,13,-16
6058,2019-08-22,37,13,-24
6059,2019-08-22,45,19,-26
6060,2019-08-22,19,6,-13
6061,2019-08-22,46,14,-32
6062,2019-08-22,42,21,-21
6063,2019-08-22,82,31,-51
6064,2019-08-22,120,40,-80
6065,2019-08-22,28,14,-14
6066,2019-08-22,6,5,-1
6067,2019-08-22,58,19,-39
6068,2019-08-22,9,2,-7
6070,2019-08-22,61,23,-38
6072,2019-08-22,42,14,-28
6073,2019-08-22,87,23,-64
6075,2019-08-22,9,1,-8
6076,2019-08-22,6,18,12
6078,2019-08-22,36,10,-26
6079,2019-08-22,33,22,-11
6080,2019-08-22,59,48,-11
6081,2019-08-22,25,26,1
6082,2019-08-22,9,20,11
6083,2019-08-22,56,30,-26
6084,2019-08-22,7,7,0
6085,2019-08-22,34,35,1
6086,2019-08-22,33,62,29
6087,2019-08-22,59,77,18
6089,2019-08-22,40,16,-24
6090,2019-08-22,16,25,9
6091,2019-08-22,16,28,12
6092,2019-08-22,26,18,-8
6093,2019-08-22,31,24,-7
6094,2019-08-22,31,26,-5
6095,2019-08-22,55,65,10
6096,2019-08-22,21,21,0
6097,2019-08-22,26,29,3
6098,2019-08-22,19,8,-11
6099,2019-08-22,44,75,31
6100,2019-08-22,107,99,-8
6101,2019-08-22,36,12,-24
6102,2019-08-22,23,25,2
6103,2019-08-22,2,13,11
6104,2019-08-22,24,33,9
6105,2019-08-22,12,22,10
6106,2019-08-22,9,15,6
6107,2019-08-22,54,57,3
6108,2019-08-22,10,24,14
6109,2019-08-22,5,8,3
6110,2019-08-22,16,23,7
6111,2019-08-22,19,29,10
6112,2019-08-22,41,53,12
6113,2019-08-22,14,26,12
6114,2019-08-22,57,104,47
6115,2019-08-22,6,6,0
6116,2019-08-22,17,39,22
6117,2019-08-22,23,19,-4
6118,2019-08-22,23,42,19
6119,2019-08-22,22,48,26
6120,2019-08-22,27,35,8
6121,2019-08-22,9,18,9
6122,2019-08-22,6,13,7
6123,2019-08-22,5,24,19
6124,2019-08-22,18,26,8
6125,2019-08-22,7,7,0
6126,2019-08-22,14,27,13
6127,2019-08-22,26,24,-2
6128,2019-08-22,10,12,2
6129,2019-08-22,34,37,3
6130,2019-08-22,13,14,1
6131,2019-08-22,47,40,-7
6132,2019-08-22,21,34,13
6133,2019-08-22,7,6,-1
6134,2019-08-22,15,23,8
6136,2019-08-22,148,90,-58
6137,2019-08-22,38,46,8
6138,2019-08-22,29,28,-1
6139,2019-08-22,17,25,8
6140,2019-08-22,40,50,10
6141,2019-08-22,24,34,10
6142,2019-08-22,48,63,15
6143,2019-08-22,53,60,7
6145,2019-08-22,44,44,0
6146,2019-08-22,26,29,3
6147,2019-08-22,35,17,-18
6148,2019-08-22,37,49,12
6149,2019-08-22,19,24,5
6150,2019-08-22,46,48,2
6151,2019-08-22,40,43,3
6152,2019-08-22,60,71,11
6153,2019-08-22,25,33,8
6154,2019-08-22,101,95,-6
6155,2019-08-22,72,70,-2
6156,2019-08-22,34,42,8
6157,2019-08-22,82,75,-7
6158,2019-08-22,27,34,7
6159,2019-08-22,24,20,-4
6160,2019-08-22,23,32,9
6161,2019-08-22,15,24,9
6162,2019-08-22,10,5,-5
6163,2019-08-22,53,67,14
6164,2019-08-22,36,52,16
6165,2019-08-22,77,128,51
6166,2019-08-22,26,37,11
6167,2019-08-22,22,34,12
6168,2019-08-22,35,10,-25
6169,2019-08-22,91,91,0
6170,2019-08-22,59,53,-6
6171,2019-08-22,15,31,16
6173,2019-08-22,49,35,-14
6174,2019-08-22,43,32,-11
6175,2019-08-22,27,22,-5
6176,2019-08-22,53,61,8
6177,2019-08-22,49,39,-10
6178,2019-08-22,50,43,-7
6179,2019-08-22,43,42,-1
6180,2019-08-22,34,37,3
6181,2019-08-22,61,30,-31
6182,2019-08-22,33,34,1
6183,2019-08-22,50,60,10
6184,2019-08-22,120,79,-41
6185,2019-08-22,6,12,6
6186,2019-08-22,42,39,-3
6187,2019-08-22,73,54,-19
6188,2019-08-22,23,38,15
6189,2019-08-22,8,15,7
6190,2019-08-22,49,37,-12
6191,2019-08-22,31,25,-6
6192,2019-08-22,19,15,-4
6193,2019-08-22,46,50,4
6195,2019-08-22,26,19,-7
6196,2019-08-22,55,49,-6
6197,2019-08-22,17,20,3
6198,2019-08-22,19,13,-6
6199,2019-08-22,36,36,0
6200,2019-08-22,59,36,-23
6201,2019-08-22,44,29,-15
6202,2019-08-22,43,36,-7
6203,2019-08-22,22,12,-10
6204,2019-08-22,67,38,-29
6205,2019-08-22,66,43,-23
6206,2019-08-22,68,54,-14
6207,2019-08-22,14,27,13
6208,2019-08-22,45,38,-7
6209,2019-08-22,69,45,-24
6210,2019-08-22,17,16,-1
6211,2019-08-22,69,62,-7
6212,2019-08-22,44,30,-14
6213,2019-08-22,65,59,-6
6214,2019-08-22,28,33,5
6215,2019-08-22,72,11,-61
6216,2019-08-22,56,29,-27
6217,2019-08-22,37,38,1
6218,2019-08-22,17,21,4
6219,2019-08-22,29,41,12
6220,2019-08-22,42,49,7
6221,2019-08-22,62,58,-4
6222,2019-08-22,44,32,-12
6223,2019-08-22,50,43,-7
6224,2019-08-22,43,38,-5
6225,2019-08-22,24,27,3
6226,2019-08-22,13,6,-7
6227,2019-08-22,74,74,0
6228,2019-08-22,18,13,-5
6229,2019-08-22,31,32,1
6230,2019-08-22,44,36,-8
6231,2019-08-22,68,63,-5
6232,2019-08-22,17,15,-2
6233,2019-08-22,73,77,4
6234,2019-08-22,39,39,0
6235,2019-08-22,21,12,-9
6236,2019-08-22,39,47,8
6237,2019-08-22,25,26,1
6240,2019-08-22,7,9,2
6241,2019-08-22,28,27,-1
6243,2019-08-22,40,42,2
6245,2019-08-22,20,21,1
6246,2019-08-22,23,24,1
6247,2019-08-22,75,49,-26
6248,2019-08-22,51,44,-7
6249,2019-08-22,36,37,1
6250,2019-08-22,36,19,-17
6251,2019-08-22,8,10,2
6252,2019-08-22,37,35,-2
6253,2019-08-22,43,17,-26
6254,2019-08-22,48,40,-8
6255,2019-08-22,44,48,4
6257,2019-08-22,18,13,-5
6258,2019-08-22,30,37,7
6259,2019-08-22,27,38,11
6260,2019-08-22,26,34,8
6261,2019-08-22,18,29,11
6262,2019-08-22,17,27,10
6263,2019-08-22,9,21,12
6264,2019-08-22,8,16,8
6265,2019-08-22,28,37,9
6266,2019-08-22,6,10,4
6267,2019-08-22,23,23,0
6268,2019-08-22,26,35,9
6269,2019-08-22,7,17,10
6270,2019-08-22,24,33,9
6271,2019-08-22,3,4,1
6272,2019-08-22,12,19,7
6273,2019-08-22,14,21,7
6274,2019-08-22,12,16,4
6275,2019-08-22,12,18,6
6276,2019-08-22,2,5,3
6277,2019-08-22,35,34,-1
6278,2019-08-22,9,19,10
6279,2019-08-22,2,11,9
6280,2019-08-22,60,50,-10
6281,2019-08-22,9,2,-7
6301,2019-08-22,9,11,2
6302,2019-08-22,6,7,1
6303,2019-08-22,11,13,2
6304,2019-08-22,3,6,3
6305,2019-08-22,4,2,-2
6306,2019-08-22,28,5,-23
6307,2019-08-22,41,40,-1
6309,2019-08-22,6,15,9
6310,2019-08-22,33,11,-22
6311,2019-08-22,21,17,-4
6312,2019-08-22,16,16,0
6313,2019-08-22,36,49,13
6314,2019-08-22,31,39,8
6315,2019-08-22,39,16,-23
6316,2019-08-22,18,7,-11
6321,2019-08-22,43,29,-14
6322,2019-08-22,14,22,8
6323,2019-08-22,3,2,-1
6324,2019-08-22,9,16,7
6327,2019-08-22,13,14,1
6328,2019-08-22,27,28,1
6329,2019-08-22,11,23,12
6330,2019-08-22,9,11,2
6331,2019-08-22,7,19,12
6332,2019-08-22,8,21,13
6333,2019-08-22,6,14,8
6334,2019-08-22,34,25,-9
6335,2019-08-22,10,21,11
6336,2019-08-22,20,23,3
6338,2019-08-22,18,30,12
6339,2019-08-22,6,20,14
6340,2019-08-22,10,13,3
6341,2019-08-22,12,36,24
6343,2019-08-22,18,24,6
6344,2019-08-22,28,23,-5
6345,2019-08-22,6,14,8
6346,2019-08-22,4,3,-1
6347,2019-08-22,19,7,-12
6349,2019-08-22,11,24,13
6350,2019-08-22,12,16,4
6354,2019-08-22,13,16,3
6355,2019-08-22,16,36,20
6356,2019-08-22,8,8,0
6357,2019-08-22,7,14,7
6358,2019-08-22,9,14,5
6359,2019-08-22,70,57,-13
6360,2019-08-22,21,17,-4
6361,2019-08-22,20,33,13
6362,2019-08-22,5,18,13
6363,2019-08-22,6,15,9
6364,2019-08-22,24,22,-2
6366,2019-08-22,19,14,-5
6367,2019-08-22,8,20,12
6368,2019-08-22,31,36,5
6369,2019-08-22,14,11,-3
6370,2019-08-22,11,14,3
6371,2019-08-22,26,45,19
6372,2019-08-22,37,53,16
6373,2019-08-22,9,23,14
6374,2019-08-22,15,20,5
6375,2019-08-22,42,45,3
6376,2019-08-22,11,13,2
6377,2019-08-22,12,35,23
6379,2019-08-22,7,21,14
6380,2019-08-22,11,14,3
6381,2019-08-22,28,38,10
6383,2019-08-22,15,17,2
6384,2019-08-22,10,11,1
6385,2019-08-22,17,27,10
6386,2019-08-22,18,27,9
6387,2019-08-22,35,34,-1
6388,2019-08-22,11,19,8
6389,2019-08-22,31,36,5
6391,2019-08-22,37,60,23
6393,2019-08-22,31,54,23
6394,2019-08-22,25,52,27
6395,2019-08-22,28,23,-5
6396,2019-08-22,65,20,-45
6397,2019-08-22,8,27,19
6398,2019-08-22,17,37,20
6401,2019-08-22,28,46,18
6402,2019-08-22,20,30,10
6403,2019-08-22,12,21,9
6404,2019-08-22,5,15,10
6405,2019-08-22,16,30,14
6406,2019-08-22,37,53,16
6407,2019-08-22,9,17,8
6408,2019-08-22,24,26,2
6409,2019-08-22,6,17,11
6410,2019-08-22,21,14,-7
6411,2019-08-22,66,59,-7
6412,2019-08-22,18,19,1
6413,2019-08-22,22,9,-13
6414,2019-08-22,5,16,11
6415,2019-08-22,3,6,3
6416,2019-08-22,4,2,-2
6417,2019-08-22,12,24,12
6418,2019-08-22,4,6,2
6419,2019-08-22,8,13,5
6420,2019-08-22,13,19,6
6421,2019-08-22,22,28,6
6422,2019-08-22,9,11,2
6423,2019-08-22,9,8,-1
6424,2019-08-22,29,21,-8
6425,2019-08-22,17,11,-6
6426,2019-08-22,30,27,-3
6427,2019-08-22,14,40,26
6428,2019-08-22,2,6,4
6429,2019-08-22,19,21,2
6432,2019-08-22,36,36,0
6433,2019-08-22,9,20,11
6434,2019-08-22,41,33,-8
6435,2019-08-22,16,23,7
6436,2019-08-22,12,18,6
6501,2019-08-22,32,32,0
6502,2019-08-22,16,13,-3
6503,2019-08-22,35,16,-19
6504,2019-08-22,19,4,-15
6700,2019-08-22,18,43,25
6701,2019-08-22,25,10,-15
6702,2019-08-22,6,7,1
6703,2019-08-22,9,7,-2
6704,2019-08-22,8,15,7
6705,2019-08-22,3,10,7
6706,2019-08-22,5,11,6
6707,2019-08-22,21,17,-4
6709,2019-08-22,8,22,14
6710,2019-08-22,6,6,0
6711,2019-08-22,9,6,-3
6712,2019-08-22,9,9,0
6713,2019-08-22,3,7,4
6714,2019-08-22,3,5,2
6715,2019-08-22,7,11,4
6716,2019-08-22,2,6,4
6717,2019-08-22,6,9,3
6718,2019-08-22,5,23,18
6719,2019-08-22,17,22,5
6720,2019-08-22,6,16,10
6721,2019-08-22,11,10,-1
6723,2019-08-22,4,7,3
6724,2019-08-22,56,50,-6
6725,2019-08-22,17,18,1
6726,2019-08-22,6,6,0
6727,2019-08-22,55,36,-19
6728,2019-08-22,4,7,3
6729,2019-08-22,71,81,10
6730,2019-08-22,12,8,-4
6731,2019-08-22,12,10,-2
6732,2019-08-22,13,31,18
6733,2019-08-22,13,24,11
6734,2019-08-22,17,29,12
6735,2019-08-22,4,0,-4
6736,2019-08-22,13,10,-3
6737,2019-08-22,5,11,6
6738,2019-08-22,31,9,-22
6739,2019-08-22,2,2,0
6741,2019-08-22,15,23,8
6742,2019-08-22,26,22,-4
6743,2019-08-22,13,18,5
6744,2019-08-22,11,18,7
6745,2019-08-22,14,12,-2
6746,2019-08-22,9,7,-2
6747,2019-08-22,26,27,1
6748,2019-08-22,41,40,-1
6749,2019-08-22,14,8,-6
6750,2019-08-22,25,27,2
6752,2019-08-22,10,10,0
6753,2019-08-22,7,5,-2
6754,2019-08-22,11,17,6
6901,2019-08-22,21,26,5
6902,2019-08-22,29,53,24
6903,2019-08-22,47,43,-4
6904,2019-08-22,11,15,4
6905,2019-08-22,8,15,7
6906,2019-08-22,94,45,-49
6907,2019-08-22,41,46,5
6908,2019-08-22,31,25,-6
6910,2019-08-22,63,43,-20
6912,2019-08-22,82,43,-39
6913,2019-08-22,28,22,-6
6915,2019-08-22,40,32,-8
6916,2019-08-22,14,21,7
6917,2019-08-22,7,13,6
6918,2019-08-22,11,11,0
6919,2019-08-22,8,15,7
6921,2019-08-22,43,32,-11
6923,2019-08-22,22,24,2
6924,2019-08-22,10,13,3
6925,2019-08-22,18,13,-5
6926,2019-08-22,28,34,6
6927,2019-08-22,32,11,-21
6928,2019-08-22,15,2,-13
6929,2019-08-22,19,17,-2
6930,2019-08-22,18,4,-14
7001,2019-08-22,18,20,2
7002,2019-08-22,1,5,4
7004,2019-08-22,15,7,-8
7005,2019-08-22,2,3,1
7006,2019-08-22,7,13,6
7007,2019-08-22,2,13,11
7008,2019-08-22,7,8,1
7009,2019-08-22,19,18,-1
7010,2019-08-22,5,14,9
7011,2019-08-22,35,43,8
7012,2019-08-22,16,21,5
7013,2019-08-22,7,13,6
7014,2019-08-22,24,16,-8
7015,2019-08-22,8,12,4
7016,2019-08-22,12,11,-1
7017,2019-08-22,12,18,6
7018,2019-08-22,13,39,26
7019,2019-08-22,93,18,-75
7020,2019-08-22,9,16,7
7021,2019-08-22,18,21,3
7022,2019-08-22,14,14,0
7023,2019-08-22,2,1,-1
7024,2019-08-22,26,17,-9
7025,2019-08-22,54,36,-18
7026,2019-08-22,25,17,-8
7027,2019-08-22,27,48,21
7028,2019-08-22,100,77,-23
7029,2019-08-22,26,33,7
7030,2019-08-22,25,31,6
7031,2019-08-22,27,23,-4
7032,2019-08-22,35,30,-5
7033,2019-08-22,37,28,-9
7034,2019-08-22,13,27,14
7035,2019-08-22,22,25,3
7036,2019-08-22,27,23,-4
7037,2019-08-22,29,35,6
7038,2019-08-22,29,33,4
7039,2019-08-22,17,15,-2
7040,2019-08-22,18,17,-1
7041,2019-08-22,61,35,-26
7042,2019-08-22,17,13,-4
7043,2019-08-22,2,10,8
7044,2019-08-22,3,7,4
7045,2019-08-22,20,17,-3
7046,2019-08-22,31,13,-18
7047,2019-08-22,60,103,43
7048,2019-08-22,7,8,1
7049,2019-08-22,7,22,15
7050,2019-08-22,7,13,6
7051,2019-08-22,8,7,-1
7052,2019-08-22,19,21,2
7053,2019-08-22,27,35,8
7054,2019-08-22,17,44,27
7055,2019-08-22,10,18,8
7056,2019-08-22,3,12,9
7057,2019-08-22,16,28,12
7058,2019-08-22,20,20,0
7059,2019-08-22,8,23,15
7060,2019-08-22,13,17,4
7061,2019-08-22,11,15,4
7062,2019-08-22,15,14,-1
7063,2019-08-22,11,10,-1
7064,2019-08-22,8,9,1
7065,2019-08-22,22,30,8
7066,2019-08-22,44,39,-5
7067,2019-08-22,25,11,-14
7068,2019-08-22,36,48,12
7069,2019-08-22,48,34,-14
7070,2019-08-22,9,20,11
7071,2019-08-22,19,19,0
7072,2019-08-22,19,24,5
7073,2019-08-22,13,31,18
7074,2019-08-22,21,28,7
7075,2019-08-22,2,7,5
7076,2019-08-22,19,27,8
7077,2019-08-22,19,21,2
7078,2019-08-22,10,25,15
7079,2019-08-22,18,10,-8
7080,2019-08-22,29,15,-14
7081,2019-08-22,47,66,19
7082,2019-08-22,51,53,2
7083,2019-08-22,29,27,-2
7090,2019-08-22,3,6,3
7091,2019-08-22,1,0,-1
7092,2019-08-22,8,6,-2
7093,2019-08-22,1,0,-1
7094,2019-08-22,2,2,0
7095,2019-08-22,14,11,-3
7096,2019-08-22,16,4,-12
7097,2019-08-22,8,3,-5
7099,2019-08-22,6,9,3
7100,2019-08-22,5,3,-2
7101,2019-08-22,10,1,-9
7102,2019-08-22,2,13,11
7103,2019-08-22,2,4,2
7104,2019-08-22,2,2,0
7105,2019-08-22,6,6,0
7106,2019-08-22,6,6,0
7107,2019-08-22,3,5,2
7108,2019-08-22,9,12,3
7109,2019-08-22,3,0,-3
7110,2019-08-22,3,3,0
7112,2019-08-22,3,7,4
7113,2019-08-22,27,19,-8
7114,2019-08-22,34,52,18
7115,2019-08-22,10,4,-6
7116,2019-08-22,5,6,1
7117,2019-08-22,1,2,1
7118,2019-08-22,3,0,-3
7119,2019-08-22,2,6,4
7120,2019-08-22,5,7,2
7121,2019-08-22,3,5,2
7122,2019-08-22,2,5,3
7123,2019-08-22,3,3,0
7124,2019-08-22,8,5,-3
7125,2019-08-22,17,15,-2
7126,2019-08-22,2,5,3
7127,2019-08-22,21,10,-11
7128,2019-08-22,12,5,-7
7129,2019-08-22,4,3,-1
7130,2019-08-22,6,6,0
7131,2019-08-22,6,4,-2
7133,2019-08-22,2,4,2
7134,2019-08-22,1,5,4
7135,2019-08-22,1,1,0
7136,2019-08-22,2,5,3
7137,2019-08-22,1,3,2
7138,2019-08-22,3,1,-2
7139,2019-08-22,13,14,1
7140,2019-08-22,10,22,12
7141,2019-08-22,20,21,1
7142,2019-08-22,3,9,6
7143,2019-08-22,4,17,13
7144,2019-08-22,21,23,2
7145,2019-08-22,6,12,6
7146,2019-08-22,8,11,3
7147,2019-08-22,16,9,-7
7148,2019-08-22,1,3,2
7149,2019-08-22,4,4,0
10002,2019-08-22,40,41,1
10002,2019-08-22,72,66,-6
4000,2019-08-22,36,41,5
4001,2019-08-22,6,9,3
4002,2019-08-22,7,8,1
5002,2019-08-22,2,1,-1
5004,2019-08-22,3,2,-1
5005,2019-08-22,3,4,1
5006,2019-08-22,7,7,0
5007,2019-08-22,9,12,3
6001,2019-08-22,44,73,29
6002,2019-08-22,26,21,-5
6003,2019-08-22,59,73,14
6004,2019-08-22,29,49,20
6005,2019-08-22,54,104,50
6006,2019-08-22,33,20,-13
6007,2019-08-22,25,26,1
6008,2019-08-22,36,77,41
6009,2019-08-22,24,27,3
6011,2019-08-22,40,63,23
6012,2019-08-22,80,169,89
6013,2019-08-22,38,41,3
6014,2019-08-22,49,70,21
6015,2019-08-22,110,177,67
6016,2019-08-22,8,13,5
6017,2019-08-22,33,30,-3
6018,2019-08-22,42,33,-9
6019,2019-08-22,100,70,-30
6020,2019-08-22,40,67,27
6021,2019-08-22,77,46,-31
6022,2019-08-22,46,39,-7
6023,2019-08-22,77,140,63
6024,2019-08-22,2,2,0
6025,2019-08-22,32,37,5
6026,2019-08-22,92,142,50
6027,2019-08-22,76,104,28
6029,2019-08-22,18,16,-2
6031,2019-08-22,21,33,12
6032,2019-08-22,32,136,104
6033,2019-08-22,12,8,-4
6035,2019-08-22,20,49,29
6036,2019-08-22,136,226,90
6037,2019-08-22,39,61,22
6038,2019-08-22,69,89,20
6039,2019-08-22,53,77,24
6040,2019-08-22,38,75,37
6041,2019-08-22,59,90,31
6042,2019-08-22,77,104,27
6043,2019-08-22,105,385,280
6044,2019-08-22,71,44,-27
6046,2019-08-22,67,100,33
6047,2019-08-22,38,39,1
6048,2019-08-22,38,52,14
6049,2019-08-22,68,94,26
6050,2019-08-22,23,53,30
6051,2019-08-22,21,20,-1
6052,2019-08-22,142,275,133
6053,2019-08-22,82,120,38
6057,2019-08-22,52,69,17
6058,2019-08-22,38,63,25
6059,2019-08-22,56,70,14
6060,2019-08-22,23,27,4
6061,2019-08-22,61,60,-1
6062,2019-08-22,42,53,11
6063,2019-08-22,50,87,37
6064,2019-08-22,68,129,61
6065,2019-08-22,45,45,0
6066,2019-08-22,37,13,-24
6067,2019-08-22,72,103,31
6068,2019-08-22,6,20,14
6070,2019-08-22,133,161,28
6072,2019-08-22,57,93,36
6073,2019-08-22,54,134,80
6075,2019-08-22,26,19,-7
6076,2019-08-22,19,19,0
6078,2019-08-22,49,60,11
6079,2019-08-22,44,35,-9
6080,2019-08-22,113,106,-7
6081,2019-08-22,41,35,-6
6082,2019-08-22,21,6,-15
6083,2019-08-22,72,102,30
6084,2019-08-22,42,64,22
6085,2019-08-22,51,82,31
6086,2019-08-22,35,51,16
6087,2019-08-22,63,89,26
6089,2019-08-22,24,48,24
6090,2019-08-22,24,27,3
6091,2019-08-22,33,19,-14
6092,2019-08-22,45,53,8
6093,2019-08-22,55,39,-16
6094,2019-08-22,43,41,-2
6095,2019-08-22,110,92,-18
6096,2019-08-22,34,34,0
6097,2019-08-22,54,23,-31
6098,2019-08-22,38,17,-21
6099,2019-08-22,86,117,31
6100,2019-08-22,167,169,2
6101,2019-08-22,37,12,-25
6102,2019-08-22,31,14,-17
6103,2019-08-22,15,14,-1
6104,2019-08-22,45,65,20
6105,2019-08-22,37,60,23
6106,2019-08-22,18,24,6
6107,2019-08-22,84,62,-22
6108,2019-08-22,36,31,-5
6109,2019-08-22,23,20,-3
6110,2019-08-22,16,8,-8
6111,2019-08-22,52,47,-5
6112,2019-08-22,63,59,-4
6113,2019-08-22,25,21,-4
6114,2019-08-22,67,94,27
6115,2019-08-22,8,13,5
6116,2019-08-22,69,65,-4
6117,2019-08-22,60,82,22
6118,2019-08-22,48,53,5
6119,2019-08-22,57,49,-8
6120,2019-08-22,42,65,23
6121,2019-08-22,20,19,-1
6122,2019-08-22,11,13,2
6123,2019-08-22,19,9,-10
6124,2019-08-22,23,43,20
6125,2019-08-22,20,15,-5
6126,2019-08-22,31,31,0
6127,2019-08-22,31,23,-8
6128,2019-08-22,15,14,-1
6129,2019-08-22,50,33,-17
6130,2019-08-22,32,25,-7
6131,2019-08-22,61,34,-27
6132,2019-08-22,43,37,-6
6133,2019-08-22,2,2,0
6134,2019-08-22,36,25,-11
6136,2019-08-22,136,116,-20
6137,2019-08-22,75,55,-20
6138,2019-08-22,52,29,-23
6139,2019-08-22,35,25,-10
6140,2019-08-22,58,48,-10
6141,2019-08-22,43,28,-15
6142,2019-08-22,91,34,-57
6143,2019-08-22,89,64,-25
6145,2019-08-22,32,30,-2
6146,2019-08-22,37,19,-18
6147,2019-08-22,60,43,-17
6148,2019-08-22,88,54,-34
6149,2019-08-22,32,15,-17
6150,2019-08-22,52,37,-15
6151,2019-08-22,75,50,-25
6152,2019-08-22,81,56,-25
6153,2019-08-22,44,40,-4
6154,2019-08-22,96,100,4
6155,2019-08-22,97,53,-44
6156,2019-08-22,44,35,-9
6157,2019-08-22,88,68,-20
6158,2019-08-22,42,23,-19
6159,2019-08-22,29,23,-6
6160,2019-08-22,57,23,-34
6161,2019-08-22,32,21,-11
6162,2019-08-22,3,14,11
6163,2019-08-22,89,57,-32
6164,2019-08-22,45,42,-3
6165,2019-08-22,82,64,-18
6166,2019-08-22,60,14,-46
6167,2019-08-22,34,16,-18
6168,2019-08-22,34,39,5
6169,2019-08-22,95,80,-15
6170,2019-08-22,42,27,-15
6171,2019-08-22,37,24,-13
6173,2019-08-22,64,41,-23
6174,2019-08-22,71,60,-11
6175,2019-08-22,44,28,-16
6176,2019-08-22,50,54,4
6177,2019-08-22,53,40,-13
6178,2019-08-22,51,46,-5
6179,2019-08-22,54,50,-4
6180,2019-08-22,42,50,8
6181,2019-08-22,89,58,-31
6182,2019-08-22,37,28,-9
6183,2019-08-22,66,59,-7
6184,2019-08-22,124,151,27
6185,2019-08-22,22,10,-12
6186,2019-08-22,56,39,-17
6187,2019-08-22,79,107,28
6188,2019-08-22,67,40,-27
6189,2019-08-22,17,12,-5
6190,2019-08-22,78,56,-22
6191,2019-08-22,41,45,4
6192,2019-08-22,28,18,-10
6193,2019-08-22,75,77,2
6195,2019-08-22,56,37,-19
6196,2019-08-22,67,49,-18
6197,2019-08-22,48,32,-16
6198,2019-08-22,12,14,2
6199,2019-08-22,75,78,3
6200,2019-08-22,54,76,22
6201,2019-08-22,43,41,-2
6202,2019-08-22,101,79,-22
6203,2019-08-22,33,28,-5
6204,2019-08-22,69,83,14
6205,2019-08-22,98,85,-13
6206,2019-08-22,95,91,-4
6207,2019-08-22,45,40,-5
6208,2019-08-22,37,54,17
6209,2019-08-22,104,61,-43
6210,2019-08-22,26,27,1
6211,2019-08-22,118,120,2
6212,2019-08-22,60,43,-17
6213,2019-08-22,60,55,-5
6214,2019-08-22,49,46,-3
6215,2019-08-22,21,57,36
6216,2019-08-22,111,56,-55
6217,2019-08-22,64,40,-24
6218,2019-08-22,37,19,-18
6219,2019-08-22,48,35,-13
6220,2019-08-22,64,44,-20
6221,2019-08-22,133,115,-18
6222,2019-08-22,59,32,-27
6223,2019-08-22,82,35,-47
6224,2019-08-22,45,31,-14
6225,2019-08-22,42,18,-24
6226,2019-08-22,18,29,11
6227,2019-08-22,73,71,-2
6228,2019-08-22,21,18,-3
6229,2019-08-22,44,32,-12
6230,2019-08-22,53,57,4
6231,2019-08-22,87,61,-26
6232,2019-08-22,35,26,-9
6233,2019-08-22,95,60,-35
6234,2019-08-22,27,30,3
6235,2019-08-22,60,56,-4
6236,2019-08-22,49,35,-14
6237,2019-08-22,44,31,-13
6240,2019-08-22,13,7,-6
6241,2019-08-22,26,27,1
6243,2019-08-22,43,37,-6
6245,2019-08-22,33,27,-6
6246,2019-08-22,37,34,-3
6247,2019-08-22,83,87,4
6248,2019-08-22,132,108,-24
6249,2019-08-22,37,30,-7
6250,2019-08-22,65,64,-1
6251,2019-08-22,18,15,-3
6252,2019-08-22,26,22,-4
6253,2019-08-22,36,32,-4
6254,2019-08-22,57,44,-13
6255,2019-08-22,39,30,-9
6257,2019-08-22,30,23,-7
6258,2019-08-22,56,32,-24
6259,2019-08-22,36,22,-14
6260,2019-08-22,49,36,-13
6261,2019-08-22,36,27,-9
6262,2019-08-22,38,30,-8
6263,2019-08-22,19,11,-8
6264,2019-08-22,22,10,-12
6265,2019-08-22,47,28,-19
6266,2019-08-22,15,7,-8
6267,2019-08-22,31,31,0
6268,2019-08-22,38,26,-12
6269,2019-08-22,18,16,-2
6270,2019-08-22,35,20,-15
6271,2019-08-22,2,3,1
6272,2019-08-22,24,18,-6
6273,2019-08-22,22,21,-1
6274,2019-08-22,30,17,-13
6275,2019-08-22,26,18,-8
6276,2019-08-22,35,16,-19
6277,2019-08-22,52,41,-11
6278,2019-08-22,28,12,-16
6279,2019-08-22,16,7,-9
6280,2019-08-22,56,52,-4
6281,2019-08-22,23,15,-8
6301,2019-08-22,19,12,-7
6302,2019-08-22,16,9,-7
6303,2019-08-22,18,12,-6
6304,2019-08-22,8,4,-4
6305,2019-08-22,14,14,0
6306,2019-08-22,31,10,-21
6307,2019-08-22,53,34,-19
6309,2019-08-22,27,13,-14
6310,2019-08-22,46,23,-23
6311,2019-08-22,28,17,-11
6312,2019-08-22,13,23,10
6313,2019-08-22,37,49,12
6314,2019-08-22,39,33,-6
6315,2019-08-22,66,25,-41
6316,2019-08-22,32,19,-13
6321,2019-08-22,37,48,11
6322,2019-08-22,26,16,-10
6323,2019-08-22,13,7,-6
6324,2019-08-22,19,21,2
6327,2019-08-22,27,18,-9
6328,2019-08-22,31,16,-15
6329,2019-08-22,27,15,-12
6330,2019-08-22,19,20,1
6331,2019-08-22,26,8,-18
6332,2019-08-22,29,19,-10
6333,2019-08-22,23,17,-6
6334,2019-08-22,52,59,7
6335,2019-08-22,34,27,-7
6336,2019-08-22,21,17,-4
6338,2019-08-22,15,13,-2
6339,2019-08-22,29,20,-9
6340,2019-08-22,25,20,-5
6341,2019-08-22,23,13,-10
6343,2019-08-22,26,18,-8
6344,2019-08-22,29,23,-6
6345,2019-08-22,13,11,-2
6346,2019-08-22,18,19,1
6347,2019-08-22,11,15,4
6349,2019-08-22,23,8,-15
6350,2019-08-22,39,29,-10
6354,2019-08-22,28,20,-8
6355,2019-08-22,26,24,-2
6356,2019-08-22,25,18,-7
6357,2019-08-22,21,10,-11
6358,2019-08-22,23,13,-10
6359,2019-08-22,67,97,30
6360,2019-08-22,21,24,3
6361,2019-08-22,33,20,-13
6362,2019-08-22,22,20,-2
6363,2019-08-22,20,12,-8
6364,2019-08-22,46,42,-4
6366,2019-08-22,24,12,-12
6367,2019-08-22,21,15,-6
6368,2019-08-22,37,41,4
6369,2019-08-22,19,25,6
6370,2019-08-22,37,20,-17
6371,2019-08-22,59,47,-12
6372,2019-08-22,51,50,-1
6373,2019-08-22,32,18,-14
6374,2019-08-22,21,17,-4
6375,2019-08-22,40,46,6
6376,2019-08-22,15,11,-4
6377,2019-08-22,36,28,-8
6379,2019-08-22,25,16,-9
6380,2019-08-22,25,15,-10
6381,2019-08-22,30,29,-1
6383,2019-08-22,28,12,-16
6384,2019-08-22,16,13,-3
6385,2019-08-22,32,27,-5
6386,2019-08-22,43,67,24
6387,2019-08-22,44,61,17
6388,2019-08-22,16,17,1
6389,2019-08-22,39,36,-3
6391,2019-08-22,48,49,1
6393,2019-08-22,47,47,0
6394,2019-08-22,51,64,13
6395,2019-08-22,34,54,20
6396,2019-08-22,55,79,24
6397,2019-08-22,34,43,9
6398,2019-08-22,25,30,5
6401,2019-08-22,44,46,2
6402,2019-08-22,31,36,5
6403,2019-08-22,20,15,-5
6404,2019-08-22,12,14,2
6405,2019-08-22,33,34,1
6406,2019-08-22,98,116,18
6407,2019-08-22,13,17,4
6408,2019-08-22,31,30,-1
6409,2019-08-22,19,18,-1
6410,2019-08-22,35,46,11
6411,2019-08-22,90,83,-7
6412,2019-08-22,23,27,4
6413,2019-08-22,10,65,55
6414,2019-08-22,17,15,-2
6415,2019-08-22,17,14,-3
6416,2019-08-22,16,8,-8
6417,2019-08-22,18,16,-2
6418,2019-08-22,4,6,2
6419,2019-08-22,3,11,8
6420,2019-08-22,27,17,-10
6421,2019-08-22,30,19,-11
6422,2019-08-22,13,10,-3
6423,2019-08-22,14,10,-4
6424,2019-08-22,22,65,43
6425,2019-08-22,19,24,5
6426,2019-08-22,35,56,21
6427,2019-08-22,60,41,-19
6428,2019-08-22,14,12,-2
6429,2019-08-22,16,32,16
6432,2019-08-22,73,74,1
6433,2019-08-22,20,15,-5
6434,2019-08-22,54,60,6
6435,2019-08-22,26,22,-4
6436,2019-08-22,11,6,-5
6501,2019-08-22,108,118,10
6502,2019-08-22,38,39,1
6503,2019-08-22,44,53,9
6504,2019-08-22,14,31,17
6700,2019-08-22,12,19,7
6701,2019-08-22,56,71,15
6702,2019-08-22,18,19,1
6703,2019-08-22,45,43,-2
6704,2019-08-22,20,18,-2
6705,2019-08-22,9,11,2
6706,2019-08-22,23,19,-4
6707,2019-08-22,11,17,6
6709,2019-08-22,27,13,-14
6710,2019-08-22,14,18,4
6711,2019-08-22,18,25,7
6712,2019-08-22,12,13,1
6713,2019-08-22,13,7,-6
6714,2019-08-22,3,3,0
6715,2019-08-22,6,10,4
6716,2019-08-22,6,7,1
6717,2019-08-22,8,13,5
6718,2019-08-22,14,8,-6
6719,2019-08-22,20,15,-5
6720,2019-08-22,24,21,-3
6721,2019-08-22,9,9,0
6722,2019-08-22,12,11,-1
6723,2019-08-22,18,11,-7
6724,2019-08-22,21,42,21
6725,2019-08-22,22,25,3
6726,2019-08-22,13,9,-4
6727,2019-08-22,35,56,21
6728,2019-08-22,16,7,-9
6729,2019-08-22,84,96,12
6730,2019-08-22,15,9,-6
6731,2019-08-22,11,9,-2
6732,2019-08-22,22,21,-1
6733,2019-08-22,31,16,-15
6734,2019-08-22,40,28,-12
6735,2019-08-22,4,6,2
6736,2019-08-22,9,9,0
6737,2019-08-22,16,12,-4
6738,2019-08-22,64,68,4
6739,2019-08-22,5,3,-2
6741,2019-08-22,9,13,4
6742,2019-08-22,30,34,4
6743,2019-08-22,28,13,-15
6744,2019-08-22,18,14,-4
6745,2019-08-22,15,13,-2
6746,2019-08-22,11,9,-2
6747,2019-08-22,28,36,8
6748,2019-08-22,49,56,7
6749,2019-08-22,41,45,4
6750,2019-08-22,29,23,-6
6752,2019-08-22,17,32,15
6753,2019-08-22,15,15,0
6754,2019-08-22,15,15,0
6901,2019-08-22,26,41,15
6902,2019-08-22,56,48,-8
6903,2019-08-22,68,53,-15
6904,2019-08-22,23,19,-4
6905,2019-08-22,29,24,-5
6906,2019-08-22,100,87,-13
6907,2019-08-22,56,32,-24
6908,2019-08-22,35,37,2
6910,2019-08-22,60,57,-3
6912,2019-08-22,91,81,-10
6913,2019-08-22,38,27,-11
6915,2019-08-22,45,30,-15
6916,2019-08-22,33,22,-11
6917,2019-08-22,14,16,2
6918,2019-08-22,19,9,-10
6919,2019-08-22,22,20,-2
6921,2019-08-22,62,94,32
6923,2019-08-22,17,18,1
6924,2019-08-22,13,13,0
6925,2019-08-22,29,37,8
6926,2019-08-22,45,48,3
6927,2019-08-22,53,33,-20
6928,2019-08-22,29,13,-16
6929,2019-08-22,19,11,-8
6930,2019-08-22,10,21,11
7001,2019-08-22,22,17,-5
7002,2019-08-22,9,8,-1
7004,2019-08-22,23,20,-3
7005,2019-08-22,3,7,4
7006,2019-08-22,10,9,-1
7007,2019-08-22,9,5,-4
7008,2019-08-22,16,16,0
7009,2019-08-22,32,38,6
7010,2019-08-22,14,17,3
7011,2019-08-22,44,46,2
7012,2019-08-22,34,36,2
7013,2019-08-22,22,11,-11
7014,2019-08-22,47,37,-10
7015,2019-08-22,5,7,2
7016,2019-08-22,9,11,2
7017,2019-08-22,23,27,4
7018,2019-08-22,23,22,-1
7019,2019-08-22,40,103,63
7020,2019-08-22,11,20,9
7021,2019-08-22,36,28,-8
7022,2019-08-22,24,14,-10
7023,2019-08-22,5,3,-2
7024,2019-08-22,41,39,-2
7025,2019-08-22,27,44,17
7026,2019-08-22,47,52,5
7027,2019-08-22,48,33,-15
7028,2019-08-22,64,78,14
7029,2019-08-22,30,26,-4
7030,2019-08-22,29,26,-3
7031,2019-08-22,35,19,-16
7032,2019-08-22,67,45,-22
7033,2019-08-22,45,40,-5
7034,2019-08-22,27,33,6
7035,2019-08-22,30,22,-8
7036,2019-08-22,41,38,-3
7037,2019-08-22,46,36,-10
7038,2019-08-22,43,34,-9
7039,2019-08-22,17,16,-1
7040,2019-08-22,53,67,14
7041,2019-08-22,75,96,21
7042,2019-08-22,29,36,7
7043,2019-08-22,26,8,-18
7044,2019-08-22,12,7,-5
7045,2019-08-22,53,54,1
7046,2019-08-22,78,106,28
7047,2019-08-22,93,107,14
7048,2019-08-22,10,13,3
7049,2019-08-22,17,22,5
7050,2019-08-22,28,22,-6
7051,2019-08-22,12,8,-4
7052,2019-08-22,35,42,7
7053,2019-08-22,28,23,-5
7054,2019-08-22,41,39,-2
7055,2019-08-22,10,13,3
7056,2019-08-22,11,4,-7
7057,2019-08-22,23,17,-6
7058,2019-08-22,18,31,13
7059,2019-08-22,21,11,-10
7060,2019-08-22,22,19,-3
7061,2019-08-22,18,10,-8
7062,2019-08-22,32,33,1
7063,2019-08-22,7,10,3
7064,2019-08-22,20,24,4
7065,2019-08-22,34,15,-19
7066,2019-08-22,56,121,65
7067,2019-08-22,42,54,12
7068,2019-08-22,64,73,9
7069,2019-08-22,72,113,41
7070,2019-08-22,31,21,-10
7071,2019-08-22,47,29,-18
7072,2019-08-22,27,13,-14
7073,2019-08-22,44,37,-7
7074,2019-08-22,34,29,-5
7075,2019-08-22,8,3,-5
7076,2019-08-22,49,32,-17
7077,2019-08-22,9,24,15
7078,2019-08-22,26,21,-5
7079,2019-08-22,29,54,25
7080,2019-08-22,64,80,16
7081,2019-08-22,37,41,4
7082,2019-08-22,54,70,16
7083,2019-08-22,36,36,0
7087,2019-08-22,1,0,-1
7088,2019-08-22,1,1,0
7090,2019-08-22,12,10,-2
7091,2019-08-22,1,1,0
7092,2019-08-22,6,9,3
7093,2019-08-22,1,1,0
7095,2019-08-22,15,20,5
7096,2019-08-22,17,27,10
7097,2019-08-22,4,11,7
7098,2019-08-22,3,5,2
7099,2019-08-22,6,6,0
7100,2019-08-22,5,5,0
7101,2019-08-22,4,10,6
7102,2019-08-22,15,16,1
7103,2019-08-22,7,7,0
7105,2019-08-22,1,0,-1
7107,2019-08-22,2,3,1
7108,2019-08-22,5,5,0
7109,2019-08-22,5,9,4
7110,2019-08-22,2,2,0
7111,2019-08-22,2,1,-1
7112,2019-08-22,5,8,3
7113,2019-08-22,39,48,9
7114,2019-08-22,69,77,8
7115,2019-08-22,12,12,0
7116,2019-08-22,9,8,-1
7117,2019-08-22,5,8,3
7119,2019-08-22,9,7,-2
7120,2019-08-22,5,5,0
7121,2019-08-22,1,4,3
7122,2019-08-22,5,1,-4
7123,2019-08-22,1,1,0
7124,2019-08-22,16,9,-7
7125,2019-08-22,21,13,-8
7126,2019-08-22,7,1,-6
7127,2019-08-22,23,36,13
7128,2019-08-22,7,11,4
7129,2019-08-22,11,10,-1
7130,2019-08-22,8,5,-3
7131,2019-08-22,3,4,1
7132,2019-08-22,1,0,-1
7133,2019-08-22,5,4,-1
7134,2019-08-22,5,3,-2
7136,2019-08-22,2,6,4
7137,2019-08-22,6,3,-3
7138,2019-08-22,4,4,0
7139,2019-08-22,31,29,-2
7140,2019-08-22,19,18,-1
7141,2019-08-22,12,17,5
7142,2019-08-22,9,5,-4
7143,2019-08-22,14,7,-7
7144,2019-08-22,29,32,3
7145,2019-08-22,13,5,-8
7146,2019-08-22,20,19,-1
7147,2019-08-22,18,29,11
7148,2019-08-22,8,8,0
7149,2019-08-22,5,6,1
MTL-ECO5.1-01,2019-08-22,3,3,0
4000,2019-08-23,63,72,9
4001,2019-08-23,16,22,6
4002,2019-08-23,16,27,11
5003,2019-08-23,6,7,1
5004,2019-08-23,6,5,-1
5005,2019-08-23,5,7,2
5006,2019-08-23,8,7,-1
5007,2019-08-23,24,26,2
6001,2019-08-23,66,110,44
6002,2019-08-23,31,49,18
6003,2019-08-23,69,90,21
6004,2019-08-23,63,77,14
6005,2019-08-23,109,116,7
6006,2019-08-23,37,34,-3
6007,2019-08-23,28,42,14
6008,2019-08-23,43,73,30
6009,2019-08-23,77,83,6
6011,2019-08-23,72,87,15
6012,2019-08-23,167,296,129
6013,2019-08-23,56,73,17
6014,2019-08-23,90,84,-6
6015,2019-08-23,147,241,94
6016,2019-08-23,16,12,-4
6017,2019-08-23,58,63,5
6018,2019-08-23,78,91,13
6019,2019-08-23,129,96,-33
6020,2019-08-23,74,111,37
6021,2019-08-23,95,63,-32
6022,2019-08-23,72,80,8
6023,2019-08-23,129,221,92
6024,2019-08-23,5,4,-1
6025,2019-08-23,50,53,3
6026,2019-08-23,212,279,67
6027,2019-08-23,127,121,-6
6029,2019-08-23,31,32,1
6031,2019-08-23,35,38,3
6032,2019-08-23,84,165,81
6033,2019-08-23,13,11,-2
6035,2019-08-23,34,86,52
6036,2019-08-23,216,309,93
6037,2019-08-23,54,64,10
6038,2019-08-23,117,116,-1
6039,2019-08-23,99,124,25
6040,2019-08-23,68,95,27
6041,2019-08-23,71,87,16
6042,2019-08-23,102,105,3
6043,2019-08-23,172,369,197
6044,2019-08-23,109,92,-17
6046,2019-08-23,122,115,-7
6047,2019-08-23,58,52,-6
6048,2019-08-23,61,68,7
6049,2019-08-23,93,117,24
6050,2019-08-23,39,68,29
6051,2019-08-23,48,46,-2
6052,2019-08-23,285,380,95
6053,2019-08-23,169,189,20
6057,2019-08-23,88,83,-5
6058,2019-08-23,81,70,-11
6059,2019-08-23,104,77,-27
6060,2019-08-23,46,33,-13
6061,2019-08-23,94,65,-29
6062,2019-08-23,94,73,-21
6063,2019-08-23,100,72,-28
6064,2019-08-23,151,146,-5
6065,2019-08-23,70,51,-19
6066,2019-08-23,45,28,-17
6067,2019-08-23,124,134,10
6068,2019-08-23,24,25,1
6070,2019-08-23,187,220,33
6072,2019-08-23,99,89,-10
6073,2019-08-23,145,135,-10
6075,2019-08-23,35,20,-15
6076,2019-08-23,30,40,10
6078,2019-08-23,85,91,6
6079,2019-08-23,77,61,-16
6080,2019-08-23,157,152,-5
6081,2019-08-23,73,47,-26
6082,2019-08-23,22,13,-9
6083,2019-08-23,122,148,26
6084,2019-08-23,64,75,11
6085,2019-08-23,95,137,42
6086,2019-08-23,68,110,42
6087,2019-08-23,124,169,45
6089,2019-08-23,53,55,2
6090,2019-08-23,55,46,-9
6091,2019-08-23,72,56,-16
6092,2019-08-23,66,62,-4
6093,2019-08-23,78,71,-7
6094,2019-08-23,47,39,-8
6095,2019-08-23,181,161,-20
6096,2019-08-23,49,61,12
6097,2019-08-23,102,73,-29
6098,2019-08-23,59,34,-25
6099,2019-08-23,134,207,73
6100,2019-08-23,247,258,11
6101,2019-08-23,50,15,-35
6102,2019-08-23,45,36,-9
6103,2019-08-23,26,22,-4
6104,2019-08-23,66,94,28
6105,2019-08-23,46,80,34
6106,2019-08-23,38,49,11
6107,2019-08-23,136,105,-31
6108,2019-08-23,51,62,11
6109,2019-08-23,31,34,3
6110,2019-08-23,35,46,11
6111,2019-08-23,40,56,16
6112,2019-08-23,110,126,16
6113,2019-08-23,48,58,10
6114,2019-08-23,162,200,38
6115,2019-08-23,14,25,11
6116,2019-08-23,64,64,0
6117,2019-08-23,93,104,11
6118,2019-08-23,95,105,10
6119,2019-08-23,91,105,14
6120,2019-08-23,85,108,23
6121,2019-08-23,29,37,8
6122,2019-08-23,15,23,8
6123,2019-08-23,28,37,9
6124,2019-08-23,51,74,23
6125,2019-08-23,25,26,1
6126,2019-08-23,44,62,18
6127,2019-08-23,47,35,-12
6128,2019-08-23,30,30,0
6129,2019-08-23,77,86,9
6130,2019-08-23,35,28,-7
6131,2019-08-23,105,61,-44
6132,2019-08-23,62,64,2
6133,2019-08-23,15,17,2
6134,2019-08-23,56,45,-11
6136,2019-08-23,268,208,-60
6137,2019-08-23,100,92,-8
6138,2019-08-23,86,80,-6
6139,2019-08-23,60,50,-10
6140,2019-08-23,101,100,-1
6141,2019-08-23,55,43,-12
6142,2019-08-23,131,79,-52
6143,2019-08-23,129,106,-23
6145,2019-08-23,64,63,-1
6146,2019-08-23,76,77,1
6147,2019-08-23,96,76,-20
6148,2019-08-23,129,81,-48
6149,2019-08-23,65,43,-22
6150,2019-08-23,87,75,-12
6151,2019-08-23,117,106,-11
6152,2019-08-23,164,120,-44
6153,2019-08-23,69,69,0
6154,2019-08-23,196,190,-6
6155,2019-08-23,145,121,-24
6156,2019-08-23,78,74,-4
6157,2019-08-23,169,160,-9
6158,2019-08-23,63,45,-18
6159,2019-08-23,36,50,14
6160,2019-08-23,71,51,-20
6161,2019-08-23,46,35,-11
6162,2019-08-23,16,9,-7
6163,2019-08-23,155,133,-22
6164,2019-08-23,102,93,-9
6165,2019-08-23,191,169,-22
6166,2019-08-23,79,57,-22
6167,2019-08-23,68,61,-7
6168,2019-08-23,62,45,-17
6169,2019-08-23,207,171,-36
6170,2019-08-23,89,74,-15
6171,2019-08-23,58,58,0
6173,2019-08-23,110,72,-38
6174,2019-08-23,98,71,-27
6175,2019-08-23,84,58,-26
6176,2019-08-23,111,111,0
6177,2019-08-23,89,90,1
6178,2019-08-23,127,110,-17
6179,2019-08-23,98,94,-4
6180,2019-08-23,72,79,7
6181,2019-08-23,112,89,-23
6182,2019-08-23,88,85,-3
6183,2019-08-23,120,106,-14
6184,2019-08-23,255,275,20
6185,2019-08-23,22,26,4
6186,2019-08-23,88,72,-16
6187,2019-08-23,143,145,2
6188,2019-08-23,55,44,-11
6189,2019-08-23,21,25,4
6190,2019-08-23,126,95,-31
6191,2019-08-23,88,87,-1
6192,2019-08-23,29,29,0
6193,2019-08-23,98,97,-1
6195,2019-08-23,111,63,-48
6196,2019-08-23,148,108,-40
6197,2019-08-23,69,60,-9
6198,2019-08-23,32,17,-15
6199,2019-08-23,113,99,-14
6200,2019-08-23,101,100,-1
6201,2019-08-23,77,71,-6
6202,2019-08-23,136,112,-24
6203,2019-08-23,54,55,1
6204,2019-08-23,122,100,-22
6205,2019-08-23,101,92,-9
6206,2019-08-23,137,121,-16
6207,2019-08-23,65,53,-12
6208,2019-08-23,72,64,-8
6209,2019-08-23,128,113,-15
6210,2019-08-23,40,45,5
6211,2019-08-23,165,146,-19
6212,2019-08-23,103,65,-38
6213,2019-08-23,117,110,-7
6214,2019-08-23,105,87,-18
6215,2019-08-23,88,85,-3
6216,2019-08-23,140,88,-52
6217,2019-08-23,106,85,-21
6218,2019-08-23,77,60,-17
6219,2019-08-23,71,69,-2
6220,2019-08-23,109,94,-15
6221,2019-08-23,229,184,-45
6222,2019-08-23,109,71,-38
6223,2019-08-23,135,69,-66
6224,2019-08-23,74,71,-3
6225,2019-08-23,66,50,-16
6226,2019-08-23,33,28,-5
6227,2019-08-23,153,149,-4
6228,2019-08-23,31,27,-4
6229,2019-08-23,82,71,-11
6230,2019-08-23,80,82,2
6231,2019-08-23,110,94,-16
6232,2019-08-23,26,24,-2
6233,2019-08-23,152,116,-36
6234,2019-08-23,74,83,9
6235,2019-08-23,98,81,-17
6236,2019-08-23,90,97,7
6237,2019-08-23,79,68,-11
6240,2019-08-23,19,18,-1
6241,2019-08-23,49,44,-5
6243,2019-08-23,76,67,-9
6245,2019-08-23,48,34,-14
6246,2019-08-23,57,52,-5
6247,2019-08-23,153,146,-7
6248,2019-08-23,176,148,-28
6249,2019-08-23,79,77,-2
6250,2019-08-23,109,109,0
6251,2019-08-23,34,24,-10
6252,2019-08-23,57,49,-8
6253,2019-08-23,81,65,-16
6254,2019-08-23,96,77,-19
6255,2019-08-23,81,75,-6
6257,2019-08-23,45,33,-12
6258,2019-08-23,91,74,-17
6259,2019-08-23,54,52,-2
6260,2019-08-23,60,52,-8
6261,2019-08-23,50,54,4
6262,2019-08-23,50,40,-10
6263,2019-08-23,29,25,-4
6264,2019-08-23,32,22,-10
6265,2019-08-23,68,49,-19
6266,2019-08-23,20,15,-5
6267,2019-08-23,58,43,-15
6268,2019-08-23,73,59,-14
6269,2019-08-23,45,47,2
6270,2019-08-23,45,37,-8
6272,2019-08-23,27,27,0
6273,2019-08-23,26,24,-2
6274,2019-08-23,47,36,-11
6275,2019-08-23,35,33,-2
6276,2019-08-23,15,23,8
6277,2019-08-23,65,68,3
6278,2019-08-23,26,21,-5
6279,2019-08-23,29,23,-6
6280,2019-08-23,101,100,-1
6281,2019-08-23,36,24,-12
6301,2019-08-23,27,23,-4
6302,2019-08-23,22,21,-1
6303,2019-08-23,20,15,-5
6304,2019-08-23,12,9,-3
6305,2019-08-23,29,22,-7
6306,2019-08-23,69,32,-37
6307,2019-08-23,83,87,4
6309,2019-08-23,38,31,-7
6310,2019-08-23,74,35,-39
6311,2019-08-23,33,39,6
6312,2019-08-23,33,40,7
6313,2019-08-23,52,79,27
6314,2019-08-23,63,61,-2
6315,2019-08-23,90,46,-44
6316,2019-08-23,39,18,-21
6321,2019-08-23,80,67,-13
6322,2019-08-23,40,25,-15
6323,2019-08-23,9,9,0
6324,2019-08-23,26,25,-1
6327,2019-08-23,46,34,-12
6328,2019-08-23,44,52,8
6329,2019-08-23,34,19,-15
6330,2019-08-23,22,20,-2
6331,2019-08-23,24,11,-13
6332,2019-08-23,41,38,-3
6333,2019-08-23,22,16,-6
6334,2019-08-23,64,89,25
6335,2019-08-23,44,45,1
6336,2019-08-23,39,40,1
6338,2019-08-23,29,32,3
6339,2019-08-23,42,32,-10
6340,2019-08-23,30,22,-8
6341,2019-08-23,36,46,10
6343,2019-08-23,46,45,-1
6344,2019-08-23,44,41,-3
6345,2019-08-23,28,25,-3
6346,2019-08-23,14,16,2
6347,2019-08-23,29,36,7
6349,2019-08-23,35,41,6
6350,2019-08-23,40,38,-2
6354,2019-08-23,50,36,-14
6355,2019-08-23,31,42,11
6356,2019-08-23,26,13,-13
6357,2019-08-23,29,21,-8
6358,2019-08-23,23,25,2
6359,2019-08-23,151,145,-6
6360,2019-08-23,33,29,-4
6361,2019-08-23,45,49,4
6362,2019-08-23,49,49,0
6363,2019-08-23,33,24,-9
6364,2019-08-23,64,48,-16
6366,2019-08-23,35,34,-1
6367,2019-08-23,33,23,-10
6368,2019-08-23,75,76,1
6369,2019-08-23,39,48,9
6370,2019-08-23,41,33,-8
6371,2019-08-23,74,78,4
6372,2019-08-23,97,99,2
6373,2019-08-23,52,34,-18
6374,2019-08-23,33,33,0
6375,2019-08-23,74,71,-3
6376,2019-08-23,23,22,-1
6377,2019-08-23,39,51,12
6379,2019-08-23,32,34,2
6380,2019-08-23,28,21,-7
6381,2019-08-23,66,55,-11
6383,2019-08-23,38,32,-6
6384,2019-08-23,19,11,-8
6385,2019-08-23,61,59,-2
6386,2019-08-23,86,92,6
6387,2019-08-23,61,86,25
6388,2019-08-23,20,23,3
6389,2019-08-23,40,30,-10
6391,2019-08-23,68,90,22
6393,2019-08-23,64,87,23
6394,2019-08-23,70,110,40
6395,2019-08-23,64,72,8
6396,2019-08-23,123,112,-11
6397,2019-08-23,54,60,6
6398,2019-08-23,37,59,22
6401,2019-08-23,82,90,8
6402,2019-08-23,48,56,8
6403,2019-08-23,35,29,-6
6404,2019-08-23,8,24,16
6405,2019-08-23,65,97,32
6406,2019-08-23,126,170,44
6407,2019-08-23,20,37,17
6408,2019-08-23,54,57,3
6409,2019-08-23,25,29,4
6410,2019-08-23,58,64,6
6411,2019-08-23,135,121,-14
6412,2019-08-23,25,34,9
6413,2019-08-23,43,55,12
6414,2019-08-23,24,25,1
6415,2019-08-23,27,30,3
6416,2019-08-23,25,13,-12
6417,2019-08-23,28,35,7
6418,2019-08-23,9,8,-1
6419,2019-08-23,4,9,5
6420,2019-08-23,27,20,-7
6421,2019-08-23,40,25,-15
6422,2019-08-23,16,18,2
6423,2019-08-23,27,14,-13
6424,2019-08-23,56,115,59
6425,2019-08-23,59,66,7
6426,2019-08-23,69,81,12
6427,2019-08-23,66,72,6
6428,2019-08-23,15,16,1
6429,2019-08-23,29,46,17
6432,2019-08-23,93,104,11
6433,2019-08-23,40,37,-3
6434,2019-08-23,73,81,8
6435,2019-08-23,45,47,2
6436,2019-08-23,17,20,3
6501,2019-08-23,170,183,13
6502,2019-08-23,28,26,-2
6503,2019-08-23,66,58,-8
6504,2019-08-23,25,32,7
6700,2019-08-23,19,37,18
6701,2019-08-23,98,84,-14
6702,2019-08-23,18,24,6
6703,2019-08-23,61,50,-11
6704,2019-08-23,31,27,-4
6705,2019-08-23,20,24,4
6706,2019-08-23,15,29,14
6707,2019-08-23,38,32,-6
6709,2019-08-23,35,36,1
6710,2019-08-23,19,18,-1
6711,2019-08-23,23,16,-7
6712,2019-08-23,15,18,3
6713,2019-08-23,15,18,3
6714,2019-08-23,7,5,-2
6715,2019-08-23,33,36,3
6716,2019-08-23,9,11,2
6717,2019-08-23,10,17,7
6718,2019-08-23,34,25,-9
6719,2019-08-23,31,22,-9
6720,2019-08-23,30,37,7
6721,2019-08-23,20,18,-2
6722,2019-08-23,10,16,6
6723,2019-08-23,22,20,-2
6724,2019-08-23,58,87,29
6725,2019-08-23,35,37,2
6726,2019-08-23,15,18,3
6727,2019-08-23,76,82,6
6728,2019-08-23,21,23,2
6729,2019-08-23,125,148,23
6730,2019-08-23,13,18,5
6731,2019-08-23,14,14,0
6732,2019-08-23,50,39,-11
6733,2019-08-23,32,36,4
6734,2019-08-23,46,48,2
6735,2019-08-23,8,8,0
6736,2019-08-23,16,18,2
6737,2019-08-23,23,29,6
6738,2019-08-23,109,81,-28
6739,2019-08-23,4,12,8
6741,2019-08-23,19,12,-7
6742,2019-08-23,56,65,9
6743,2019-08-23,29,19,-10
6744,2019-08-23,25,24,-1
6745,2019-08-23,32,29,-3
6746,2019-08-23,17,16,-1
6747,2019-08-23,45,59,14
6748,2019-08-23,68,93,25
6749,2019-08-23,55,57,2
6750,2019-08-23,56,56,0
6752,2019-08-23,25,31,6
6753,2019-08-23,22,22,0
6754,2019-08-23,27,34,7
6901,2019-08-23,41,70,29
6902,2019-08-23,87,100,13
6903,2019-08-23,119,112,-7
6904,2019-08-23,32,25,-7
6905,2019-08-23,46,38,-8
6906,2019-08-23,148,112,-36
6907,2019-08-23,110,83,-27
6908,2019-08-23,54,49,-5
6910,2019-08-23,135,126,-9
6912,2019-08-23,131,89,-42
6913,2019-08-23,64,41,-23
6915,2019-08-23,83,89,6
6916,2019-08-23,30,39,9
6917,2019-08-23,29,23,-6
6918,2019-08-23,33,19,-14
6919,2019-08-23,32,18,-14
6921,2019-08-23,74,95,21
6923,2019-08-23,47,48,1
6924,2019-08-23,26,27,1
6925,2019-08-23,45,40,-5
6926,2019-08-23,87,107,20
6927,2019-08-23,90,55,-35
6928,2019-08-23,37,14,-23
6929,2019-08-23,37,32,-5
6930,2019-08-23,20,21,1
7001,2019-08-23,34,35,1
7002,2019-08-23,11,15,4
7003,2019-08-23,67,47,-20
7004,2019-08-23,27,24,-3
7005,2019-08-23,8,9,1
7006,2019-08-23,18,20,2
7007,2019-08-23,10,12,2
7008,2019-08-23,18,18,0
7009,2019-08-23,50,70,20
7010,2019-08-23,25,23,-2
7011,2019-08-23,84,92,8
7012,2019-08-23,35,52,17
7013,2019-08-23,33,32,-1
7014,2019-08-23,79,50,-29
7015,2019-08-23,32,33,1
7016,2019-08-23,17,17,0
7017,2019-08-23,40,43,3
7018,2019-08-23,43,51,8
7019,2019-08-23,95,96,1
7020,2019-08-23,15,27,12
7021,2019-08-23,49,48,-1
7022,2019-08-23,40,37,-3
7023,2019-08-23,4,4,0
7024,2019-08-23,59,31,-28
7025,2019-08-23,36,40,4
7026,2019-08-23,72,73,1
7027,2019-08-23,75,53,-22
7028,2019-08-23,91,89,-2
7029,2019-08-23,56,50,-6
7030,2019-08-23,67,62,-5
7031,2019-08-23,39,45,6
7032,2019-08-23,107,61,-46
7033,2019-08-23,83,65,-18
7034,2019-08-23,54,68,14
7035,2019-08-23,44,46,2
7036,2019-08-23,46,53,7
7037,2019-08-23,64,41,-23
7038,2019-08-23,53,52,-1
7039,2019-08-23,35,32,-3
7040,2019-08-23,66,80,14
7041,2019-08-23,129,137,8
7042,2019-08-23,43,41,-2
7043,2019-08-23,25,13,-12
7044,2019-08-23,9,10,1
7045,2019-08-23,77,74,-3
7046,2019-08-23,121,117,-4
7047,2019-08-23,140,214,74
7048,2019-08-23,33,21,-12
7049,2019-08-23,23,36,13
7050,2019-08-23,45,37,-8
7051,2019-08-23,11,26,15
7052,2019-08-23,54,51,-3
7053,2019-08-23,44,50,6
7054,2019-08-23,76,72,-4
7055,2019-08-23,20,35,15
7056,2019-08-23,16,23,7
7057,2019-08-23,31,42,11
7058,2019-08-23,52,49,-3
7059,2019-08-23,29,27,-2
7060,2019-08-23,37,47,10
7061,2019-08-23,22,20,-2
7062,2019-08-23,42,50,8
7063,2019-08-23,18,25,7
7064,2019-08-23,25,31,6
7065,2019-08-23,49,49,0
7066,2019-08-23,79,169,90
7067,2019-08-23,60,57,-3
7068,2019-08-23,79,90,11
7069,2019-08-23,107,148,41
7070,2019-08-23,46,48,2
7071,2019-08-23,66,38,-28
7072,2019-08-23,43,25,-18
7073,2019-08-23,71,75,4
7074,2019-08-23,46,41,-5
7075,2019-08-23,12,12,0
7076,2019-08-23,106,75,-31
7077,2019-08-23,39,49,10
7078,2019-08-23,25,34,9
7079,2019-08-23,41,57,16
7080,2019-08-23,101,92,-9
7081,2019-08-23,73,117,44
7082,2019-08-23,90,100,10
7083,2019-08-23,57,54,-3
7086,2019-08-23,1,0,-1
7090,2019-08-23,14,11,-3
7091,2019-08-23,9,9,0
7092,2019-08-23,12,9,-3
7094,2019-08-23,1,2,1
7095,2019-08-23,25,22,-3
7096,2019-08-23,48,46,-2
7097,2019-08-23,7,5,-2
7098,2019-08-23,4,2,-2
7099,2019-08-23,14,13,-1
7100,2019-08-23,7,10,3
7101,2019-08-23,12,8,-4
7102,2019-08-23,20,22,2
7103,2019-08-23,2,4,2
7104,2019-08-23,2,1,-1
7105,2019-08-23,12,20,8
7106,2019-08-23,2,4,2
7107,2019-08-23,3,3,0
7108,2019-08-23,12,13,1
7109,2019-08-23,14,18,4
7110,2019-08-23,8,7,-1
7111,2019-08-23,8,7,-1
7112,2019-08-23,5,9,4
7113,2019-08-23,74,74,0
7114,2019-08-23,120,125,5
7115,2019-08-23,16,17,1
7116,2019-08-23,16,15,-1
7117,2019-08-23,6,8,2
7118,2019-08-23,4,4,0
7119,2019-08-23,8,11,3
7120,2019-08-23,4,6,2
7121,2019-08-23,11,11,0
7122,2019-08-23,7,5,-2
7123,2019-08-23,2,1,-1
7124,2019-08-23,21,15,-6
7125,2019-08-23,22,20,-2
7126,2019-08-23,6,11,5
7127,2019-08-23,31,35,4
7128,2019-08-23,18,14,-4
7129,2019-08-23,10,13,3
7130,2019-08-23,15,13,-2
7131,2019-08-23,8,7,-1
7133,2019-08-23,5,7,2
7134,2019-08-23,6,5,-1
7135,2019-08-23,2,6,4
7136,2019-08-23,8,10,2
7137,2019-08-23,5,8,3
7138,2019-08-23,3,4,1
7139,2019-08-23,31,36,5
7140,2019-08-23,30,48,18
7141,2019-08-23,37,37,0
7142,2019-08-23,7,15,8
7143,2019-08-23,27,23,-4
7144,2019-08-23,46,59,13
7145,2019-08-23,14,15,1
7146,2019-08-23,23,31,8
7147,2019-08-23,32,35,3
7148,2019-08-23,9,10,1
7149,2019-08-23,12,14,2
10002,2019-08-23,116,121,5
4000,2019-08-24,43,64,21
4001,2019-08-24,14,7,-7
4002,2019-08-24,11,6,-5
5002,2019-08-24,3,2,-1
5003,2019-08-24,4,5,1
5004,2019-08-24,4,9,5
5005,2019-08-24,8,6,-2
5006,2019-08-24,2,7,5
5007,2019-08-24,23,25,2
6001,2019-08-24,49,58,9
6002,2019-08-24,37,47,10
6003,2019-08-24,53,61,8
6004,2019-08-24,47,55,8
6005,2019-08-24,67,44,-23
6006,2019-08-24,44,27,-17
6007,2019-08-24,40,33,-7
6008,2019-08-24,38,43,5
6009,2019-08-24,75,73,-2
6011,2019-08-24,50,49,-1
6012,2019-08-24,121,279,158
6013,2019-08-24,43,64,21
6014,2019-08-24,45,51,6
6015,2019-08-24,157,224,67
6016,2019-08-24,10,8,-2
6017,2019-08-24,46,70,24
6018,2019-08-24,51,78,27
6019,2019-08-24,91,64,-27
6020,2019-08-24,89,91,2
6021,2019-08-24,77,57,-20
6022,2019-08-24,56,61,5
6023,2019-08-24,178,334,156
6024,2019-08-24,8,10,2
6025,2019-08-24,37,38,1
6026,2019-08-24,293,456,163
6027,2019-08-24,78,103,25
6029,2019-08-24,21,27,6
6031,2019-08-24,38,38,0
6032,2019-08-24,54,118,64
6033,2019-08-24,7,9,2
6035,2019-08-24,23,46,23
6036,2019-08-24,282,370,88
6037,2019-08-24,70,81,11
6038,2019-08-24,61,69,8
6039,2019-08-24,52,65,13
6040,2019-08-24,53,60,7
6041,2019-08-24,22,40,18
6042,2019-08-24,21,28,7
6043,2019-08-24,60,78,18
6044,2019-08-24,102,99,-3
6046,2019-08-24,45,38,-7
6047,2019-08-24,37,24,-13
6048,2019-08-24,7,5,-2
6049,2019-08-24,38,38,0
6050,2019-08-24,21,20,-1
6051,2019-08-24,27,29,2
6052,2019-08-24,226,274,48
6053,2019-08-24,159,169,10
6057,2019-08-24,48,45,-3
6058,2019-08-24,48,40,-8
6059,2019-08-24,43,28,-15
6060,2019-08-24,20,14,-6
6061,2019-08-24,69,67,-2
6062,2019-08-24,63,43,-20
6063,2019-08-24,68,63,-5
6064,2019-08-24,74,76,2
6065,2019-08-24,58,45,-13
6066,2019-08-24,39,29,-10
6067,2019-08-24,57,54,-3
6068,2019-08-24,3,8,5
6070,2019-08-24,105,124,19
6072,2019-08-24,30,52,22
6073,2019-08-24,87,117,30
6075,2019-08-24,17,11,-6
6076,2019-08-24,25,32,7
6078,2019-08-24,43,43,0
6079,2019-08-24,66,76,10
6080,2019-08-24,115,113,-2
6081,2019-08-24,41,34,-7
6082,2019-08-24,12,8,-4
6083,2019-08-24,72,71,-1
6084,2019-08-24,14,18,4
6085,2019-08-24,56,96,40
6086,2019-08-24,83,96,13
6087,2019-08-24,112,133,21
6089,2019-08-24,23,22,-1
6090,2019-08-24,35,34,-1
6091,2019-08-24,55,41,-14
6092,2019-08-24,75,58,-17
6093,2019-08-24,39,58,19
6094,2019-08-24,37,40,3
6095,2019-08-24,144,133,-11
6096,2019-08-24,18,25,7
6097,2019-08-24,77,62,-15
6098,2019-08-24,23,25,2
6099,2019-08-24,131,151,20
6100,2019-08-24,170,170,0
6101,2019-08-24,43,16,-27
6102,2019-08-24,37,20,-17
6103,2019-08-24,30,43,13
6104,2019-08-24,45,60,15
6105,2019-08-24,31,32,1
6106,2019-08-24,34,51,17
6107,2019-08-24,79,72,-7
6108,2019-08-24,41,43,2
6109,2019-08-24,37,44,7
6110,2019-08-24,52,54,2
6111,2019-08-24,35,45,10
6112,2019-08-24,112,110,-2
6113,2019-08-24,43,57,14
6114,2019-08-24,133,171,38
6115,2019-08-24,19,18,-1
6116,2019-08-24,57,72,15
6117,2019-08-24,56,59,3
6118,2019-08-24,71,83,12
6119,2019-08-24,80,95,15
6120,2019-08-24,47,89,42
6121,2019-08-24,24,46,22
6122,2019-08-24,16,24,8
6123,2019-08-24,30,34,4
6124,2019-08-24,41,55,14
6125,2019-08-24,14,21,7
6126,2019-08-24,35,44,9
6127,2019-08-24,59,46,-13
6128,2019-08-24,25,26,1
6129,2019-08-24,63,53,-10
6130,2019-08-24,38,28,-10
6131,2019-08-24,102,67,-35
6132,2019-08-24,50,45,-5
6133,2019-08-24,24,21,-3
6134,2019-08-24,47,50,3
6136,2019-08-24,193,167,-26
6137,2019-08-24,105,89,-16
6138,2019-08-24,72,52,-20
6139,2019-08-24,49,38,-11
6140,2019-08-24,101,102,1
6141,2019-08-24,55,65,10
6142,2019-08-24,147,98,-49
6143,2019-08-24,129,110,-19
6145,2019-08-24,89,76,-13
6146,2019-08-24,85,74,-11
6147,2019-08-24,92,50,-42
6148,2019-08-24,118,80,-38
6149,2019-08-24,44,37,-7
6150,2019-08-24,91,77,-14
6151,2019-08-24,103,83,-20
6152,2019-08-24,130,122,-8
6153,2019-08-24,63,44,-19
6154,2019-08-24,212,219,7
6155,2019-08-24,127,107,-20
6156,2019-08-24,78,66,-12
6157,2019-08-24,213,220,7
6158,2019-08-24,50,59,9
6159,2019-08-24,35,35,0
6160,2019-08-24,39,39,0
6161,2019-08-24,50,54,4
6162,2019-08-24,6,9,3
6163,2019-08-24,144,143,-1
6164,2019-08-24,93,109,16
6165,2019-08-24,143,156,13
6166,2019-08-24,73,39,-34
6167,2019-08-24,49,45,-4
6168,2019-08-24,40,27,-13
6169,2019-08-24,203,187,-16
6170,2019-08-24,96,91,-5
6171,2019-08-24,43,54,11
6173,2019-08-24,93,56,-37
6174,2019-08-24,92,79,-13
6175,2019-08-24,69,53,-16
6176,2019-08-24,138,138,0
6177,2019-08-24,69,61,-8
6178,2019-08-24,113,108,-5
6179,2019-08-24,115,114,-1
6180,2019-08-24,34,43,9
6181,2019-08-24,74,49,-25
6182,2019-08-24,59,49,-10
6183,2019-08-24,119,117,-2
6184,2019-08-24,270,269,-1
6185,2019-08-24,28,25,-3
6186,2019-08-24,69,55,-14
6187,2019-08-24,133,128,-5
6188,2019-08-24,58,61,3
6189,2019-08-24,32,24,-8
6190,2019-08-24,97,67,-30
6191,2019-08-24,66,67,1
6192,2019-08-24,35,32,-3
6193,2019-08-24,132,128,-4
6195,2019-08-24,51,46,-5
6196,2019-08-24,126,90,-36
6197,2019-08-24,47,50,3
6198,2019-08-24,20,9,-11
6199,2019-08-24,97,76,-21
6200,2019-08-24,102,96,-6
6201,2019-08-24,74,54,-20
6202,2019-08-24,110,93,-17
6203,2019-08-24,46,27,-19
6204,2019-08-24,96,63,-33
6205,2019-08-24,108,91,-17
6206,2019-08-24,118,118,0
6207,2019-08-24,50,34,-16
6208,2019-08-24,62,52,-10
6209,2019-08-24,132,102,-30
6210,2019-08-24,26,17,-9
6211,2019-08-24,159,157,-2
6212,2019-08-24,92,65,-27
6213,2019-08-24,129,132,3
6214,2019-08-24,98,88,-10
6215,2019-08-24,40,32,-8
6216,2019-08-24,189,137,-52
6217,2019-08-24,114,71,-43
6218,2019-08-24,54,39,-15
6219,2019-08-24,69,59,-10
6220,2019-08-24,92,89,-3
6221,2019-08-24,243,185,-58
6222,2019-08-24,97,82,-15
6223,2019-08-24,115,83,-32
6224,2019-08-24,70,62,-8
6225,2019-08-24,70,65,-5
6226,2019-08-24,7,9,2
6227,2019-08-24,158,143,-15
6228,2019-08-24,11,16,5
6229,2019-08-24,72,68,-4
6230,2019-08-24,90,90,0
6231,2019-08-24,160,140,-20
6232,2019-08-24,23,22,-1
6233,2019-08-24,139,118,-21
6234,2019-08-24,68,61,-7
6235,2019-08-24,38,13,-25
6236,2019-08-24,84,66,-18
6237,2019-08-24,58,60,2
6240,2019-08-24,20,14,-6
6241,2019-08-24,35,35,0
6243,2019-08-24,84,71,-13
6245,2019-08-24,46,54,8
6246,2019-08-24,51,49,-2
6247,2019-08-24,148,134,-14
6248,2019-08-24,140,116,-24
6249,2019-08-24,76,62,-14
6250,2019-08-24,126,117,-9
6251,2019-08-24,34,35,1
6252,2019-08-24,72,71,-1
6253,2019-08-24,59,43,-16
6254,2019-08-24,79,65,-14
6255,2019-08-24,103,107,4
6257,2019-08-24,55,50,-5
6258,2019-08-24,92,68,-24
6259,2019-08-24,42,45,3
6260,2019-08-24,55,55,0
6261,2019-08-24,59,42,-17
6262,2019-08-24,36,36,0
6263,2019-08-24,27,24,-3
6264,2019-08-24,24,26,2
6265,2019-08-24,43,40,-3
6266,2019-08-24,20,18,-2
6267,2019-08-24,52,41,-11
6268,2019-08-24,56,68,12
6269,2019-08-24,31,36,5
6270,2019-08-24,40,49,9
6271,2019-08-24,5,3,-2
6272,2019-08-24,36,28,-8
6273,2019-08-24,33,34,1
6274,2019-08-24,39,40,1
6275,2019-08-24,28,24,-4
6276,2019-08-24,35,34,-1
6277,2019-08-24,78,76,-2
6278,2019-08-24,20,27,7
6279,2019-08-24,16,24,8
6280,2019-08-24,89,83,-6
6281,2019-08-24,43,11,-32
6301,2019-08-24,11,18,7
6302,2019-08-24,13,13,0
6303,2019-08-24,14,12,-2
6304,2019-08-24,4,5,1
6305,2019-08-24,14,4,-10
6306,2019-08-24,28,10,-18
6307,2019-08-24,96,103,7
6309,2019-08-24,21,14,-7
6310,2019-08-24,39,11,-28
6311,2019-08-24,45,40,-5
6312,2019-08-24,24,46,22
6313,2019-08-24,65,79,14
6314,2019-08-24,71,60,-11
6315,2019-08-24,48,33,-15
6316,2019-08-24,47,14,-33
6321,2019-08-24,108,110,2
6322,2019-08-24,40,37,-3
6323,2019-08-24,4,6,2
6324,2019-08-24,19,23,4
6327,2019-08-24,47,24,-23
6328,2019-08-24,54,49,-5
6329,2019-08-24,31,29,-2
6330,2019-08-24,24,26,2
6331,2019-08-24,20,24,4
6332,2019-08-24,25,28,3
6333,2019-08-24,24,31,7
6334,2019-08-24,55,56,1
6335,2019-08-24,47,36,-11
6336,2019-08-24,22,20,-2
6338,2019-08-24,30,20,-10
6339,2019-08-24,29,25,-4
6340,2019-08-24,36,31,-5
6341,2019-08-24,20,30,10
6343,2019-08-24,30,22,-8
6344,2019-08-24,49,55,6
6345,2019-08-24,18,14,-4
6346,2019-08-24,17,12,-5
6347,2019-08-24,14,20,6
6349,2019-08-24,28,26,-2
6350,2019-08-24,36,35,-1
6354,2019-08-24,41,35,-6
6355,2019-08-24,27,34,7
6356,2019-08-24,20,12,-8
6357,2019-08-24,23,10,-13
6358,2019-08-24,25,20,-5
6359,2019-08-24,121,143,22
6360,2019-08-24,35,36,1
6361,2019-08-24,37,36,-1
6362,2019-08-24,40,30,-10
6363,2019-08-24,18,20,2
6364,2019-08-24,35,29,-6
6366,2019-08-24,30,29,-1
6367,2019-08-24,17,16,-1
6368,2019-08-24,88,77,-11
6369,2019-08-24,32,42,10
6370,2019-08-24,29,28,-1
6371,2019-08-24,79,65,-14
6372,2019-08-24,81,95,14
6373,2019-08-24,43,29,-14
6374,2019-08-24,37,28,-9
6375,2019-08-24,48,50,2
6376,2019-08-24,29,35,6
6377,2019-08-24,38,27,-11
6379,2019-08-24,26,29,3
6380,2019-08-24,24,14,-10
6381,2019-08-24,53,52,-1
6383,2019-08-24,34,23,-11
6384,2019-08-24,24,18,-6
6385,2019-08-24,56,58,2
6386,2019-08-24,55,72,17
6387,2019-08-24,56,68,12
6388,2019-08-24,9,29,20
6389,2019-08-24,52,37,-15
6391,2019-08-24,56,72,16
6393,2019-08-24,65,79,14
6394,2019-08-24,69,84,15
6395,2019-08-24,57,55,-2
6396,2019-08-24,60,72,12
6397,2019-08-24,43,41,-2
6398,2019-08-24,23,36,13
6401,2019-08-24,73,78,5
6402,2019-08-24,47,83,36
6403,2019-08-24,34,28,-6
6404,2019-08-24,14,19,5
6405,2019-08-24,66,87,21
6406,2019-08-24,262,328,66
6407,2019-08-24,13,23,10
6408,2019-08-24,26,29,3
6409,2019-08-24,24,15,-9
6410,2019-08-24,27,27,0
6411,2019-08-24,121,110,-11
6412,2019-08-24,16,11,-5
6413,2019-08-24,20,22,2
6414,2019-08-24,16,15,-1
6415,2019-08-24,27,28,1
6416,2019-08-24,19,11,-8
6417,2019-08-24,25,24,-1
6418,2019-08-24,10,10,0
6419,2019-08-24,10,16,6
6420,2019-08-24,32,32,0
6421,2019-08-24,49,45,-4
6422,2019-08-24,13,13,0
6423,2019-08-24,8,7,-1
6424,2019-08-24,48,66,18
6425,2019-08-24,46,53,7
6426,2019-08-24,41,53,12
6427,2019-08-24,55,55,0
6428,2019-08-24,15,14,-1
6429,2019-08-24,34,43,9
6432,2019-08-24,75,67,-8
6433,2019-08-24,26,30,4
6434,2019-08-24,65,66,1
6435,2019-08-24,47,42,-5
6436,2019-08-24,17,17,0
6501,2019-08-24,211,238,27
6502,2019-08-24,40,45,5
6503,2019-08-24,35,34,-1
6504,2019-08-24,33,34,1
6700,2019-08-24,21,21,0
6701,2019-08-24,70,68,-2
6702,2019-08-24,18,24,6
6703,2019-08-24,73,77,4
6704,2019-08-24,20,21,1
6705,2019-08-24,14,17,3
6706,2019-08-24,23,24,1
6707,2019-08-24,24,30,6
6709,2019-08-24,35,33,-2
6710,2019-08-24,9,6,-3
6711,2019-08-24,20,29,9
6712,2019-08-24,31,31,0
6713,2019-08-24,4,11,7
6714,2019-08-24,16,18,2
6715,2019-08-24,19,24,5
6716,2019-08-24,11,11,0
6717,2019-08-24,10,14,4
6718,2019-08-24,27,37,10
6719,2019-08-24,16,22,6
6720,2019-08-24,17,27,10
6721,2019-08-24,16,17,1
6722,2019-08-24,10,12,2
6723,2019-08-24,22,13,-9
6724,2019-08-24,76,75,-1
6725,2019-08-24,32,39,7
6726,2019-08-24,11,10,-1
6727,2019-08-24,61,62,1
6728,2019-08-24,19,13,-6
6729,2019-08-24,139,141,2
6730,2019-08-24,16,15,-1
6731,2019-08-24,21,19,-2
6732,2019-08-24,21,27,6
6733,2019-08-24,33,30,-3
6734,2019-08-24,33,30,-3
6735,2019-08-24,6,5,-1
6736,2019-08-24,19,20,1
6737,2019-08-24,18,17,-1
6738,2019-08-24,30,17,-13
6739,2019-08-24,8,7,-1
6741,2019-08-24,27,17,-10
6742,2019-08-24,39,36,-3
6743,2019-08-24,22,14,-8
6744,2019-08-24,23,21,-2
6745,2019-08-24,19,21,2
6746,2019-08-24,7,7,0
6747,2019-08-24,126,116,-10
6748,2019-08-24,68,73,5
6749,2019-08-24,58,55,-3
6750,2019-08-24,52,36,-16
6752,2019-08-24,14,16,2
6753,2019-08-24,12,15,3
6754,2019-08-24,14,17,3
6901,2019-08-24,45,53,8
6902,2019-08-24,69,82,13
6903,2019-08-24,98,87,-11
6904,2019-08-24,22,17,-5
6905,2019-08-24,45,29,-16
6906,2019-08-24,137,91,-46
6907,2019-08-24,100,78,-22
6908,2019-08-24,44,47,3
6910,2019-08-24,117,117,0
6912,2019-08-24,111,102,-9
6913,2019-08-24,55,45,-10
6915,2019-08-24,84,68,-16
6916,2019-08-24,30,32,2
6917,2019-08-24,20,20,0
6918,2019-08-24,35,18,-17
6919,2019-08-24,20,14,-6
6921,2019-08-24,34,36,2
6923,2019-08-24,36,32,-4
6924,2019-08-24,33,23,-10
6925,2019-08-24,19,29,10
6926,2019-08-24,89,82,-7
6927,2019-08-24,42,35,-7
6928,2019-08-24,39,7,-32
6929,2019-08-24,25,24,-1
6930,2019-08-24,18,19,1
7001,2019-08-24,28,33,5
7002,2019-08-24,3,12,9
7003,2019-08-24,85,85,0
7004,2019-08-24,15,11,-4
7005,2019-08-24,9,9,0
7006,2019-08-24,8,12,4
7007,2019-08-24,11,8,-3
7008,2019-08-24,14,15,1
7009,2019-08-24,34,38,4
7010,2019-08-24,19,20,1
7011,2019-08-24,66,79,13
7012,2019-08-24,35,37,2
7013,2019-08-24,28,18,-10
7014,2019-08-24,43,32,-11
7015,2019-08-24,34,35,1
7016,2019-08-24,7,11,4
7017,2019-08-24,26,32,6
7018,2019-08-24,30,36,6
7019,2019-08-24,12,16,4
7020,2019-08-24,21,18,-3
7021,2019-08-24,39,45,6
7022,2019-08-24,35,29,-6
7023,2019-08-24,5,3,-2
7024,2019-08-24,31,24,-7
7025,2019-08-24,27,22,-5
7026,2019-08-24,32,30,-2
7027,2019-08-24,66,50,-16
7028,2019-08-24,34,34,0
7029,2019-08-24,35,28,-7
7030,2019-08-24,59,61,2
7031,2019-08-24,75,67,-8
7032,2019-08-24,91,45,-46
7033,2019-08-24,50,41,-9
7034,2019-08-24,35,105,70
7035,2019-08-24,38,31,-7
7036,2019-08-24,69,63,-6
7037,2019-08-24,30,31,1
7038,2019-08-24,70,61,-9
7039,2019-08-24,26,26,0
7040,2019-08-24,58,50,-8
7041,2019-08-24,72,80,8
7042,2019-08-24,33,35,2
7043,2019-08-24,26,23,-3
7044,2019-08-24,8,5,-3
7045,2019-08-24,88,86,-2
7046,2019-08-24,77,74,-3
7047,2019-08-24,124,161,37
7048,2019-08-24,27,26,-1
7049,2019-08-24,17,32,15
7050,2019-08-24,33,35,2
7051,2019-08-24,17,22,5
7052,2019-08-24,12,14,2
7053,2019-08-24,42,52,10
7054,2019-08-24,96,90,-6
7055,2019-08-24,27,30,3
7056,2019-08-24,26,26,0
7057,2019-08-24,43,49,6
7058,2019-08-24,37,52,15
7059,2019-08-24,28,21,-7
7060,2019-08-24,24,29,5
7061,2019-08-24,24,20,-4
7062,2019-08-24,28,32,4
7063,2019-08-24,30,24,-6
7064,2019-08-24,14,19,5
7065,2019-08-24,48,45,-3
7066,2019-08-24,83,143,60
7067,2019-08-24,35,33,-2
7068,2019-08-24,101,102,1
7069,2019-08-24,74,127,53
7070,2019-08-24,36,30,-6
7071,2019-08-24,40,29,-11
7072,2019-08-24,37,32,-5
7073,2019-08-24,47,59,12
7074,2019-08-24,36,41,5
7075,2019-08-24,3,4,1
7076,2019-08-24,54,49,-5
7077,2019-08-24,45,58,13
7078,2019-08-24,26,35,9
7079,2019-08-24,17,23,6
7080,2019-08-24,47,55,8
7081,2019-08-24,94,111,17
7082,2019-08-24,67,95,28
7083,2019-08-24,59,47,-12
7086,2019-08-24,2,2,0
7087,2019-08-24,1,0,-1
7088,2019-08-24,2,4,2
7090,2019-08-24,9,10,1
7091,2019-08-24,8,6,-2
7092,2019-08-24,2,3,1
7093,2019-08-24,3,7,4
7094,2019-08-24,1,1,0
7095,2019-08-24,3,5,2
7096,2019-08-24,21,22,1
7097,2019-08-24,4,8,4
7098,2019-08-24,2,0,-2
7099,2019-08-24,8,8,0
7100,2019-08-24,3,6,3
7101,2019-08-24,6,2,-4
7102,2019-08-24,14,13,-1
7103,2019-08-24,33,38,5
7104,2019-08-24,1,4,3
7105,2019-08-24,11,14,3
7106,2019-08-24,4,2,-2
7107,2019-08-24,5,4,-1
7108,2019-08-24,22,27,5
7109,2019-08-24,12,11,-1
7110,2019-08-24,13,10,-3
7111,2019-08-24,1,1,0
7112,2019-08-24,15,12,-3
7113,2019-08-24,39,38,-1
7114,2019-08-24,141,151,10
7115,2019-08-24,8,10,2
7116,2019-08-24,7,11,4
7117,2019-08-24,4,7,3
7118,2019-08-24,1,2,1
7119,2019-08-24,12,10,-2
7120,2019-08-24,5,4,-1
7121,2019-08-24,2,3,1
7122,2019-08-24,3,3,0
7123,2019-08-24,3,3,0
7124,2019-08-24,16,13,-3
7125,2019-08-24,58,55,-3
7126,2019-08-24,4,4,0
7127,2019-08-24,22,28,6
7128,2019-08-24,14,8,-6
7129,2019-08-24,5,3,-2
7130,2019-08-24,8,14,6
7131,2019-08-24,2,1,-1
7133,2019-08-24,5,14,9
7134,2019-08-24,8,12,4
7135,2019-08-24,2,2,0
7136,2019-08-24,5,4,-1
7137,2019-08-24,1,4,3
7138,2019-08-24,6,3,-3
7139,2019-08-24,61,55,-6
7140,2019-08-24,11,24,13
7141,2019-08-24,26,24,-2
7142,2019-08-24,11,13,2
7143,2019-08-24,33,28,-5
7144,2019-08-24,38,57,19
7145,2019-08-24,10,7,-3
7146,2019-08-24,15,24,9
7147,2019-08-24,22,28,6
7148,2019-08-24,13,17,4
7149,2019-08-24,6,5,-1
10002,2019-08-24,61,67,6
4000,2019-08-25,54,77,23
4001,2019-08-25,10,12,2
4002,2019-08-25,24,25,1
5002,2019-08-25,8,3,-5
5003,2019-08-25,11,7,-4
5004,2019-08-25,7,5,-2
5005,2019-08-25,2,3,1
5006,2019-08-25,3,3,0
5007,2019-08-25,29,33,4
6001,2019-08-25,61,59,-2
6002,2019-08-25,59,73,14
6003,2019-08-25,60,59,-1
6004,2019-08-25,51,48,-3
6005,2019-08-25,32,32,0
6006,2019-08-25,38,33,-5
6007,2019-08-25,32,35,3
6008,2019-08-25,34,29,-5
6009,2019-08-25,88,83,-5
6011,2019-08-25,41,55,14
6012,2019-08-25,181,225,44
6013,2019-08-25,61,62,1
6014,2019-08-25,59,57,-2
6015,2019-08-25,231,289,58
6016,2019-08-25,5,7,2
6017,2019-08-25,53,62,9
6018,2019-08-25,70,72,2
6019,2019-08-25,115,70,-45
6020,2019-08-25,69,102,33
6021,2019-08-25,70,61,-9
6022,2019-08-25,57,73,16
6023,2019-08-25,343,423,80
6024,2019-08-25,14,17,3
6025,2019-08-25,40,42,2
6026,2019-08-25,438,559,121
6027,2019-08-25,83,80,-3
6029,2019-08-25,27,24,-3
6031,2019-08-25,42,45,3
6032,2019-08-25,123,180,57
6033,2019-08-25,11,9,-2
6035,2019-08-25,21,45,24
6036,2019-08-25,409,557,148
6037,2019-08-25,95,93,-2
6038,2019-08-25,82,99,17
6039,2019-08-25,83,82,-1
6040,2019-08-25,62,64,2
6041,2019-08-25,43,32,-11
6042,2019-08-25,42,37,-5
6043,2019-08-25,71,104,33
6044,2019-08-25,80,80,0
6046,2019-08-25,56,45,-11
6047,2019-08-25,44,36,-8
6048,2019-08-25,4,7,3
6049,2019-08-25,31,35,4
6050,2019-08-25,23,24,1
6051,2019-08-25,27,27,0
6052,2019-08-25,404,509,105
6053,2019-08-25,144,176,32
6057,2019-08-25,52,41,-11
6058,2019-08-25,44,45,1
6059,2019-08-25,40,30,-10
6060,2019-08-25,11,10,-1
6061,2019-08-25,71,70,-1
6062,2019-08-25,70,52,-18
6063,2019-08-25,87,77,-10
6064,2019-08-25,100,95,-5
6065,2019-08-25,54,55,1
6066,2019-08-25,50,37,-13
6067,2019-08-25,68,73,5
6068,2019-08-25,18,21,3
6070,2019-08-25,144,134,-10
6072,2019-08-25,34,44,10
6073,2019-08-25,116,127,11
6075,2019-08-25,25,13,-12
6076,2019-08-25,35,41,6
6078,2019-08-25,54,59,5
6079,2019-08-25,70,66,-4
6080,2019-08-25,121,134,13
6081,2019-08-25,33,33,0
6082,2019-08-25,22,14,-8
6083,2019-08-25,60,65,5
6084,2019-08-25,38,34,-4
6085,2019-08-25,72,110,38
6086,2019-08-25,94,120,26
6087,2019-08-25,121,142,21
6089,2019-08-25,36,27,-9
6090,2019-08-25,23,26,3
6091,2019-08-25,67,53,-14
6092,2019-08-25,85,61,-24
6093,2019-08-25,97,73,-24
6094,2019-08-25,50,41,-9
6095,2019-08-25,185,185,0
6096,2019-08-25,23,31,8
6097,2019-08-25,124,80,-44
6098,2019-08-25,66,30,-36
6099,2019-08-25,161,223,62
6100,2019-08-25,244,248,4
6101,2019-08-25,48,17,-31
6102,2019-08-25,28,28,0
6103,2019-08-25,42,37,-5
6104,2019-08-25,58,71,13
6105,2019-08-25,41,41,0
6106,2019-08-25,42,60,18
6107,2019-08-25,150,94,-56
6108,2019-08-25,30,51,21
6109,2019-08-25,124,122,-2
6110,2019-08-25,32,39,7
6111,2019-08-25,77,84,7
6112,2019-08-25,132,130,-2
6113,2019-08-25,61,61,0
6114,2019-08-25,163,230,67
6115,2019-08-25,27,35,8
6116,2019-08-25,64,64,0
6117,2019-08-25,65,59,-6
6118,2019-08-25,73,104,31
6119,2019-08-25,91,111,20
6120,2019-08-25,65,79,14
6121,2019-08-25,29,59,30
6122,2019-08-25,18,22,4
6123,2019-08-25,36,47,11
6124,2019-08-25,40,56,16
6125,2019-08-25,27,15,-12
6126,2019-08-25,31,43,12
6127,2019-08-25,68,59,-9
6128,2019-08-25,21,23,2
6129,2019-08-25,60,56,-4
6130,2019-08-25,36,32,-4
6131,2019-08-25,116,87,-29
6132,2019-08-25,36,51,15
6133,2019-08-25,33,32,-1
6134,2019-08-25,59,55,-4
6136,2019-08-25,263,192,-71
6137,2019-08-25,117,118,1
6138,2019-08-25,64,68,4
6139,2019-08-25,45,36,-9
6140,2019-08-25,136,126,-10
6141,2019-08-25,72,60,-12
6142,2019-08-25,232,182,-50
6143,2019-08-25,298,284,-14
6145,2019-08-25,133,113,-20
6146,2019-08-25,115,94,-21
6147,2019-08-25,130,94,-36
6148,2019-08-25,154,94,-60
6149,2019-08-25,45,28,-17
6150,2019-08-25,95,99,4
6151,2019-08-25,101,98,-3
6152,2019-08-25,121,126,5
6153,2019-08-25,55,56,1
6154,2019-08-25,208,204,-4
6155,2019-08-25,164,146,-18
6156,2019-08-25,84,92,8
6157,2019-08-25,206,194,-12
6158,2019-08-25,75,73,-2
6159,2019-08-25,44,44,0
6160,2019-08-25,34,31,-3
6161,2019-08-25,61,56,-5
6162,2019-08-25,23,21,-2
6163,2019-08-25,120,110,-10
6164,2019-08-25,95,116,21
6165,2019-08-25,200,247,47
6166,2019-08-25,60,60,0
6167,2019-08-25,51,47,-4
6168,2019-08-25,31,25,-6
6169,2019-08-25,247,208,-39
6170,2019-08-25,161,149,-12
6171,2019-08-25,54,59,5
6173,2019-08-25,116,79,-37
6174,2019-08-25,110,99,-11
6175,2019-08-25,91,69,-22
6176,2019-08-25,158,153,-5
6177,2019-08-25,108,93,-15
6178,2019-08-25,120,106,-14
6179,2019-08-25,74,64,-10
6180,2019-08-25,62,76,14
6181,2019-08-25,124,116,-8
6182,2019-08-25,72,71,-1
6183,2019-08-25,126,126,0
6184,2019-08-25,320,276,-44
6185,2019-08-25,22,16,-6
6186,2019-08-25,103,80,-23
6187,2019-08-25,144,126,-18
6188,2019-08-25,95,59,-36
6189,2019-08-25,34,40,6
6190,2019-08-25,88,45,-43
6191,2019-08-25,70,63,-7
6192,2019-08-25,46,54,8
6193,2019-08-25,154,154,0
6195,2019-08-25,67,46,-21
6196,2019-08-25,151,118,-33
6197,2019-08-25,37,44,7
6198,2019-08-25,14,11,-3
6199,2019-08-25,78,61,-17
6200,2019-08-25,98,97,-1
6201,2019-08-25,75,64,-11
6202,2019-08-25,126,94,-32
6203,2019-08-25,47,29,-18
6204,2019-08-25,114,92,-22
6205,2019-08-25,112,106,-6
6206,2019-08-25,157,143,-14
6207,2019-08-25,44,49,5
6208,2019-08-25,70,88,18
6209,2019-08-25,132,104,-28
6210,2019-08-25,39,28,-11
6211,2019-08-25,149,131,-18
6212,2019-08-25,144,106,-38
6213,2019-08-25,126,105,-21
6214,2019-08-25,133,127,-6
6215,2019-08-25,43,41,-2
6216,2019-08-25,492,353,-139
6217,2019-08-25,137,99,-38
6218,2019-08-25,58,45,-13
6219,2019-08-25,64,54,-10
6220,2019-08-25,94,80,-14
6221,2019-08-25,273,226,-47
6222,2019-08-25,125,113,-12
6223,2019-08-25,175,156,-19
6224,2019-08-25,96,79,-17
6225,2019-08-25,85,70,-15
6226,2019-08-25,15,16,1
6227,2019-08-25,163,164,1
6228,2019-08-25,36,30,-6
6229,2019-08-25,66,60,-6
6230,2019-08-25,118,116,-2
6231,2019-08-25,159,154,-5
6232,2019-08-25,88,88,0
6233,2019-08-25,145,147,2
6234,2019-08-25,78,78,0
6235,2019-08-25,19,17,-2
6236,2019-08-25,92,94,2
6237,2019-08-25,61,74,13
6240,2019-08-25,29,21,-8
6241,2019-08-25,50,44,-6
6243,2019-08-25,93,98,5
6245,2019-08-25,47,45,-2
6246,2019-08-25,60,52,-8
6247,2019-08-25,134,136,2
6248,2019-08-25,139,107,-32
6249,2019-08-25,76,64,-12
6250,2019-08-25,195,176,-19
6251,2019-08-25,36,24,-12
6252,2019-08-25,48,44,-4
6253,2019-08-25,60,57,-3
6254,2019-08-25,87,73,-14
6255,2019-08-25,124,124,0
6257,2019-08-25,37,27,-10
6258,2019-08-25,96,85,-11
6259,2019-08-25,42,35,-7
6260,2019-08-25,53,51,-2
6261,2019-08-25,51,56,5
6262,2019-08-25,53,60,7
6263,2019-08-25,12,16,4
6264,2019-08-25,28,29,1
6265,2019-08-25,47,54,7
6266,2019-08-25,17,17,0
6267,2019-08-25,56,51,-5
6268,2019-08-25,76,62,-14
6269,2019-08-25,36,37,1
6270,2019-08-25,42,41,-1
6271,2019-08-25,6,8,2
6272,2019-08-25,29,35,6
6273,2019-08-25,37,41,4
6274,2019-08-25,38,43,5
6275,2019-08-25,27,25,-2
6276,2019-08-25,48,47,-1
6277,2019-08-25,59,59,0
6278,2019-08-25,24,25,1
6279,2019-08-25,17,24,7
6280,2019-08-25,73,84,11
6281,2019-08-25,42,21,-21
6301,2019-08-25,33,20,-13
6302,2019-08-25,16,15,-1
6303,2019-08-25,24,21,-3
6304,2019-08-25,10,9,-1
6305,2019-08-25,22,18,-4
6306,2019-08-25,47,29,-18
6307,2019-08-25,127,114,-13
6309,2019-08-25,29,30,1
6310,2019-08-25,68,45,-23
6311,2019-08-25,44,34,-10
6312,2019-08-25,53,61,8
6313,2019-08-25,76,74,-2
6314,2019-08-25,68,74,6
6315,2019-08-25,99,70,-29
6316,2019-08-25,48,17,-31
6321,2019-08-25,163,153,-10
6322,2019-08-25,31,39,8
6323,2019-08-25,14,15,1
6324,2019-08-25,21,26,5
6327,2019-08-25,36,23,-13
6328,2019-08-25,60,68,8
6329,2019-08-25,31,31,0
6330,2019-08-25,29,28,-1
6331,2019-08-25,27,25,-2
6332,2019-08-25,29,37,8
6333,2019-08-25,30,30,0
6334,2019-08-25,73,60,-13
6335,2019-08-25,47,50,3
6336,2019-08-25,26,29,3
6338,2019-08-25,34,40,6
6339,2019-08-25,26,23,-3
6340,2019-08-25,29,29,0
6341,2019-08-25,44,53,9
6343,2019-08-25,28,41,13
6344,2019-08-25,49,63,14
6345,2019-08-25,17,20,3
6346,2019-08-25,19,11,-8
6347,2019-08-25,24,16,-8
6349,2019-08-25,22,23,1
6350,2019-08-25,45,51,6
6354,2019-08-25,45,47,2
6355,2019-08-25,30,46,16
6356,2019-08-25,30,27,-3
6357,2019-08-25,17,15,-2
6358,2019-08-25,24,22,-2
6359,2019-08-25,160,138,-22
6360,2019-08-25,36,38,2
6361,2019-08-25,52,56,4
6362,2019-08-25,33,39,6
6363,2019-08-25,27,21,-6
6364,2019-08-25,56,51,-5
6366,2019-08-25,32,30,-2
6367,2019-08-25,16,15,-1
6368,2019-08-25,90,99,9
6369,2019-08-25,43,58,15
6370,2019-08-25,44,40,-4
6371,2019-08-25,65,77,12
6372,2019-08-25,100,121,21
6373,2019-08-25,44,42,-2
6374,2019-08-25,37,39,2
6375,2019-08-25,66,73,7
6376,2019-08-25,30,38,8
6377,2019-08-25,37,44,7
6379,2019-08-25,23,27,4
6380,2019-08-25,16,26,10
6381,2019-08-25,69,73,4
6383,2019-08-25,22,27,5
6384,2019-08-25,24,19,-5
6385,2019-08-25,56,49,-7
6386,2019-08-25,69,75,6
6387,2019-08-25,60,63,3
6388,2019-08-25,12,17,5
6389,2019-08-25,51,41,-10
6391,2019-08-25,56,69,13
6393,2019-08-25,49,75,26
6394,2019-08-25,80,117,37
6395,2019-08-25,66,64,-2
6396,2019-08-25,110,107,-3
6397,2019-08-25,96,104,8
6398,2019-08-25,29,37,8
6401,2019-08-25,81,95,14
6402,2019-08-25,60,77,17
6403,2019-08-25,24,34,10
6404,2019-08-25,16,30,14
6405,2019-08-25,72,85,13
6406,2019-08-25,371,438,67
6407,2019-08-25,17,25,8
6408,2019-08-25,27,32,5
6409,2019-08-25,9,18,9
6410,2019-08-25,21,29,8
6411,2019-08-25,146,115,-31
6412,2019-08-25,17,16,-1
6413,2019-08-25,16,15,-1
6414,2019-08-25,24,34,10
6415,2019-08-25,27,23,-4
6416,2019-08-25,28,15,-13
6417,2019-08-25,23,27,4
6418,2019-08-25,13,16,3
6419,2019-08-25,15,18,3
6420,2019-08-25,35,27,-8
6421,2019-08-25,50,45,-5
6422,2019-08-25,15,16,1
6423,2019-08-25,13,16,3
6424,2019-08-25,86,87,1
6425,2019-08-25,77,74,-3
6426,2019-08-25,74,76,2
6427,2019-08-25,75,85,10
6428,2019-08-25,27,29,2
6429,2019-08-25,60,67,7
6432,2019-08-25,90,105,15
6433,2019-08-25,28,26,-2
6434,2019-08-25,79,65,-14
6435,2019-08-25,64,61,-3
6436,2019-08-25,25,31,6
6501,2019-08-25,383,544,161
6502,2019-08-25,50,46,-4
6503,2019-08-25,45,41,-4
6504,2019-08-25,64,77,13
6700,2019-08-25,26,33,7
6701,2019-08-25,81,80,-1
6702,2019-08-25,18,25,7
6703,2019-08-25,123,126,3
6704,2019-08-25,32,32,0
6705,2019-08-25,28,16,-12
6706,2019-08-25,24,32,8
6707,2019-08-25,31,28,-3
6709,2019-08-25,37,22,-15
6710,2019-08-25,16,15,-1
6711,2019-08-25,25,17,-8
6712,2019-08-25,53,56,3
6713,2019-08-25,23,17,-6
6714,2019-08-25,28,27,-1
6715,2019-08-25,52,68,16
6716,2019-08-25,9,11,2
6717,2019-08-25,21,19,-2
6718,2019-08-25,36,31,-5
6719,2019-08-25,29,29,0
6720,2019-08-25,32,35,3
6721,2019-08-25,18,20,2
6722,2019-08-25,10,10,0
6723,2019-08-25,24,18,-6
6724,2019-08-25,102,113,11
6725,2019-08-25,34,27,-7
6726,2019-08-25,10,8,-2
6727,2019-08-25,61,67,6
6728,2019-08-25,19,17,-2
6729,2019-08-25,153,177,24
6730,2019-08-25,13,13,0
6731,2019-08-25,18,23,5
6732,2019-08-25,38,41,3
6733,2019-08-25,34,30,-4
6734,2019-08-25,41,30,-11
6735,2019-08-25,5,8,3
6736,2019-08-25,33,32,-1
6737,2019-08-25,15,19,4
6738,2019-08-25,33,32,-1
6739,2019-08-25,7,10,3
6741,2019-08-25,23,16,-7
6742,2019-08-25,36,37,1
6743,2019-08-25,19,16,-3
6744,2019-08-25,24,30,6
6745,2019-08-25,26,26,0
6746,2019-08-25,14,18,4
6747,2019-08-25,30,25,-5
6748,2019-08-25,59,86,27
6749,2019-08-25,76,75,-1
6750,2019-08-25,52,54,2
6752,2019-08-25,23,20,-3
6753,2019-08-25,22,21,-1
6754,2019-08-25,34,32,-2
6901,2019-08-25,63,58,-5
6902,2019-08-25,80,104,24
6903,2019-08-25,92,75,-17
6904,2019-08-25,34,31,-3
6905,2019-08-25,23,18,-5
6906,2019-08-25,166,92,-74
6907,2019-08-25,97,103,6
6908,2019-08-25,54,49,-5
6910,2019-08-25,110,103,-7
6912,2019-08-25,142,87,-55
6913,2019-08-25,55,41,-14
6915,2019-08-25,109,104,-5
6916,2019-08-25,37,35,-2
6917,2019-08-25,14,19,5
6918,2019-08-25,36,26,-10
6919,2019-08-25,34,27,-7
6921,2019-08-25,44,58,14
6923,2019-08-25,26,30,4
6924,2019-08-25,19,28,9
6925,2019-08-25,32,32,0
6926,2019-08-25,81,77,-4
6927,2019-08-25,57,38,-19
6928,2019-08-25,35,10,-25
6929,2019-08-25,26,25,-1
6930,2019-08-25,27,26,-1
7001,2019-08-25,38,47,9
7002,2019-08-25,7,15,8
7003,2019-08-25,123,93,-30
7004,2019-08-25,13,11,-2
7005,2019-08-25,8,11,3
7006,2019-08-25,12,12,0
7007,2019-08-25,11,12,1
7008,2019-08-25,14,13,-1
7009,2019-08-25,34,44,10
7010,2019-08-25,19,21,2
7011,2019-08-25,85,104,19
7012,2019-08-25,56,55,-1
7013,2019-08-25,35,25,-10
7014,2019-08-25,61,48,-13
7015,2019-08-25,85,74,-11
7016,2019-08-25,7,11,4
7017,2019-08-25,28,32,4
7018,2019-08-25,28,36,8
7019,2019-08-25,11,9,-2
7020,2019-08-25,15,17,2
7021,2019-08-25,41,49,8
7022,2019-08-25,57,50,-7
7023,2019-08-25,4,7,3
7024,2019-08-25,62,41,-21
7025,2019-08-25,29,27,-2
7026,2019-08-25,38,25,-13
7027,2019-08-25,66,78,12
7028,2019-08-25,29,23,-6
7029,2019-08-25,53,66,13
7030,2019-08-25,83,81,-2
7031,2019-08-25,61,52,-9
7032,2019-08-25,102,65,-37
7033,2019-08-25,74,65,-9
7034,2019-08-25,57,136,79
7035,2019-08-25,44,50,6
7036,2019-08-25,74,78,4
7037,2019-08-25,40,35,-5
7038,2019-08-25,53,60,7
7039,2019-08-25,37,32,-5
7040,2019-08-25,51,50,-1
7041,2019-08-25,86,95,9
7042,2019-08-25,23,21,-2
7043,2019-08-25,33,30,-3
7044,2019-08-25,11,8,-3
7045,2019-08-25,120,130,10
7046,2019-08-25,72,65,-7
7047,2019-08-25,146,176,30
7048,2019-08-25,40,44,4
7049,2019-08-25,17,22,5
7050,2019-08-25,37,26,-11
7051,2019-08-25,18,20,2
7052,2019-08-25,15,26,11
7053,2019-08-25,65,67,2
7054,2019-08-25,119,155,36
7055,2019-08-25,34,30,-4
7056,2019-08-25,24,30,6
7057,2019-08-25,53,63,10
7058,2019-08-25,44,62,18
7059,2019-08-25,33,36,3
7060,2019-08-25,48,58,10
7061,2019-08-25,30,22,-8
7062,2019-08-25,37,30,-7
7063,2019-08-25,32,38,6
7064,2019-08-25,19,19,0
7065,2019-08-25,49,50,1
7066,2019-08-25,104,176,72
7067,2019-08-25,26,33,7
7068,2019-08-25,172,194,22
7069,2019-08-25,79,83,4
7070,2019-08-25,26,36,10
7071,2019-08-25,58,56,-2
7072,2019-08-25,79,61,-18
7073,2019-08-25,65,83,18
7074,2019-08-25,39,47,8
7075,2019-08-25,3,7,4
7076,2019-08-25,91,90,-1
7077,2019-08-25,113,120,7
7078,2019-08-25,24,45,21
7079,2019-08-25,28,28,0
7080,2019-08-25,54,66,12
7081,2019-08-25,87,101,14
7082,2019-08-25,81,92,11
7083,2019-08-25,56,63,7
7086,2019-08-25,7,8,1
7087,2019-08-25,2,0,-2
7088,2019-08-25,2,3,1
7089,2019-08-25,6,7,1
7090,2019-08-25,10,11,1
7091,2019-08-25,14,6,-8
7092,2019-08-25,10,7,-3
7093,2019-08-25,18,17,-1
7094,2019-08-25,6,6,0
7095,2019-08-25,14,15,1
7096,2019-08-25,26,24,-2
7097,2019-08-25,11,14,3
7098,2019-08-25,1,5,4
7099,2019-08-25,8,10,2
7100,2019-08-25,17,8,-9
7101,2019-08-25,2,2,0
7102,2019-08-25,20,22,2
7103,2019-08-25,67,73,6
7104,2019-08-25,11,15,4
7105,2019-08-25,36,33,-3
7106,2019-08-25,8,9,1
7107,2019-08-25,13,21,8
7108,2019-08-25,57,59,2
7109,2019-08-25,7,11,4
7110,2019-08-25,42,48,6
7111,2019-08-25,25,23,-2
7112,2019-08-25,17,26,9
7113,2019-08-25,37,40,3
7114,2019-08-25,177,193,16
7115,2019-08-25,17,16,-1
7116,2019-08-25,24,12,-12
7117,2019-08-25,2,2,0
7119,2019-08-25,27,32,5
7120,2019-08-25,9,8,-1
7121,2019-08-25,3,10,7
7122,2019-08-25,3,5,2
7123,2019-08-25,4,5,1
7124,2019-08-25,26,27,1
7125,2019-08-25,81,73,-8
7126,2019-08-25,12,11,-1
7127,2019-08-25,28,23,-5
7128,2019-08-25,7,13,6
7129,2019-08-25,24,16,-8
7130,2019-08-25,16,12,-4
7131,2019-08-25,9,16,7
7132,2019-08-25,3,6,3
7133,2019-08-25,18,21,3
7134,2019-08-25,9,7,-2
7135,2019-08-25,11,10,-1
7136,2019-08-25,4,6,2
7137,2019-08-25,6,6,0
7138,2019-08-25,7,7,0
7139,2019-08-25,168,160,-8
7140,2019-08-25,15,13,-2
7141,2019-08-25,49,48,-1
7142,2019-08-25,32,31,-1
7143,2019-08-25,70,79,9
7144,2019-08-25,76,87,11
7145,2019-08-25,14,17,3
7146,2019-08-25,21,27,6
7147,2019-08-25,36,34,-2
7148,2019-08-25,29,30,1
7149,2019-08-25,14,13,-1
10002,2019-08-25,148,139,-9
4000,2019-08-26,66,81,15
4001,2019-08-26,9,13,4
4002,2019-08-26,23,35,12
5002,2019-08-26,2,2,0
5003,2019-08-26,2,4,2
5004,2019-08-26,11,9,-2
5005,2019-08-26,7,4,-3
5006,2019-08-26,10,14,4
5007,2019-08-26,18,22,4
6001,2019-08-26,75,105,30
6002,2019-08-26,47,56,9
6003,2019-08-26,86,84,-2
6004,2019-08-26,60,62,2
6005,2019-08-26,96,96,0
6006,2019-08-26,45,25,-20
6007,2019-08-26,45,52,7
6008,2019-08-26,53,94,41
6009,2019-08-26,82,79,-3
6011,2019-08-26,72,87,15
6012,2019-08-26,149,207,58
6013,2019-08-26,74,77,3
6014,2019-08-26,80,84,4
6015,2019-08-26,162,231,69
6016,2019-08-26,23,21,-2
6017,2019-08-26,49,59,10
6018,2019-08-26,56,72,16
6019,2019-08-26,134,77,-57
6020,2019-08-26,95,118,23
6021,2019-08-26,113,82,-31
6022,2019-08-26,82,81,-1
6023,2019-08-26,144,193,49
6024,2019-08-26,1,4,3
6025,2019-08-26,45,43,-2
6026,2019-08-26,187,255,68
6027,2019-08-26,107,108,1
6029,2019-08-26,26,35,9
6031,2019-08-26,34,33,-1
6032,2019-08-26,70,153,83
6033,2019-08-26,21,20,-1
6035,2019-08-26,34,70,36
6036,2019-08-26,169,237,68
6037,2019-08-26,50,59,9
6038,2019-08-26,118,129,11
6039,2019-08-26,88,108,20
6040,2019-08-26,67,92,25
6041,2019-08-26,72,70,-2
6042,2019-08-26,105,103,-2
6043,2019-08-26,239,428,189
6044,2019-08-26,103,78,-25
6046,2019-08-26,127,128,1
6047,2019-08-26,65,50,-15
6048,2019-08-26,53,50,-3
6049,2019-08-26,86,98,12
6050,2019-08-26,60,83,23
6051,2019-08-26,39,30,-9
6052,2019-08-26,273,347,74
6053,2019-08-26,112,129,17
6057,2019-08-26,96,87,-9
6058,2019-08-26,89,65,-24
6059,2019-08-26,97,73,-24
6060,2019-08-26,33,33,0
6061,2019-08-26,80,82,2
6062,2019-08-26,72,54,-18
6063,2019-08-26,108,103,-5
6064,2019-08-26,216,166,-50
6065,2019-08-26,54,45,-9
6066,2019-08-26,40,24,-16
6067,2019-08-26,102,108,6
6068,2019-08-26,24,17,-7
6070,2019-08-26,258,255,-3
6072,2019-08-26,82,87,5
6073,2019-08-26,207,156,-51
6075,2019-08-26,47,23,-24
6076,2019-08-26,27,37,10
6078,2019-08-26,67,67,0
6079,2019-08-26,82,67,-15
6080,2019-08-26,191,173,-18
6081,2019-08-26,50,35,-15
6082,2019-08-26,17,27,10
6083,2019-08-26,128,149,21
6084,2019-08-26,65,75,10
6085,2019-08-26,84,113,29
6086,2019-08-26,102,129,27
6087,2019-08-26,120,169,49
6088,2019-08-26,24,32,8
6089,2019-08-26,59,58,-1
6090,2019-08-26,56,52,-4
6091,2019-08-26,62,49,-13
6092,2019-08-26,65,70,5
6093,2019-08-26,91,77,-14
6094,2019-08-26,50,46,-4
6095,2019-08-26,182,164,-18
6096,2019-08-26,47,71,24
6097,2019-08-26,100,69,-31
6098,2019-08-26,50,37,-13
6099,2019-08-26,134,210,76
6100,2019-08-26,278,233,-45
6101,2019-08-26,72,22,-50
6102,2019-08-26,44,28,-16
6103,2019-08-26,17,25,8
6104,2019-08-26,91,112,21
6105,2019-08-26,55,71,16
6106,2019-08-26,38,55,17
6107,2019-08-26,113,83,-30
6108,2019-08-26,52,60,8
6109,2019-08-26,28,30,2
6110,2019-08-26,22,33,11
6111,2019-08-26,52,62,10
6112,2019-08-26,103,132,29
6113,2019-08-26,38,27,-11
6114,2019-08-26,150,198,48
6115,2019-08-26,18,19,1
6116,2019-08-26,58,78,20
6117,2019-08-26,96,85,-11
6118,2019-08-26,75,105,30
6119,2019-08-26,70,108,38
6120,2019-08-26,77,94,17
6121,2019-08-26,25,42,17
6122,2019-08-26,30,30,0
6123,2019-08-26,29,35,6
6124,2019-08-26,39,62,23
6125,2019-08-26,38,32,-6
6126,2019-08-26,48,60,12
6127,2019-08-26,50,57,7
6128,2019-08-26,13,20,7
6129,2019-08-26,81,85,4
6130,2019-08-26,20,20,0
6131,2019-08-26,126,75,-51
6132,2019-08-26,68,60,-8
6133,2019-08-26,44,33,-11
6134,2019-08-26,47,46,-1
6136,2019-08-26,266,195,-71
6137,2019-08-26,106,103,-3
6138,2019-08-26,85,80,-5
6139,2019-08-26,44,42,-2
6140,2019-08-26,95,103,8
6141,2019-08-26,55,49,-6
6142,2019-08-26,107,97,-10
6143,2019-08-26,135,118,-17
6145,2019-08-26,76,71,-5
6146,2019-08-26,83,65,-18
6147,2019-08-26,105,50,-55
6148,2019-08-26,140,88,-52
6149,2019-08-26,55,49,-6
6150,2019-08-26,59,61,2
6151,2019-08-26,83,92,9
6152,2019-08-26,150,126,-24
6153,2019-08-26,52,58,6
6154,2019-08-26,159,160,1
6155,2019-08-26,144,121,-23
6156,2019-08-26,75,80,5
6157,2019-08-26,106,119,13
6158,2019-08-26,64,56,-8
6159,2019-08-26,49,42,-7
6160,2019-08-26,55,56,1
6161,2019-08-26,49,60,11
6162,2019-08-26,17,16,-1
6163,2019-08-26,89,107,18
6164,2019-08-26,74,79,5
6165,2019-08-26,159,182,23
6166,2019-08-26,84,57,-27
6167,2019-08-26,30,41,11
6168,2019-08-26,54,49,-5
6169,2019-08-26,198,166,-32
6170,2019-08-26,69,63,-6
6171,2019-08-26,31,31,0
6173,2019-08-26,124,76,-48
6174,2019-08-26,109,86,-23
6175,2019-08-26,92,60,-32
6176,2019-08-26,101,88,-13
6177,2019-08-26,59,64,5
6178,2019-08-26,98,98,0
6179,2019-08-26,67,66,-1
6180,2019-08-26,55,53,-2
6181,2019-08-26,140,98,-42
6182,2019-08-26,77,58,-19
6183,2019-08-26,82,66,-16
6184,2019-08-26,264,220,-44
6185,2019-08-26,20,23,3
6186,2019-08-26,71,67,-4
6187,2019-08-26,125,114,-11
6188,2019-08-26,51,56,5
6189,2019-08-26,35,32,-3
6190,2019-08-26,114,62,-52
6191,2019-08-26,63,54,-9
6192,2019-08-26,47,43,-4
6193,2019-08-26,108,112,4
6195,2019-08-26,74,41,-33
6196,2019-08-26,117,90,-27
6197,2019-08-26,60,51,-9
6198,2019-08-26,28,18,-10
6199,2019-08-26,108,84,-24
6200,2019-08-26,98,101,3
6201,2019-08-26,94,66,-28
6202,2019-08-26,127,103,-24
6203,2019-08-26,59,41,-18
6204,2019-08-26,86,103,17
6205,2019-08-26,120,113,-7
6206,2019-08-26,143,132,-11
6207,2019-08-26,61,61,0
6208,2019-08-26,67,81,14
6209,2019-08-26,104,81,-23
6210,2019-08-26,49,49,0
6211,2019-08-26,170,160,-10
6212,2019-08-26,137,90,-47
6213,2019-08-26,128,133,5
6214,2019-08-26,80,71,-9
6215,2019-08-26,62,60,-2
6216,2019-08-26,155,95,-60
6217,2019-08-26,87,64,-23
6218,2019-08-26,84,50,-34
6219,2019-08-26,69,71,2
6220,2019-08-26,80,71,-9
6221,2019-08-26,211,196,-15
6222,2019-08-26,132,86,-46
6223,2019-08-26,148,85,-63
6224,2019-08-26,80,75,-5
6225,2019-08-26,67,54,-13
6226,2019-08-26,35,24,-11
6227,2019-08-26,140,155,15
6228,2019-08-26,29,27,-2
6229,2019-08-26,63,66,3
6230,2019-08-26,119,116,-3
6231,2019-08-26,118,117,-1
6232,2019-08-26,52,47,-5
6233,2019-08-26,139,95,-44
6234,2019-08-26,58,57,-1
6235,2019-08-26,92,109,17
6236,2019-08-26,70,82,12
6237,2019-08-26,55,65,10
6240,2019-08-26,29,25,-4
6241,2019-08-26,56,53,-3
6243,2019-08-26,82,80,-2
6245,2019-08-26,50,42,-8
6246,2019-08-26,60,58,-2
6247,2019-08-26,137,111,-26
6248,2019-08-26,158,123,-35
6249,2019-08-26,86,65,-21
6250,2019-08-26,101,86,-15
6251,2019-08-26,24,21,-3
6252,2019-08-26,68,60,-8
6253,2019-08-26,83,64,-19
6254,2019-08-26,90,84,-6
6255,2019-08-26,82,85,3
6257,2019-08-26,51,44,-7
6258,2019-08-26,81,72,-9
6259,2019-08-26,39,37,-2
6260,2019-08-26,54,48,-6
6261,2019-08-26,65,61,-4
6262,2019-08-26,40,46,6
6263,2019-08-26,24,32,8
6264,2019-08-26,30,28,-2
6265,2019-08-26,58,55,-3
6266,2019-08-26,24,26,2
6267,2019-08-26,60,56,-4
6268,2019-08-26,60,58,-2
6269,2019-08-26,24,39,15
6270,2019-08-26,49,49,0
6271,2019-08-26,1,2,1
6272,2019-08-26,36,44,8
6273,2019-08-26,37,37,0
6274,2019-08-26,40,43,3
6275,2019-08-26,33,33,0
6276,2019-08-26,42,50,8
6277,2019-08-26,52,46,-6
6278,2019-08-26,30,27,-3
6279,2019-08-26,21,18,-3
6280,2019-08-26,102,96,-6
6281,2019-08-26,26,19,-7
6301,2019-08-26,22,25,3
6302,2019-08-26,24,19,-5
6303,2019-08-26,27,19,-8
6304,2019-08-26,15,13,-2
6305,2019-08-26,26,19,-7
6306,2019-08-26,74,34,-40
6307,2019-08-26,88,90,2
6309,2019-08-26,18,31,13
6310,2019-08-26,106,49,-57
6311,2019-08-26,43,42,-1
6312,2019-08-26,31,34,3
6313,2019-08-26,58,78,20
6314,2019-08-26,49,61,12
6315,2019-08-26,98,42,-56
6316,2019-08-26,56,25,-31
6321,2019-08-26,123,125,2
6322,2019-08-26,33,36,3
6323,2019-08-26,18,7,-11
6324,2019-08-26,29,31,2
6327,2019-08-26,32,34,2
6328,2019-08-26,51,46,-5
6329,2019-08-26,28,28,0
6330,2019-08-26,32,25,-7
6331,2019-08-26,22,24,2
6332,2019-08-26,41,44,3
6333,2019-08-26,30,28,-2
6334,2019-08-26,83,86,3
6335,2019-08-26,54,52,-2
6336,2019-08-26,26,29,3
6338,2019-08-26,33,36,3
6339,2019-08-26,33,32,-1
6340,2019-08-26,29,35,6
6341,2019-08-26,33,42,9
6343,2019-08-26,49,47,-2
6344,2019-08-26,52,39,-13
6345,2019-08-26,17,23,6
6346,2019-08-26,40,23,-17
6347,2019-08-26,29,24,-5
6349,2019-08-26,36,42,6
6350,2019-08-26,37,39,2
6354,2019-08-26,37,41,4
6355,2019-08-26,33,49,16
6356,2019-08-26,38,26,-12
6357,2019-08-26,27,27,0
6358,2019-08-26,21,28,7
6359,2019-08-26,104,118,14
6360,2019-08-26,41,35,-6
6361,2019-08-26,50,48,-2
6362,2019-08-26,42,41,-1
6363,2019-08-26,23,22,-1
6364,2019-08-26,56,47,-9
6366,2019-08-26,39,31,-8
6367,2019-08-26,20,18,-2
6368,2019-08-26,55,67,12
6369,2019-08-26,39,50,11
6370,2019-08-26,36,37,1
6371,2019-08-26,55,66,11
6372,2019-08-26,93,107,14
6373,2019-08-26,41,49,8
6374,2019-08-26,54,46,-8
6375,2019-08-26,70,92,22
6376,2019-08-26,29,26,-3
6377,2019-08-26,43,43,0
6379,2019-08-26,36,43,7
6380,2019-08-26,44,28,-16
6381,2019-08-26,58,63,5
6383,2019-08-26,43,34,-9
6384,2019-08-26,30,22,-8
6385,2019-08-26,44,55,11
6386,2019-08-26,69,81,12
6387,2019-08-26,67,104,37
6388,2019-08-26,30,28,-2
6389,2019-08-26,48,37,-11
6391,2019-08-26,63,88,25
6393,2019-08-26,69,99,30
6394,2019-08-26,76,123,47
6395,2019-08-26,82,93,11
6396,2019-08-26,102,88,-14
6397,2019-08-26,57,70,13
6398,2019-08-26,36,67,31
6401,2019-08-26,61,72,11
6402,2019-08-26,49,66,17
6403,2019-08-26,28,31,3
6404,2019-08-26,11,18,7
6405,2019-08-26,46,52,6
6406,2019-08-26,127,151,24
6407,2019-08-26,27,25,-2
6408,2019-08-26,58,60,2
6409,2019-08-26,19,20,1
6410,2019-08-26,56,50,-6
6411,2019-08-26,131,124,-7
6412,2019-08-26,25,27,2
6413,2019-08-26,33,53,20
6414,2019-08-26,12,19,7
6415,2019-08-26,33,40,7
6416,2019-08-26,20,12,-8
6417,2019-08-26,32,47,15
6418,2019-08-26,13,14,1
6419,2019-08-26,20,21,1
6420,2019-08-26,32,32,0
6421,2019-08-26,43,49,6
6422,2019-08-26,15,19,4
6423,2019-08-26,21,19,-2
6424,2019-08-26,33,81,48
6425,2019-08-26,46,50,4
6426,2019-08-26,82,89,7
6427,2019-08-26,73,67,-6
6428,2019-08-26,16,20,4
6429,2019-08-26,34,51,17
6432,2019-08-26,121,113,-8
6433,2019-08-26,35,33,-2
6434,2019-08-26,69,76,7
6435,2019-08-26,43,44,1
6436,2019-08-26,29,28,-1
6501,2019-08-26,114,121,7
6502,2019-08-26,24,23,-1
6503,2019-08-26,80,66,-14
6504,2019-08-26,13,26,13
6700,2019-08-26,30,45,15
6701,2019-08-26,91,87,-4
6702,2019-08-26,22,31,9
6703,2019-08-26,62,59,-3
6704,2019-08-26,33,30,-3
6705,2019-08-26,14,25,11
6706,2019-08-26,23,34,11
6707,2019-08-26,34,32,-2
6709,2019-08-26,36,37,1
6710,2019-08-26,24,25,1
6711,2019-08-26,21,24,3
6712,2019-08-26,19,17,-2
6713,2019-08-26,20,20,0
6714,2019-08-26,5,3,-2
6715,2019-08-26,25,24,-1
6716,2019-08-26,13,12,-1
6717,2019-08-26,14,25,11
6718,2019-08-26,30,31,1
6719,2019-08-26,24,24,0
6720,2019-08-26,37,48,11
6721,2019-08-26,21,24,3
6722,2019-08-26,9,20,11
6723,2019-08-26,10,16,6
6724,2019-08-26,60,77,17
6725,2019-08-26,32,34,2
6726,2019-08-26,13,13,0
6727,2019-08-26,85,83,-2
6728,2019-08-26,16,17,1
6729,2019-08-26,155,166,11
6730,2019-08-26,16,14,-2
6731,2019-08-26,21,19,-2
6732,2019-08-26,43,47,4
6733,2019-08-26,34,33,-1
6734,2019-08-26,32,41,9
6735,2019-08-26,15,20,5
6736,2019-08-26,25,30,5
6737,2019-08-26,18,20,2
6738,2019-08-26,122,98,-24
6739,2019-08-26,6,16,10
6741,2019-08-26,22,25,3
6742,2019-08-26,63,58,-5
6743,2019-08-26,28,13,-15
6744,2019-08-26,19,25,6
6745,2019-08-26,24,29,5
6746,2019-08-26,23,12,-11
6747,2019-08-26,41,48,7
6748,2019-08-26,77,105,28
6749,2019-08-26,72,71,-1
6750,2019-08-26,49,48,-1
6752,2019-08-26,28,29,1
6753,2019-08-26,24,22,-2
6754,2019-08-26,28,28,0
6901,2019-08-26,52,84,32
6902,2019-08-26,73,87,14
6903,2019-08-26,122,91,-31
6904,2019-08-26,28,31,3
6905,2019-08-26,36,31,-5
6906,2019-08-26,200,114,-86
6907,2019-08-26,131,87,-44
6908,2019-08-26,69,65,-4
6910,2019-08-26,127,118,-9
6912,2019-08-26,149,100,-49
6913,2019-08-26,49,41,-8
6915,2019-08-26,99,79,-20
6916,2019-08-26,45,37,-8
6917,2019-08-26,26,28,2
6918,2019-08-26,36,27,-9
6919,2019-08-26,30,23,-7
6921,2019-08-26,71,77,6
6923,2019-08-26,44,49,5
6924,2019-08-26,30,33,3
6925,2019-08-26,48,41,-7
6926,2019-08-26,70,57,-13
6927,2019-08-26,105,56,-49
6928,2019-08-26,74,37,-37
6929,2019-08-26,35,37,2
6930,2019-08-26,25,28,3
7001,2019-08-26,36,29,-7
7002,2019-08-26,18,21,3
7003,2019-08-26,101,94,-7
7004,2019-08-26,28,34,6
7005,2019-08-26,6,9,3
7006,2019-08-26,26,36,10
7007,2019-08-26,6,13,7
7008,2019-08-26,14,13,-1
7009,2019-08-26,46,44,-2
7010,2019-08-26,24,23,-1
7011,2019-08-26,100,104,4
7012,2019-08-26,55,65,10
7013,2019-08-26,31,38,7
7014,2019-08-26,121,81,-40
7015,2019-08-26,21,28,7
7016,2019-08-26,21,15,-6
7017,2019-08-26,32,43,11
7018,2019-08-26,22,42,20
7019,2019-08-26,103,79,-24
7020,2019-08-26,20,28,8
7021,2019-08-26,52,54,2
7022,2019-08-26,31,28,-3
7023,2019-08-26,5,3,-2
7024,2019-08-26,65,41,-24
7025,2019-08-26,42,31,-11
7026,2019-08-26,70,64,-6
7027,2019-08-26,51,61,10
7028,2019-08-26,92,93,1
7029,2019-08-26,48,45,-3
7030,2019-08-26,58,60,2
7031,2019-08-26,55,62,7
7032,2019-08-26,97,56,-41
7033,2019-08-26,74,52,-22
7034,2019-08-26,47,79,32
7035,2019-08-26,30,39,9
7036,2019-08-26,49,47,-2
7037,2019-08-26,59,53,-6
7038,2019-08-26,70,60,-10
7039,2019-08-26,43,44,1
7040,2019-08-26,70,92,22
7041,2019-08-26,118,112,-6
7042,2019-08-26,44,50,6
7043,2019-08-26,27,25,-2
7044,2019-08-26,9,17,8
7045,2019-08-26,65,64,-1
7046,2019-08-26,123,128,5
7047,2019-08-26,117,205,88
7048,2019-08-26,37,35,-2
7049,2019-08-26,16,20,4
7050,2019-08-26,21,34,13
7051,2019-08-26,10,16,6
7052,2019-08-26,50,59,9
7053,2019-08-26,49,53,4
7054,2019-08-26,52,64,12
7055,2019-08-26,23,31,8
7056,2019-08-26,21,24,3
7057,2019-08-26,33,47,14
7058,2019-08-26,45,41,-4
7059,2019-08-26,28,22,-6
7060,2019-08-26,38,44,6
7061,2019-08-26,23,21,-2
7062,2019-08-26,40,48,8
7063,2019-08-26,23,27,4
7064,2019-08-26,26,32,6
7065,2019-08-26,36,42,6
7066,2019-08-26,92,150,58
7067,2019-08-26,72,75,3
7068,2019-08-26,93,116,23
7069,2019-08-26,100,112,12
7070,2019-08-26,27,41,14
7071,2019-08-26,55,37,-18
7072,2019-08-26,34,34,0
7073,2019-08-26,67,87,20
7074,2019-08-26,35,42,7
7075,2019-08-26,7,9,2
7076,2019-08-26,85,70,-15
7077,2019-08-26,31,31,0
7078,2019-08-26,19,27,8
7079,2019-08-26,48,55,7
7080,2019-08-26,84,83,-1
7081,2019-08-26,74,79,5
7082,2019-08-26,92,109,17
7083,2019-08-26,60,51,-9
7088,2019-08-26,1,1,0
7090,2019-08-26,11,16,5
7091,2019-08-26,2,6,4
7092,2019-08-26,10,6,-4
7093,2019-08-26,1,2,1
7094,2019-08-26,5,3,-2
7095,2019-08-26,22,20,-2
7096,2019-08-26,28,35,7
7097,2019-08-26,9,7,-2
7098,2019-08-26,1,7,6
7099,2019-08-26,15,13,-2
7100,2019-08-26,13,12,-1
7101,2019-08-26,7,6,-1
7102,2019-08-26,17,29,12
7103,2019-08-26,17,17,0
7105,2019-08-26,12,12,0
7106,2019-08-26,5,4,-1
7107,2019-08-26,3,5,2
7108,2019-08-26,11,8,-3
7109,2019-08-26,26,23,-3
7110,2019-08-26,8,8,0
7111,2019-08-26,3,5,2
7112,2019-08-26,7,9,2
7113,2019-08-26,71,63,-8
7114,2019-08-26,109,124,15
7115,2019-08-26,17,9,-8
7116,2019-08-26,15,9,-6
7117,2019-08-26,9,8,-1
7118,2019-08-26,2,0,-2
7119,2019-08-26,7,10,3
7120,2019-08-26,3,9,6
7121,2019-08-26,9,11,2
7122,2019-08-26,8,5,-3
7123,2019-08-26,3,3,0
7124,2019-08-26,23,20,-3
7125,2019-08-26,34,27,-7
7126,2019-08-26,6,4,-2
7127,2019-08-26,30,33,3
7128,2019-08-26,27,20,-7
7129,2019-08-26,16,20,4
7130,2019-08-26,15,17,2
7131,2019-08-26,10,9,-1
7132,2019-08-26,1,4,3
7133,2019-08-26,6,8,2
7134,2019-08-26,7,10,3
7135,2019-08-26,6,5,-1
7136,2019-08-26,12,11,-1
7137,2019-08-26,7,4,-3
7138,2019-08-26,7,3,-4
7139,2019-08-26,37,35,-2
7140,2019-08-26,24,23,-1
7141,2019-08-26,33,38,5
7142,2019-08-26,16,20,4
7143,2019-08-26,12,28,16
7144,2019-08-26,37,49,12
7145,2019-08-26,16,25,9
7146,2019-08-26,14,24,10
7147,2019-08-26,55,49,-6
7148,2019-08-26,7,14,7
7149,2019-08-26,10,11,1
10002,2019-08-26,120,124,4
4000,2019-08-27,67,87,20
4001,2019-08-27,12,13,1
4002,2019-08-27,27,32,5
5002,2019-08-27,4,1,-3
5003,2019-08-27,2,1,-1
5004,2019-08-27,8,9,1
5006,2019-08-27,7,11,4
5007,2019-08-27,16,21,5
6001,2019-08-27,74,93,19
6002,2019-08-27,48,72,24
6003,2019-08-27,78,97,19
6004,2019-08-27,60,59,-1
6005,2019-08-27,106,121,15
6006,2019-08-27,54,36,-18
6007,2019-08-27,43,43,0
6008,2019-08-27,54,93,39
6009,2019-08-27,85,86,1
6011,2019-08-27,93,100,7
6012,2019-08-27,154,221,67
6013,2019-08-27,58,74,16
6014,2019-08-27,96,107,11
6015,2019-08-27,216,328,112
6016,2019-08-27,15,15,0
6017,2019-08-27,56,64,8
6018,2019-08-27,49,70,21
6019,2019-08-27,171,89,-82
6020,2019-08-27,112,145,33
6021,2019-08-27,122,105,-17
6022,2019-08-27,90,100,10
6023,2019-08-27,155,203,48
6024,2019-08-27,1,3,2
6025,2019-08-27,46,46,0
6026,2019-08-27,210,310,100
6027,2019-08-27,149,150,1
6029,2019-08-27,35,39,4
6031,2019-08-27,40,57,17
6032,2019-08-27,57,167,110
6033,2019-08-27,26,28,2
6035,2019-08-27,42,72,30
6036,2019-08-27,159,259,100
6037,2019-08-27,50,51,1
6038,2019-08-27,114,117,3
6039,2019-08-27,100,107,7
6040,2019-08-27,77,88,11
6041,2019-08-27,83,85,2
6042,2019-08-27,100,98,-2
6043,2019-08-27,221,487,266
6044,2019-08-27,94,86,-8
6046,2019-08-27,127,131,4
6047,2019-08-27,91,71,-20
6048,2019-08-27,52,55,3
6049,2019-08-27,130,132,2
6050,2019-08-27,72,79,7
6051,2019-08-27,43,32,-11
6052,2019-08-27,305,347,42
6053,2019-08-27,139,142,3
6057,2019-08-27,93,83,-10
6058,2019-08-27,109,74,-35
6059,2019-08-27,115,83,-32
6060,2019-08-27,50,31,-19
6061,2019-08-27,91,70,-21
6062,2019-08-27,67,65,-2
6063,2019-08-27,101,101,0
6064,2019-08-27,205,174,-31
6065,2019-08-27,57,51,-6
6066,2019-08-27,54,24,-30
6067,2019-08-27,140,133,-7
6068,2019-08-27,14,18,4
6070,2019-08-27,261,213,-48
6072,2019-08-27,127,100,-27
6073,2019-08-27,193,164,-29
6075,2019-08-27,63,22,-41
6076,2019-08-27,32,44,12
6078,2019-08-27,65,69,4
6079,2019-08-27,77,82,5
6080,2019-08-27,180,176,-4
6081,2019-08-27,41,33,-8
6082,2019-08-27,25,23,-2
6083,2019-08-27,136,165,29
6084,2019-08-27,60,91,31
6085,2019-08-27,120,147,27
6086,2019-08-27,71,112,41
6087,2019-08-27,116,145,29
6088,2019-08-27,65,63,-2
6089,2019-08-27,58,61,3
6090,2019-08-27,61,61,0
6091,2019-08-27,67,57,-10
6092,2019-08-27,72,70,-2
6093,2019-08-27,106,99,-7
6094,2019-08-27,56,50,-6
6095,2019-08-27,201,193,-8
6096,2019-08-27,45,72,27
6097,2019-08-27,88,50,-38
6098,2019-08-27,41,27,-14
6099,2019-08-27,131,203,72
6100,2019-08-27,263,228,-35
6101,2019-08-27,59,28,-31
6102,2019-08-27,39,28,-11
6103,2019-08-27,22,27,5
6104,2019-08-27,92,111,19
6105,2019-08-27,65,75,10
6106,2019-08-27,29,37,8
6107,2019-08-27,110,104,-6
6108,2019-08-27,53,68,15
6109,2019-08-27,26,32,6
6110,2019-08-27,34,37,3
6111,2019-08-27,51,63,12
6112,2019-08-27,97,98,1
6113,2019-08-27,31,42,11
6114,2019-08-27,167,215,48
6115,2019-08-27,24,28,4
6116,2019-08-27,65,89,24
6117,2019-08-27,111,106,-5
6118,2019-08-27,112,124,12
6119,2019-08-27,89,120,31
6120,2019-08-27,79,99,20
6121,2019-08-27,20,34,14
6122,2019-08-27,24,33,9
6123,2019-08-27,17,40,23
6124,2019-08-27,35,72,37
6125,2019-08-27,30,29,-1
6126,2019-08-27,58,60,2
6127,2019-08-27,62,62,0
6128,2019-08-27,25,26,1
6129,2019-08-27,86,86,0
6130,2019-08-27,37,25,-12
6131,2019-08-27,109,66,-43
6132,2019-08-27,82,86,4
6133,2019-08-27,40,34,-6
6134,2019-08-27,43,44,1
6136,2019-08-27,332,217,-115
6137,2019-08-27,102,97,-5
6138,2019-08-27,76,86,10
6139,2019-08-27,51,52,1
6140,2019-08-27,87,96,9
6141,2019-08-27,54,56,2
6142,2019-08-27,107,79,-28
6143,2019-08-27,106,109,3
6145,2019-08-27,56,61,5
6146,2019-08-27,75,58,-17
6147,2019-08-27,135,84,-51
6148,2019-08-27,153,136,-17
6149,2019-08-27,41,43,2
6150,2019-08-27,89,75,-14
6151,2019-08-27,109,113,4
6152,2019-08-27,135,121,-14
6153,2019-08-27,65,75,10
6154,2019-08-27,145,158,13
6155,2019-08-27,143,130,-13
6156,2019-08-27,99,84,-15
6157,2019-08-27,129,118,-11
6158,2019-08-27,54,55,1
6159,2019-08-27,35,47,12
6160,2019-08-27,70,56,-14
6161,2019-08-27,45,47,2
6162,2019-08-27,14,21,7
6163,2019-08-27,130,125,-5
6164,2019-08-27,62,76,14
6165,2019-08-27,175,194,19
6166,2019-08-27,78,76,-2
6167,2019-08-27,35,40,5
6168,2019-08-27,76,71,-5
6169,2019-08-27,192,152,-40
6170,2019-08-27,71,77,6
6171,2019-08-27,43,44,1
6173,2019-08-27,128,77,-51
6174,2019-08-27,122,93,-29
6175,2019-08-27,122,77,-45
6176,2019-08-27,95,105,10
6177,2019-08-27,63,56,-7
6178,2019-08-27,100,107,7
6179,2019-08-27,80,83,3
6180,2019-08-27,72,83,11
6181,2019-08-27,152,99,-53
6182,2019-08-27,77,64,-13
6183,2019-08-27,100,75,-25
6184,2019-08-27,289,233,-56
6185,2019-08-27,23,19,-4
6186,2019-08-27,99,71,-28
6187,2019-08-27,131,123,-8
6188,2019-08-27,80,61,-19
6189,2019-08-27,28,31,3
6190,2019-08-27,133,77,-56
6191,2019-08-27,96,85,-11
6192,2019-08-27,45,37,-8
6193,2019-08-27,111,119,8
6195,2019-08-27,90,54,-36
6196,2019-08-27,134,93,-41
6197,2019-08-27,56,56,0
6198,2019-08-27,32,20,-12
6199,2019-08-27,113,94,-19
6200,2019-08-27,89,81,-8
6201,2019-08-27,82,65,-17
6202,2019-08-27,146,122,-24
6203,2019-08-27,67,58,-9
6204,2019-08-27,110,100,-10
6205,2019-08-27,134,104,-30
6206,2019-08-27,157,152,-5
6207,2019-08-27,61,56,-5
6208,2019-08-27,79,92,13
6209,2019-08-27,133,98,-35
6210,2019-08-27,52,50,-2
6211,2019-08-27,192,163,-29
6212,2019-08-27,107,87,-20
6213,2019-08-27,136,126,-10
6214,2019-08-27,104,88,-16
6215,2019-08-27,83,79,-4
6216,2019-08-27,189,103,-86
6217,2019-08-27,97,73,-24
6218,2019-08-27,66,51,-15
6219,2019-08-27,74,70,-4
6220,2019-08-27,117,92,-25
6221,2019-08-27,230,189,-41
6222,2019-08-27,97,67,-30
6223,2019-08-27,144,68,-76
6224,2019-08-27,69,72,3
6225,2019-08-27,90,72,-18
6226,2019-08-27,34,30,-4
6227,2019-08-27,133,120,-13
6228,2019-08-27,34,30,-4
6229,2019-08-27,81,74,-7
6230,2019-08-27,107,103,-4
6231,2019-08-27,115,103,-12
6232,2019-08-27,43,26,-17
6233,2019-08-27,146,106,-40
6234,2019-08-27,80,71,-9
6235,2019-08-27,97,60,-37
6236,2019-08-27,88,95,7
6237,2019-08-27,56,61,5
6240,2019-08-27,27,33,6
6241,2019-08-27,51,54,3
6243,2019-08-27,85,75,-10
6245,2019-08-27,42,39,-3
6246,2019-08-27,61,59,-2
6247,2019-08-27,141,119,-22
6248,2019-08-27,177,151,-26
6249,2019-08-27,68,56,-12
6250,2019-08-27,103,92,-11
6251,2019-08-27,26,19,-7
6252,2019-08-27,67,38,-29
6253,2019-08-27,92,54,-38
6254,2019-08-27,86,70,-16
6255,2019-08-27,100,90,-10
6257,2019-08-27,54,50,-4
6258,2019-08-27,88,73,-15
6259,2019-08-27,49,47,-2
6260,2019-08-27,53,54,1
6261,2019-08-27,56,59,3
6262,2019-08-27,39,48,9
6263,2019-08-27,32,38,6
6264,2019-08-27,33,28,-5
6265,2019-08-27,69,81,12
6266,2019-08-27,24,24,0
6267,2019-08-27,53,57,4
6268,2019-08-27,67,61,-6
6269,2019-08-27,20,33,13
6270,2019-08-27,49,50,1
6271,2019-08-27,4,3,-1
6272,2019-08-27,30,27,-3
6273,2019-08-27,38,36,-2
6274,2019-08-27,45,42,-3
6275,2019-08-27,33,29,-4
6276,2019-08-27,52,54,2
6277,2019-08-27,55,62,7
6278,2019-08-27,30,26,-4
6279,2019-08-27,24,20,-4
6280,2019-08-27,115,108,-7
6281,2019-08-27,49,29,-20
6301,2019-08-27,19,19,0
6302,2019-08-27,26,24,-2
6303,2019-08-27,24,13,-11
6304,2019-08-27,15,9,-6
6305,2019-08-27,14,13,-1
6306,2019-08-27,63,26,-37
6307,2019-08-27,73,73,0
6309,2019-08-27,27,25,-2
6310,2019-08-27,106,63,-43
6311,2019-08-27,36,27,-9
6312,2019-08-27,36,36,0
6313,2019-08-27,58,71,13
6314,2019-08-27,54,61,7
6315,2019-08-27,111,48,-63
6316,2019-08-27,63,18,-45
6321,2019-08-27,107,87,-20
6322,2019-08-27,48,31,-17
6323,2019-08-27,12,14,2
6324,2019-08-27,23,31,8
6327,2019-08-27,39,26,-13
6328,2019-08-27,59,37,-22
6329,2019-08-27,30,23,-7
6330,2019-08-27,31,31,0
6331,2019-08-27,23,20,-3
6332,2019-08-27,42,57,15
6333,2019-08-27,20,26,6
6334,2019-08-27,84,80,-4
6335,2019-08-27,42,35,-7
6336,2019-08-27,30,37,7
6338,2019-08-27,39,51,12
6339,2019-08-27,30,35,5
6340,2019-08-27,36,37,1
6341,2019-08-27,35,51,16
6343,2019-08-27,36,42,6
6344,2019-08-27,46,34,-12
6345,2019-08-27,22,24,2
6346,2019-08-27,32,24,-8
6347,2019-08-27,28,29,1
6349,2019-08-27,45,46,1
6350,2019-08-27,49,55,6
6354,2019-08-27,37,34,-3
6355,2019-08-27,44,54,10
6356,2019-08-27,36,22,-14
6357,2019-08-27,35,29,-6
6358,2019-08-27,28,29,1
6359,2019-08-27,95,104,9
6360,2019-08-27,43,40,-3
6361,2019-08-27,47,44,-3
6362,2019-08-27,39,44,5
6363,2019-08-27,16,18,2
6364,2019-08-27,74,68,-6
6366,2019-08-27,39,34,-5
6367,2019-08-27,24,30,6
6368,2019-08-27,55,61,6
6369,2019-08-27,41,45,4
6370,2019-08-27,45,41,-4
6371,2019-08-27,64,70,6
6372,2019-08-27,90,106,16
6373,2019-08-27,48,39,-9
6374,2019-08-27,54,49,-5
6375,2019-08-27,74,96,22
6376,2019-08-27,32,36,4
6377,2019-08-27,36,50,14
6379,2019-08-27,33,35,2
6380,2019-08-27,30,22,-8
6381,2019-08-27,84,76,-8
6383,2019-08-27,46,38,-8
6384,2019-08-27,22,12,-10
6385,2019-08-27,58,61,3
6386,2019-08-27,85,115,30
6387,2019-08-27,84,100,16
6388,2019-08-27,27,31,4
6389,2019-08-27,66,56,-10
6391,2019-08-27,56,100,44
6393,2019-08-27,74,108,34
6394,2019-08-27,90,119,29
6395,2019-08-27,88,89,1
6396,2019-08-27,113,94,-19
6397,2019-08-27,49,74,25
6398,2019-08-27,38,63,25
6401,2019-08-27,55,66,11
6402,2019-08-27,60,62,2
6403,2019-08-27,33,36,3
6404,2019-08-27,19,30,11
6405,2019-08-27,51,64,13
6406,2019-08-27,132,178,46
6407,2019-08-27,24,41,17
6408,2019-08-27,62,72,10
6409,2019-08-27,18,25,7
6410,2019-08-27,55,59,4
6411,2019-08-27,131,127,-4
6412,2019-08-27,20,35,15
6413,2019-08-27,25,71,46
6414,2019-08-27,18,28,10
6415,2019-08-27,26,33,7
6416,2019-08-27,27,18,-9
6417,2019-08-27,33,49,16
6418,2019-08-27,19,21,2
6419,2019-08-27,19,24,5
6420,2019-08-27,34,39,5
6421,2019-08-27,50,48,-2
6422,2019-08-27,14,13,-1
6423,2019-08-27,25,20,-5
6424,2019-08-27,51,89,38
6425,2019-08-27,49,47,-2
6426,2019-08-27,82,90,8
6427,2019-08-27,58,66,8
6428,2019-08-27,16,22,6
6429,2019-08-27,34,36,2
6432,2019-08-27,89,99,10
6433,2019-08-27,41,39,-2
6434,2019-08-27,88,87,-1
6435,2019-08-27,40,42,2
6436,2019-08-27,23,28,5
6501,2019-08-27,155,166,11
6502,2019-08-27,36,41,5
6503,2019-08-27,72,65,-7
6504,2019-08-27,25,22,-3
6700,2019-08-27,23,41,18
6701,2019-08-27,103,102,-1
6702,2019-08-27,32,39,7
6703,2019-08-27,55,54,-1
6704,2019-08-27,35,30,-5
6705,2019-08-27,17,21,4
6706,2019-08-27,24,24,0
6707,2019-08-27,43,37,-6
6709,2019-08-27,30,32,2
6710,2019-08-27,15,21,6
6711,2019-08-27,25,24,-1
6712,2019-08-27,21,28,7
6713,2019-08-27,18,20,2
6714,2019-08-27,8,8,0
6715,2019-08-27,22,33,11
6716,2019-08-27,5,10,5
6717,2019-08-27,19,22,3
6718,2019-08-27,33,30,-3
6719,2019-08-27,18,24,6
6720,2019-08-27,31,34,3
6721,2019-08-27,24,27,3
6722,2019-08-27,17,29,12
6723,2019-08-27,26,30,4
6724,2019-08-27,83,90,7
6725,2019-08-27,41,41,0
6726,2019-08-27,11,18,7
6727,2019-08-27,105,106,1
6728,2019-08-27,20,22,2
6729,2019-08-27,163,176,13
6730,2019-08-27,20,20,0
6731,2019-08-27,29,24,-5
6732,2019-08-27,46,51,5
6733,2019-08-27,48,41,-7
6734,2019-08-27,68,62,-6
6735,2019-08-27,16,16,0
6736,2019-08-27,23,25,2
6737,2019-08-27,22,24,2
6738,2019-08-27,96,107,11
6739,2019-08-27,14,13,-1
6741,2019-08-27,26,23,-3
6742,2019-08-27,50,64,14
6743,2019-08-27,32,16,-16
6744,2019-08-27,25,31,6
6745,2019-08-27,25,31,6
6746,2019-08-27,27,18,-9
6747,2019-08-27,54,67,13
6748,2019-08-27,89,94,5
6749,2019-08-27,41,41,0
6750,2019-08-27,46,46,0
6752,2019-08-27,21,27,6
6753,2019-08-27,18,20,2
6754,2019-08-27,16,27,11
6901,2019-08-27,58,68,10
6902,2019-08-27,91,111,20
6903,2019-08-27,111,99,-12
6904,2019-08-27,32,23,-9
6905,2019-08-27,52,44,-8
6906,2019-08-27,201,116,-85
6907,2019-08-27,105,86,-19
6908,2019-08-27,71,68,-3
6910,2019-08-27,146,135,-11
6912,2019-08-27,153,93,-60
6913,2019-08-27,60,41,-19
6915,2019-08-27,98,100,2
6916,2019-08-27,33,29,-4
6917,2019-08-27,21,21,0
6918,2019-08-27,39,22,-17
6919,2019-08-27,45,39,-6
6921,2019-08-27,105,107,2
6923,2019-08-27,56,47,-9
6924,2019-08-27,22,20,-2
6925,2019-08-27,38,42,4
6926,2019-08-27,67,68,1
6927,2019-08-27,91,58,-33
6928,2019-08-27,52,43,-9
6929,2019-08-27,37,28,-9
6930,2019-08-27,26,22,-4
7001,2019-08-27,37,42,5
7002,2019-08-27,17,21,4
7003,2019-08-27,106,76,-30
7004,2019-08-27,25,29,4
7005,2019-08-27,8,7,-1
7006,2019-08-27,27,23,-4
7007,2019-08-27,12,20,8
7008,2019-08-27,18,20,2
7009,2019-08-27,51,52,1
7010,2019-08-27,22,27,5
7011,2019-08-27,84,95,11
7012,2019-08-27,46,56,10
7013,2019-08-27,34,31,-3
7014,2019-08-27,116,75,-41
7015,2019-08-27,29,27,-2
7016,2019-08-27,19,27,8
7017,2019-08-27,28,45,17
7018,2019-08-27,36,42,6
7019,2019-08-27,128,128,0
7020,2019-08-27,17,24,7
7021,2019-08-27,63,44,-19
7022,2019-08-27,25,32,7
7023,2019-08-27,10,9,-1
7024,2019-08-27,36,21,-15
7025,2019-08-27,40,44,4
7026,2019-08-27,74,75,1
7027,2019-08-27,66,49,-17
7028,2019-08-27,107,96,-11
7029,2019-08-27,52,47,-5
7030,2019-08-27,35,41,6
7031,2019-08-27,61,65,4
7032,2019-08-27,102,61,-41
7033,2019-08-27,78,87,9
7034,2019-08-27,29,75,46
7035,2019-08-27,52,41,-11
7036,2019-08-27,41,43,2
7037,2019-08-27,53,51,-2
7038,2019-08-27,57,58,1
7039,2019-08-27,37,39,2
7040,2019-08-27,72,81,9
7041,2019-08-27,127,129,2
7042,2019-08-27,46,55,9
7043,2019-08-27,35,24,-11
7044,2019-08-27,18,14,-4
7045,2019-08-27,71,68,-3
7046,2019-08-27,116,142,26
7047,2019-08-27,150,200,50
7048,2019-08-27,29,32,3
7049,2019-08-27,16,27,11
7050,2019-08-27,30,30,0
7051,2019-08-27,18,20,2
7052,2019-08-27,56,58,2
7053,2019-08-27,43,53,10
7054,2019-08-27,58,66,8
7055,2019-08-27,32,40,8
7056,2019-08-27,16,22,6
7057,2019-08-27,28,34,6
7058,2019-08-27,46,55,9
7059,2019-08-27,29,35,6
7060,2019-08-27,43,41,-2
7061,2019-08-27,29,23,-6
7062,2019-08-27,43,47,4
7063,2019-08-27,20,25,5
7064,2019-08-27,29,32,3
7065,2019-08-27,43,50,7
7066,2019-08-27,77,135,58
7067,2019-08-27,55,79,24
7068,2019-08-27,87,123,36
7069,2019-08-27,115,141,26
7070,2019-08-27,39,44,5
7071,2019-08-27,56,35,-21
7072,2019-08-27,31,24,-7
7073,2019-08-27,71,82,11
7074,2019-08-27,47,47,0
7075,2019-08-27,9,12,3
7076,2019-08-27,99,76,-23
7077,2019-08-27,24,25,1
7078,2019-08-27,20,22,2
7079,2019-08-27,51,51,0
7080,2019-08-27,100,99,-1
7081,2019-08-27,78,107,29
7082,2019-08-27,93,122,29
7083,2019-08-27,55,52,-3
7085,2019-08-27,2,2,0
7087,2019-08-27,2,1,-1
7088,2019-08-27,2,1,-1
7090,2019-08-27,15,16,1
7091,2019-08-27,8,7,-1
7092,2019-08-27,14,14,0
7093,2019-08-27,2,1,-1
7094,2019-08-27,2,3,1
7095,2019-08-27,27,26,-1
7096,2019-08-27,29,31,2
7097,2019-08-27,8,8,0
7098,2019-08-27,4,3,-1
7099,2019-08-27,10,16,6
7100,2019-08-27,6,10,4
7101,2019-08-27,10,9,-1
7102,2019-08-27,23,24,1
7103,2019-08-27,10,15,5
7104,2019-08-27,1,2,1
7105,2019-08-27,7,7,0
7106,2019-08-27,8,8,0
7107,2019-08-27,5,3,-2
7108,2019-08-27,14,16,2
7109,2019-08-27,23,24,1
7110,2019-08-27,9,5,-4
7111,2019-08-27,2,1,-1
7112,2019-08-27,12,12,0
7113,2019-08-27,55,56,1
7114,2019-08-27,100,133,33
7115,2019-08-27,16,17,1
7116,2019-08-27,16,12,-4
7117,2019-08-27,7,4,-3
7118,2019-08-27,2,1,-1
7119,2019-08-27,12,20,8
7120,2019-08-27,7,8,1
7121,2019-08-27,4,11,7
7122,2019-08-27,9,9,0
7123,2019-08-27,1,5,4
7124,2019-08-27,26,22,-4
7125,2019-08-27,21,18,-3
7126,2019-08-27,7,6,-1
7127,2019-08-27,30,36,6
7128,2019-08-27,20,17,-3
7129,2019-08-27,12,17,5
7130,2019-08-27,17,14,-3
7131,2019-08-27,10,11,1
7132,2019-08-27,3,4,1
7133,2019-08-27,6,9,3
7134,2019-08-27,8,10,2
7135,2019-08-27,4,4,0
7136,2019-08-27,10,12,2
7137,2019-08-27,11,8,-3
7138,2019-08-27,3,2,-1
7139,2019-08-27,19,28,9
7140,2019-08-27,28,32,4
7141,2019-08-27,30,38,8
7142,2019-08-27,11,15,4
7143,2019-08-27,30,24,-6
7144,2019-08-27,57,54,-3
7145,2019-08-27,19,22,3
7146,2019-08-27,27,28,1
7147,2019-08-27,39,41,2
7148,2019-08-27,2,5,3
7149,2019-08-27,20,15,-5
10002,2019-08-27,122,122,0
4000,2019-08-28,32,43,11
4001,2019-08-28,9,4,-5
4002,2019-08-28,9,10,1
5003,2019-08-28,1,0,-1
5004,2019-08-28,3,2,-1
5005,2019-08-28,1,3,2
5007,2019-08-28,5,8,3
6001,2019-08-28,25,72,47
6002,2019-08-28,33,41,8
6003,2019-08-28,36,47,11
6004,2019-08-28,16,35,19
6005,2019-08-28,40,61,21
6006,2019-08-28,21,14,-7
6007,2019-08-28,20,25,5
6008,2019-08-28,23,50,27
6009,2019-08-28,32,34,2
6011,2019-08-28,44,52,8
6012,2019-08-28,46,112,66
6013,2019-08-28,27,27,0
6014,2019-08-28,47,66,19
6015,2019-08-28,61,107,46
6016,2019-08-28,7,11,4
6017,2019-08-28,37,28,-9
6018,2019-08-28,48,40,-8
6019,2019-08-28,84,57,-27
6020,2019-08-28,46,73,27
6021,2019-08-28,68,46,-22
6022,2019-08-28,32,25,-7
6023,2019-08-28,55,65,10
6025,2019-08-28,23,27,4
6026,2019-08-28,24,52,28
6027,2019-08-28,54,91,37
6029,2019-08-28,17,20,3
6031,2019-08-28,13,20,7
6032,2019-08-28,27,92,65
6033,2019-08-28,17,17,0
6035,2019-08-28,12,53,41
6036,2019-08-28,36,91,55
6037,2019-08-28,39,51,12
6038,2019-08-28,47,68,21
6039,2019-08-28,28,59,31
6040,2019-08-28,25,44,19
6041,2019-08-28,37,62,25
6042,2019-08-28,51,60,9
6043,2019-08-28,67,295,228
6044,2019-08-28,50,33,-17
6046,2019-08-28,74,71,-3
6047,2019-08-28,35,37,2
6048,2019-08-28,33,39,6
6049,2019-08-28,63,84,21
6050,2019-08-28,28,51,23
6051,2019-08-28,19,14,-5
6052,2019-08-28,45,154,109
6053,2019-08-28,62,82,20
6057,2019-08-28,59,46,-13
6058,2019-08-28,38,44,6
6059,2019-08-28,33,40,7
6060,2019-08-28,13,22,9
6061,2019-08-28,38,46,8
6062,2019-08-28,26,34,8
6063,2019-08-28,35,45,10
6064,2019-08-28,49,90,41
6065,2019-08-28,27,20,-7
6066,2019-08-28,23,15,-8
6067,2019-08-28,51,71,20
6068,2019-08-28,8,13,5
6070,2019-08-28,98,135,37
6072,2019-08-28,38,69,31
6073,2019-08-28,50,90,40
6075,2019-08-28,23,12,-11
6076,2019-08-28,14,13,-1
6078,2019-08-28,37,54,17
6079,2019-08-28,45,31,-14
6080,2019-08-28,85,87,2
6081,2019-08-28,18,19,1
6082,2019-08-28,13,8,-5
6083,2019-08-28,32,84,52
6084,2019-08-28,24,72,48
6085,2019-08-28,26,83,57
6086,2019-08-28,25,40,15
6087,2019-08-28,58,76,18
6088,2019-08-28,34,30,-4
6089,2019-08-28,42,46,4
6090,2019-08-28,36,38,2
6091,2019-08-28,37,26,-11
6092,2019-08-28,23,35,12
6093,2019-08-28,44,31,-13
6094,2019-08-28,21,15,-6
6095,2019-08-28,82,73,-9
6096,2019-08-28,32,42,10
6097,2019-08-28,46,25,-21
6098,2019-08-28,30,15,-15
6099,2019-08-28,61,93,32
6100,2019-08-28,122,109,-13
6101,2019-08-28,43,16,-27
6102,2019-08-28,20,17,-3
6103,2019-08-28,15,9,-6
6104,2019-08-28,40,60,20
6105,2019-08-28,31,44,13
6106,2019-08-28,12,34,22
6107,2019-08-28,49,29,-20
6108,2019-08-28,29,32,3
6109,2019-08-28,1,3,2
6110,2019-08-28,19,20,1
6111,2019-08-28,25,30,5
6112,2019-08-28,38,51,13
6113,2019-08-28,20,16,-4
6114,2019-08-28,78,111,33
6115,2019-08-28,12,10,-2
6116,2019-08-28,33,44,11
6117,2019-08-28,33,40,7
6118,2019-08-28,44,64,20
6119,2019-08-28,52,53,1
6120,2019-08-28,40,60,20
6121,2019-08-28,15,18,3
6122,2019-08-28,16,18,2
6123,2019-08-28,18,19,1
6124,2019-08-28,23,40,17
6125,2019-08-28,13,12,-1
6126,2019-08-28,41,39,-2
6127,2019-08-28,30,26,-4
6128,2019-08-28,10,14,4
6129,2019-08-28,50,45,-5
6130,2019-08-28,24,14,-10
6131,2019-08-28,60,32,-28
6132,2019-08-28,53,49,-4
6133,2019-08-28,15,9,-6
6134,2019-08-28,27,35,8
6136,2019-08-28,204,147,-57
6137,2019-08-28,84,50,-34
6138,2019-08-28,61,42,-19
6139,2019-08-28,38,23,-15
6140,2019-08-28,52,56,4
6141,2019-08-28,38,40,2
6142,2019-08-28,70,25,-45
6143,2019-08-28,57,27,-30
6145,2019-08-28,32,32,0
6146,2019-08-28,41,26,-15
6147,2019-08-28,69,43,-26
6148,2019-08-28,81,63,-18
6149,2019-08-28,27,28,1
6150,2019-08-28,44,43,-1
6151,2019-08-28,62,53,-9
6152,2019-08-28,70,65,-5
6153,2019-08-28,39,33,-6
6154,2019-08-28,96,97,1
6155,2019-08-28,88,75,-13
6156,2019-08-28,41,49,8
6157,2019-08-28,62,55,-7
6158,2019-08-28,33,33,0
6159,2019-08-28,22,20,-2
6160,2019-08-28,33,28,-5
6161,2019-08-28,35,27,-8
6162,2019-08-28,11,11,0
6163,2019-08-28,97,79,-18
6164,2019-08-28,42,45,3
6165,2019-08-28,63,72,9
6166,2019-08-28,41,27,-14
6167,2019-08-28,34,31,-3
6168,2019-08-28,47,35,-12
6169,2019-08-28,101,73,-28
6170,2019-08-28,33,18,-15
6171,2019-08-28,33,28,-5
6173,2019-08-28,59,40,-19
6174,2019-08-28,92,53,-39
6175,2019-08-28,48,34,-14
6176,2019-08-28,56,53,-3
6177,2019-08-28,41,33,-8
6178,2019-08-28,70,60,-10
6179,2019-08-28,44,42,-2
6180,2019-08-28,28,32,4
6181,2019-08-28,83,52,-31
6182,2019-08-28,57,29,-28
6183,2019-08-28,62,57,-5
6184,2019-08-28,163,155,-8
6185,2019-08-28,14,13,-1
6186,2019-08-28,77,44,-33
6187,2019-08-28,83,61,-22
6188,2019-08-28,39,38,-1
6189,2019-08-28,11,17,6
6190,2019-08-28,87,50,-37
6191,2019-08-28,38,27,-11
6192,2019-08-28,30,25,-5
6193,2019-08-28,52,47,-5
6195,2019-08-28,59,35,-24
6196,2019-08-28,69,46,-23
6197,2019-08-28,41,31,-10
6198,2019-08-28,18,12,-6
6199,2019-08-28,60,51,-9
6200,2019-08-28,62,54,-8
6201,2019-08-28,65,44,-21
6202,2019-08-28,96,71,-25
6203,2019-08-28,26,21,-5
6204,2019-08-28,59,71,12
6205,2019-08-28,52,50,-2
6206,2019-08-28,86,67,-19
6207,2019-08-28,33,36,3
6208,2019-08-28,45,50,5
6209,2019-08-28,79,62,-17
6210,2019-08-28,27,31,4
6211,2019-08-28,107,87,-20
6212,2019-08-28,52,30,-22
6213,2019-08-28,69,60,-9
6214,2019-08-28,55,35,-20
6215,2019-08-28,23,31,8
6216,2019-08-28,54,17,-37
6217,2019-08-28,83,43,-40
6218,2019-08-28,54,27,-27
6219,2019-08-28,45,35,-10
6220,2019-08-28,63,55,-8
6221,2019-08-28,114,101,-13
6222,2019-08-28,56,40,-16
6223,2019-08-28,67,20,-47
6224,2019-08-28,48,38,-10
6225,2019-08-28,60,37,-23
6226,2019-08-28,19,22,3
6227,2019-08-28,70,70,0
6228,2019-08-28,18,12,-6
6229,2019-08-28,63,40,-23
6230,2019-08-28,59,42,-17
6231,2019-08-28,75,58,-17
6232,2019-08-28,22,28,6
6233,2019-08-28,78,60,-18
6234,2019-08-28,40,27,-13
6235,2019-08-28,55,53,-2
6236,2019-08-28,37,42,5
6237,2019-08-28,36,36,0
6240,2019-08-28,14,16,2
6241,2019-08-28,21,21,0
6243,2019-08-28,38,36,-2
6245,2019-08-28,27,21,-6
6246,2019-08-28,37,31,-6
6247,2019-08-28,61,60,-1
6248,2019-08-28,106,81,-25
6249,2019-08-28,36,19,-17
6250,2019-08-28,37,20,-17
6251,2019-08-28,8,18,10
6252,2019-08-28,30,23,-7
6253,2019-08-28,46,30,-16
6254,2019-08-28,50,28,-22
6255,2019-08-28,35,34,-1
6257,2019-08-28,31,29,-2
6258,2019-08-28,45,34,-11
6259,2019-08-28,36,33,-3
6260,2019-08-28,41,33,-8
6261,2019-08-28,29,36,7
6262,2019-08-28,27,28,1
6263,2019-08-28,19,17,-2
6264,2019-08-28,19,23,4
6265,2019-08-28,50,47,-3
6266,2019-08-28,15,12,-3
6267,2019-08-28,45,44,-1
6268,2019-08-28,34,26,-8
6269,2019-08-28,16,28,12
6270,2019-08-28,28,23,-5
6272,2019-08-28,23,19,-4
6273,2019-08-28,21,22,1
6274,2019-08-28,46,25,-21
6275,2019-08-28,21,25,4
6276,2019-08-28,26,18,-8
6277,2019-08-28,27,24,-3
6278,2019-08-28,12,17,5
6279,2019-08-28,15,16,1
6280,2019-08-28,56,48,-8
6281,2019-08-28,20,12,-8
6301,2019-08-28,15,4,-11
6302,2019-08-28,21,15,-6
6303,2019-08-28,13,4,-9
6304,2019-08-28,5,7,2
6305,2019-08-28,11,9,-2
6306,2019-08-28,34,23,-11
6307,2019-08-28,46,42,-4
6309,2019-08-28,15,11,-4
6310,2019-08-28,38,40,2
6311,2019-08-28,29,19,-10
6312,2019-08-28,10,17,7
6313,2019-08-28,33,39,6
6314,2019-08-28,44,29,-15
6315,2019-08-28,52,31,-21
6316,2019-08-28,24,12,-12
6321,2019-08-28,49,34,-15
6322,2019-08-28,18,17,-1
6323,2019-08-28,5,4,-1
6324,2019-08-28,13,18,5
6327,2019-08-28,23,20,-3
6328,2019-08-28,19,17,-2
6329,2019-08-28,16,12,-4
6330,2019-08-28,14,18,4
6331,2019-08-28,15,15,0
6332,2019-08-28,20,25,5
6333,2019-08-28,11,14,3
6334,2019-08-28,34,50,16
6335,2019-08-28,28,17,-11
6336,2019-08-28,16,12,-4
6338,2019-08-28,16,17,1
6339,2019-08-28,14,11,-3
6340,2019-08-28,22,25,3
6341,2019-08-28,19,21,2
6343,2019-08-28,30,30,0
6344,2019-08-28,20,11,-9
6345,2019-08-28,12,14,2
6346,2019-08-28,29,24,-5
6347,2019-08-28,11,24,13
6349,2019-08-28,29,23,-6
6350,2019-08-28,26,15,-11
6354,2019-08-28,20,13,-7
6355,2019-08-28,21,22,1
6356,2019-08-28,17,12,-5
6357,2019-08-28,14,12,-2
6358,2019-08-28,7,10,3
6359,2019-08-28,55,62,7
6360,2019-08-28,19,10,-9
6361,2019-08-28,27,17,-10
6362,2019-08-28,21,21,0
6363,2019-08-28,23,15,-8
6364,2019-08-28,42,24,-18
6366,2019-08-28,19,14,-5
6367,2019-08-28,17,17,0
6368,2019-08-28,36,31,-5
6369,2019-08-28,19,29,10
6370,2019-08-28,19,18,-1
6371,2019-08-28,45,36,-9
6372,2019-08-28,40,47,7
6373,2019-08-28,23,15,-8
6374,2019-08-28,23,18,-5
6375,2019-08-28,43,40,-3
6376,2019-08-28,18,8,-10
6377,2019-08-28,17,18,1
6379,2019-08-28,16,14,-2
6380,2019-08-28,8,7,-1
6381,2019-08-28,27,17,-10
6383,2019-08-28,30,12,-18
6384,2019-08-28,5,6,1
6385,2019-08-28,38,39,1
6386,2019-08-28,46,52,6
6387,2019-08-28,37,46,9
6388,2019-08-28,15,16,1
6389,2019-08-28,33,21,-12
6391,2019-08-28,36,54,18
6393,2019-08-28,39,48,9
6394,2019-08-28,43,54,11
6395,2019-08-28,65,64,-1
6396,2019-08-28,76,78,2
6397,2019-08-28,27,31,4
6398,2019-08-28,24,29,5
6401,2019-08-28,38,39,1
6402,2019-08-28,28,25,-3
6403,2019-08-28,17,12,-5
6404,2019-08-28,5,8,3
6405,2019-08-28,24,15,-9
6406,2019-08-28,21,27,6
6407,2019-08-28,9,22,13
6408,2019-08-28,32,31,-1
6409,2019-08-28,15,13,-2
6410,2019-08-28,37,40,3
6411,2019-08-28,85,79,-6
6412,2019-08-28,11,13,2
6413,2019-08-28,9,42,33
6414,2019-08-28,11,13,2
6415,2019-08-28,17,14,-3
6416,2019-08-28,13,5,-8
6417,2019-08-28,24,29,5
6418,2019-08-28,2,4,2
6419,2019-08-28,6,6,0
6420,2019-08-28,15,19,4
6421,2019-08-28,42,39,-3
6422,2019-08-28,4,5,1
6423,2019-08-28,7,8,1
6424,2019-08-28,23,56,33
6425,2019-08-28,11,9,-2
6426,2019-08-28,41,50,9
6427,2019-08-28,33,25,-8
6428,2019-08-28,8,9,1
6429,2019-08-28,16,21,5
6432,2019-08-28,37,28,-9
6433,2019-08-28,25,14,-11
6434,2019-08-28,23,24,1
6435,2019-08-28,13,8,-5
6436,2019-08-28,17,12,-5
6501,2019-08-28,18,23,5
6502,2019-08-28,4,7,3
6503,2019-08-28,35,33,-2
6504,2019-08-28,3,4,1
6700,2019-08-28,16,18,2
6701,2019-08-28,46,51,5
6702,2019-08-28,7,14,7
6703,2019-08-28,18,23,5
6704,2019-08-28,15,13,-2
6705,2019-08-28,13,7,-6
6706,2019-08-28,17,14,-3
6707,2019-08-28,18,18,0
6709,2019-08-28,20,11,-9
6710,2019-08-28,11,12,1
6711,2019-08-28,8,13,5
6712,2019-08-28,7,4,-3
6713,2019-08-28,9,10,1
6714,2019-08-28,3,3,0
6715,2019-08-28,11,16,5
6716,2019-08-28,6,5,-1
6717,2019-08-28,6,9,3
6718,2019-08-28,17,17,0
6719,2019-08-28,11,12,1
6720,2019-08-28,12,15,3
6721,2019-08-28,7,12,5
6722,2019-08-28,6,7,1
6723,2019-08-28,12,6,-6
6724,2019-08-28,16,20,4
6725,2019-08-28,21,24,3
6726,2019-08-28,7,6,-1
6727,2019-08-28,50,60,10
6728,2019-08-28,16,10,-6
6729,2019-08-28,83,77,-6
6730,2019-08-28,6,6,0
6731,2019-08-28,7,8,1
6732,2019-08-28,21,11,-10
6733,2019-08-28,22,12,-10
6734,2019-08-28,29,19,-10
6735,2019-08-28,9,8,-1
6736,2019-08-28,10,8,-2
6737,2019-08-28,13,11,-2
6738,2019-08-28,42,67,25
6739,2019-08-28,7,8,1
6741,2019-08-28,9,12,3
6742,2019-08-28,31,42,11
6743,2019-08-28,29,17,-12
6744,2019-08-28,16,14,-2
6745,2019-08-28,17,17,0
6746,2019-08-28,14,11,-3
6747,2019-08-28,29,47,18
6748,2019-08-28,35,48,13
6749,2019-08-28,18,29,11
6750,2019-08-28,26,24,-2
6752,2019-08-28,20,21,1
6753,2019-08-28,14,17,3
6754,2019-08-28,15,14,-1
6901,2019-08-28,25,28,3
6902,2019-08-28,46,53,7
6903,2019-08-28,61,54,-7
6904,2019-08-28,28,15,-13
6905,2019-08-28,23,28,5
6906,2019-08-28,93,80,-13
6907,2019-08-28,64,34,-30
6908,2019-08-28,36,34,-2
6910,2019-08-28,62,50,-12
6912,2019-08-28,102,59,-43
6913,2019-08-28,31,23,-8
6915,2019-08-28,41,46,5
6916,2019-08-28,21,16,-5
6917,2019-08-28,10,11,1
6918,2019-08-28,17,10,-7
6919,2019-08-28,16,3,-13
6921,2019-08-28,47,69,22
6923,2019-08-28,28,28,0
6924,2019-08-28,17,17,0
6925,2019-08-28,24,24,0
6926,2019-08-28,33,37,4
6927,2019-08-28,36,27,-9
6928,2019-08-28,30,16,-14
6929,2019-08-28,28,14,-14
6930,2019-08-28,12,16,4
7001,2019-08-28,22,25,3
7002,2019-08-28,9,10,1
7003,2019-08-28,57,48,-9
7004,2019-08-28,17,16,-1
7005,2019-08-28,4,3,-1
7006,2019-08-28,4,6,2
7007,2019-08-28,6,9,3
7008,2019-08-28,9,8,-1
7009,2019-08-28,28,34,6
7010,2019-08-28,9,7,-2
7011,2019-08-28,34,45,11
7012,2019-08-28,20,23,3
7013,2019-08-28,22,9,-13
7014,2019-08-28,52,38,-14
7015,2019-08-28,3,4,1
7016,2019-08-28,8,4,-4
7017,2019-08-28,17,16,-1
7018,2019-08-28,21,19,-2
7019,2019-08-28,30,123,93
7020,2019-08-28,11,10,-1
7021,2019-08-28,24,26,2
7022,2019-08-28,33,23,-10
7023,2019-08-28,2,1,-1
7024,2019-08-28,46,23,-23
7025,2019-08-28,27,26,-1
7026,2019-08-28,56,55,-1
7027,2019-08-28,39,28,-11
7028,2019-08-28,49,50,1
7029,2019-08-28,40,46,6
7030,2019-08-28,32,33,1
7031,2019-08-28,34,21,-13
7032,2019-08-28,90,54,-36
7033,2019-08-28,53,48,-5
7034,2019-08-28,14,16,2
7035,2019-08-28,33,30,-3
7036,2019-08-28,32,31,-1
7037,2019-08-28,27,28,1
7038,2019-08-28,42,38,-4
7039,2019-08-28,21,22,1
7040,2019-08-28,41,52,11
7041,2019-08-28,44,57,13
7042,2019-08-28,28,30,2
7043,2019-08-28,10,5,-5
7044,2019-08-28,6,10,4
7045,2019-08-28,18,19,1
7046,2019-08-28,37,75,38
7047,2019-08-28,65,75,10
7048,2019-08-28,10,6,-4
7049,2019-08-28,13,12,-1
7050,2019-08-28,19,12,-7
7051,2019-08-28,7,4,-3
7052,2019-08-28,34,31,-3
7053,2019-08-28,35,21,-14
7054,2019-08-28,27,28,1
7055,2019-08-28,8,8,0
7056,2019-08-28,14,6,-8
7057,2019-08-28,14,11,-3
7058,2019-08-28,14,15,1
7059,2019-08-28,19,17,-2
7060,2019-08-28,25,11,-14
7061,2019-08-28,19,9,-10
7062,2019-08-28,26,25,-1
7063,2019-08-28,14,12,-2
7064,2019-08-28,8,25,17
7065,2019-08-28,27,19,-8
7066,2019-08-28,19,80,61
7067,2019-08-28,37,54,17
7068,2019-08-28,44,47,3
7069,2019-08-28,52,78,26
7070,2019-08-28,25,16,-9
7071,2019-08-28,27,18,-9
7072,2019-08-28,20,11,-9
7073,2019-08-28,43,46,3
7074,2019-08-28,23,26,3
7075,2019-08-28,5,8,3
7076,2019-08-28,58,44,-14
7077,2019-08-28,10,17,7
7078,2019-08-28,20,16,-4
7079,2019-08-28,18,35,17
7080,2019-08-28,47,79,32
7081,2019-08-28,40,61,21
7082,2019-08-28,41,47,6
7083,2019-08-28,24,35,11
7087,2019-08-28,1,1,0
7090,2019-08-28,7,4,-3
7091,2019-08-28,4,4,0
7092,2019-08-28,3,4,1
7093,2019-08-28,1,1,0
7095,2019-08-28,10,15,5
7096,2019-08-28,9,22,13
7097,2019-08-28,3,5,2
7099,2019-08-28,5,6,1
7100,2019-08-28,2,2,0
7102,2019-08-28,13,14,1
7103,2019-08-28,1,3,2
7104,2019-08-28,1,2,1
7106,2019-08-28,1,2,1
7107,2019-08-28,1,0,-1
7108,2019-08-28,3,2,-1
7109,2019-08-28,6,13,7
7111,2019-08-28,5,2,-3
7112,2019-08-28,4,1,-3
7113,2019-08-28,32,40,8
7114,2019-08-28,42,39,-3
7115,2019-08-28,9,4,-5
7116,2019-08-28,4,3,-1
7117,2019-08-28,2,1,-1
7119,2019-08-28,3,4,1
7120,2019-08-28,2,4,2
7121,2019-08-28,1,1,0
7122,2019-08-28,3,1,-2
7123,2019-08-28,2,3,1
7124,2019-08-28,14,7,-7
7125,2019-08-28,8,5,-3
7126,2019-08-28,7,3,-4
7127,2019-08-28,23,28,5
7128,2019-08-28,10,9,-1
7129,2019-08-28,11,10,-1
7130,2019-08-28,11,5,-6
7131,2019-08-28,4,6,2
7132,2019-08-28,3,2,-1
7133,2019-08-28,3,2,-1
7134,2019-08-28,2,3,1
7135,2019-08-28,1,3,2
7136,2019-08-28,5,5,0
7137,2019-08-28,1,2,1
7138,2019-08-28,2,4,2
7139,2019-08-28,5,5,0
7140,2019-08-28,14,13,-1
7141,2019-08-28,19,12,-7
7142,2019-08-28,1,4,3
7143,2019-08-28,14,10,-4
7144,2019-08-28,19,18,-1
7145,2019-08-28,15,17,2
7146,2019-08-28,15,9,-6
7147,2019-08-28,20,22,2
7148,2019-08-28,2,3,1
7149,2019-08-28,6,12,6
10002,2019-08-28,76,77,1
4000,2019-08-29,62,77,15
4001,2019-08-29,16,12,-4
4002,2019-08-29,21,30,9
5002,2019-08-29,5,5,0
5003,2019-08-29,3,5,2
5004,2019-08-29,7,5,-2
5005,2019-08-29,2,7,5
5006,2019-08-29,8,9,1
5007,2019-08-29,17,19,2
6001,2019-08-29,63,105,42
6002,2019-08-29,48,64,16
6003,2019-08-29,77,92,15
6004,2019-08-29,66,65,-1
6005,2019-08-29,94,111,17
6006,2019-08-29,58,39,-19
6007,2019-08-29,42,43,1
6008,2019-08-29,51,81,30
6009,2019-08-29,82,81,-1
6011,2019-08-29,85,93,8
6012,2019-08-29,161,232,71
6013,2019-08-29,56,67,11
6014,2019-08-29,74,87,13
6015,2019-08-29,153,242,89
6016,2019-08-29,17,21,4
6017,2019-08-29,47,66,19
6018,2019-08-29,70,84,14
6019,2019-08-29,167,106,-61
6020,2019-08-29,113,136,23
6021,2019-08-29,118,96,-22
6022,2019-08-29,68,69,1
6023,2019-08-29,164,207,43
6024,2019-08-29,6,4,-2
6025,2019-08-29,52,50,-2
6026,2019-08-29,149,220,71
6027,2019-08-29,140,146,6
6029,2019-08-29,34,35,1
6031,2019-08-29,41,58,17
6032,2019-08-29,74,157,83
6033,2019-08-29,33,29,-4
6035,2019-08-29,50,87,37
6036,2019-08-29,196,278,82
6037,2019-08-29,67,66,-1
6038,2019-08-29,108,116,8
6039,2019-08-29,90,108,18
6040,2019-08-29,68,103,35
6041,2019-08-29,74,80,6
6042,2019-08-29,103,93,-10
6043,2019-08-29,217,443,226
6044,2019-08-29,110,89,-21
6046,2019-08-29,150,142,-8
6047,2019-08-29,67,65,-2
6048,2019-08-29,13,29,16
6049,2019-08-29,101,115,14
6050,2019-08-29,60,67,7
6051,2019-08-29,33,37,4
6052,2019-08-29,230,323,93
6053,2019-08-29,160,152,-8
6057,2019-08-29,84,75,-9
6058,2019-08-29,82,71,-11
6059,2019-08-29,100,60,-40
6060,2019-08-29,40,39,-1
6061,2019-08-29,76,76,0
6062,2019-08-29,78,60,-18
6063,2019-08-29,98,88,-10
6064,2019-08-29,173,160,-13
6065,2019-08-29,61,48,-13
6066,2019-08-29,66,31,-35
6067,2019-08-29,173,140,-33
6068,2019-08-29,11,14,3
6070,2019-08-29,229,244,15
6072,2019-08-29,109,76,-33
6073,2019-08-29,161,186,25
6075,2019-08-29,51,25,-26
6076,2019-08-29,19,30,11
6078,2019-08-29,67,80,13
6079,2019-08-29,62,66,4
6080,2019-08-29,199,169,-30
6081,2019-08-29,45,34,-11
6082,2019-08-29,27,11,-16
6083,2019-08-29,137,180,43
6084,2019-08-29,57,78,21
6085,2019-08-29,85,166,81
6086,2019-08-29,96,136,40
6087,2019-08-29,116,147,31
6088,2019-08-29,69,75,6
6089,2019-08-29,71,78,7
6090,2019-08-29,72,71,-1
6091,2019-08-29,62,37,-25
6092,2019-08-29,69,57,-12
6093,2019-08-29,91,80,-11
6094,2019-08-29,34,34,0
6095,2019-08-29,158,164,6
6096,2019-08-29,36,52,16
6097,2019-08-29,102,71,-31
6098,2019-08-29,49,35,-14
6099,2019-08-29,138,192,54
6100,2019-08-29,227,179,-48
6101,2019-08-29,62,41,-21
6102,2019-08-29,53,35,-18
6103,2019-08-29,17,26,9
6104,2019-08-29,87,119,32
6105,2019-08-29,58,73,15
6106,2019-08-29,43,48,5
6107,2019-08-29,97,80,-17
6108,2019-08-29,67,73,6
6109,2019-08-29,19,13,-6
6110,2019-08-29,28,31,3
6111,2019-08-29,50,61,11
6112,2019-08-29,97,106,9
6113,2019-08-29,42,55,13
6114,2019-08-29,153,184,31
6115,2019-08-29,17,24,7
6116,2019-08-29,63,77,14
6117,2019-08-29,101,113,12
6118,2019-08-29,104,130,26
6119,2019-08-29,71,91,20
6120,2019-08-29,81,104,23
6121,2019-08-29,27,38,11
6122,2019-08-29,19,28,9
6123,2019-08-29,29,35,6
6124,2019-08-29,55,66,11
6125,2019-08-29,33,32,-1
6126,2019-08-29,53,68,15
6127,2019-08-29,49,48,-1
6128,2019-08-29,19,22,3
6129,2019-08-29,86,88,2
6130,2019-08-29,37,25,-12
6131,2019-08-29,88,60,-28
6132,2019-08-29,75,72,-3
6133,2019-08-29,38,29,-9
6134,2019-08-29,54,43,-11
6136,2019-08-29,357,261,-96
6137,2019-08-29,109,98,-11
6138,2019-08-29,66,61,-5
6139,2019-08-29,43,46,3
6140,2019-08-29,93,93,0
6141,2019-08-29,69,60,-9
6142,2019-08-29,108,77,-31
6143,2019-08-29,118,117,-1
6145,2019-08-29,59,62,3
6146,2019-08-29,76,48,-28
6147,2019-08-29,126,70,-56
6148,2019-08-29,154,127,-27
6149,2019-08-29,46,55,9
6150,2019-08-29,62,72,10
6151,2019-08-29,82,99,17
6152,2019-08-29,124,123,-1
6153,2019-08-29,76,78,2
6154,2019-08-29,174,166,-8
6155,2019-08-29,144,129,-15
6156,2019-08-29,79,80,1
6157,2019-08-29,123,112,-11
6158,2019-08-29,66,77,11
6159,2019-08-29,59,59,0
6160,2019-08-29,78,68,-10
6161,2019-08-29,52,59,7
6162,2019-08-29,20,25,5
6163,2019-08-29,112,106,-6
6164,2019-08-29,69,71,2
6165,2019-08-29,166,154,-12
6166,2019-08-29,78,56,-22
6167,2019-08-29,39,48,9
6168,2019-08-29,159,113,-46
6169,2019-08-29,166,154,-12
6170,2019-08-29,93,80,-13
6171,2019-08-29,42,50,8
6173,2019-08-29,120,73,-47
6174,2019-08-29,111,108,-3
6175,2019-08-29,95,59,-36
6176,2019-08-29,94,90,-4
6177,2019-08-29,87,86,-1
6178,2019-08-29,144,133,-11
6179,2019-08-29,79,72,-7
6180,2019-08-29,63,72,9
6181,2019-08-29,144,111,-33
6182,2019-08-29,73,48,-25
6183,2019-08-29,100,102,2
6184,2019-08-29,290,242,-48
6185,2019-08-29,23,23,0
6186,2019-08-29,85,66,-19
6187,2019-08-29,137,112,-25
6188,2019-08-29,57,61,4
6189,2019-08-29,29,32,3
6190,2019-08-29,124,75,-49
6191,2019-08-29,94,78,-16
6192,2019-08-29,51,39,-12
6193,2019-08-29,128,121,-7
6195,2019-08-29,80,62,-18
6196,2019-08-29,139,115,-24
6197,2019-08-29,68,59,-9
6198,2019-08-29,17,8,-9
6199,2019-08-29,131,131,0
6200,2019-08-29,141,125,-16
6201,2019-08-29,110,82,-28
6202,2019-08-29,139,112,-27
6203,2019-08-29,56,45,-11
6204,2019-08-29,126,120,-6
6205,2019-08-29,119,107,-12
6206,2019-08-29,160,129,-31
6207,2019-08-29,56,54,-2
6208,2019-08-29,79,91,12
6209,2019-08-29,141,123,-18
6210,2019-08-29,56,54,-2
6211,2019-08-29,169,161,-8
6212,2019-08-29,120,79,-41
6213,2019-08-29,140,127,-13
6214,2019-08-29,106,90,-16
6215,2019-08-29,75,75,0
6216,2019-08-29,149,80,-69
6217,2019-08-29,100,72,-28
6218,2019-08-29,69,47,-22
6219,2019-08-29,90,77,-13
6220,2019-08-29,123,88,-35
6221,2019-08-29,245,190,-55
6222,2019-08-29,111,70,-41
6223,2019-08-29,147,70,-77
6224,2019-08-29,67,61,-6
6225,2019-08-29,85,64,-21
6226,2019-08-29,36,42,6
6227,2019-08-29,174,155,-19
6228,2019-08-29,40,32,-8
6229,2019-08-29,67,51,-16
6230,2019-08-29,114,101,-13
6231,2019-08-29,129,108,-21
6232,2019-08-29,49,46,-3
6233,2019-08-29,155,121,-34
6234,2019-08-29,81,80,-1
6235,2019-08-29,73,78,5
6236,2019-08-29,87,94,7
6237,2019-08-29,52,53,1
6240,2019-08-29,29,23,-6
6241,2019-08-29,52,50,-2
6243,2019-08-29,72,62,-10
6245,2019-08-29,46,34,-12
6246,2019-08-29,80,76,-4
6247,2019-08-29,148,129,-19
6248,2019-08-29,180,154,-26
6249,2019-08-29,77,65,-12
6250,2019-08-29,85,84,-1
6251,2019-08-29,28,18,-10
6252,2019-08-29,51,47,-4
6253,2019-08-29,72,49,-23
6254,2019-08-29,94,82,-12
6255,2019-08-29,122,106,-16
6257,2019-08-29,71,51,-20
6258,2019-08-29,107,73,-34
6259,2019-08-29,47,47,0
6260,2019-08-29,69,64,-5
6261,2019-08-29,55,60,5
6262,2019-08-29,62,56,-6
6263,2019-08-29,31,35,4
6264,2019-08-29,32,34,2
6265,2019-08-29,49,52,3
6266,2019-08-29,26,24,-2
6267,2019-08-29,60,59,-1
6268,2019-08-29,96,86,-10
6269,2019-08-29,29,36,7
6270,2019-08-29,47,42,-5
6271,2019-08-29,4,5,1
6272,2019-08-29,38,35,-3
6273,2019-08-29,40,42,2
6274,2019-08-29,55,53,-2
6275,2019-08-29,39,31,-8
6276,2019-08-29,51,55,4
6277,2019-08-29,81,82,1
6278,2019-08-29,34,31,-3
6279,2019-08-29,27,22,-5
6280,2019-08-29,104,110,6
6281,2019-08-29,37,27,-10
6301,2019-08-29,26,29,3
6302,2019-08-29,25,29,4
6303,2019-08-29,32,30,-2
6304,2019-08-29,11,13,2
6305,2019-08-29,29,21,-8
6306,2019-08-29,53,30,-23
6307,2019-08-29,112,111,-1
6309,2019-08-29,26,32,6
6310,2019-08-29,112,56,-56
6311,2019-08-29,53,44,-9
6312,2019-08-29,24,33,9
6313,2019-08-29,76,84,8
6314,2019-08-29,59,51,-8
6315,2019-08-29,97,65,-32
6316,2019-08-29,69,26,-43
6321,2019-08-29,82,77,-5
6322,2019-08-29,36,41,5
6323,2019-08-29,16,19,3
6324,2019-08-29,32,43,11
6327,2019-08-29,47,32,-15
6328,2019-08-29,48,38,-10
6329,2019-08-29,33,27,-6
6330,2019-08-29,30,26,-4
6331,2019-08-29,31,27,-4
6332,2019-08-29,47,48,1
6333,2019-08-29,23,19,-4
6334,2019-08-29,75,81,6
6335,2019-08-29,61,44,-17
6336,2019-08-29,42,44,2
6338,2019-08-29,48,39,-9
6339,2019-08-29,26,15,-11
6340,2019-08-29,35,35,0
6341,2019-08-29,27,37,10
6343,2019-08-29,44,45,1
6344,2019-08-29,44,41,-3
6345,2019-08-29,15,22,7
6346,2019-08-29,27,40,13
6347,2019-08-29,33,26,-7
6349,2019-08-29,35,24,-11
6350,2019-08-29,36,53,17
6354,2019-08-29,42,36,-6
6355,2019-08-29,33,61,28
6356,2019-08-29,42,25,-17
6357,2019-08-29,41,34,-7
6358,2019-08-29,23,23,0
6359,2019-08-29,101,131,30
6360,2019-08-29,41,39,-2
6361,2019-08-29,47,49,2
6362,2019-08-29,40,33,-7
6363,2019-08-29,28,26,-2
6364,2019-08-29,40,43,3
6366,2019-08-29,49,34,-15
6367,2019-08-29,28,21,-7
6368,2019-08-29,68,80,12
6369,2019-08-29,36,49,13
6370,2019-08-29,56,40,-16
6371,2019-08-29,67,85,18
6372,2019-08-29,80,93,13
6373,2019-08-29,43,36,-7
6374,2019-08-29,55,35,-20
6375,2019-08-29,75,90,15
6376,2019-08-29,31,32,1
6377,2019-08-29,34,41,7
6379,2019-08-29,26,33,7
6380,2019-08-29,30,31,1
6381,2019-08-29,72,71,-1
6383,2019-08-29,30,25,-5
6384,2019-08-29,28,20,-8
6385,2019-08-29,65,62,-3
6386,2019-08-29,51,74,23
6387,2019-08-29,89,92,3
6388,2019-08-29,24,33,9
6389,2019-08-29,53,41,-12
6391,2019-08-29,45,83,38
6393,2019-08-29,68,84,16
6394,2019-08-29,61,104,43
6395,2019-08-29,87,78,-9
6396,2019-08-29,102,92,-10
6397,2019-08-29,47,71,24
6398,2019-08-29,43,56,13
6401,2019-08-29,50,66,16
6402,2019-08-29,49,64,15
6403,2019-08-29,33,42,9
6404,2019-08-29,15,21,6
6405,2019-08-29,39,53,14
6406,2019-08-29,134,161,27
6407,2019-08-29,14,30,16
6408,2019-08-29,54,69,15
6409,2019-08-29,24,23,-1
6410,2019-08-29,56,54,-2
6411,2019-08-29,169,165,-4
6412,2019-08-29,28,33,5
6413,2019-08-29,39,39,0
6414,2019-08-29,17,23,6
6415,2019-08-29,39,35,-4
6416,2019-08-29,29,13,-16
6417,2019-08-29,28,40,12
6418,2019-08-29,11,13,2
6419,2019-08-29,16,27,11
6420,2019-08-29,28,31,3
6421,2019-08-29,47,49,2
6422,2019-08-29,10,20,10
6423,2019-08-29,25,13,-12
6424,2019-08-29,39,92,53
6425,2019-08-29,30,32,2
6426,2019-08-29,84,73,-11
6427,2019-08-29,63,78,15
6428,2019-08-29,16,20,4
6429,2019-08-29,35,43,8
6432,2019-08-29,106,107,1
6433,2019-08-29,19,31,12
6434,2019-08-29,64,73,9
6435,2019-08-29,31,29,-2
6436,2019-08-29,25,24,-1
6501,2019-08-29,98,119,21
6502,2019-08-29,23,22,-1
6503,2019-08-29,59,55,-4
6504,2019-08-29,14,13,-1
6700,2019-08-29,31,39,8
6701,2019-08-29,88,87,-1
6702,2019-08-29,24,35,11
6703,2019-08-29,68,71,3
6704,2019-08-29,33,29,-4
6705,2019-08-29,17,22,5
6706,2019-08-29,19,26,7
6707,2019-08-29,18,20,2
6709,2019-08-29,25,29,4
6710,2019-08-29,25,21,-4
6711,2019-08-29,33,24,-9
6712,2019-08-29,9,15,6
6713,2019-08-29,26,23,-3
6714,2019-08-29,10,6,-4
6715,2019-08-29,25,28,3
6716,2019-08-29,14,11,-3
6717,2019-08-29,12,20,8
6718,2019-08-29,26,26,0
6719,2019-08-29,33,28,-5
6720,2019-08-29,32,41,9
6721,2019-08-29,24,26,2
6722,2019-08-29,19,20,1
6723,2019-08-29,12,18,6
6724,2019-08-29,75,109,34
6725,2019-08-29,41,34,-7
6726,2019-08-29,13,10,-3
6727,2019-08-29,83,76,-7
6728,2019-08-29,16,20,4
6729,2019-08-29,163,177,14
6730,2019-08-29,25,15,-10
6731,2019-08-29,20,17,-3
6732,2019-08-29,42,50,8
6733,2019-08-29,38,45,7
6734,2019-08-29,48,56,8
6735,2019-08-29,11,13,2
6736,2019-08-29,26,23,-3
6737,2019-08-29,22,26,4
6738,2019-08-29,79,90,11
6739,2019-08-29,9,11,2
6741,2019-08-29,26,31,5
6742,2019-08-29,60,70,10
6743,2019-08-29,25,9,-16
6744,2019-08-29,25,28,3
6745,2019-08-29,31,30,-1
6746,2019-08-29,26,25,-1
6747,2019-08-29,51,68,17
6748,2019-08-29,76,92,16
6749,2019-08-29,51,46,-5
6750,2019-08-29,46,47,1
6752,2019-08-29,35,37,2
6753,2019-08-29,30,25,-5
6754,2019-08-29,33,29,-4
6901,2019-08-29,63,78,15
6902,2019-08-29,80,90,10
6903,2019-08-29,125,110,-15
6904,2019-08-29,33,23,-10
6905,2019-08-29,45,44,-1
6906,2019-08-29,91,64,-27
6907,2019-08-29,100,69,-31
6908,2019-08-29,66,60,-6
6910,2019-08-29,153,131,-22
6912,2019-08-29,156,105,-51
6913,2019-08-29,61,38,-23
6915,2019-08-29,85,73,-12
6916,2019-08-29,43,33,-10
6917,2019-08-29,11,19,8
6918,2019-08-29,33,20,-13
6919,2019-08-29,22,34,12
6921,2019-08-29,111,114,3
6923,2019-08-29,47,50,3
6924,2019-08-29,23,19,-4
6925,2019-08-29,45,42,-3
6926,2019-08-29,69,54,-15
6927,2019-08-29,91,58,-33
6928,2019-08-29,57,16,-41
6929,2019-08-29,37,25,-12
6930,2019-08-29,24,22,-2
7001,2019-08-29,39,41,2
7002,2019-08-29,22,27,5
7003,2019-08-29,108,94,-14
7004,2019-08-29,24,28,4
7005,2019-08-29,7,7,0
7006,2019-08-29,17,26,9
7007,2019-08-29,14,18,4
7008,2019-08-29,29,29,0
7009,2019-08-29,77,75,-2
7010,2019-08-29,23,20,-3
7011,2019-08-29,77,89,12
7012,2019-08-29,41,53,12
7013,2019-08-29,26,33,7
7014,2019-08-29,137,59,-78
7015,2019-08-29,31,32,1
7016,2019-08-29,20,16,-4
7017,2019-08-29,22,35,13
7018,2019-08-29,33,48,15
7019,2019-08-29,136,138,2
7020,2019-08-29,37,44,7
7021,2019-08-29,53,51,-2
7022,2019-08-29,55,48,-7
7023,2019-08-29,3,3,0
7024,2019-08-29,92,41,-51
7025,2019-08-29,93,79,-14
7026,2019-08-29,85,87,2
7027,2019-08-29,73,55,-18
7028,2019-08-29,135,150,15
7029,2019-08-29,66,67,1
7030,2019-08-29,64,66,2
7031,2019-08-29,51,63,12
7032,2019-08-29,145,104,-41
7033,2019-08-29,69,68,-1
7034,2019-08-29,44,66,22
7035,2019-08-29,36,42,6
7036,2019-08-29,68,67,-1
7037,2019-08-29,60,53,-7
7038,2019-08-29,61,81,20
7039,2019-08-29,43,36,-7
7040,2019-08-29,88,121,33
7041,2019-08-29,131,153,22
7042,2019-08-29,39,46,7
7043,2019-08-29,29,20,-9
7044,2019-08-29,16,17,1
7045,2019-08-29,73,76,3
7046,2019-08-29,107,125,18
7047,2019-08-29,152,204,52
7048,2019-08-29,31,40,9
7049,2019-08-29,20,27,7
7050,2019-08-29,25,35,10
7051,2019-08-29,10,15,5
7052,2019-08-29,63,63,0
7053,2019-08-29,29,40,11
7054,2019-08-29,66,79,13
7055,2019-08-29,21,38,17
7056,2019-08-29,8,19,11
7057,2019-08-29,29,36,7
7058,2019-08-29,37,37,0
7059,2019-08-29,24,28,4
7060,2019-08-29,21,32,11
7061,2019-08-29,33,31,-2
7062,2019-08-29,64,75,11
7063,2019-08-29,25,24,-1
7064,2019-08-29,28,39,11
7065,2019-08-29,34,40,6
7066,2019-08-29,91,164,73
7067,2019-08-29,74,73,-1
7068,2019-08-29,96,117,21
7069,2019-08-29,117,137,20
7070,2019-08-29,33,44,11
7071,2019-08-29,68,38,-30
7072,2019-08-29,42,31,-11
7073,2019-08-29,77,92,15
7074,2019-08-29,36,42,6
7075,2019-08-29,13,13,0
7076,2019-08-29,97,71,-26
7077,2019-08-29,29,27,-2
7078,2019-08-29,24,28,4
7079,2019-08-29,46,61,15
7080,2019-08-29,114,129,15
7081,2019-08-29,103,132,29
7082,2019-08-29,99,116,17
7083,2019-08-29,67,59,-8
7086,2019-08-29,2,4,2
7087,2019-08-29,3,4,1
7088,2019-08-29,1,1,0
7089,2019-08-29,2,2,0
7090,2019-08-29,6,12,6
7091,2019-08-29,9,7,-2
7092,2019-08-29,7,8,1
7093,2019-08-29,4,6,2
7094,2019-08-29,2,2,0
7095,2019-08-29,26,24,-2
7096,2019-08-29,34,40,6
7097,2019-08-29,11,9,-2
7098,2019-08-29,3,2,-1
7099,2019-08-29,8,10,2
7100,2019-08-29,11,8,-3
7101,2019-08-29,9,9,0
7102,2019-08-29,19,24,5
7103,2019-08-29,18,21,3
7104,2019-08-29,1,3,2
7105,2019-08-29,8,6,-2
7106,2019-08-29,1,2,1
7107,2019-08-29,1,0,-1
7108,2019-08-29,7,14,7
7109,2019-08-29,27,13,-14
7110,2019-08-29,11,9,-2
7111,2019-08-29,7,7,0
7112,2019-08-29,13,10,-3
7113,2019-08-29,104,103,-1
7114,2019-08-29,109,122,13
7115,2019-08-29,14,18,4
7116,2019-08-29,12,12,0
7117,2019-08-29,7,6,-1
7118,2019-08-29,2,5,3
7119,2019-08-29,14,18,4
7120,2019-08-29,7,7,0
7121,2019-08-29,5,9,4
7122,2019-08-29,4,9,5
7123,2019-08-29,4,5,1
7124,2019-08-29,25,19,-6
7125,2019-08-29,26,21,-5
7126,2019-08-29,11,4,-7
7127,2019-08-29,39,36,-3
7128,2019-08-29,16,16,0
7129,2019-08-29,22,18,-4
7130,2019-08-29,12,13,1
7131,2019-08-29,12,16,4
7132,2019-08-29,1,0,-1
7133,2019-08-29,8,16,8
7134,2019-08-29,4,5,1
7135,2019-08-29,6,7,1
7136,2019-08-29,8,7,-1
7137,2019-08-29,3,6,3
7138,2019-08-29,4,5,1
7139,2019-08-29,47,50,3
7140,2019-08-29,25,27,2
7141,2019-08-29,33,41,8
7142,2019-08-29,11,17,6
7143,2019-08-29,27,31,4
7144,2019-08-29,38,43,5
7145,2019-08-29,20,21,1
7146,2019-08-29,16,31,15
7147,2019-08-29,50,37,-13
7148,2019-08-29,8,6,-2
7149,2019-08-29,8,15,7
10002,2019-08-29,117,107,-10
4000,2019-08-30,22,18,-4
4001,2019-08-30,6,9,3
4002,2019-08-30,7,11,4
5004,2019-08-30,3,0,-3
5005,2019-08-30,1,1,0
5006,2019-08-30,2,3,1
5007,2019-08-30,7,11,4
6001,2019-08-30,18,43,25
6002,2019-08-30,22,22,0
6003,2019-08-30,28,41,13
6004,2019-08-30,16,41,25
6005,2019-08-30,21,40,19
6006,2019-08-30,22,14,-8
6007,2019-08-30,23,20,-3
6008,2019-08-30,24,27,3
6009,2019-08-30,33,51,18
6011,2019-08-30,20,38,18
6012,2019-08-30,54,88,34
6013,2019-08-30,15,32,17
6014,2019-08-30,31,43,12
6015,2019-08-30,49,102,53
6016,2019-08-30,5,7,2
6017,2019-08-30,26,24,-2
6018,2019-08-30,21,26,5
6019,2019-08-30,49,32,-17
6020,2019-08-30,40,43,3
6021,2019-08-30,41,19,-22
6022,2019-08-30,20,40,20
6023,2019-08-30,55,94,39
6025,2019-08-30,15,26,11
6026,2019-08-30,42,69,27
6027,2019-08-30,38,57,19
6029,2019-08-30,13,12,-1
6031,2019-08-30,17,26,9
6032,2019-08-30,22,64,42
6033,2019-08-30,13,15,2
6035,2019-08-30,7,25,18
6036,2019-08-30,59,120,61
6037,2019-08-30,25,39,14
6038,2019-08-30,21,43,22
6039,2019-08-30,24,40,16
6040,2019-08-30,26,43,17
6041,2019-08-30,34,38,4
6042,2019-08-30,37,37,0
6043,2019-08-30,50,131,81
6044,2019-08-30,38,21,-17
6046,2019-08-30,30,47,17
6047,2019-08-30,36,30,-6
6049,2019-08-30,54,93,39
6050,2019-08-30,13,37,24
6051,2019-08-30,5,13,8
6052,2019-08-30,50,124,74
6053,2019-08-30,39,69,30
6057,2019-08-30,29,28,-1
6058,2019-08-30,25,39,14
6059,2019-08-30,19,32,13
6060,2019-08-30,12,16,4
6061,2019-08-30,27,30,3
6062,2019-08-30,38,31,-7
6063,2019-08-30,38,39,1
6064,2019-08-30,65,73,8
6065,2019-08-30,33,26,-7
6066,2019-08-30,13,13,0
6067,2019-08-30,42,48,6
6068,2019-08-30,3,2,-1
6070,2019-08-30,70,105,35
6072,2019-08-30,30,51,21
6073,2019-08-30,37,49,12
6075,2019-08-30,11,14,3
6076,2019-08-30,6,5,-1
6078,2019-08-30,38,50,12
6079,2019-08-30,38,29,-9
6080,2019-08-30,45,59,14
6081,2019-08-30,31,22,-9
6082,2019-08-30,10,3,-7
6083,2019-08-30,40,70,30
6084,2019-08-30,30,40,10
6085,2019-08-30,27,45,18
6086,2019-08-30,16,18,2
6087,2019-08-30,47,43,-4
6088,2019-08-30,27,26,-1
6089,2019-08-30,27,34,7
6090,2019-08-30,18,20,2
6091,2019-08-30,26,16,-10
6092,2019-08-30,13,26,13
6093,2019-08-30,28,25,-3
6094,2019-08-30,14,6,-8
6095,2019-08-30,77,56,-21
6096,2019-08-30,16,16,0
6097,2019-08-30,28,18,-10
6098,2019-08-30,23,12,-11
6099,2019-08-30,58,75,17
6100,2019-08-30,77,78,1
6101,2019-08-30,16,16,0
6102,2019-08-30,25,7,-18
6103,2019-08-30,12,7,-5
6104,2019-08-30,18,31,13
6105,2019-08-30,21,27,6
6106,2019-08-30,15,14,-1
6107,2019-08-30,57,26,-31
6108,2019-08-30,13,18,5
6109,2019-08-30,4,12,8
6110,2019-08-30,14,16,2
6111,2019-08-30,28,25,-3
6112,2019-08-30,51,51,0
6113,2019-08-30,22,16,-6
6114,2019-08-30,52,66,14
6115,2019-08-30,6,9,3
6116,2019-08-30,34,35,1
6117,2019-08-30,37,52,15
6118,2019-08-30,36,38,2
6119,2019-08-30,29,27,-2
6120,2019-08-30,19,44,25
6121,2019-08-30,12,16,4
6122,2019-08-30,16,13,-3
6123,2019-08-30,14,14,0
6124,2019-08-30,12,18,6
6125,2019-08-30,8,10,2
6126,2019-08-30,26,38,12
6127,2019-08-30,22,28,6
6128,2019-08-30,7,7,0
6129,2019-08-30,47,33,-14
6130,2019-08-30,15,7,-8
6131,2019-08-30,45,26,-19
6132,2019-08-30,27,28,1
6133,2019-08-30,17,14,-3
6134,2019-08-30,22,22,0
6136,2019-08-30,111,104,-7
6137,2019-08-30,37,32,-5
6138,2019-08-30,29,14,-15
6139,2019-08-30,17,5,-12
6140,2019-08-30,51,43,-8
6141,2019-08-30,19,14,-5
6142,2019-08-30,43,16,-27
6143,2019-08-30,62,48,-14
6145,2019-08-30,24,18,-6
6146,2019-08-30,14,20,6
6147,2019-08-30,39,27,-12
6148,2019-08-30,66,42,-24
6149,2019-08-30,26,14,-12
6150,2019-08-30,36,20,-16
6151,2019-08-30,34,29,-5
6152,2019-08-30,67,66,-1
6153,2019-08-30,28,28,0
6154,2019-08-30,69,75,6
6155,2019-08-30,67,49,-18
6156,2019-08-30,38,23,-15
6157,2019-08-30,65,61,-4
6158,2019-08-30,41,27,-14
6159,2019-08-30,10,21,11
6160,2019-08-30,32,12,-20
6161,2019-08-30,19,12,-7
6162,2019-08-30,3,3,0
6163,2019-08-30,54,39,-15
6164,2019-08-30,40,35,-5
6165,2019-08-30,49,48,-1
6166,2019-08-30,37,20,-17
6167,2019-08-30,25,14,-11
6168,2019-08-30,46,53,7
6169,2019-08-30,75,59,-16
6170,2019-08-30,27,17,-10
6171,2019-08-30,19,10,-9
6173,2019-08-30,47,28,-19
6174,2019-08-30,40,24,-16
6175,2019-08-30,36,23,-13
6176,2019-08-30,39,44,5
6177,2019-08-30,47,30,-17
6178,2019-08-30,46,41,-5
6179,2019-08-30,38,34,-4
6180,2019-08-30,20,26,6
6181,2019-08-30,58,46,-12
6182,2019-08-30,22,14,-8
6183,2019-08-30,42,32,-10
6184,2019-08-30,99,119,20
6185,2019-08-30,10,7,-3
6186,2019-08-30,30,21,-9
6187,2019-08-30,44,58,14
6188,2019-08-30,15,15,0
6189,2019-08-30,11,3,-8
6190,2019-08-30,43,37,-6
6191,2019-08-30,39,33,-6
6192,2019-08-30,26,12,-14
6193,2019-08-30,43,36,-7
6195,2019-08-30,29,27,-2
6196,2019-08-30,41,22,-19
6197,2019-08-30,26,28,2
6198,2019-08-30,10,6,-4
6199,2019-08-30,50,52,2
6200,2019-08-30,38,44,6
6201,2019-08-30,42,26,-16
6202,2019-08-30,48,40,-8
6203,2019-08-30,20,17,-3
6204,2019-08-30,38,33,-5
6205,2019-08-30,52,40,-12
6206,2019-08-30,60,65,5
6207,2019-08-30,21,23,2
6208,2019-08-30,26,35,9
6209,2019-08-30,61,52,-9
6210,2019-08-30,11,17,6
6211,2019-08-30,83,68,-15
6212,2019-08-30,34,32,-2
6213,2019-08-30,36,42,6
6214,2019-08-30,49,30,-19
6215,2019-08-30,19,37,18
6216,2019-08-30,68,28,-40
6217,2019-08-30,28,30,2
6218,2019-08-30,42,18,-24
6219,2019-08-30,34,17,-17
6220,2019-08-30,44,27,-17
6221,2019-08-30,99,81,-18
6222,2019-08-30,41,16,-25
6223,2019-08-30,61,25,-36
6224,2019-08-30,34,33,-1
6225,2019-08-30,35,21,-14
6226,2019-08-30,8,16,8
6227,2019-08-30,60,65,5
6228,2019-08-30,11,9,-2
6229,2019-08-30,32,22,-10
6230,2019-08-30,57,51,-6
6231,2019-08-30,58,37,-21
6232,2019-08-30,19,19,0
6233,2019-08-30,69,36,-33
6234,2019-08-30,22,25,3
6235,2019-08-30,34,37,3
6236,2019-08-30,33,19,-14
6237,2019-08-30,22,20,-2
6240,2019-08-30,10,6,-4
6241,2019-08-30,13,21,8
6243,2019-08-30,29,34,5
6245,2019-08-30,16,18,2
6246,2019-08-30,20,23,3
6247,2019-08-30,43,40,-3
6248,2019-08-30,76,73,-3
6249,2019-08-30,19,22,3
6250,2019-08-30,45,42,-3
6251,2019-08-30,4,5,1
6252,2019-08-30,22,18,-4
6253,2019-08-30,21,27,6
6254,2019-08-30,31,29,-2
6255,2019-08-30,43,50,7
6257,2019-08-30,22,17,-5
6258,2019-08-30,31,22,-9
6259,2019-08-30,17,12,-5
6260,2019-08-30,15,14,-1
6261,2019-08-30,31,20,-11
6262,2019-08-30,33,26,-7
6263,2019-08-30,7,5,-2
6264,2019-08-30,16,10,-6
6265,2019-08-30,26,30,4
6266,2019-08-30,7,3,-4
6267,2019-08-30,22,21,-1
6268,2019-08-30,35,34,-1
6269,2019-08-30,9,8,-1
6270,2019-08-30,20,12,-8
6272,2019-08-30,21,17,-4
6273,2019-08-30,16,10,-6
6274,2019-08-30,17,12,-5
6275,2019-08-30,10,10,0
6276,2019-08-30,25,14,-11
6277,2019-08-30,20,18,-2
6278,2019-08-30,15,7,-8
6279,2019-08-30,11,9,-2
6280,2019-08-30,49,62,13
6281,2019-08-30,17,9,-8
6301,2019-08-30,26,19,-7
6302,2019-08-30,10,8,-2
6303,2019-08-30,10,5,-5
6304,2019-08-30,2,4,2
6305,2019-08-30,14,7,-7
6306,2019-08-30,22,15,-7
6307,2019-08-30,40,35,-5
6309,2019-08-30,7,11,4
6310,2019-08-30,41,26,-15
6311,2019-08-30,16,10,-6
6312,2019-08-30,8,14,6
6313,2019-08-30,16,24,8
6314,2019-08-30,27,15,-12
6315,2019-08-30,27,11,-16
6316,2019-08-30,21,8,-13
6321,2019-08-30,24,24,0
6322,2019-08-30,17,6,-11
6323,2019-08-30,5,5,0
6324,2019-08-30,12,10,-2
6327,2019-08-30,22,11,-11
6328,2019-08-30,9,5,-4
6329,2019-08-30,14,8,-6
6330,2019-08-30,5,10,5
6331,2019-08-30,5,10,5
6332,2019-08-30,15,13,-2
6333,2019-08-30,8,9,1
6334,2019-08-30,20,28,8
6335,2019-08-30,18,15,-3
6336,2019-08-30,16,11,-5
6338,2019-08-30,11,12,1
6339,2019-08-30,19,8,-11
6340,2019-08-30,12,10,-2
6341,2019-08-30,15,10,-5
6343,2019-08-30,19,9,-10
6344,2019-08-30,15,17,2
6345,2019-08-30,7,5,-2
6346,2019-08-30,16,21,5
6347,2019-08-30,13,14,1
6349,2019-08-30,17,10,-7
6350,2019-08-30,15,15,0
6354,2019-08-30,12,10,-2
6355,2019-08-30,15,6,-9
6356,2019-08-30,12,9,-3
6357,2019-08-30,12,7,-5
6358,2019-08-30,9,9,0
6359,2019-08-30,47,49,2
6360,2019-08-30,11,13,2
6361,2019-08-30,26,22,-4
6362,2019-08-30,20,14,-6
6363,2019-08-30,13,8,-5
6364,2019-08-30,11,15,4
6366,2019-08-30,18,10,-8
6367,2019-08-30,17,11,-6
6368,2019-08-30,20,21,1
6369,2019-08-30,10,16,6
6370,2019-08-30,11,12,1
6371,2019-08-30,32,18,-14
6372,2019-08-30,40,36,-4
6373,2019-08-30,22,12,-10
6374,2019-08-30,16,16,0
6375,2019-08-30,21,28,7
6376,2019-08-30,9,8,-1
6377,2019-08-30,19,11,-8
6379,2019-08-30,9,8,-1
6380,2019-08-30,15,8,-7
6381,2019-08-30,15,11,-4
6383,2019-08-30,16,6,-10
6384,2019-08-30,14,8,-6
6385,2019-08-30,28,24,-4
6386,2019-08-30,16,25,9
6387,2019-08-30,21,42,21
6388,2019-08-30,8,9,1
6389,2019-08-30,25,22,-3
6391,2019-08-30,35,37,2
6393,2019-08-30,28,38,10
6394,2019-08-30,32,33,1
6395,2019-08-30,13,38,25
6396,2019-08-30,38,54,16
6397,2019-08-30,26,30,4
6398,2019-08-30,12,25,13
6401,2019-08-30,22,17,-5
6402,2019-08-30,16,18,2
6403,2019-08-30,12,12,0
6404,2019-08-30,3,7,4
6405,2019-08-30,16,25,9
6406,2019-08-30,52,57,5
6407,2019-08-30,10,14,4
6408,2019-08-30,21,23,2
6409,2019-08-30,6,6,0
6410,2019-08-30,24,35,11
6411,2019-08-30,59,52,-7
6412,2019-08-30,10,10,0
6413,2019-08-30,5,11,6
6414,2019-08-30,3,5,2
6415,2019-08-30,8,11,3
6416,2019-08-30,10,5,-5
6417,2019-08-30,13,13,0
6418,2019-08-30,5,5,0
6419,2019-08-30,3,7,4
6420,2019-08-30,15,9,-6
6421,2019-08-30,22,13,-9
6422,2019-08-30,5,7,2
6423,2019-08-30,11,2,-9
6424,2019-08-30,18,31,13
6425,2019-08-30,8,10,2
6426,2019-08-30,12,34,22
6427,2019-08-30,22,25,3
6428,2019-08-30,13,4,-9
6429,2019-08-30,12,18,6
6432,2019-08-30,40,46,6
6433,2019-08-30,17,8,-9
6434,2019-08-30,20,19,-1
6435,2019-08-30,15,19,4
6436,2019-08-30,8,4,-4
6501,2019-08-30,32,43,11
6502,2019-08-30,8,10,2
6503,2019-08-30,25,23,-2
6504,2019-08-30,10,12,2
6700,2019-08-30,12,15,3
6701,2019-08-30,29,35,6
6702,2019-08-30,6,8,2
6703,2019-08-30,15,15,0
6704,2019-08-30,11,7,-4
6705,2019-08-30,11,4,-7
6706,2019-08-30,8,3,-5
6707,2019-08-30,4,9,5
6709,2019-08-30,13,7,-6
6710,2019-08-30,2,5,3
6711,2019-08-30,5,8,3
6712,2019-08-30,5,3,-2
6713,2019-08-30,7,8,1
6715,2019-08-30,7,7,0
6716,2019-08-30,6,3,-3
6717,2019-08-30,2,8,6
6718,2019-08-30,12,3,-9
6719,2019-08-30,10,6,-4
6720,2019-08-30,19,11,-8
6721,2019-08-30,5,5,0
6722,2019-08-30,4,6,2
6723,2019-08-30,7,7,0
6724,2019-08-30,10,27,17
6725,2019-08-30,6,10,4
6726,2019-08-30,5,7,2
6727,2019-08-30,20,26,6
6728,2019-08-30,10,5,-5
6729,2019-08-30,59,69,10
6730,2019-08-30,6,5,-1
6731,2019-08-30,7,3,-4
6732,2019-08-30,17,15,-2
6733,2019-08-30,14,11,-3
6734,2019-08-30,23,17,-6
6735,2019-08-30,5,7,2
6736,2019-08-30,5,7,2
6737,2019-08-30,6,6,0
6738,2019-08-30,38,36,-2
6739,2019-08-30,4,4,0
6741,2019-08-30,2,7,5
6742,2019-08-30,20,22,2
6743,2019-08-30,7,4,-3
6744,2019-08-30,12,4,-8
6745,2019-08-30,6,7,1
6746,2019-08-30,11,10,-1
6747,2019-08-30,23,26,3
6748,2019-08-30,35,43,8
6749,2019-08-30,24,36,12
6750,2019-08-30,20,21,1
6752,2019-08-30,20,26,6
6753,2019-08-30,9,13,4
6754,2019-08-30,9,14,5
6901,2019-08-30,28,33,5
6902,2019-08-30,36,34,-2
6903,2019-08-30,50,50,0
6904,2019-08-30,9,7,-2
6905,2019-08-30,21,21,0
6906,2019-08-30,6,7,1
6907,2019-08-30,25,24,-1
6908,2019-08-30,23,26,3
6910,2019-08-30,40,44,4
6912,2019-08-30,45,44,-1
6913,2019-08-30,26,24,-2
6915,2019-08-30,31,29,-2
6916,2019-08-30,16,18,2
6917,2019-08-30,11,10,-1
6918,2019-08-30,9,7,-2
6919,2019-08-30,14,9,-5
6921,2019-08-30,29,49,20
6923,2019-08-30,20,24,4
6924,2019-08-30,4,11,7
6925,2019-08-30,9,16,7
6926,2019-08-30,31,29,-2
6927,2019-08-30,34,28,-6
6928,2019-08-30,17,12,-5
6929,2019-08-30,18,17,-1
6930,2019-08-30,5,10,5
7001,2019-08-30,10,15,5
7002,2019-08-30,4,3,-1
7003,2019-08-30,44,28,-16
7004,2019-08-30,10,17,7
7005,2019-08-30,4,5,1
7006,2019-08-30,7,8,1
7007,2019-08-30,2,3,1
7008,2019-08-30,15,9,-6
7009,2019-08-30,28,42,14
7010,2019-08-30,5,7,2
7011,2019-08-30,39,45,6
7012,2019-08-30,20,22,2
7013,2019-08-30,8,3,-5
7014,2019-08-30,36,23,-13
7015,2019-08-30,4,6,2
7016,2019-08-30,3,3,0
7017,2019-08-30,21,19,-2
7018,2019-08-30,13,20,7
7019,2019-08-30,24,52,28
7020,2019-08-30,11,13,2
7021,2019-08-30,16,23,7
7022,2019-08-30,16,14,-2
7024,2019-08-30,20,13,-7
7025,2019-08-30,14,17,3
7026,2019-08-30,47,47,0
7027,2019-08-30,27,22,-5
7028,2019-08-30,57,58,1
7029,2019-08-30,28,27,-1
7030,2019-08-30,26,22,-4
7031,2019-08-30,44,30,-14
7032,2019-08-30,51,24,-27
7033,2019-08-30,25,23,-2
7034,2019-08-30,22,45,23
7035,2019-08-30,20,12,-8
7036,2019-08-30,29,21,-8
7037,2019-08-30,21,17,-4
7038,2019-08-30,23,24,1
7039,2019-08-30,8,11,3
7040,2019-08-30,30,36,6
7041,2019-08-30,56,65,9
7042,2019-08-30,13,15,2
7043,2019-08-30,4,4,0
7044,2019-08-30,4,5,1
7045,2019-08-30,28,33,5
7046,2019-08-30,50,58,8
7047,2019-08-30,56,74,18
7048,2019-08-30,9,8,-1
7049,2019-08-30,3,8,5
7050,2019-08-30,15,7,-8
7051,2019-08-30,5,5,0
7052,2019-08-30,13,20,7
7053,2019-08-30,21,11,-10
7054,2019-08-30,10,13,3
7055,2019-08-30,3,8,5
7056,2019-08-30,9,5,-4
7057,2019-08-30,15,10,-5
7058,2019-08-30,7,14,7
7059,2019-08-30,15,11,-4
7060,2019-08-30,12,7,-5
7061,2019-08-30,5,4,-1
7062,2019-08-30,26,20,-6
7063,2019-08-30,7,9,2
7064,2019-08-30,9,12,3
7065,2019-08-30,13,15,2
7066,2019-08-30,34,73,39
7067,2019-08-30,21,29,8
7068,2019-08-30,42,37,-5
7069,2019-08-30,37,52,15
7070,2019-08-30,13,15,2
7071,2019-08-30,30,11,-19
7072,2019-08-30,15,7,-8
7073,2019-08-30,29,26,-3
7074,2019-08-30,17,10,-7
7075,2019-08-30,4,4,0
7076,2019-08-30,37,23,-14
7077,2019-08-30,6,11,5
7078,2019-08-30,12,8,-4
7079,2019-08-30,24,27,3
7080,2019-08-30,26,36,10
7081,2019-08-30,36,39,3
7082,2019-08-30,29,43,14
7083,2019-08-30,33,37,4
7087,2019-08-30,1,0,-1
7090,2019-08-30,4,3,-1
7091,2019-08-30,4,4,0
7092,2019-08-30,2,2,0
7094,2019-08-30,1,0,-1
7095,2019-08-30,12,14,2
7096,2019-08-30,9,8,-1
7097,2019-08-30,2,3,1
7098,2019-08-30,5,3,-2
7099,2019-08-30,3,2,-1
7100,2019-08-30,4,3,-1
7101,2019-08-30,1,4,3
7102,2019-08-30,6,2,-4
7103,2019-08-30,2,0,-2
7108,2019-08-30,1,3,2
7109,2019-08-30,4,6,2
7110,2019-08-30,1,1,0
7111,2019-08-30,5,1,-4
7112,2019-08-30,4,3,-1
7113,2019-08-30,27,27,0
7114,2019-08-30,31,19,-12
7115,2019-08-30,6,5,-1
7116,2019-08-30,3,6,3
7117,2019-08-30,1,0,-1
7118,2019-08-30,2,1,-1
7119,2019-08-30,2,4,2
7120,2019-08-30,1,0,-1
7121,2019-08-30,3,1,-2
7122,2019-08-30,2,0,-2
7123,2019-08-30,1,2,1
7124,2019-08-30,7,9,2
7125,2019-08-30,6,8,2
7126,2019-08-30,1,4,3
7127,2019-08-30,10,21,11
7128,2019-08-30,6,6,0
7129,2019-08-30,5,4,-1
7130,2019-08-30,5,5,0
7132,2019-08-30,1,0,-1
7134,2019-08-30,2,1,-1
7136,2019-08-30,4,3,-1
7138,2019-08-30,4,1,-3
7139,2019-08-30,16,24,8
7140,2019-08-30,21,8,-13
7141,2019-08-30,16,10,-6
7142,2019-08-30,5,5,0
7143,2019-08-30,7,5,-2
7144,2019-08-30,15,17,2
7145,2019-08-30,6,6,0
7146,2019-08-30,11,8,-3
7147,2019-08-30,12,14,2
7148,2019-08-30,2,4,2
7149,2019-08-30,8,7,-1
10002,2019-08-30,39,32,-7
10002,2019-08-30,40,64,24
4000,2019-08-30,19,30,11
4001,2019-08-30,6,5,-1
4002,2019-08-30,10,7,-3
5002,2019-08-30,2,1,-1
5004,2019-08-30,1,1,0
5005,2019-08-30,12,4,-8
5006,2019-08-30,6,4,-2
5007,2019-08-30,10,26,16
6001,2019-08-30,37,29,-8
6002,2019-08-30,34,48,14
6003,2019-08-30,50,45,-5
6004,2019-08-30,30,26,-4
6005,2019-08-30,60,22,-38
6006,2019-08-30,17,18,1
6007,2019-08-30,18,33,15
6008,2019-08-30,21,18,-3
6009,2019-08-30,76,58,-18
6011,2019-08-30,31,26,-5
6012,2019-08-30,114,118,4
6013,2019-08-30,46,43,-3
6014,2019-08-30,35,33,-2
6015,2019-08-30,105,128,23
6016,2019-08-30,12,6,-6
6017,2019-08-30,21,38,17
6018,2019-08-30,29,41,12
6019,2019-08-30,82,55,-27
6020,2019-08-30,55,67,12
6021,2019-08-30,33,34,1
6022,2019-08-30,37,36,-1
6023,2019-08-30,91,115,24
6024,2019-08-30,1,1,0
6025,2019-08-30,25,14,-11
6026,2019-08-30,150,155,5
6027,2019-08-30,82,45,-37
6029,2019-08-30,15,21,6
6031,2019-08-30,26,29,3
6032,2019-08-30,51,70,19
6033,2019-08-30,10,9,-1
6035,2019-08-30,27,30,3
6036,2019-08-30,115,113,-2
6037,2019-08-30,34,35,1
6038,2019-08-30,59,40,-19
6039,2019-08-30,56,44,-12
6040,2019-08-30,40,32,-8
6041,2019-08-30,28,34,6
6042,2019-08-30,46,28,-18
6043,2019-08-30,104,60,-44
6044,2019-08-30,35,53,18
6046,2019-08-30,56,41,-15
6047,2019-08-30,30,10,-20
6049,2019-08-30,59,19,-40
6050,2019-08-30,10,7,-3
6051,2019-08-30,17,11,-6
6052,2019-08-30,167,114,-53
6053,2019-08-30,86,61,-25
6057,2019-08-30,44,33,-11
6058,2019-08-30,34,20,-14
6059,2019-08-30,45,13,-32
6060,2019-08-30,30,5,-25
6061,2019-08-30,39,21,-18
6062,2019-08-30,54,15,-39
6063,2019-08-30,66,28,-38
6064,2019-08-30,102,59,-43
6065,2019-08-30,40,29,-11
6066,2019-08-30,14,10,-4
6067,2019-08-30,54,24,-30
6068,2019-08-30,12,1,-11
6070,2019-08-30,111,79,-32
6072,2019-08-30,35,13,-22
6073,2019-08-30,80,42,-38
6075,2019-08-30,16,7,-9
6076,2019-08-30,4,15,11
6078,2019-08-30,39,29,-10
6079,2019-08-30,46,33,-13
6080,2019-08-30,72,66,-6
6081,2019-08-30,19,8,-11
6082,2019-08-30,5,11,6
6083,2019-08-30,71,43,-28
6084,2019-08-30,33,20,-13
6085,2019-08-30,48,44,-4
6086,2019-08-30,42,69,27
6087,2019-08-30,54,82,28
6088,2019-08-30,25,31,6
6089,2019-08-30,20,14,-6
6090,2019-08-30,37,31,-6
6091,2019-08-30,24,25,1
6092,2019-08-30,57,29,-28
6093,2019-08-30,38,35,-3
6094,2019-08-30,13,12,-1
6095,2019-08-30,87,92,5
6096,2019-08-30,16,29,13
6097,2019-08-30,43,27,-16
6098,2019-08-30,32,11,-21
6099,2019-08-30,54,90,36
6100,2019-08-30,88,90,2
6101,2019-08-30,5,5,0
6102,2019-08-30,15,19,4
6103,2019-08-30,13,20,7
6104,2019-08-30,51,40,-11
6105,2019-08-30,19,23,4
6106,2019-08-30,13,22,9
6107,2019-08-30,42,51,9
6108,2019-08-30,17,29,12
6109,2019-08-30,30,26,-4
6110,2019-08-30,18,31,13
6111,2019-08-30,33,59,26
6112,2019-08-30,58,66,8
6113,2019-08-30,34,51,17
6114,2019-08-30,76,103,27
6115,2019-08-30,10,13,3
6116,2019-08-30,29,48,19
6117,2019-08-30,37,23,-14
6118,2019-08-30,31,52,21
6119,2019-08-30,31,60,29
6120,2019-08-30,34,60,26
6121,2019-08-30,16,38,22
6122,2019-08-30,8,13,5
6123,2019-08-30,12,18,6
6124,2019-08-30,20,34,14
6125,2019-08-30,18,10,-8
6126,2019-08-30,18,25,7
6127,2019-08-30,22,15,-7
6128,2019-08-30,8,14,6
6129,2019-08-30,34,42,8
6130,2019-08-30,14,15,1
6131,2019-08-30,40,39,-1
6132,2019-08-30,19,41,22
6133,2019-08-30,17,18,1
6134,2019-08-30,23,30,7
6136,2019-08-30,144,109,-35
6137,2019-08-30,37,60,23
6138,2019-08-30,37,51,14
6139,2019-08-30,24,25,1
6140,2019-08-30,60,58,-2
6141,2019-08-30,36,36,0
6142,2019-08-30,47,56,9
6143,2019-08-30,68,80,12
6145,2019-08-30,38,43,5
6146,2019-08-30,28,26,-2
6147,2019-08-30,70,36,-34
6148,2019-08-30,52,45,-7
6149,2019-08-30,25,31,6
6150,2019-08-30,42,56,14
6151,2019-08-30,50,69,19
6152,2019-08-30,59,67,8
6153,2019-08-30,25,35,10
6154,2019-08-30,100,104,4
6155,2019-08-30,72,89,17
6156,2019-08-30,30,41,11
6157,2019-08-30,78,74,-4
6158,2019-08-30,20,42,22
6159,2019-08-30,14,11,-3
6160,2019-08-30,11,36,25
6161,2019-08-30,19,26,7
6162,2019-08-30,12,8,-4
6163,2019-08-30,50,69,19
6164,2019-08-30,57,74,17
6165,2019-08-30,62,122,60
6166,2019-08-30,22,27,5
6167,2019-08-30,22,41,19
6168,2019-08-30,113,73,-40
6169,2019-08-30,80,94,14
6170,2019-08-30,35,37,2
6171,2019-08-30,17,31,14
6173,2019-08-30,51,36,-15
6174,2019-08-30,56,42,-14
6175,2019-08-30,38,28,-10
6176,2019-08-30,67,69,2
6177,2019-08-30,47,58,11
6178,2019-08-30,68,67,-1
6179,2019-08-30,50,51,1
6180,2019-08-30,39,44,5
6181,2019-08-30,86,81,-5
6182,2019-08-30,37,27,-10
6183,2019-08-30,57,39,-18
6184,2019-08-30,157,114,-43
6185,2019-08-30,9,13,4
6186,2019-08-30,42,27,-15
6187,2019-08-30,68,46,-22
6188,2019-08-30,23,32,9
6189,2019-08-30,10,15,5
6190,2019-08-30,65,41,-24
6191,2019-08-30,35,35,0
6192,2019-08-30,24,17,-7
6193,2019-08-30,76,70,-6
6195,2019-08-30,33,25,-8
6196,2019-08-30,73,63,-10
6197,2019-08-30,19,22,3
6198,2019-08-30,25,13,-12
6199,2019-08-30,48,34,-14
6200,2019-08-30,71,57,-14
6201,2019-08-30,49,46,-3
6202,2019-08-30,66,55,-11
6203,2019-08-30,19,11,-8
6204,2019-08-30,60,55,-5
6205,2019-08-30,60,50,-10
6206,2019-08-30,94,75,-19
6207,2019-08-30,25,25,0
6208,2019-08-30,45,26,-19
6209,2019-08-30,85,81,-4
6210,2019-08-30,26,26,0
6211,2019-08-30,85,72,-13
6212,2019-08-30,48,37,-11
6213,2019-08-30,76,81,5
6214,2019-08-30,34,35,1
6215,2019-08-30,62,18,-44
6216,2019-08-30,91,49,-42
6217,2019-08-30,43,44,1
6218,2019-08-30,25,23,-2
6219,2019-08-30,43,51,8
6220,2019-08-30,49,66,17
6221,2019-08-30,125,94,-31
6222,2019-08-30,44,34,-10
6223,2019-08-30,51,38,-13
6224,2019-08-30,41,40,-1
6225,2019-08-30,50,34,-16
6226,2019-08-30,17,6,-11
6227,2019-08-30,81,68,-13
6228,2019-08-30,10,10,0
6229,2019-08-30,45,34,-11
6230,2019-08-30,56,52,-4
6231,2019-08-30,54,61,7
6232,2019-08-30,21,26,5
6233,2019-08-30,81,68,-13
6234,2019-08-30,34,34,0
6235,2019-08-30,35,11,-24
6236,2019-08-30,42,60,18
6237,2019-08-30,32,44,12
6240,2019-08-30,15,8,-7
6241,2019-08-30,39,24,-15
6243,2019-08-30,61,55,-6
6245,2019-08-30,18,29,11
6246,2019-08-30,45,31,-14
6247,2019-08-30,99,83,-16
6248,2019-08-30,93,73,-20
6249,2019-08-30,44,41,-3
6250,2019-08-30,31,29,-2
6251,2019-08-30,15,15,0
6252,2019-08-30,32,26,-6
6253,2019-08-30,55,15,-40
6254,2019-08-30,50,49,-1
6255,2019-08-30,51,47,-4
6257,2019-08-30,31,21,-10
6258,2019-08-30,45,41,-4
6259,2019-08-30,29,34,5
6260,2019-08-30,31,28,-3
6261,2019-08-30,16,28,12
6262,2019-08-30,32,34,2
6263,2019-08-30,5,13,8
6264,2019-08-30,12,12,0
6265,2019-08-30,24,42,18
6266,2019-08-30,10,27,17
6267,2019-08-30,34,33,-1
6268,2019-08-30,44,40,-4
6269,2019-08-30,12,19,7
6270,2019-08-30,26,33,7
6271,2019-08-30,3,2,-1
6272,2019-08-30,15,23,8
6273,2019-08-30,12,24,12
6274,2019-08-30,24,27,3
6275,2019-08-30,19,21,2
6276,2019-08-30,18,24,6
6277,2019-08-30,38,40,2
6278,2019-08-30,8,20,12
6279,2019-08-30,14,12,-2
6280,2019-08-30,51,44,-7
6281,2019-08-30,11,6,-5
6301,2019-08-30,10,12,2
6302,2019-08-30,19,11,-8
6303,2019-08-30,7,7,0
6304,2019-08-30,4,2,-2
6305,2019-08-30,21,14,-7
6306,2019-08-30,39,23,-16
6307,2019-08-30,44,50,6
6309,2019-08-30,6,9,3
6310,2019-08-30,34,15,-19
6311,2019-08-30,25,25,0
6312,2019-08-30,13,11,-2
6313,2019-08-30,22,41,19
6314,2019-08-30,24,26,2
6315,2019-08-30,35,19,-16
6316,2019-08-30,33,10,-23
6321,2019-08-30,35,32,-3
6322,2019-08-30,15,23,8
6323,2019-08-30,6,2,-4
6324,2019-08-30,8,14,6
6327,2019-08-30,19,15,-4
6328,2019-08-30,15,25,10
6329,2019-08-30,16,20,4
6330,2019-08-30,10,16,6
6331,2019-08-30,6,10,4
6332,2019-08-30,14,19,5
6333,2019-08-30,11,16,5
6334,2019-08-30,47,38,-9
6335,2019-08-30,26,39,13
6336,2019-08-30,17,24,7
6338,2019-08-30,14,16,2
6339,2019-08-30,16,11,-5
6340,2019-08-30,14,16,2
6341,2019-08-30,12,35,23
6343,2019-08-30,17,28,11
6344,2019-08-30,37,27,-10
6345,2019-08-30,9,18,9
6346,2019-08-30,11,8,-3
6347,2019-08-30,12,7,-5
6349,2019-08-30,16,26,10
6350,2019-08-30,27,35,8
6354,2019-08-30,9,21,12
6355,2019-08-30,11,30,19
6356,2019-08-30,16,15,-1
6357,2019-08-30,14,8,-6
6358,2019-08-30,19,19,0
6359,2019-08-30,43,43,0
6360,2019-08-30,14,19,5
6361,2019-08-30,29,28,-1
6362,2019-08-30,20,20,0
6363,2019-08-30,6,10,4
6364,2019-08-30,28,24,-4
6366,2019-08-30,18,17,-1
6367,2019-08-30,9,18,9
6368,2019-08-30,35,41,6
6369,2019-08-30,21,21,0
6370,2019-08-30,16,26,10
6371,2019-08-30,38,71,33
6372,2019-08-30,51,67,16
6373,2019-08-30,18,27,9
6374,2019-08-30,18,20,2
6375,2019-08-30,30,44,14
6376,2019-08-30,7,12,5
6377,2019-08-30,20,32,12
6379,2019-08-30,14,22,8
6380,2019-08-30,8,14,6
6381,2019-08-30,40,33,-7
6383,2019-08-30,18,22,4
6384,2019-08-30,12,6,-6
6385,2019-08-30,26,28,2
6386,2019-08-30,22,31,9
6387,2019-08-30,34,41,7
6388,2019-08-30,11,29,18
6389,2019-08-30,18,19,1
6391,2019-08-30,28,48,20
6393,2019-08-30,41,54,13
6394,2019-08-30,26,53,27
6395,2019-08-30,42,27,-15
6396,2019-08-30,86,31,-55
6397,2019-08-30,26,44,18
6398,2019-08-30,15,36,21
6401,2019-08-30,18,31,13
6402,2019-08-30,26,33,7
6403,2019-08-30,14,23,9
6404,2019-08-30,7,9,2
6405,2019-08-30,26,31,5
6406,2019-08-30,59,79,20
6407,2019-08-30,11,14,3
6408,2019-08-30,24,24,0
6409,2019-08-30,11,18,7
6410,2019-08-30,24,20,-4
6411,2019-08-30,64,68,4
6412,2019-08-30,6,12,6
6413,2019-08-30,15,11,-4
6414,2019-08-30,9,21,12
6415,2019-08-30,13,16,3
6416,2019-08-30,6,7,1
6417,2019-08-30,11,16,5
6418,2019-08-30,1,1,0
6419,2019-08-30,3,5,2
6420,2019-08-30,15,18,3
6421,2019-08-30,29,28,-1
6422,2019-08-30,9,13,4
6423,2019-08-30,6,6,0
6424,2019-08-30,36,42,6
6425,2019-08-30,24,26,2
6426,2019-08-30,51,28,-23
6427,2019-08-30,27,34,7
6428,2019-08-30,3,13,10
6429,2019-08-30,17,24,7
6432,2019-08-30,48,47,-1
6433,2019-08-30,10,17,7
6434,2019-08-30,38,30,-8
6435,2019-08-30,16,16,0
6436,2019-08-30,8,13,5
6501,2019-08-30,59,67,8
6502,2019-08-30,19,15,-4
6503,2019-08-30,37,23,-14
6504,2019-08-30,11,11,0
6700,2019-08-30,10,32,22
6701,2019-08-30,26,18,-8
6702,2019-08-30,16,12,-4
6703,2019-08-30,15,13,-2
6704,2019-08-30,14,18,4
6705,2019-08-30,5,21,16
6706,2019-08-30,6,22,16
6707,2019-08-30,13,11,-2
6709,2019-08-30,7,19,12
6710,2019-08-30,7,9,2
6711,2019-08-30,14,10,-4
6712,2019-08-30,4,10,6
6713,2019-08-30,4,8,4
6714,2019-08-30,1,0,-1
6715,2019-08-30,12,11,-1
6716,2019-08-30,4,6,2
6717,2019-08-30,3,6,3
6718,2019-08-30,9,10,1
6719,2019-08-30,11,16,5
6720,2019-08-30,7,24,17
6721,2019-08-30,12,13,1
6722,2019-08-30,6,10,4
6723,2019-08-30,12,11,-1
6724,2019-08-30,30,28,-2
6725,2019-08-30,22,19,-3
6726,2019-08-30,4,10,6
6727,2019-08-30,35,31,-4
6728,2019-08-30,8,12,4
6729,2019-08-30,96,104,8
6730,2019-08-30,8,14,6
6731,2019-08-30,6,7,1
6732,2019-08-30,15,34,19
6733,2019-08-30,11,15,4
6734,2019-08-30,25,30,5
6735,2019-08-30,10,3,-7
6736,2019-08-30,12,17,5
6737,2019-08-30,10,11,1
6738,2019-08-30,43,19,-24
6739,2019-08-30,3,3,0
6741,2019-08-30,9,15,6
6742,2019-08-30,21,32,11
6743,2019-08-30,9,3,-6
6744,2019-08-30,11,13,2
6745,2019-08-30,7,7,0
6746,2019-08-30,11,5,-6
6747,2019-08-30,37,25,-12
6748,2019-08-30,51,53,2
6749,2019-08-30,41,26,-15
6750,2019-08-30,28,23,-5
6752,2019-08-30,14,9,-5
6753,2019-08-30,9,7,-2
6754,2019-08-30,8,15,7
6901,2019-08-30,40,32,-8
6902,2019-08-30,37,58,21
6903,2019-08-30,41,51,10
6904,2019-08-30,8,9,1
6905,2019-08-30,31,29,-2
6906,2019-08-30,24,22,-2
6907,2019-08-30,41,45,4
6908,2019-08-30,48,42,-6
6910,2019-08-30,79,63,-16
6912,2019-08-30,81,50,-31
6913,2019-08-30,29,24,-5
6915,2019-08-30,48,55,7
6916,2019-08-30,6,13,7
6917,2019-08-30,5,13,8
6918,2019-08-30,5,6,1
6919,2019-08-30,18,13,-5
6921,2019-08-30,45,23,-22
6923,2019-08-30,21,22,1
6924,2019-08-30,19,14,-5
6925,2019-08-30,25,20,-5
6926,2019-08-30,31,26,-5
6927,2019-08-30,50,26,-24
6928,2019-08-30,31,4,-27
6929,2019-08-30,22,20,-2
6930,2019-08-30,7,1,-6
7001,2019-08-30,18,14,-4
7002,2019-08-30,4,7,3
7003,2019-08-30,57,40,-17
7004,2019-08-30,8,1,-7
7005,2019-08-30,3,3,0
7006,2019-08-30,5,4,-1
7007,2019-08-30,5,11,6
7008,2019-08-30,4,6,2
7009,2019-08-30,39,43,4
7010,2019-08-30,7,11,4
7011,2019-08-30,37,43,6
7012,2019-08-30,17,18,1
7013,2019-08-30,5,12,7
7014,2019-08-30,38,22,-16
7015,2019-08-30,13,18,5
7016,2019-08-30,7,9,2
7017,2019-08-30,9,25,16
7018,2019-08-30,14,31,17
7019,2019-08-30,69,7,-62
7020,2019-08-30,15,21,6
7021,2019-08-30,25,23,-2
7022,2019-08-30,16,21,5
7023,2019-08-30,1,2,1
7024,2019-08-30,56,17,-39
7025,2019-08-30,22,19,-3
7026,2019-08-30,40,25,-15
7027,2019-08-30,20,25,5
7028,2019-08-30,47,31,-16
7029,2019-08-30,23,32,9
7030,2019-08-30,24,31,7
7031,2019-08-30,30,34,4
7032,2019-08-30,59,50,-9
7033,2019-08-30,36,22,-14
7034,2019-08-30,14,20,6
7035,2019-08-30,25,26,1
7036,2019-08-30,40,39,-1
7037,2019-08-30,30,36,6
7038,2019-08-30,45,55,10
7039,2019-08-30,8,15,7
7040,2019-08-30,30,22,-8
7041,2019-08-30,64,49,-15
7042,2019-08-30,15,14,-1
7043,2019-08-30,8,7,-1
7044,2019-08-30,8,6,-2
7045,2019-08-30,37,29,-8
7046,2019-08-30,69,53,-16
7047,2019-08-30,79,122,43
7048,2019-08-30,19,12,-7
7049,2019-08-30,3,10,7
7050,2019-08-30,14,17,3
7051,2019-08-30,7,14,7
7052,2019-08-30,19,12,-7
7053,2019-08-30,20,23,3
7054,2019-08-30,34,42,8
7055,2019-08-30,12,18,6
7056,2019-08-30,8,16,8
7057,2019-08-30,9,23,14
7058,2019-08-30,20,28,8
7059,2019-08-30,5,15,10
7060,2019-08-30,9,16,7
7061,2019-08-30,9,10,1
7062,2019-08-30,26,32,6
7063,2019-08-30,16,10,-6
7064,2019-08-30,22,17,-5
7065,2019-08-30,24,23,-1
7066,2019-08-30,60,86,26
7067,2019-08-30,20,13,-7
7068,2019-08-30,39,62,23
7069,2019-08-30,59,42,-17
7070,2019-08-30,21,26,5
7071,2019-08-30,26,20,-6
7072,2019-08-30,9,18,9
7073,2019-08-30,36,44,8
7074,2019-08-30,13,24,11
7075,2019-08-30,6,7,1
7076,2019-08-30,35,39,4
7077,2019-08-30,63,70,7
7078,2019-08-30,11,23,12
7079,2019-08-30,15,12,-3
7080,2019-08-30,39,22,-17
7081,2019-08-30,47,52,5
7082,2019-08-30,50,49,-1
7083,2019-08-30,30,33,3
7087,2019-08-30,2,3,1
7089,2019-08-30,1,1,0
7090,2019-08-30,3,7,4
7091,2019-08-30,3,2,-1
7092,2019-08-30,4,2,-2
7093,2019-08-30,2,2,0
7094,2019-08-30,2,1,-1
7095,2019-08-30,11,11,0
7096,2019-08-30,16,5,-11
7097,2019-08-30,1,1,0
7098,2019-08-30,5,1,-4
7099,2019-08-30,9,9,0
7100,2019-08-30,6,4,-2
7101,2019-08-30,3,0,-3
7102,2019-08-30,3,12,9
7103,2019-08-30,11,11,0
7105,2019-08-30,7,7,0
7106,2019-08-30,2,2,0
7108,2019-08-30,10,10,0
7109,2019-08-30,5,3,-2
7110,2019-08-30,4,5,1
7111,2019-08-30,1,2,1
7112,2019-08-30,4,5,1
7113,2019-08-30,39,26,-13
7114,2019-08-30,42,57,15
7115,2019-08-30,8,6,-2
7116,2019-08-30,7,9,2
7117,2019-08-30,5,3,-2
7119,2019-08-30,2,3,1
7120,2019-08-30,1,4,3
7121,2019-08-30,7,7,0
7122,2019-08-30,4,6,2
7124,2019-08-30,15,18,3
7125,2019-08-30,9,7,-2
7126,2019-08-30,6,6,0
7127,2019-08-30,24,12,-12
7128,2019-08-30,7,7,0
7129,2019-08-30,10,7,-3
7130,2019-08-30,9,13,4
7131,2019-08-30,11,3,-8
7133,2019-08-30,7,6,-1
7134,2019-08-30,3,7,4
7135,2019-08-30,4,5,1
7136,2019-08-30,4,4,0
7137,2019-08-30,2,2,0
7138,2019-08-30,1,2,1
7139,2019-08-30,25,19,-6
7140,2019-08-30,9,12,3
7141,2019-08-30,18,25,7
7142,2019-08-30,3,6,3
7143,2019-08-30,6,11,5
7144,2019-08-30,14,21,7
7145,2019-08-30,15,18,3
7146,2019-08-30,6,17,11
7147,2019-08-30,8,12,4
7148,2019-08-30,3,3,0
7149,2019-08-30,11,10,-1
10002,2019-08-31,75,77,2
4000,2019-08-31,52,57,5
4001,2019-08-31,17,19,2
4002,2019-08-31,21,30,9
5002,2019-08-31,4,3,-1
5003,2019-08-31,2,1,-1
5005,2019-08-31,2,2,0
5006,2019-08-31,4,1,-3
5007,2019-08-31,12,16,4
6001,2019-08-31,62,57,-5
6002,2019-08-31,43,50,7
6003,2019-08-31,56,70,14
6004,2019-08-31,42,39,-3
6005,2019-08-31,39,23,-16
6006,2019-08-31,35,26,-9
6007,2019-08-31,53,40,-13
6008,2019-08-31,25,24,-1
6009,2019-08-31,62,65,3
6011,2019-08-31,34,46,12
6012,2019-08-31,157,257,100
6013,2019-08-31,25,39,14
6014,2019-08-31,57,69,12
6015,2019-08-31,123,238,115
6016,2019-08-31,11,14,3
6017,2019-08-31,32,33,1
6018,2019-08-31,53,65,12
6019,2019-08-31,116,74,-42
6020,2019-08-31,91,98,7
6021,2019-08-31,72,55,-17
6022,2019-08-31,42,52,10
6023,2019-08-31,206,237,31
6024,2019-08-31,3,3,0
6025,2019-08-31,42,43,1
6026,2019-08-31,332,454,122
6027,2019-08-31,66,72,6
6029,2019-08-31,21,24,3
6031,2019-08-31,41,43,2
6032,2019-08-31,90,163,73
6033,2019-08-31,12,17,5
6035,2019-08-31,18,53,35
6036,2019-08-31,248,373,125
6037,2019-08-31,83,72,-11
6038,2019-08-31,83,95,12
6039,2019-08-31,62,64,2
6040,2019-08-31,45,52,7
6041,2019-08-31,20,34,14
6042,2019-08-31,25,22,-3
6043,2019-08-31,67,83,16
6044,2019-08-31,86,68,-18
6046,2019-08-31,35,35,0
6047,2019-08-31,28,15,-13
6049,2019-08-31,32,31,-1
6050,2019-08-31,17,28,11
6051,2019-08-31,26,24,-2
6052,2019-08-31,258,338,80
6053,2019-08-31,113,114,1
6057,2019-08-31,30,32,2
6058,2019-08-31,43,49,6
6059,2019-08-31,26,26,0
6060,2019-08-31,7,10,3
6061,2019-08-31,51,51,0
6062,2019-08-31,54,53,-1
6063,2019-08-31,50,57,7
6064,2019-08-31,112,122,10
6065,2019-08-31,42,51,9
6066,2019-08-31,39,39,0
6067,2019-08-31,65,62,-3
6068,2019-08-31,8,10,2
6070,2019-08-31,112,103,-9
6072,2019-08-31,30,38,8
6073,2019-08-31,68,96,28
6075,2019-08-31,35,15,-20
6076,2019-08-31,12,13,1
6078,2019-08-31,39,39,0
6079,2019-08-31,62,67,5
6080,2019-08-31,78,75,-3
6081,2019-08-31,28,26,-2
6082,2019-08-31,34,21,-13
6083,2019-08-31,57,56,-1
6084,2019-08-31,27,25,-2
6085,2019-08-31,47,82,35
6086,2019-08-31,74,81,7
6087,2019-08-31,73,97,24
6088,2019-08-31,37,50,13
6089,2019-08-31,28,25,-3
6090,2019-08-31,40,40,0
6091,2019-08-31,51,46,-5
6092,2019-08-31,50,35,-15
6093,2019-08-31,56,61,5
6094,2019-08-31,13,14,1
6095,2019-08-31,118,108,-10
6096,2019-08-31,18,21,3
6097,2019-08-31,84,46,-38
6098,2019-08-31,41,15,-26
6099,2019-08-31,102,120,18
6100,2019-08-31,153,142,-11
6101,2019-08-31,28,10,-18
6102,2019-08-31,30,21,-9
6103,2019-08-31,21,23,2
6104,2019-08-31,43,60,17
6105,2019-08-31,25,42,17
6106,2019-08-31,26,31,5
6107,2019-08-31,119,96,-23
6108,2019-08-31,32,19,-13
6109,2019-08-31,59,56,-3
6110,2019-08-31,30,40,10
6111,2019-08-31,23,43,20
6112,2019-08-31,94,108,14
6113,2019-08-31,46,49,3
6114,2019-08-31,126,165,39
6115,2019-08-31,7,16,9
6116,2019-08-31,73,73,0
6117,2019-08-31,52,46,-6
6118,2019-08-31,83,86,3
6119,2019-08-31,59,76,17
6120,2019-08-31,59,79,20
6121,2019-08-31,38,63,25
6122,2019-08-31,20,25,5
6123,2019-08-31,27,37,10
6124,2019-08-31,39,64,25
6125,2019-08-31,22,18,-4
6126,2019-08-31,24,41,17
6127,2019-08-31,54,49,-5
6128,2019-08-31,33,33,0
6129,2019-08-31,57,42,-15
6130,2019-08-31,27,28,1
6131,2019-08-31,88,51,-37
6132,2019-08-31,41,39,-2
6133,2019-08-31,25,20,-5
6134,2019-08-31,49,40,-9
6136,2019-08-31,200,173,-27
6137,2019-08-31,85,67,-18
6138,2019-08-31,78,54,-24
6139,2019-08-31,26,22,-4
6140,2019-08-31,94,102,8
6141,2019-08-31,50,44,-6
6142,2019-08-31,97,71,-26
6143,2019-08-31,118,122,4
6145,2019-08-31,68,63,-5
6146,2019-08-31,79,49,-30
6147,2019-08-31,85,37,-48
6148,2019-08-31,124,85,-39
6149,2019-08-31,27,23,-4
6150,2019-08-31,84,69,-15
6151,2019-08-31,86,61,-25
6152,2019-08-31,99,113,14
6153,2019-08-31,36,44,8
6154,2019-08-31,173,179,6
6155,2019-08-31,124,102,-22
6156,2019-08-31,69,62,-7
6157,2019-08-31,145,140,-5
6158,2019-08-31,51,49,-2
6159,2019-08-31,34,37,3
6160,2019-08-31,42,26,-16
6161,2019-08-31,44,39,-5
6162,2019-08-31,13,13,0
6163,2019-08-31,135,124,-11
6164,2019-08-31,96,97,1
6165,2019-08-31,146,172,26
6166,2019-08-31,58,42,-16
6167,2019-08-31,38,28,-10
6168,2019-08-31,138,112,-26
6169,2019-08-31,194,173,-21
6170,2019-08-31,78,83,5
6171,2019-08-31,32,39,7
6173,2019-08-31,88,59,-29
6174,2019-08-31,96,80,-16
6175,2019-08-31,71,56,-15
6176,2019-08-31,114,107,-7
6177,2019-08-31,77,70,-7
6178,2019-08-31,112,100,-12
6179,2019-08-31,64,64,0
6180,2019-08-31,67,77,10
6181,2019-08-31,120,122,2
6182,2019-08-31,84,65,-19
6183,2019-08-31,102,100,-2
6184,2019-08-31,273,223,-50
6185,2019-08-31,21,21,0
6186,2019-08-31,66,61,-5
6187,2019-08-31,137,130,-7
6188,2019-08-31,38,39,1
6189,2019-08-31,18,16,-2
6190,2019-08-31,70,65,-5
6191,2019-08-31,53,50,-3
6192,2019-08-31,43,31,-12
6193,2019-08-31,118,119,1
6195,2019-08-31,86,51,-35
6196,2019-08-31,125,90,-35
6197,2019-08-31,46,47,1
6198,2019-08-31,21,21,0
6199,2019-08-31,74,53,-21
6200,2019-08-31,95,95,0
6201,2019-08-31,63,63,0
6202,2019-08-31,98,75,-23
6203,2019-08-31,28,18,-10
6204,2019-08-31,103,80,-23
6205,2019-08-31,95,81,-14
6206,2019-08-31,118,96,-22
6207,2019-08-31,34,27,-7
6208,2019-08-31,65,70,5
6209,2019-08-31,163,142,-21
6210,2019-08-31,18,31,13
6211,2019-08-31,162,159,-3
6212,2019-08-31,84,63,-21
6213,2019-08-31,129,112,-17
6214,2019-08-31,87,81,-6
6215,2019-08-31,50,49,-1
6216,2019-08-31,172,132,-40
6217,2019-08-31,61,77,16
6218,2019-08-31,75,64,-11
6219,2019-08-31,57,44,-13
6220,2019-08-31,88,68,-20
6221,2019-08-31,167,150,-17
6222,2019-08-31,78,78,0
6223,2019-08-31,129,73,-56
6224,2019-08-31,55,47,-8
6225,2019-08-31,74,56,-18
6226,2019-08-31,15,11,-4
6227,2019-08-31,141,157,16
6228,2019-08-31,17,16,-1
6229,2019-08-31,82,45,-37
6230,2019-08-31,87,90,3
6231,2019-08-31,116,89,-27
6232,2019-08-31,27,26,-1
6233,2019-08-31,121,100,-21
6234,2019-08-31,67,63,-4
6235,2019-08-31,18,13,-5
6236,2019-08-31,83,67,-16
6237,2019-08-31,47,50,3
6240,2019-08-31,25,13,-12
6241,2019-08-31,31,42,11
6243,2019-08-31,50,55,5
6245,2019-08-31,43,33,-10
6246,2019-08-31,42,45,3
6247,2019-08-31,77,97,20
6248,2019-08-31,171,161,-10
6249,2019-08-31,74,65,-9
6250,2019-08-31,123,111,-12
6251,2019-08-31,18,23,5
6252,2019-08-31,49,52,3
6253,2019-08-31,50,40,-10
6254,2019-08-31,64,67,3
6255,2019-08-31,101,88,-13
6257,2019-08-31,36,22,-14
6258,2019-08-31,70,53,-17
6259,2019-08-31,28,26,-2
6260,2019-08-31,48,44,-4
6261,2019-08-31,51,34,-17
6262,2019-08-31,42,36,-6
6263,2019-08-31,18,16,-2
6264,2019-08-31,21,21,0
6265,2019-08-31,49,26,-23
6266,2019-08-31,20,18,-2
6267,2019-08-31,58,52,-6
6268,2019-08-31,61,60,-1
6269,2019-08-31,27,21,-6
6270,2019-08-31,23,22,-1
6271,2019-08-31,1,1,0
6272,2019-08-31,29,29,0
6273,2019-08-31,33,31,-2
6274,2019-08-31,36,29,-7
6275,2019-08-31,33,32,-1
6276,2019-08-31,40,31,-9
6277,2019-08-31,64,74,10
6278,2019-08-31,21,13,-8
6279,2019-08-31,17,11,-6
6280,2019-08-31,77,70,-7
6281,2019-08-31,18,15,-3
6301,2019-08-31,16,11,-5
6302,2019-08-31,11,9,-2
6303,2019-08-31,19,11,-8
6304,2019-08-31,10,7,-3
6305,2019-08-31,14,16,2
6306,2019-08-31,26,8,-18
6307,2019-08-31,61,62,1
6309,2019-08-31,9,17,8
6310,2019-08-31,38,20,-18
6311,2019-08-31,51,37,-14
6312,2019-08-31,27,32,5
6313,2019-08-31,74,63,-11
6314,2019-08-31,45,43,-2
6315,2019-08-31,71,50,-21
6316,2019-08-31,47,15,-32
6321,2019-08-31,65,58,-7
6322,2019-08-31,23,23,0
6323,2019-08-31,3,6,3
6324,2019-08-31,18,20,2
6327,2019-08-31,30,34,4
6328,2019-08-31,34,29,-5
6329,2019-08-31,25,7,-18
6330,2019-08-31,22,16,-6
6331,2019-08-31,18,21,3
6332,2019-08-31,35,31,-4
6333,2019-08-31,15,16,1
6334,2019-08-31,56,62,6
6335,2019-08-31,40,26,-14
6336,2019-08-31,34,31,-3
6338,2019-08-31,40,31,-9
6339,2019-08-31,21,19,-2
6340,2019-08-31,18,17,-1
6341,2019-08-31,34,36,2
6343,2019-08-31,27,33,6
6344,2019-08-31,35,44,9
6345,2019-08-31,23,24,1
6346,2019-08-31,10,9,-1
6347,2019-08-31,15,14,-1
6349,2019-08-31,39,40,1
6350,2019-08-31,44,41,-3
6354,2019-08-31,31,17,-14
6355,2019-08-31,39,40,1
6356,2019-08-31,13,15,2
6357,2019-08-31,17,10,-7
6358,2019-08-31,34,25,-9
6359,2019-08-31,96,119,23
6360,2019-08-31,33,30,-3
6361,2019-08-31,27,30,3
6362,2019-08-31,40,32,-8
6363,2019-08-31,21,16,-5
6364,2019-08-31,35,34,-1
6366,2019-08-31,38,22,-16
6367,2019-08-31,14,14,0
6368,2019-08-31,65,69,4
6369,2019-08-31,29,31,2
6370,2019-08-31,32,27,-5
6371,2019-08-31,82,64,-18
6372,2019-08-31,67,78,11
6373,2019-08-31,34,36,2
6374,2019-08-31,40,38,-2
6375,2019-08-31,54,65,11
6376,2019-08-31,21,16,-5
6377,2019-08-31,34,36,2
6379,2019-08-31,21,23,2
6380,2019-08-31,26,23,-3
6381,2019-08-31,53,64,11
6383,2019-08-31,30,23,-7
6384,2019-08-31,21,22,1
6385,2019-08-31,50,48,-2
6386,2019-08-31,32,50,18
6387,2019-08-31,48,58,10
6388,2019-08-31,25,27,2
6389,2019-08-31,50,42,-8
6391,2019-08-31,67,80,13
6393,2019-08-31,83,89,6
6394,2019-08-31,70,83,13
6395,2019-08-31,76,80,4
6396,2019-08-31,80,88,8
6397,2019-08-31,33,50,17
6398,2019-08-31,28,50,22
6401,2019-08-31,47,51,4
6402,2019-08-31,49,52,3
6403,2019-08-31,29,29,0
6404,2019-08-31,16,15,-1
6405,2019-08-31,58,76,18
6406,2019-08-31,250,283,33
6407,2019-08-31,12,27,15
6408,2019-08-31,26,36,10
6409,2019-08-31,11,20,9
6410,2019-08-31,32,29,-3
6411,2019-08-31,111,113,2
6412,2019-08-31,7,17,10
6413,2019-08-31,19,22,3
6414,2019-08-31,19,16,-3
6415,2019-08-31,19,22,3
6416,2019-08-31,15,8,-7
6417,2019-08-31,36,35,-1
6418,2019-08-31,3,4,1
6419,2019-08-31,8,11,3
6420,2019-08-31,35,23,-12
6421,2019-08-31,48,35,-13
6422,2019-08-31,16,12,-4
6423,2019-08-31,13,9,-4
6424,2019-08-31,21,62,41
6425,2019-08-31,34,35,1
6426,2019-08-31,49,52,3
6427,2019-08-31,33,42,9
6428,2019-08-31,18,21,3
6429,2019-08-31,33,37,4
6432,2019-08-31,84,74,-10
6433,2019-08-31,31,27,-4
6434,2019-08-31,61,55,-6
6435,2019-08-31,58,43,-15
6436,2019-08-31,15,13,-2
6501,2019-08-31,169,219,50
6502,2019-08-31,29,43,14
6503,2019-08-31,35,34,-1
6504,2019-08-31,42,35,-7
6700,2019-08-31,14,28,14
6701,2019-08-31,49,44,-5
6702,2019-08-31,11,25,14
6703,2019-08-31,109,109,0
6704,2019-08-31,29,26,-3
6705,2019-08-31,14,12,-2
6706,2019-08-31,21,22,1
6707,2019-08-31,19,25,6
6709,2019-08-31,29,25,-4
6710,2019-08-31,19,18,-1
6711,2019-08-31,19,21,2
6712,2019-08-31,20,19,-1
6713,2019-08-31,10,10,0
6714,2019-08-31,16,20,4
6715,2019-08-31,18,15,-3
6716,2019-08-31,9,11,2
6717,2019-08-31,17,20,3
6718,2019-08-31,20,19,-1
6719,2019-08-31,21,26,5
6720,2019-08-31,21,24,3
6721,2019-08-31,10,15,5
6722,2019-08-31,7,8,1
6723,2019-08-31,21,23,2
6724,2019-08-31,102,116,14
6725,2019-08-31,24,20,-4
6726,2019-08-31,10,9,-1
6727,2019-08-31,32,54,22
6728,2019-08-31,13,11,-2
6729,2019-08-31,130,146,16
6730,2019-08-31,12,7,-5
6731,2019-08-31,18,21,3
6732,2019-08-31,22,25,3
6733,2019-08-31,28,31,3
6734,2019-08-31,42,36,-6
6735,2019-08-31,12,12,0
6736,2019-08-31,17,20,3
6737,2019-08-31,17,19,2
6738,2019-08-31,19,22,3
6739,2019-08-31,4,3,-1
6741,2019-08-31,13,16,3
6742,2019-08-31,58,54,-4
6743,2019-08-31,17,21,4
6744,2019-08-31,15,16,1
6745,2019-08-31,23,28,5
6746,2019-08-31,3,12,9
6747,2019-08-31,24,32,8
6748,2019-08-31,47,48,1
6749,2019-08-31,69,59,-10
6750,2019-08-31,34,39,5
6752,2019-08-31,13,8,-5
6753,2019-08-31,17,15,-2
6754,2019-08-31,17,14,-3
6901,2019-08-31,56,61,5
6902,2019-08-31,75,82,7
6903,2019-08-31,118,117,-1
6904,2019-08-31,20,15,-5
6905,2019-08-31,28,29,1
6906,2019-08-31,58,56,-2
6907,2019-08-31,106,77,-29
6908,2019-08-31,68,69,1
6910,2019-08-31,97,99,2
6912,2019-08-31,88,71,-17
6913,2019-08-31,53,44,-9
6915,2019-08-31,99,88,-11
6916,2019-08-31,26,28,2
6917,2019-08-31,14,14,0
6918,2019-08-31,23,15,-8
6919,2019-08-31,19,17,-2
6921,2019-08-31,28,47,19
6923,2019-08-31,27,32,5
6924,2019-08-31,26,21,-5
6925,2019-08-31,34,35,1
6926,2019-08-31,65,64,-1
6927,2019-08-31,56,44,-12
6928,2019-08-31,12,3,-9
6929,2019-08-31,29,22,-7
6930,2019-08-31,19,21,2
7001,2019-08-31,31,37,6
7002,2019-08-31,12,14,2
7003,2019-08-31,70,70,0
7004,2019-08-31,9,12,3
7005,2019-08-31,4,8,4
7006,2019-08-31,8,11,3
7007,2019-08-31,9,11,2
7008,2019-08-31,23,23,0
7009,2019-08-31,67,89,22
7010,2019-08-31,14,17,3
7011,2019-08-31,64,75,11
7012,2019-08-31,30,37,7
7013,2019-08-31,25,21,-4
7014,2019-08-31,45,24,-21
7015,2019-08-31,62,62,0
7016,2019-08-31,5,5,0
7017,2019-08-31,28,30,2
7018,2019-08-31,21,39,18
7019,2019-08-31,10,14,4
7020,2019-08-31,16,29,13
7021,2019-08-31,31,26,-5
7022,2019-08-31,32,20,-12
7023,2019-08-31,4,3,-1
7024,2019-08-31,36,18,-18
7025,2019-08-31,36,25,-11
7026,2019-08-31,44,39,-5
7027,2019-08-31,41,39,-2
7028,2019-08-31,36,36,0
7029,2019-08-31,49,37,-12
7030,2019-08-31,52,50,-2
7031,2019-08-31,55,46,-9
7032,2019-08-31,96,75,-21
7033,2019-08-31,50,49,-1
7034,2019-08-31,56,116,60
7035,2019-08-31,25,19,-6
7036,2019-08-31,58,61,3
7037,2019-08-31,40,34,-6
7038,2019-08-31,66,49,-17
7039,2019-08-31,19,19,0
7040,2019-08-31,49,49,0
7041,2019-08-31,72,78,6
7042,2019-08-31,23,23,0
7043,2019-08-31,21,20,-1
7044,2019-08-31,5,9,4
7045,2019-08-31,76,87,11
7046,2019-08-31,54,52,-2
7047,2019-08-31,130,165,35
7048,2019-08-31,18,26,8
7049,2019-08-31,8,9,1
7050,2019-08-31,14,16,2
7051,2019-08-31,12,14,2
7052,2019-08-31,18,16,-2
7053,2019-08-31,61,67,6
7054,2019-08-31,70,94,24
7055,2019-08-31,27,35,8
7056,2019-08-31,11,15,4
7057,2019-08-31,39,40,1
7058,2019-08-31,18,22,4
7059,2019-08-31,21,29,8
7060,2019-08-31,24,31,7
7061,2019-08-31,6,5,-1
7062,2019-08-31,31,25,-6
7063,2019-08-31,22,34,12
7064,2019-08-31,19,14,-5
7065,2019-08-31,43,40,-3
7066,2019-08-31,107,189,82
7067,2019-08-31,39,44,5
7068,2019-08-31,91,101,10
7069,2019-08-31,74,82,8
7070,2019-08-31,45,39,-6
7071,2019-08-31,42,37,-5
7072,2019-08-31,25,16,-9
7073,2019-08-31,45,48,3
7074,2019-08-31,35,25,-10
7075,2019-08-31,4,4,0
7076,2019-08-31,69,66,-3
7077,2019-08-31,64,71,7
7078,2019-08-31,30,40,10
7079,2019-08-31,18,29,11
7080,2019-08-31,38,38,0
7081,2019-08-31,72,96,24
7082,2019-08-31,62,78,16
7083,2019-08-31,59,56,-3
7086,2019-08-31,1,3,2
7087,2019-08-31,2,2,0
7090,2019-08-31,12,3,-9
7091,2019-08-31,9,12,3
7092,2019-08-31,1,2,1
7093,2019-08-31,3,5,2
7095,2019-08-31,5,5,0
7096,2019-08-31,12,14,2
7097,2019-08-31,3,4,1
7098,2019-08-31,3,4,1
7099,2019-08-31,5,3,-2
7100,2019-08-31,6,6,0
7101,2019-08-31,5,3,-2
7102,2019-08-31,13,19,6
7103,2019-08-31,41,46,5
7105,2019-08-31,19,19,0
7106,2019-08-31,6,3,-3
7107,2019-08-31,7,8,1
7108,2019-08-31,14,14,0
7109,2019-08-31,6,8,2
7110,2019-08-31,23,19,-4
7111,2019-08-31,14,8,-6
7112,2019-08-31,13,16,3
7113,2019-08-31,26,25,-1
7114,2019-08-31,120,125,5
7115,2019-08-31,11,12,1
7116,2019-08-31,12,8,-4
7117,2019-08-31,4,3,-1
7118,2019-08-31,1,0,-1
7119,2019-08-31,8,10,2
7120,2019-08-31,15,10,-5
7121,2019-08-31,9,13,4
7122,2019-08-31,4,5,1
7123,2019-08-31,1,2,1
7124,2019-08-31,18,19,1
7125,2019-08-31,27,25,-2
7126,2019-08-31,10,6,-4
7127,2019-08-31,24,25,1
7128,2019-08-31,7,12,5
7129,2019-08-31,7,6,-1
7130,2019-08-31,8,6,-2
7131,2019-08-31,5,4,-1
7133,2019-08-31,10,15,5
7134,2019-08-31,4,4,0
7135,2019-08-31,6,6,0
7136,2019-08-31,2,4,2
7137,2019-08-31,6,6,0
7138,2019-08-31,4,5,1
7139,2019-08-31,57,54,-3
7140,2019-08-31,28,25,-3
7141,2019-08-31,34,35,1
7142,2019-08-31,9,6,-3
7143,2019-08-31,24,27,3
7144,2019-08-31,36,38,2
7145,2019-08-31,14,12,-2
7146,2019-08-31,8,17,9
7147,2019-08-31,26,20,-6
7148,2019-08-31,15,13,-2
7149,2019-08-31,12,13,1
10002,2019-09-01,84,82,-2
4000,2019-09-01,46,57,11
4001,2019-09-01,6,8,2
4002,2019-09-01,21,23,2
5002,2019-09-01,3,0,-3
5003,2019-09-01,8,8,0
5005,2019-09-01,7,9,2
5006,2019-09-01,10,7,-3
5007,2019-09-01,14,20,6
6001,2019-09-01,55,61,6
6002,2019-09-01,41,54,13
6003,2019-09-01,54,50,-4
6004,2019-09-01,44,44,0
6005,2019-09-01,25,24,-1
6006,2019-09-01,33,21,-12
6007,2019-09-01,32,41,9
6008,2019-09-01,30,35,5
6009,2019-09-01,72,72,0
6011,2019-09-01,52,53,1
6012,2019-09-01,141,182,41
6013,2019-09-01,47,64,17
6014,2019-09-01,50,56,6
6015,2019-09-01,122,213,91
6016,2019-09-01,12,14,2
6017,2019-09-01,44,53,9
6018,2019-09-01,44,45,1
6019,2019-09-01,124,83,-41
6020,2019-09-01,84,87,3
6021,2019-09-01,88,61,-27
6022,2019-09-01,36,41,5
6023,2019-09-01,223,351,128
6024,2019-09-01,3,6,3
6025,2019-09-01,60,57,-3
6026,2019-09-01,344,545,201
6027,2019-09-01,67,75,8
6029,2019-09-01,21,24,3
6031,2019-09-01,54,52,-2
6032,2019-09-01,90,133,43
6033,2019-09-01,13,13,0
6035,2019-09-01,31,44,13
6036,2019-09-01,277,379,102
6037,2019-09-01,99,101,2
6038,2019-09-01,92,89,-3
6039,2019-09-01,67,71,4
6040,2019-09-01,45,47,2
6041,2019-09-01,51,40,-11
6042,2019-09-01,33,44,11
6043,2019-09-01,49,85,36
6044,2019-09-01,73,66,-7
6046,2019-09-01,32,30,-2
6047,2019-09-01,34,24,-10
6049,2019-09-01,19,24,5
6050,2019-09-01,23,15,-8
6051,2019-09-01,22,39,17
6052,2019-09-01,311,404,93
6053,2019-09-01,86,99,13
6057,2019-09-01,44,33,-11
6058,2019-09-01,54,52,-2
6059,2019-09-01,38,33,-5
6060,2019-09-01,9,7,-2
6061,2019-09-01,55,52,-3
6062,2019-09-01,44,40,-4
6063,2019-09-01,60,62,2
6064,2019-09-01,89,98,9
6065,2019-09-01,72,56,-16
6066,2019-09-01,47,42,-5
6067,2019-09-01,78,81,3
6068,2019-09-01,9,9,0
6070,2019-09-01,109,93,-16
6072,2019-09-01,36,34,-2
6073,2019-09-01,69,87,18
6075,2019-09-01,35,26,-9
6076,2019-09-01,32,40,8
6078,2019-09-01,40,42,2
6079,2019-09-01,65,67,2
6080,2019-09-01,69,96,27
6081,2019-09-01,46,36,-10
6082,2019-09-01,22,5,-17
6083,2019-09-01,47,54,7
6084,2019-09-01,36,37,1
6085,2019-09-01,46,73,27
6086,2019-09-01,99,108,9
6087,2019-09-01,94,113,19
6088,2019-09-01,36,36,0
6089,2019-09-01,16,7,-9
6090,2019-09-01,25,26,1
6091,2019-09-01,55,56,1
6092,2019-09-01,64,52,-12
6093,2019-09-01,53,56,3
6094,2019-09-01,5,8,3
6095,2019-09-01,154,150,-4
6096,2019-09-01,27,34,7
6097,2019-09-01,51,31,-20
6098,2019-09-01,34,26,-8
6099,2019-09-01,93,151,58
6100,2019-09-01,153,159,6
6101,2019-09-01,35,12,-23
6102,2019-09-01,41,25,-16
6103,2019-09-01,26,24,-2
6104,2019-09-01,58,66,8
6105,2019-09-01,29,33,4
6106,2019-09-01,28,38,10
6107,2019-09-01,109,73,-36
6108,2019-09-01,33,54,21
6109,2019-09-01,57,52,-5
6110,2019-09-01,33,34,1
6111,2019-09-01,38,51,13
6112,2019-09-01,86,96,10
6113,2019-09-01,71,65,-6
6114,2019-09-01,142,139,-3
6115,2019-09-01,16,16,0
6116,2019-09-01,56,64,8
6117,2019-09-01,45,50,5
6118,2019-09-01,63,72,9
6119,2019-09-01,70,82,12
6120,2019-09-01,76,89,13
6121,2019-09-01,26,30,4
6122,2019-09-01,18,17,-1
6123,2019-09-01,32,29,-3
6124,2019-09-01,36,55,19
6125,2019-09-01,20,20,0
6126,2019-09-01,38,34,-4
6127,2019-09-01,51,48,-3
6128,2019-09-01,22,14,-8
6129,2019-09-01,61,52,-9
6130,2019-09-01,32,29,-3
6131,2019-09-01,97,64,-33
6132,2019-09-01,44,46,2
6133,2019-09-01,27,31,4
6134,2019-09-01,35,37,2
6136,2019-09-01,194,146,-48
6137,2019-09-01,93,88,-5
6138,2019-09-01,72,62,-10
6139,2019-09-01,37,19,-18
6140,2019-09-01,112,106,-6
6141,2019-09-01,51,41,-10
6142,2019-09-01,111,91,-20
6143,2019-09-01,155,138,-17
6145,2019-09-01,74,67,-7
6146,2019-09-01,101,83,-18
6147,2019-09-01,62,33,-29
6148,2019-09-01,98,69,-29
6149,2019-09-01,32,21,-11
6150,2019-09-01,51,52,1
6151,2019-09-01,66,87,21
6152,2019-09-01,106,96,-10
6153,2019-09-01,50,36,-14
6154,2019-09-01,140,129,-11
6155,2019-09-01,117,108,-9
6156,2019-09-01,59,47,-12
6157,2019-09-01,111,114,3
6158,2019-09-01,54,50,-4
6159,2019-09-01,32,32,0
6160,2019-09-01,46,40,-6
6161,2019-09-01,40,38,-2
6162,2019-09-01,9,7,-2
6163,2019-09-01,115,118,3
6164,2019-09-01,65,73,8
6165,2019-09-01,172,193,21
6166,2019-09-01,54,50,-4
6167,2019-09-01,28,30,2
6168,2019-09-01,153,137,-16
6169,2019-09-01,156,137,-19
6170,2019-09-01,87,85,-2
6171,2019-09-01,47,61,14
6173,2019-09-01,72,54,-18
6174,2019-09-01,90,71,-19
6175,2019-09-01,71,39,-32
6176,2019-09-01,122,135,13
6177,2019-09-01,91,99,8
6178,2019-09-01,83,76,-7
6179,2019-09-01,68,72,4
6180,2019-09-01,99,89,-10
6181,2019-09-01,103,90,-13
6182,2019-09-01,80,77,-3
6183,2019-09-01,74,77,3
6184,2019-09-01,207,191,-16
6185,2019-09-01,19,20,1
6186,2019-09-01,68,54,-14
6187,2019-09-01,124,112,-12
6188,2019-09-01,47,53,6
6189,2019-09-01,19,19,0
6190,2019-09-01,81,67,-14
6191,2019-09-01,48,43,-5
6192,2019-09-01,44,18,-26
6193,2019-09-01,111,123,12
6195,2019-09-01,71,49,-22
6196,2019-09-01,118,85,-33
6197,2019-09-01,46,41,-5
6198,2019-09-01,25,10,-15
6199,2019-09-01,59,46,-13
6200,2019-09-01,110,104,-6
6201,2019-09-01,66,58,-8
6202,2019-09-01,86,70,-16
6203,2019-09-01,22,16,-6
6204,2019-09-01,81,70,-11
6205,2019-09-01,72,68,-4
6206,2019-09-01,140,120,-20
6207,2019-09-01,34,36,2
6208,2019-09-01,69,61,-8
6209,2019-09-01,121,129,8
6210,2019-09-01,19,18,-1
6211,2019-09-01,162,143,-19
6212,2019-09-01,110,102,-8
6213,2019-09-01,111,103,-8
6214,2019-09-01,93,81,-12
6215,2019-09-01,47,51,4
6216,2019-09-01,347,234,-113
6217,2019-09-01,109,94,-15
6218,2019-09-01,73,56,-17
6219,2019-09-01,43,44,1
6220,2019-09-01,78,74,-4
6221,2019-09-01,231,200,-31
6222,2019-09-01,99,83,-16
6223,2019-09-01,149,103,-46
6224,2019-09-01,76,62,-14
6225,2019-09-01,60,45,-15
6226,2019-09-01,11,13,2
6227,2019-09-01,158,138,-20
6228,2019-09-01,18,18,0
6229,2019-09-01,64,44,-20
6230,2019-09-01,137,117,-20
6231,2019-09-01,128,109,-19
6232,2019-09-01,26,14,-12
6233,2019-09-01,121,121,0
6234,2019-09-01,81,77,-4
6235,2019-09-01,32,25,-7
6236,2019-09-01,77,80,3
6237,2019-09-01,53,52,-1
6240,2019-09-01,11,10,-1
6241,2019-09-01,41,28,-13
6243,2019-09-01,68,73,5
6245,2019-09-01,33,35,2
6246,2019-09-01,44,37,-7
6247,2019-09-01,104,84,-20
6248,2019-09-01,166,156,-10
6249,2019-09-01,66,61,-5
6250,2019-09-01,134,152,18
6251,2019-09-01,38,42,4
6252,2019-09-01,61,53,-8
6253,2019-09-01,52,41,-11
6254,2019-09-01,82,63,-19
6255,2019-09-01,90,84,-6
6257,2019-09-01,34,32,-2
6258,2019-09-01,67,62,-5
6259,2019-09-01,22,20,-2
6260,2019-09-01,51,42,-9
6261,2019-09-01,34,40,6
6262,2019-09-01,35,47,12
6263,2019-09-01,13,12,-1
6264,2019-09-01,20,17,-3
6265,2019-09-01,45,36,-9
6266,2019-09-01,22,17,-5
6267,2019-09-01,52,51,-1
6268,2019-09-01,59,56,-3
6269,2019-09-01,29,38,9
6270,2019-09-01,28,25,-3
6272,2019-09-01,21,16,-5
6273,2019-09-01,38,38,0
6274,2019-09-01,47,31,-16
6275,2019-09-01,22,21,-1
6276,2019-09-01,42,41,-1
6277,2019-09-01,59,60,1
6278,2019-09-01,25,24,-1
6279,2019-09-01,22,15,-7
6280,2019-09-01,78,65,-13
6281,2019-09-01,28,19,-9
6301,2019-09-01,24,25,1
6302,2019-09-01,17,12,-5
6303,2019-09-01,15,16,1
6304,2019-09-01,6,8,2
6305,2019-09-01,24,17,-7
6306,2019-09-01,51,30,-21
6307,2019-09-01,80,84,4
6309,2019-09-01,33,38,5
6310,2019-09-01,37,21,-16
6311,2019-09-01,41,30,-11
6312,2019-09-01,43,48,5
6313,2019-09-01,88,97,9
6314,2019-09-01,34,26,-8
6315,2019-09-01,44,30,-14
6316,2019-09-01,38,20,-18
6321,2019-09-01,87,76,-11
6322,2019-09-01,16,17,1
6323,2019-09-01,6,4,-2
6324,2019-09-01,15,19,4
6327,2019-09-01,24,19,-5
6328,2019-09-01,36,34,-2
6329,2019-09-01,31,23,-8
6330,2019-09-01,25,25,0
6331,2019-09-01,35,33,-2
6332,2019-09-01,18,21,3
6333,2019-09-01,12,10,-2
6334,2019-09-01,53,36,-17
6335,2019-09-01,35,33,-2
6336,2019-09-01,28,24,-4
6338,2019-09-01,44,39,-5
6339,2019-09-01,15,17,2
6340,2019-09-01,22,19,-3
6341,2019-09-01,31,39,8
6343,2019-09-01,35,25,-10
6344,2019-09-01,44,44,0
6345,2019-09-01,12,14,2
6346,2019-09-01,9,10,1
6347,2019-09-01,16,12,-4
6349,2019-09-01,36,27,-9
6350,2019-09-01,55,55,0
6354,2019-09-01,38,37,-1
6355,2019-09-01,31,34,3
6356,2019-09-01,33,16,-17
6357,2019-09-01,26,25,-1
6358,2019-09-01,15,15,0
6359,2019-09-01,89,62,-27
6360,2019-09-01,21,21,0
6361,2019-09-01,42,35,-7
6362,2019-09-01,31,34,3
6363,2019-09-01,21,14,-7
6364,2019-09-01,42,39,-3
6366,2019-09-01,40,33,-7
6367,2019-09-01,14,14,0
6368,2019-09-01,86,81,-5
6369,2019-09-01,32,35,3
6370,2019-09-01,33,31,-2
6371,2019-09-01,71,77,6
6372,2019-09-01,71,82,11
6373,2019-09-01,36,37,1
6374,2019-09-01,37,28,-9
6375,2019-09-01,48,67,19
6376,2019-09-01,33,36,3
6377,2019-09-01,34,38,4
6379,2019-09-01,24,26,2
6380,2019-09-01,22,17,-5
6381,2019-09-01,59,52,-7
6383,2019-09-01,38,30,-8
6384,2019-09-01,23,23,0
6385,2019-09-01,34,44,10
6386,2019-09-01,34,39,5
6387,2019-09-01,68,79,11
6388,2019-09-01,24,31,7
6389,2019-09-01,39,39,0
6391,2019-09-01,47,55,8
6393,2019-09-01,76,76,0
6394,2019-09-01,85,103,18
6395,2019-09-01,60,69,9
6396,2019-09-01,80,77,-3
6397,2019-09-01,43,53,10
6398,2019-09-01,18,44,26
6401,2019-09-01,66,66,0
6402,2019-09-01,55,71,16
6403,2019-09-01,28,26,-2
6404,2019-09-01,9,19,10
6405,2019-09-01,57,63,6
6406,2019-09-01,280,341,61
6407,2019-09-01,22,26,4
6408,2019-09-01,30,34,4
6409,2019-09-01,8,5,-3
6410,2019-09-01,20,22,2
6411,2019-09-01,125,114,-11
6412,2019-09-01,15,8,-7
6413,2019-09-01,19,17,-2
6414,2019-09-01,22,20,-2
6415,2019-09-01,21,15,-6
6416,2019-09-01,16,14,-2
6417,2019-09-01,23,25,2
6418,2019-09-01,10,13,3
6419,2019-09-01,10,17,7
6420,2019-09-01,31,33,2
6421,2019-09-01,33,39,6
6422,2019-09-01,7,16,9
6423,2019-09-01,19,10,-9
6424,2019-09-01,35,40,5
6425,2019-09-01,28,33,5
6426,2019-09-01,47,52,5
6427,2019-09-01,67,63,-4
6428,2019-09-01,19,18,-1
6429,2019-09-01,40,42,2
6432,2019-09-01,67,69,2
6433,2019-09-01,29,27,-2
6434,2019-09-01,41,42,1
6435,2019-09-01,39,41,2
6436,2019-09-01,19,15,-4
6501,2019-09-01,291,370,79
6502,2019-09-01,33,39,6
6503,2019-09-01,36,39,3
6504,2019-09-01,43,46,3
6700,2019-09-01,23,21,-2
6701,2019-09-01,52,57,5
6702,2019-09-01,8,10,2
6703,2019-09-01,78,79,1
6704,2019-09-01,24,25,1
6705,2019-09-01,19,20,1
6706,2019-09-01,18,12,-6
6707,2019-09-01,22,27,5
6709,2019-09-01,22,29,7
6710,2019-09-01,12,13,1
6711,2019-09-01,9,9,0
6712,2019-09-01,22,26,4
6713,2019-09-01,13,18,5
6714,2019-09-01,17,17,0
6715,2019-09-01,29,26,-3
6716,2019-09-01,4,7,3
6717,2019-09-01,17,19,2
6718,2019-09-01,16,16,0
6719,2019-09-01,14,21,7
6720,2019-09-01,32,35,3
6721,2019-09-01,14,17,3
6722,2019-09-01,16,15,-1
6723,2019-09-01,17,18,1
6724,2019-09-01,97,97,0
6725,2019-09-01,23,21,-2
6726,2019-09-01,14,12,-2
6727,2019-09-01,35,37,2
6728,2019-09-01,15,17,2
6729,2019-09-01,152,160,8
6730,2019-09-01,12,9,-3
6731,2019-09-01,20,18,-2
6732,2019-09-01,29,31,2
6733,2019-09-01,28,33,5
6734,2019-09-01,40,33,-7
6735,2019-09-01,11,14,3
6736,2019-09-01,23,22,-1
6737,2019-09-01,13,12,-1
6738,2019-09-01,21,22,1
6739,2019-09-01,5,8,3
6741,2019-09-01,19,14,-5
6742,2019-09-01,67,64,-3
6743,2019-09-01,24,8,-16
6744,2019-09-01,21,27,6
6745,2019-09-01,21,13,-8
6746,2019-09-01,15,14,-1
6747,2019-09-01,25,25,0
6748,2019-09-01,43,66,23
6749,2019-09-01,58,76,18
6750,2019-09-01,42,38,-4
6752,2019-09-01,10,9,-1
6753,2019-09-01,8,17,9
6754,2019-09-01,18,13,-5
6901,2019-09-01,39,47,8
6902,2019-09-01,70,80,10
6903,2019-09-01,99,85,-14
6904,2019-09-01,16,15,-1
6905,2019-09-01,30,27,-3
6906,2019-09-01,66,51,-15
6907,2019-09-01,102,82,-20
6908,2019-09-01,60,55,-5
6910,2019-09-01,105,92,-13
6912,2019-09-01,91,73,-18
6913,2019-09-01,44,36,-8
6915,2019-09-01,85,95,10
6916,2019-09-01,34,21,-13
6917,2019-09-01,7,5,-2
6918,2019-09-01,24,24,0
6919,2019-09-01,26,17,-9
6921,2019-09-01,30,32,2
6923,2019-09-01,28,23,-5
6924,2019-09-01,25,23,-2
6925,2019-09-01,26,25,-1
6926,2019-09-01,53,52,-1
6927,2019-09-01,34,24,-10
6928,2019-09-01,19,5,-14
6929,2019-09-01,37,22,-15
6930,2019-09-01,10,11,1
7001,2019-09-01,35,28,-7
7002,2019-09-01,13,13,0
7003,2019-09-01,58,60,2
7004,2019-09-01,10,8,-2
7005,2019-09-01,6,9,3
7006,2019-09-01,13,10,-3
7007,2019-09-01,19,22,3
7008,2019-09-01,10,11,1
7009,2019-09-01,60,60,0
7010,2019-09-01,12,12,0
7011,2019-09-01,75,89,14
7012,2019-09-01,56,57,1
7013,2019-09-01,29,21,-8
7014,2019-09-01,39,29,-10
7015,2019-09-01,74,74,0
7016,2019-09-01,9,19,10
7017,2019-09-01,23,24,1
7018,2019-09-01,33,33,0
7019,2019-09-01,15,18,3
7020,2019-09-01,20,21,1
7021,2019-09-01,40,32,-8
7022,2019-09-01,27,26,-1
7023,2019-09-01,2,6,4
7024,2019-09-01,49,21,-28
7025,2019-09-01,40,50,10
7026,2019-09-01,49,38,-11
7027,2019-09-01,42,45,3
7028,2019-09-01,28,27,-1
7029,2019-09-01,50,53,3
7030,2019-09-01,56,52,-4
7031,2019-09-01,46,47,1
7032,2019-09-01,97,68,-29
7033,2019-09-01,68,56,-12
7034,2019-09-01,63,117,54
7035,2019-09-01,21,28,7
7036,2019-09-01,50,46,-4
7037,2019-09-01,26,31,5
7038,2019-09-01,70,68,-2
7039,2019-09-01,23,19,-4
7040,2019-09-01,37,32,-5
7041,2019-09-01,83,85,2
7042,2019-09-01,16,20,4
7043,2019-09-01,24,16,-8
7044,2019-09-01,10,2,-8
7045,2019-09-01,101,110,9
7046,2019-09-01,54,68,14
7047,2019-09-01,135,177,42
7048,2019-09-01,27,24,-3
7049,2019-09-01,13,14,1
7050,2019-09-01,27,20,-7
7051,2019-09-01,15,12,-3
7052,2019-09-01,14,18,4
7053,2019-09-01,42,42,0
7054,2019-09-01,72,77,5
7055,2019-09-01,21,45,24
7056,2019-09-01,10,14,4
7057,2019-09-01,43,48,5
7058,2019-09-01,48,56,8
7059,2019-09-01,33,34,1
7060,2019-09-01,28,40,12
7061,2019-09-01,18,11,-7
7062,2019-09-01,26,24,-2
7063,2019-09-01,27,27,0
7064,2019-09-01,12,15,3
7065,2019-09-01,41,28,-13
7066,2019-09-01,76,171,95
7067,2019-09-01,44,55,11
7068,2019-09-01,109,136,27
7069,2019-09-01,98,123,25
7070,2019-09-01,38,47,9
7071,2019-09-01,43,36,-7
7072,2019-09-01,34,33,-1
7073,2019-09-01,48,45,-3
7074,2019-09-01,25,34,9
7075,2019-09-01,5,6,1
7076,2019-09-01,68,53,-15
7077,2019-09-01,39,37,-2
7078,2019-09-01,30,28,-2
7079,2019-09-01,14,17,3
7080,2019-09-01,33,58,25
7081,2019-09-01,72,94,22
7082,2019-09-01,81,88,7
7083,2019-09-01,67,71,4
7086,2019-09-01,1,2,1
7088,2019-09-01,4,1,-3
7089,2019-09-01,3,5,2
7090,2019-09-01,6,14,8
7091,2019-09-01,14,14,0
7092,2019-09-01,1,1,0
7093,2019-09-01,1,0,-1
7094,2019-09-01,3,3,0
7095,2019-09-01,6,5,-1
7096,2019-09-01,17,24,7
7097,2019-09-01,5,6,1
7098,2019-09-01,7,5,-2
7099,2019-09-01,6,3,-3
7100,2019-09-01,4,7,3
7101,2019-09-01,2,1,-1
7102,2019-09-01,20,22,2
7103,2019-09-01,77,83,6
7104,2019-09-01,7,2,-5
7105,2019-09-01,21,22,1
7106,2019-09-01,6,4,-2
7107,2019-09-01,12,9,-3
7108,2019-09-01,30,26,-4
7109,2019-09-01,4,6,2
7110,2019-09-01,17,18,1
7111,2019-09-01,15,11,-4
7112,2019-09-01,15,18,3
7113,2019-09-01,36,31,-5
7114,2019-09-01,100,122,22
7115,2019-09-01,16,8,-8
7116,2019-09-01,14,13,-1
7117,2019-09-01,5,7,2
7119,2019-09-01,36,36,0
7120,2019-09-01,7,8,1
7121,2019-09-01,11,12,1
7122,2019-09-01,3,2,-1
7123,2019-09-01,6,8,2
7124,2019-09-01,15,18,3
7125,2019-09-01,53,49,-4
7126,2019-09-01,2,9,7
7127,2019-09-01,30,19,-11
7128,2019-09-01,10,12,2
7129,2019-09-01,4,3,-1
7130,2019-09-01,6,6,0
7131,2019-09-01,4,7,3
7132,2019-09-01,5,5,0
7133,2019-09-01,17,14,-3
7134,2019-09-01,1,3,2
7135,2019-09-01,3,2,-1
7136,2019-09-01,3,3,0
7137,2019-09-01,9,7,-2
7138,2019-09-01,2,5,3
7139,2019-09-01,60,52,-8
7140,2019-09-01,24,15,-9
7141,2019-09-01,20,28,8
7142,2019-09-01,11,14,3
7143,2019-09-01,30,34,4
7144,2019-09-01,39,39,0
7145,2019-09-01,13,10,-3
7146,2019-09-01,7,16,9
7147,2019-09-01,29,24,-5
7148,2019-09-01,22,24,2
7149,2019-09-01,10,13,3
10002,2019-09-02,32,34,2
4000,2019-09-02,17,28,11
4001,2019-09-02,1,2,1
4002,2019-09-02,7,11,4
5002,2019-09-02,1,2,1
5003,2019-09-02,2,1,-1
5004,2019-09-02,3,2,-1
5005,2019-09-02,7,8,1
5006,2019-09-02,3,1,-2
5007,2019-09-02,9,13,4
6001,2019-09-02,20,28,8
6002,2019-09-02,27,40,13
6003,2019-09-02,23,25,2
6004,2019-09-02,6,12,6
6005,2019-09-02,21,11,-10
6006,2019-09-02,17,16,-1
6007,2019-09-02,11,12,1
6008,2019-09-02,19,15,-4
6009,2019-09-02,30,26,-4
6011,2019-09-02,26,27,1
6012,2019-09-02,48,66,18
6013,2019-09-02,22,37,15
6014,2019-09-02,23,29,6
6015,2019-09-02,32,77,45
6016,2019-09-02,6,4,-2
6017,2019-09-02,16,13,-3
6018,2019-09-02,25,29,4
6019,2019-09-02,68,34,-34
6020,2019-09-02,30,54,24
6021,2019-09-02,54,35,-19
6022,2019-09-02,13,13,0
6023,2019-09-02,80,101,21
6024,2019-09-02,4,2,-2
6025,2019-09-02,7,8,1
6026,2019-09-02,103,140,37
6027,2019-09-02,30,31,1
6029,2019-09-02,11,17,6
6031,2019-09-02,9,17,8
6032,2019-09-02,32,72,40
6033,2019-09-02,14,10,-4
6035,2019-09-02,2,9,7
6036,2019-09-02,64,121,57
6037,2019-09-02,22,27,5
6038,2019-09-02,29,33,4
6039,2019-09-02,26,30,4
6040,2019-09-02,14,25,11
6041,2019-09-02,8,9,1
6042,2019-09-02,10,6,-4
6043,2019-09-02,29,37,8
6044,2019-09-02,51,53,2
6046,2019-09-02,13,14,1
6047,2019-09-02,22,17,-5
6049,2019-09-02,17,17,0
6050,2019-09-02,2,1,-1
6051,2019-09-02,9,17,8
6052,2019-09-02,86,66,-20
6053,2019-09-02,40,65,25
6057,2019-09-02,25,21,-4
6058,2019-09-02,22,16,-6
6059,2019-09-02,18,9,-9
6060,2019-09-02,5,3,-2
6061,2019-09-02,26,24,-2
6062,2019-09-02,41,41,0
6063,2019-09-02,24,22,-2
6064,2019-09-02,40,43,3
6065,2019-09-02,39,28,-11
6066,2019-09-02,17,7,-10
6067,2019-09-02,29,19,-10
6068,2019-09-02,11,12,1
6070,2019-09-02,64,75,11
6072,2019-09-02,23,21,-2
6073,2019-09-02,31,30,-1
6075,2019-09-02,23,5,-18
6076,2019-09-02,20,21,1
6078,2019-09-02,14,12,-2
6079,2019-09-02,37,33,-4
6080,2019-09-02,46,41,-5
6081,2019-09-02,17,20,3
6082,2019-09-02,5,7,2
6083,2019-09-02,29,30,1
6084,2019-09-02,6,14,8
6085,2019-09-02,29,33,4
6086,2019-09-02,48,52,4
6087,2019-09-02,62,88,26
6088,2019-09-02,17,25,8
6089,2019-09-02,28,28,0
6090,2019-09-02,18,17,-1
6091,2019-09-02,28,24,-4
6092,2019-09-02,25,14,-11
6093,2019-09-02,27,26,-1
6094,2019-09-02,12,14,2
6095,2019-09-02,67,80,13
6096,2019-09-02,16,19,3
6097,2019-09-02,52,27,-25
6098,2019-09-02,10,11,1
6099,2019-09-02,49,62,13
6100,2019-09-02,76,61,-15
6101,2019-09-02,34,9,-25
6102,2019-09-02,22,9,-13
6103,2019-09-02,6,13,7
6104,2019-09-02,18,31,13
6105,2019-09-02,9,12,3
6106,2019-09-02,10,11,1
6107,2019-09-02,44,57,13
6108,2019-09-02,6,20,14
6109,2019-09-02,24,25,1
6110,2019-09-02,14,19,5
6111,2019-09-02,17,19,2
6112,2019-09-02,44,49,5
6113,2019-09-02,19,20,1
6114,2019-09-02,67,73,6
6115,2019-09-02,6,8,2
6116,2019-09-02,26,31,5
6117,2019-09-02,14,15,1
6118,2019-09-02,38,50,12
6119,2019-09-02,40,48,8
6120,2019-09-02,30,42,12
6121,2019-09-02,19,26,7
6122,2019-09-02,11,15,4
6123,2019-09-02,14,20,6
6124,2019-09-02,29,29,0
6125,2019-09-02,8,13,5
6126,2019-09-02,16,15,-1
6127,2019-09-02,27,20,-7
6128,2019-09-02,13,20,7
6129,2019-09-02,36,41,5
6130,2019-09-02,24,13,-11
6131,2019-09-02,36,33,-3
6132,2019-09-02,14,22,8
6133,2019-09-02,13,12,-1
6134,2019-09-02,31,17,-14
6136,2019-09-02,113,90,-23
6137,2019-09-02,58,63,5
6138,2019-09-02,32,33,1
6139,2019-09-02,32,25,-7
6140,2019-09-02,45,57,12
6141,2019-09-02,27,28,1
6142,2019-09-02,40,33,-7
6143,2019-09-02,61,49,-12
6145,2019-09-02,27,33,6
6146,2019-09-02,32,38,6
6147,2019-09-02,38,25,-13
6148,2019-09-02,65,48,-17
6149,2019-09-02,27,16,-11
6150,2019-09-02,45,42,-3
6151,2019-09-02,57,46,-11
6152,2019-09-02,65,68,3
6153,2019-09-02,21,31,10
6154,2019-09-02,129,125,-4
6155,2019-09-02,76,72,-4
6156,2019-09-02,40,41,1
6157,2019-09-02,67,58,-9
6158,2019-09-02,30,32,2
6159,2019-09-02,11,9,-2
6160,2019-09-02,35,37,2
6161,2019-09-02,17,23,6
6162,2019-09-02,1,5,4
6163,2019-09-02,70,82,12
6164,2019-09-02,45,51,6
6165,2019-09-02,66,71,5
6166,2019-09-02,28,25,-3
6167,2019-09-02,19,22,3
6168,2019-09-02,63,53,-10
6169,2019-09-02,107,106,-1
6170,2019-09-02,31,35,4
6171,2019-09-02,20,14,-6
6173,2019-09-02,50,37,-13
6174,2019-09-02,48,54,6
6175,2019-09-02,50,27,-23
6176,2019-09-02,80,78,-2
6177,2019-09-02,43,38,-5
6178,2019-09-02,54,43,-11
6179,2019-09-02,36,40,4
6180,2019-09-02,17,28,11
6181,2019-09-02,40,34,-6
6182,2019-09-02,33,25,-8
6183,2019-09-02,55,34,-21
6184,2019-09-02,129,123,-6
6185,2019-09-02,15,15,0
6186,2019-09-02,36,33,-3
6187,2019-09-02,72,72,0
6188,2019-09-02,24,20,-4
6189,2019-09-02,11,12,1
6190,2019-09-02,59,36,-23
6191,2019-09-02,34,28,-6
6192,2019-09-02,21,21,0
6193,2019-09-02,58,61,3
6195,2019-09-02,43,25,-18
6196,2019-09-02,68,65,-3
6197,2019-09-02,22,35,13
6198,2019-09-02,15,8,-7
6199,2019-09-02,30,28,-2
6200,2019-09-02,34,38,4
6201,2019-09-02,51,41,-10
6202,2019-09-02,52,46,-6
6203,2019-09-02,23,13,-10
6204,2019-09-02,47,44,-3
6205,2019-09-02,46,58,12
6206,2019-09-02,84,88,4
6207,2019-09-02,24,17,-7
6208,2019-09-02,23,16,-7
6209,2019-09-02,59,38,-21
6210,2019-09-02,14,15,1
6211,2019-09-02,90,84,-6
6212,2019-09-02,46,28,-18
6213,2019-09-02,82,72,-10
6214,2019-09-02,48,37,-11
6215,2019-09-02,29,16,-13
6216,2019-09-02,69,46,-23
6217,2019-09-02,47,37,-10
6218,2019-09-02,11,19,8
6219,2019-09-02,28,33,5
6220,2019-09-02,41,54,13
6221,2019-09-02,88,70,-18
6222,2019-09-02,37,32,-5
6223,2019-09-02,67,41,-26
6224,2019-09-02,50,34,-16
6225,2019-09-02,44,28,-16
6226,2019-09-02,9,7,-2
6227,2019-09-02,65,66,1
6228,2019-09-02,13,14,1
6229,2019-09-02,44,35,-9
6230,2019-09-02,52,51,-1
6231,2019-09-02,57,63,6
6232,2019-09-02,18,19,1
6233,2019-09-02,100,84,-16
6234,2019-09-02,21,27,6
6235,2019-09-02,19,9,-10
6236,2019-09-02,35,47,12
6237,2019-09-02,33,26,-7
6240,2019-09-02,5,10,5
6241,2019-09-02,30,18,-12
6243,2019-09-02,40,36,-4
6245,2019-09-02,17,22,5
6246,2019-09-02,28,26,-2
6247,2019-09-02,53,44,-9
6248,2019-09-02,62,58,-4
6249,2019-09-02,31,36,5
6250,2019-09-02,49,49,0
6251,2019-09-02,8,13,5
6252,2019-09-02,30,32,2
6253,2019-09-02,25,14,-11
6254,2019-09-02,27,32,5
6255,2019-09-02,44,45,1
6257,2019-09-02,25,22,-3
6258,2019-09-02,59,42,-17
6259,2019-09-02,19,17,-2
6260,2019-09-02,27,30,3
6261,2019-09-02,14,13,-1
6262,2019-09-02,41,43,2
6263,2019-09-02,8,8,0
6264,2019-09-02,15,16,1
6265,2019-09-02,24,25,1
6266,2019-09-02,5,13,8
6267,2019-09-02,26,27,1
6268,2019-09-02,40,33,-7
6269,2019-09-02,13,20,7
6270,2019-09-02,17,14,-3
6271,2019-09-02,3,1,-2
6272,2019-09-02,21,22,1
6273,2019-09-02,11,15,4
6274,2019-09-02,23,28,5
6275,2019-09-02,15,20,5
6276,2019-09-02,22,20,-2
6277,2019-09-02,50,42,-8
6278,2019-09-02,11,18,7
6279,2019-09-02,12,13,1
6280,2019-09-02,45,46,1
6281,2019-09-02,18,14,-4
6301,2019-09-02,12,10,-2
6302,2019-09-02,6,5,-1
6303,2019-09-02,15,8,-7
6304,2019-09-02,7,6,-1
6305,2019-09-02,6,4,-2
6306,2019-09-02,23,8,-15
6307,2019-09-02,52,43,-9
6309,2019-09-02,6,8,2
6310,2019-09-02,20,5,-15
6311,2019-09-02,14,17,3
6312,2019-09-02,19,21,2
6313,2019-09-02,19,26,7
6314,2019-09-02,22,16,-6
6315,2019-09-02,54,27,-27
6316,2019-09-02,31,15,-16
6321,2019-09-02,41,45,4
6322,2019-09-02,16,14,-2
6323,2019-09-02,5,4,-1
6324,2019-09-02,23,16,-7
6327,2019-09-02,15,13,-2
6328,2019-09-02,23,19,-4
6329,2019-09-02,15,15,0
6330,2019-09-02,13,14,1
6331,2019-09-02,15,18,3
6332,2019-09-02,12,14,2
6333,2019-09-02,14,17,3
6334,2019-09-02,27,25,-2
6335,2019-09-02,21,28,7
6336,2019-09-02,16,17,1
6338,2019-09-02,17,12,-5
6339,2019-09-02,13,12,-1
6340,2019-09-02,19,20,1
6341,2019-09-02,14,21,7
6343,2019-09-02,18,19,1
6344,2019-09-02,19,21,2
6345,2019-09-02,12,10,-2
6346,2019-09-02,5,3,-2
6347,2019-09-02,5,5,0
6349,2019-09-02,18,22,4
6350,2019-09-02,10,15,5
6354,2019-09-02,11,18,7
6355,2019-09-02,18,26,8
6356,2019-09-02,17,12,-5
6357,2019-09-02,9,9,0
6358,2019-09-02,4,9,5
6359,2019-09-02,35,30,-5
6360,2019-09-02,21,18,-3
6361,2019-09-02,17,25,8
6362,2019-09-02,27,14,-13
6363,2019-09-02,6,7,1
6364,2019-09-02,16,15,-1
6366,2019-09-02,21,30,9
6367,2019-09-02,13,10,-3
6368,2019-09-02,44,44,0
6369,2019-09-02,14,26,12
6370,2019-09-02,21,18,-3
6371,2019-09-02,43,55,12
6372,2019-09-02,46,49,3
6373,2019-09-02,17,18,1
6374,2019-09-02,26,18,-8
6375,2019-09-02,28,33,5
6376,2019-09-02,10,16,6
6377,2019-09-02,7,15,8
6379,2019-09-02,17,15,-2
6380,2019-09-02,14,12,-2
6381,2019-09-02,22,21,-1
6383,2019-09-02,17,8,-9
6384,2019-09-02,11,10,-1
6385,2019-09-02,26,25,-1
6386,2019-09-02,23,26,3
6387,2019-09-02,29,22,-7
6388,2019-09-02,14,26,12
6389,2019-09-02,26,22,-4
6391,2019-09-02,37,45,8
6393,2019-09-02,21,25,4
6394,2019-09-02,53,63,10
6395,2019-09-02,47,29,-18
6396,2019-09-02,47,46,-1
6397,2019-09-02,23,35,12
6398,2019-09-02,16,17,1
6401,2019-09-02,30,31,1
6402,2019-09-02,14,21,7
6403,2019-09-02,7,5,-2
6404,2019-09-02,8,12,4
6405,2019-09-02,14,30,16
6406,2019-09-02,65,87,22
6407,2019-09-02,7,8,1
6408,2019-09-02,15,17,2
6409,2019-09-02,4,3,-1
6410,2019-09-02,22,17,-5
6411,2019-09-02,49,54,5
6412,2019-09-02,4,9,5
6413,2019-09-02,11,13,2
6414,2019-09-02,5,8,3
6415,2019-09-02,16,11,-5
6416,2019-09-02,13,6,-7
6417,2019-09-02,17,19,2
6418,2019-09-02,11,9,-2
6419,2019-09-02,4,12,8
6420,2019-09-02,24,14,-10
6421,2019-09-02,27,13,-14
6422,2019-09-02,12,9,-3
6423,2019-09-02,4,1,-3
6424,2019-09-02,10,14,4
6425,2019-09-02,14,11,-3
6426,2019-09-02,28,26,-2
6427,2019-09-02,15,17,2
6428,2019-09-02,4,5,1
6429,2019-09-02,13,13,0
6432,2019-09-02,33,40,7
6433,2019-09-02,19,20,1
6434,2019-09-02,19,14,-5
6435,2019-09-02,8,12,4
6436,2019-09-02,7,6,-1
6501,2019-09-02,33,57,24
6502,2019-09-02,12,7,-5
6503,2019-09-02,27,21,-6
6504,2019-09-02,15,11,-4
6700,2019-09-02,13,16,3
6701,2019-09-02,25,24,-1
6702,2019-09-02,6,9,3
6703,2019-09-02,28,27,-1
6704,2019-09-02,15,15,0
6705,2019-09-02,6,12,6
6706,2019-09-02,7,11,4
6707,2019-09-02,12,5,-7
6709,2019-09-02,7,13,6
6710,2019-09-02,14,12,-2
6711,2019-09-02,4,3,-1
6712,2019-09-02,14,11,-3
6713,2019-09-02,8,9,1
6714,2019-09-02,3,5,2
6715,2019-09-02,12,11,-1
6716,2019-09-02,6,5,-1
6717,2019-09-02,6,8,2
6718,2019-09-02,10,8,-2
6719,2019-09-02,12,11,-1
6720,2019-09-02,18,26,8
6721,2019-09-02,6,4,-2
6722,2019-09-02,6,6,0
6723,2019-09-02,14,9,-5
6724,2019-09-02,20,24,4
6725,2019-09-02,15,16,1
6726,2019-09-02,7,4,-3
6727,2019-09-02,23,34,11
6728,2019-09-02,12,10,-2
6729,2019-09-02,83,102,19
6730,2019-09-02,11,15,4
6731,2019-09-02,7,5,-2
6732,2019-09-02,9,8,-1
6733,2019-09-02,21,16,-5
6734,2019-09-02,19,19,0
6735,2019-09-02,6,9,3
6736,2019-09-02,10,13,3
6737,2019-09-02,10,11,1
6738,2019-09-02,13,7,-6
6739,2019-09-02,3,6,3
6741,2019-09-02,5,9,4
6742,2019-09-02,17,20,3
6743,2019-09-02,13,5,-8
6744,2019-09-02,9,9,0
6745,2019-09-02,15,8,-7
6746,2019-09-02,9,9,0
6747,2019-09-02,15,15,0
6748,2019-09-02,28,27,-1
6749,2019-09-02,20,17,-3
6750,2019-09-02,24,35,11
6752,2019-09-02,8,7,-1
6753,2019-09-02,6,3,-3
6754,2019-09-02,6,8,2
6901,2019-09-02,25,32,7
6902,2019-09-02,31,35,4
6903,2019-09-02,60,50,-10
6904,2019-09-02,13,10,-3
6905,2019-09-02,10,12,2
6906,2019-09-02,39,25,-14
6907,2019-09-02,56,50,-6
6908,2019-09-02,31,32,1
6910,2019-09-02,68,54,-14
6912,2019-09-02,77,43,-34
6913,2019-09-02,31,20,-11
6915,2019-09-02,46,37,-9
6916,2019-09-02,13,14,1
6917,2019-09-02,2,6,4
6918,2019-09-02,17,20,3
6919,2019-09-02,24,22,-2
6921,2019-09-02,13,17,4
6923,2019-09-02,26,31,5
6924,2019-09-02,15,12,-3
6925,2019-09-02,17,11,-6
6926,2019-09-02,41,32,-9
6927,2019-09-02,23,25,2
6928,2019-09-02,15,8,-7
6929,2019-09-02,21,21,0
6930,2019-09-02,7,6,-1
7001,2019-09-02,22,25,3
7002,2019-09-02,6,3,-3
7003,2019-09-02,44,37,-7
7004,2019-09-02,8,6,-2
7005,2019-09-02,3,1,-2
7006,2019-09-02,13,14,1
7007,2019-09-02,5,6,1
7008,2019-09-02,11,9,-2
7009,2019-09-02,17,24,7
7010,2019-09-02,7,12,5
7011,2019-09-02,34,50,16
7012,2019-09-02,21,27,6
7013,2019-09-02,17,11,-6
7014,2019-09-02,32,19,-13
7015,2019-09-02,14,11,-3
7016,2019-09-02,11,5,-6
7017,2019-09-02,6,15,9
7018,2019-09-02,9,21,12
7019,2019-09-02,13,12,-1
7020,2019-09-02,13,12,-1
7021,2019-09-02,22,24,2
7022,2019-09-02,28,21,-7
7023,2019-09-02,2,2,0
7024,2019-09-02,49,19,-30
7025,2019-09-02,11,12,1
7026,2019-09-02,22,18,-4
7027,2019-09-02,18,30,12
7028,2019-09-02,48,40,-8
7029,2019-09-02,29,28,-1
7030,2019-09-02,37,41,4
7031,2019-09-02,16,16,0
7032,2019-09-02,64,42,-22
7033,2019-09-02,43,41,-2
7034,2019-09-02,18,37,19
7035,2019-09-02,14,22,8
7036,2019-09-02,28,25,-3
7037,2019-09-02,25,23,-2
7038,2019-09-02,26,29,3
7039,2019-09-02,11,12,1
7040,2019-09-02,15,10,-5
7041,2019-09-02,26,28,2
7042,2019-09-02,9,5,-4
7043,2019-09-02,15,15,0
7044,2019-09-02,11,11,0
7045,2019-09-02,41,45,4
7046,2019-09-02,18,25,7
7047,2019-09-02,66,85,19
7048,2019-09-02,7,5,-2
7049,2019-09-02,1,4,3
7050,2019-09-02,11,11,0
7051,2019-09-02,9,10,1
7052,2019-09-02,10,9,-1
7053,2019-09-02,13,13,0
7054,2019-09-02,14,15,1
7055,2019-09-02,18,14,-4
7056,2019-09-02,3,4,1
7057,2019-09-02,17,23,6
7058,2019-09-02,18,19,1
7059,2019-09-02,10,11,1
7060,2019-09-02,15,14,-1
7061,2019-09-02,7,9,2
7062,2019-09-02,12,15,3
7063,2019-09-02,12,15,3
7064,2019-09-02,10,15,5
7065,2019-09-02,18,24,6
7066,2019-09-02,30,54,24
7067,2019-09-02,16,17,1
7068,2019-09-02,29,43,14
7069,2019-09-02,37,36,-1
7070,2019-09-02,14,20,6
7071,2019-09-02,26,24,-2
7072,2019-09-02,19,9,-10
7073,2019-09-02,27,36,9
7074,2019-09-02,11,19,8
7075,2019-09-02,2,1,-1
7076,2019-09-02,34,30,-4
7077,2019-09-02,5,5,0
7078,2019-09-02,11,13,2
7079,2019-09-02,6,12,6
7080,2019-09-02,25,25,0
7081,2019-09-02,34,55,21
7082,2019-09-02,39,45,6
7083,2019-09-02,23,16,-7
7085,2019-09-02,1,1,0
7086,2019-09-02,2,2,0
7088,2019-09-02,1,0,-1
7090,2019-09-02,9,8,-1
7091,2019-09-02,3,3,0
7093,2019-09-02,2,2,0
7095,2019-09-02,5,7,2
7096,2019-09-02,10,8,-2
7097,2019-09-02,1,2,1
7098,2019-09-02,1,2,1
7099,2019-09-02,6,6,0
7100,2019-09-02,4,7,3
7101,2019-09-02,4,2,-2
7102,2019-09-02,9,16,7
7103,2019-09-02,10,11,1
7105,2019-09-02,14,10,-4
7107,2019-09-02,5,6,1
7108,2019-09-02,18,15,-3
7109,2019-09-02,1,0,-1
7110,2019-09-02,8,7,-1
7111,2019-09-02,7,5,-2
7112,2019-09-02,2,3,1
7113,2019-09-02,30,30,0
7114,2019-09-02,49,57,8
7115,2019-09-02,2,1,-1
7116,2019-09-02,3,6,3
7117,2019-09-02,3,4,1
7119,2019-09-02,10,9,-1
7120,2019-09-02,3,4,1
7121,2019-09-02,6,7,1
7122,2019-09-02,4,5,1
7123,2019-09-02,3,2,-1
7124,2019-09-02,8,1,-7
7125,2019-09-02,31,23,-8
7126,2019-09-02,2,4,2
7127,2019-09-02,9,6,-3
7128,2019-09-02,11,10,-1
7130,2019-09-02,4,3,-1
7131,2019-09-02,4,3,-1
7132,2019-09-02,2,1,-1
7133,2019-09-02,6,7,1
7134,2019-09-02,4,3,-1
7135,2019-09-02,5,6,1
7136,2019-09-02,1,2,1
7137,2019-09-02,3,5,2
7138,2019-09-02,2,5,3
7139,2019-09-02,11,14,3
7140,2019-09-02,7,7,0
7141,2019-09-02,14,10,-4
7142,2019-09-02,3,3,0
7143,2019-09-02,8,15,7
7144,2019-09-02,16,21,5
7145,2019-09-02,12,14,2
7146,2019-09-02,12,10,-2
7147,2019-09-02,8,12,4
7148,2019-09-02,8,15,7
7149,2019-09-02,6,8,2
10002,2019-09-03,121,121,0
4000,2019-09-03,51,56,5
4001,2019-09-03,12,12,0
4002,2019-09-03,12,23,11
5002,2019-09-03,4,4,0
5003,2019-09-03,2,2,0
5004,2019-09-03,4,4,0
5005,2019-09-03,5,7,2
5006,2019-09-03,7,10,3
5007,2019-09-03,25,26,1
6001,2019-09-03,54,97,43
6002,2019-09-03,45,65,20
6003,2019-09-03,68,88,20
6004,2019-09-03,53,48,-5
6005,2019-09-03,99,98,-1
6006,2019-09-03,43,32,-11
6007,2019-09-03,37,40,3
6008,2019-09-03,69,102,33
6009,2019-09-03,72,73,1
6011,2019-09-03,73,88,15
6012,2019-09-03,116,171,55
6013,2019-09-03,110,153,43
6014,2019-09-03,67,91,24
6015,2019-09-03,213,279,66
6016,2019-09-03,18,21,3
6017,2019-09-03,37,51,14
6018,2019-09-03,49,65,16
6019,2019-09-03,150,100,-50
6020,2019-09-03,80,114,34
6021,2019-09-03,121,86,-35
6022,2019-09-03,82,87,5
6023,2019-09-03,120,159,39
6025,2019-09-03,43,42,-1
6026,2019-09-03,109,171,62
6027,2019-09-03,141,127,-14
6029,2019-09-03,30,30,0
6031,2019-09-03,33,58,25
6032,2019-09-03,53,124,71
6033,2019-09-03,31,32,1
6035,2019-09-03,33,73,40
6036,2019-09-03,109,153,44
6037,2019-09-03,39,41,2
6038,2019-09-03,98,99,1
6039,2019-09-03,83,98,15
6040,2019-09-03,72,98,26
6041,2019-09-03,78,73,-5
6042,2019-09-03,103,99,-4
6043,2019-09-03,194,406,212
6044,2019-09-03,77,55,-22
6046,2019-09-03,147,134,-13
6047,2019-09-03,105,86,-19
6049,2019-09-03,98,110,12
6050,2019-09-03,58,66,8
6051,2019-09-03,24,33,9
6052,2019-09-03,195,309,114
6053,2019-09-03,170,168,-2
6057,2019-09-03,86,76,-10
6058,2019-09-03,83,85,2
6059,2019-09-03,89,71,-18
6060,2019-09-03,43,43,0
6061,2019-09-03,79,72,-7
6062,2019-09-03,75,63,-12
6063,2019-09-03,101,82,-19
6064,2019-09-03,232,192,-40
6065,2019-09-03,65,48,-17
6066,2019-09-03,56,35,-21
6067,2019-09-03,94,120,26
6068,2019-09-03,24,19,-5
6070,2019-09-03,329,267,-62
6072,2019-09-03,101,100,-1
6073,2019-09-03,201,161,-40
6075,2019-09-03,54,30,-24
6076,2019-09-03,27,42,15
6078,2019-09-03,67,67,0
6079,2019-09-03,58,70,12
6080,2019-09-03,173,158,-15
6081,2019-09-03,52,38,-14
6082,2019-09-03,28,19,-9
6083,2019-09-03,129,111,-18
6084,2019-09-03,65,95,30
6085,2019-09-03,88,169,81
6086,2019-09-03,91,121,30
6087,2019-09-03,107,156,49
6088,2019-09-03,65,86,21
6089,2019-09-03,47,55,8
6090,2019-09-03,56,56,0
6091,2019-09-03,60,48,-12
6092,2019-09-03,59,73,14
6093,2019-09-03,82,80,-2
6094,2019-09-03,31,26,-5
6095,2019-09-03,169,162,-7
6096,2019-09-03,65,71,6
6097,2019-09-03,106,53,-53
6098,2019-09-03,59,38,-21
6099,2019-09-03,143,176,33
6100,2019-09-03,281,276,-5
6101,2019-09-03,62,16,-46
6102,2019-09-03,44,38,-6
6103,2019-09-03,19,26,7
6104,2019-09-03,91,113,22
6105,2019-09-03,52,78,26
6106,2019-09-03,36,36,0
6107,2019-09-03,103,88,-15
6108,2019-09-03,49,56,7
6109,2019-09-03,14,12,-2
6110,2019-09-03,27,21,-6
6111,2019-09-03,47,65,18
6112,2019-09-03,91,113,22
6113,2019-09-03,42,37,-5
6114,2019-09-03,143,185,42
6115,2019-09-03,25,32,7
6116,2019-09-03,51,66,15
6117,2019-09-03,74,61,-13
6118,2019-09-03,65,81,16
6119,2019-09-03,63,94,31
6120,2019-09-03,84,116,32
6121,2019-09-03,23,29,6
6122,2019-09-03,21,26,5
6123,2019-09-03,19,33,14
6124,2019-09-03,47,68,21
6125,2019-09-03,31,20,-11
6126,2019-09-03,58,78,20
6127,2019-09-03,46,47,1
6128,2019-09-03,20,23,3
6129,2019-09-03,75,72,-3
6130,2019-09-03,26,28,2
6131,2019-09-03,98,55,-43
6132,2019-09-03,59,90,31
6133,2019-09-03,35,28,-7
6134,2019-09-03,49,44,-5
6136,2019-09-03,315,223,-92
6137,2019-09-03,112,98,-14
6138,2019-09-03,82,90,8
6139,2019-09-03,43,38,-5
6140,2019-09-03,88,101,13
6141,2019-09-03,65,55,-10
6142,2019-09-03,97,60,-37
6143,2019-09-03,101,88,-13
6145,2019-09-03,51,54,3
6146,2019-09-03,66,53,-13
6147,2019-09-03,116,66,-50
6148,2019-09-03,128,111,-17
6149,2019-09-03,43,50,7
6150,2019-09-03,67,79,12
6151,2019-09-03,95,91,-4
6152,2019-09-03,114,121,7
6153,2019-09-03,59,62,3
6154,2019-09-03,148,163,15
6155,2019-09-03,155,148,-7
6156,2019-09-03,76,89,13
6157,2019-09-03,101,93,-8
6158,2019-09-03,52,63,11
6159,2019-09-03,33,41,8
6160,2019-09-03,73,59,-14
6161,2019-09-03,40,45,5
6162,2019-09-03,17,11,-6
6163,2019-09-03,89,110,21
6164,2019-09-03,87,87,0
6165,2019-09-03,146,165,19
6166,2019-09-03,75,51,-24
6167,2019-09-03,37,52,15
6168,2019-09-03,121,101,-20
6169,2019-09-03,156,142,-14
6170,2019-09-03,71,57,-14
6171,2019-09-03,41,34,-7
6173,2019-09-03,108,65,-43
6174,2019-09-03,132,102,-30
6175,2019-09-03,99,67,-32
6176,2019-09-03,82,74,-8
6177,2019-09-03,84,85,1
6178,2019-09-03,107,103,-4
6179,2019-09-03,67,69,2
6180,2019-09-03,68,75,7
6181,2019-09-03,140,80,-60
6182,2019-09-03,68,38,-30
6183,2019-09-03,92,85,-7
6184,2019-09-03,276,253,-23
6185,2019-09-03,33,36,3
6186,2019-09-03,80,67,-13
6187,2019-09-03,116,105,-11
6188,2019-09-03,60,58,-2
6189,2019-09-03,16,19,3
6190,2019-09-03,120,73,-47
6191,2019-09-03,59,58,-1
6192,2019-09-03,34,30,-4
6193,2019-09-03,121,121,0
6195,2019-09-03,78,42,-36
6196,2019-09-03,154,123,-31
6197,2019-09-03,57,52,-5
6198,2019-09-03,28,18,-10
6199,2019-09-03,117,105,-12
6200,2019-09-03,95,88,-7
6201,2019-09-03,88,61,-27
6202,2019-09-03,133,116,-17
6203,2019-09-03,46,58,12
6204,2019-09-03,112,118,6
6205,2019-09-03,127,114,-13
6206,2019-09-03,177,167,-10
6207,2019-09-03,70,76,6
6208,2019-09-03,93,106,13
6209,2019-09-03,125,89,-36
6210,2019-09-03,45,44,-1
6211,2019-09-03,175,156,-19
6212,2019-09-03,104,72,-32
6213,2019-09-03,156,161,5
6214,2019-09-03,91,82,-9
6215,2019-09-03,82,83,1
6216,2019-09-03,154,87,-67
6217,2019-09-03,97,66,-31
6218,2019-09-03,49,47,-2
6219,2019-09-03,76,63,-13
6220,2019-09-03,99,86,-13
6221,2019-09-03,209,182,-27
6222,2019-09-03,84,59,-25
6223,2019-09-03,144,70,-74
6224,2019-09-03,53,60,7
6225,2019-09-03,66,58,-8
6226,2019-09-03,36,30,-6
6227,2019-09-03,151,133,-18
6228,2019-09-03,42,33,-9
6229,2019-09-03,77,54,-23
6230,2019-09-03,91,82,-9
6231,2019-09-03,138,116,-22
6232,2019-09-03,49,40,-9
6233,2019-09-03,128,122,-6
6234,2019-09-03,65,59,-6
6235,2019-09-03,86,56,-30
6236,2019-09-03,85,87,2
6237,2019-09-03,40,52,12
6240,2019-09-03,28,26,-2
6241,2019-09-03,52,47,-5
6243,2019-09-03,79,73,-6
6245,2019-09-03,42,45,3
6246,2019-09-03,72,72,0
6247,2019-09-03,136,118,-18
6248,2019-09-03,194,159,-35
6249,2019-09-03,68,67,-1
6250,2019-09-03,79,69,-10
6251,2019-09-03,18,20,2
6252,2019-09-03,64,58,-6
6253,2019-09-03,75,47,-28
6254,2019-09-03,90,93,3
6255,2019-09-03,100,95,-5
6257,2019-09-03,52,54,2
6258,2019-09-03,78,56,-22
6259,2019-09-03,43,45,2
6260,2019-09-03,58,55,-3
6261,2019-09-03,39,49,10
6262,2019-09-03,49,47,-2
6263,2019-09-03,24,24,0
6264,2019-09-03,34,30,-4
6265,2019-09-03,67,59,-8
6266,2019-09-03,24,17,-7
6267,2019-09-03,55,55,0
6268,2019-09-03,53,59,6
6269,2019-09-03,23,34,11
6270,2019-09-03,44,39,-5
6271,2019-09-03,2,3,1
6272,2019-09-03,33,38,5
6273,2019-09-03,41,45,4
6274,2019-09-03,39,45,6
6275,2019-09-03,34,29,-5
6276,2019-09-03,40,32,-8
6277,2019-09-03,54,56,2
6278,2019-09-03,25,21,-4
6279,2019-09-03,21,13,-8
6280,2019-09-03,86,78,-8
6281,2019-09-03,35,21,-14
6301,2019-09-03,32,26,-6
6302,2019-09-03,27,26,-1
6303,2019-09-03,27,23,-4
6304,2019-09-03,15,14,-1
6305,2019-09-03,27,22,-5
6306,2019-09-03,100,51,-49
6307,2019-09-03,74,73,-1
6309,2019-09-03,33,25,-8
6310,2019-09-03,109,64,-45
6311,2019-09-03,43,44,1
6312,2019-09-03,18,29,11
6313,2019-09-03,43,54,11
6314,2019-09-03,70,64,-6
6315,2019-09-03,106,63,-43
6316,2019-09-03,66,21,-45
6321,2019-09-03,108,74,-34
6322,2019-09-03,28,31,3
6323,2019-09-03,21,14,-7
6324,2019-09-03,31,32,1
6327,2019-09-03,36,29,-7
6328,2019-09-03,37,31,-6
6329,2019-09-03,35,27,-8
6330,2019-09-03,26,23,-3
6331,2019-09-03,29,23,-6
6332,2019-09-03,36,47,11
6333,2019-09-03,22,20,-2
6334,2019-09-03,69,73,4
6335,2019-09-03,36,35,-1
6336,2019-09-03,32,32,0
6338,2019-09-03,34,36,2
6339,2019-09-03,30,28,-2
6340,2019-09-03,31,33,2
6341,2019-09-03,36,51,15
6343,2019-09-03,36,37,1
6344,2019-09-03,40,42,2
6345,2019-09-03,19,18,-1
6346,2019-09-03,30,27,-3
6347,2019-09-03,37,37,0
6349,2019-09-03,32,34,2
6350,2019-09-03,29,34,5
6354,2019-09-03,41,44,3
6355,2019-09-03,25,38,13
6356,2019-09-03,39,25,-14
6357,2019-09-03,22,19,-3
6358,2019-09-03,25,30,5
6359,2019-09-03,93,115,22
6360,2019-09-03,27,33,6
6361,2019-09-03,47,44,-3
6362,2019-09-03,38,46,8
6363,2019-09-03,31,31,0
6364,2019-09-03,67,53,-14
6366,2019-09-03,38,29,-9
6367,2019-09-03,24,28,4
6368,2019-09-03,49,67,18
6369,2019-09-03,49,61,12
6370,2019-09-03,34,51,17
6371,2019-09-03,93,84,-9
6372,2019-09-03,90,103,13
6373,2019-09-03,67,63,-4
6374,2019-09-03,48,51,3
6375,2019-09-03,66,72,6
6376,2019-09-03,34,30,-4
6377,2019-09-03,31,36,5
6379,2019-09-03,21,36,15
6380,2019-09-03,25,30,5
6381,2019-09-03,74,77,3
6383,2019-09-03,32,24,-8
6384,2019-09-03,26,22,-4
6385,2019-09-03,60,59,-1
6386,2019-09-03,63,69,6
6387,2019-09-03,75,79,4
6388,2019-09-03,32,40,8
6389,2019-09-03,55,40,-15
6391,2019-09-03,63,95,32
6393,2019-09-03,76,93,17
6394,2019-09-03,71,117,46
6395,2019-09-03,94,93,-1
6396,2019-09-03,114,93,-21
6397,2019-09-03,44,62,18
6398,2019-09-03,36,56,20
6401,2019-09-03,49,71,22
6402,2019-09-03,48,45,-3
6403,2019-09-03,30,36,6
6404,2019-09-03,10,25,15
6405,2019-09-03,41,63,22
6406,2019-09-03,112,137,25
6407,2019-09-03,24,27,3
6408,2019-09-03,58,62,4
6409,2019-09-03,21,27,6
6410,2019-09-03,58,52,-6
6411,2019-09-03,154,133,-21
6412,2019-09-03,31,32,1
6413,2019-09-03,28,47,19
6414,2019-09-03,17,25,8
6415,2019-09-03,18,26,8
6416,2019-09-03,32,17,-15
6417,2019-09-03,33,45,12
6418,2019-09-03,15,14,-1
6419,2019-09-03,14,25,11
6420,2019-09-03,22,21,-1
6421,2019-09-03,51,46,-5
6422,2019-09-03,20,16,-4
6423,2019-09-03,21,11,-10
6424,2019-09-03,51,90,39
6425,2019-09-03,38,36,-2
6426,2019-09-03,71,76,5
6427,2019-09-03,76,73,-3
6428,2019-09-03,15,18,3
6429,2019-09-03,39,44,5
6432,2019-09-03,117,113,-4
6433,2019-09-03,39,34,-5
6434,2019-09-03,75,77,2
6435,2019-09-03,39,30,-9
6436,2019-09-03,27,22,-5
6501,2019-09-03,64,73,9
6502,2019-09-03,19,18,-1
6503,2019-09-03,73,83,10
6504,2019-09-03,6,7,1
6700,2019-09-03,19,43,24
6701,2019-09-03,67,71,4
6702,2019-09-03,19,25,6
6703,2019-09-03,50,37,-13
6704,2019-09-03,32,30,-2
6705,2019-09-03,18,25,7
6706,2019-09-03,18,31,13
6707,2019-09-03,23,21,-2
6709,2019-09-03,31,24,-7
6710,2019-09-03,12,17,5
6711,2019-09-03,24,21,-3
6712,2019-09-03,23,27,4
6713,2019-09-03,16,19,3
6714,2019-09-03,15,12,-3
6715,2019-09-03,27,23,-4
6716,2019-09-03,10,22,12
6717,2019-09-03,16,19,3
6718,2019-09-03,25,33,8
6719,2019-09-03,39,35,-4
6720,2019-09-03,37,48,11
6721,2019-09-03,15,18,3
6722,2019-09-03,6,20,14
6723,2019-09-03,18,21,3
6724,2019-09-03,51,53,2
6725,2019-09-03,40,35,-5
6726,2019-09-03,10,11,1
6727,2019-09-03,85,99,14
6728,2019-09-03,14,19,5
6729,2019-09-03,149,168,19
6730,2019-09-03,22,13,-9
6731,2019-09-03,19,12,-7
6732,2019-09-03,42,47,5
6733,2019-09-03,31,32,1
6734,2019-09-03,41,45,4
6735,2019-09-03,19,14,-5
6736,2019-09-03,26,24,-2
6737,2019-09-03,31,30,-1
6738,2019-09-03,110,109,-1
6739,2019-09-03,8,8,0
6741,2019-09-03,15,18,3
6742,2019-09-03,53,64,11
6743,2019-09-03,29,21,-8
6744,2019-09-03,13,23,10
6745,2019-09-03,31,29,-2
6746,2019-09-03,21,19,-2
6747,2019-09-03,50,57,7
6748,2019-09-03,65,86,21
6749,2019-09-03,48,48,0
6750,2019-09-03,52,33,-19
6752,2019-09-03,35,34,-1
6753,2019-09-03,26,20,-6
6754,2019-09-03,12,22,10
6901,2019-09-03,56,65,9
6902,2019-09-03,78,100,22
6903,2019-09-03,118,102,-16
6904,2019-09-03,27,22,-5
6905,2019-09-03,53,45,-8
6906,2019-09-03,125,71,-54
6907,2019-09-03,100,75,-25
6908,2019-09-03,58,56,-2
6910,2019-09-03,120,109,-11
6912,2019-09-03,151,91,-60
6913,2019-09-03,53,44,-9
6915,2019-09-03,72,73,1
6916,2019-09-03,40,40,0
6917,2019-09-03,18,24,6
6918,2019-09-03,27,15,-12
6919,2019-09-03,37,32,-5
6921,2019-09-03,76,74,-2
6923,2019-09-03,49,45,-4
6924,2019-09-03,27,22,-5
6925,2019-09-03,45,42,-3
6926,2019-09-03,75,73,-2
6927,2019-09-03,91,58,-33
6928,2019-09-03,65,30,-35
6929,2019-09-03,43,35,-8
6930,2019-09-03,18,19,1
7001,2019-09-03,34,42,8
7002,2019-09-03,13,23,10
7003,2019-09-03,111,104,-7
7004,2019-09-03,29,29,0
7005,2019-09-03,8,11,3
7006,2019-09-03,18,30,12
7007,2019-09-03,10,15,5
7008,2019-09-03,17,21,4
7009,2019-09-03,64,81,17
7010,2019-09-03,26,23,-3
7011,2019-09-03,95,88,-7
7012,2019-09-03,45,49,4
7013,2019-09-03,32,27,-5
7014,2019-09-03,126,60,-66
7015,2019-09-03,7,9,2
7016,2019-09-03,11,12,1
7017,2019-09-03,33,52,19
7018,2019-09-03,26,35,9
7019,2019-09-03,162,124,-38
7020,2019-09-03,21,41,20
7021,2019-09-03,50,44,-6
7022,2019-09-03,47,44,-3
7023,2019-09-03,7,7,0
7024,2019-09-03,76,47,-29
7025,2019-09-03,44,33,-11
7026,2019-09-03,72,66,-6
7027,2019-09-03,46,48,2
7028,2019-09-03,100,104,4
7029,2019-09-03,57,54,-3
7030,2019-09-03,56,64,8
7031,2019-09-03,45,44,-1
7032,2019-09-03,134,92,-42
7033,2019-09-03,70,63,-7
7034,2019-09-03,26,45,19
7035,2019-09-03,59,49,-10
7036,2019-09-03,56,54,-2
7037,2019-09-03,62,56,-6
7038,2019-09-03,43,52,9
7039,2019-09-03,29,36,7
7040,2019-09-03,77,85,8
7041,2019-09-03,133,123,-10
7042,2019-09-03,47,48,1
7043,2019-09-03,28,19,-9
7044,2019-09-03,10,15,5
7045,2019-09-03,64,63,-1
7046,2019-09-03,118,131,13
7047,2019-09-03,148,214,66
7048,2019-09-03,22,23,1
7049,2019-09-03,14,25,11
7050,2019-09-03,24,35,11
7051,2019-09-03,15,19,4
7052,2019-09-03,49,73,24
7053,2019-09-03,42,44,2
7054,2019-09-03,42,41,-1
7055,2019-09-03,22,35,13
7056,2019-09-03,16,22,6
7057,2019-09-03,29,35,6
7058,2019-09-03,41,41,0
7059,2019-09-03,19,24,5
7060,2019-09-03,35,40,5
7061,2019-09-03,32,30,-2
7062,2019-09-03,67,64,-3
7063,2019-09-03,25,31,6
7064,2019-09-03,34,39,5
7065,2019-09-03,43,46,3
7066,2019-09-03,72,153,81
7067,2019-09-03,58,73,15
7068,2019-09-03,59,77,18
7069,2019-09-03,98,124,26
7070,2019-09-03,40,39,-1
7071,2019-09-03,60,38,-22
7072,2019-09-03,37,26,-11
7073,2019-09-03,65,68,3
7074,2019-09-03,30,41,11
7075,2019-09-03,7,8,1
7076,2019-09-03,93,78,-15
7077,2019-09-03,26,26,0
7078,2019-09-03,16,24,8
7079,2019-09-03,47,50,3
7080,2019-09-03,79,101,22
7082,2019-09-03,84,108,24
7083,2019-09-03,67,72,5
7084,2019-09-03,71,71,0
7087,2019-09-03,1,1,0
7088,2019-09-03,1,1,0
7090,2019-09-03,13,10,-3
7091,2019-09-03,5,10,5
7092,2019-09-03,10,9,-1
7093,2019-09-03,5,4,-1
7094,2019-09-03,3,3,0
7095,2019-09-03,13,17,4
7096,2019-09-03,36,38,2
7097,2019-09-03,9,8,-1
7098,2019-09-03,4,3,-1
7099,2019-09-03,1,10,9
7100,2019-09-03,11,8,-3
7101,2019-09-03,11,8,-3
7102,2019-09-03,14,26,12
7103,2019-09-03,8,7,-1
7104,2019-09-03,1,5,4
7105,2019-09-03,2,4,2
7106,2019-09-03,1,1,0
7107,2019-09-03,2,1,-1
7108,2019-09-03,22,23,1
7109,2019-09-03,22,22,0
7110,2019-09-03,9,10,1
7111,2019-09-03,7,6,-1
7112,2019-09-03,10,12,2
7113,2019-09-03,71,69,-2
7114,2019-09-03,103,107,4
7115,2019-09-03,11,12,1
7116,2019-09-03,10,9,-1
7118,2019-09-03,4,4,0
7119,2019-09-03,6,8,2
7120,2019-09-03,1,1,0
7121,2019-09-03,4,8,4
7122,2019-09-03,7,7,0
7123,2019-09-03,6,7,1
7124,2019-09-03,33,23,-10
7125,2019-09-03,25,15,-10
7126,2019-09-03,8,8,0
7127,2019-09-03,33,32,-1
7128,2019-09-03,22,17,-5
7129,2019-09-03,12,17,5
7130,2019-09-03,14,8,-6
7131,2019-09-03,5,6,1
7132,2019-09-03,7,4,-3
7133,2019-09-03,5,8,3
7134,2019-09-03,6,5,-1
7135,2019-09-03,2,4,2
7136,2019-09-03,8,8,0
7137,2019-09-03,9,7,-2
7138,2019-09-03,6,10,4
7139,2019-09-03,11,13,2
7140,2019-09-03,20,26,6
7141,2019-09-03,36,39,3
7142,2019-09-03,10,15,5
7143,2019-09-03,25,21,-4
7144,2019-09-03,44,45,1
7145,2019-09-03,20,23,3
7146,2019-09-03,15,20,5
7147,2019-09-03,41,37,-4
7148,2019-09-03,9,13,4
7149,2019-09-03,20,18,-2
4000,2019-09-04,42,65,23
4001,2019-09-04,6,13,7
4002,2019-09-04,8,19,11
5002,2019-09-04,1,3,2
5003,2019-09-04,1,1,0
5004,2019-09-04,2,3,1
5005,2019-09-04,1,2,1
5006,2019-09-04,5,3,-2
5007,2019-09-04,11,13,2
6001,2019-09-04,53,36,-17
6002,2019-09-04,27,62,35
6003,2019-09-04,56,62,6
6004,2019-09-04,44,40,-4
6005,2019-09-04,74,35,-39
6006,2019-09-04,18,16,-2
6007,2019-09-04,29,28,-1
6008,2019-09-04,41,49,8
6009,2019-09-04,64,57,-7
6011,2019-09-04,46,51,5
6012,2019-09-04,131,137,6
6013,2019-09-04,91,115,24
6014,2019-09-04,36,43,7
6015,2019-09-04,208,231,23
6016,2019-09-04,7,7,0
6017,2019-09-04,26,51,25
6018,2019-09-04,51,61,10
6019,2019-09-04,119,66,-53
6020,2019-09-04,83,99,16
6021,2019-09-04,82,65,-17
6022,2019-09-04,36,43,7
6023,2019-09-04,80,81,1
6024,2019-09-04,1,2,1
6025,2019-09-04,21,17,-4
6026,2019-09-04,67,70,3
6027,2019-09-04,122,57,-65
6029,2019-09-04,13,26,13
6031,2019-09-04,13,11,-2
6032,2019-09-04,41,58,17
6033,2019-09-04,23,17,-6
6035,2019-09-04,22,23,1
6036,2019-09-04,70,60,-10
6037,2019-09-04,40,28,-12
6038,2019-09-04,75,56,-19
6039,2019-09-04,66,59,-7
6040,2019-09-04,47,38,-9
6041,2019-09-04,56,33,-23
6042,2019-09-04,49,39,-10
6043,2019-09-04,152,96,-56
6044,2019-09-04,40,61,21
6046,2019-09-04,103,75,-28
6047,2019-09-04,88,47,-41
6049,2019-09-04,88,49,-39
6050,2019-09-04,39,15,-24
6051,2019-09-04,23,14,-9
6052,2019-09-04,134,80,-54
6053,2019-09-04,124,86,-38
6057,2019-09-04,69,59,-10
6058,2019-09-04,58,34,-24
6059,2019-09-04,70,24,-46
6060,2019-09-04,35,10,-25
6061,2019-09-04,52,43,-9
6062,2019-09-04,51,32,-19
6063,2019-09-04,83,55,-28
6064,2019-09-04,201,70,-131
6065,2019-09-04,51,40,-11
6066,2019-09-04,39,12,-27
6067,2019-09-04,105,69,-36
6068,2019-09-04,10,6,-4
6070,2019-09-04,285,144,-141
6072,2019-09-04,64,24,-40
6073,2019-09-04,135,78,-57
6075,2019-09-04,42,8,-34
6076,2019-09-04,16,40,24
6078,2019-09-04,64,36,-28
6079,2019-09-04,71,59,-12
6080,2019-09-04,114,96,-18
6081,2019-09-04,38,25,-13
6082,2019-09-04,9,15,6
6083,2019-09-04,83,49,-34
6084,2019-09-04,55,32,-23
6085,2019-09-04,83,97,14
6086,2019-09-04,31,88,57
6087,2019-09-04,66,106,40
6088,2019-09-04,37,45,8
6089,2019-09-04,35,25,-10
6090,2019-09-04,45,44,-1
6091,2019-09-04,35,30,-5
6092,2019-09-04,63,46,-17
6093,2019-09-04,62,55,-7
6094,2019-09-04,20,12,-8
6095,2019-09-04,115,103,-12
6096,2019-09-04,43,52,9
6097,2019-09-04,61,43,-18
6098,2019-09-04,42,23,-19
6099,2019-09-04,121,142,21
6100,2019-09-04,204,167,-37
6101,2019-09-04,57,8,-49
6102,2019-09-04,31,29,-2
6103,2019-09-04,13,23,10
6104,2019-09-04,61,57,-4
6105,2019-09-04,32,31,-1
6106,2019-09-04,23,25,2
6107,2019-09-04,73,52,-21
6108,2019-09-04,38,47,9
6109,2019-09-04,6,7,1
6110,2019-09-04,17,24,7
6111,2019-09-04,24,28,4
6112,2019-09-04,78,90,12
6113,2019-09-04,22,23,1
6114,2019-09-04,124,139,15
6115,2019-09-04,5,22,17
6116,2019-09-04,32,50,18
6117,2019-09-04,65,50,-15
6118,2019-09-04,59,95,36
6119,2019-09-04,55,85,30
6120,2019-09-04,79,101,22
6121,2019-09-04,26,41,15
6122,2019-09-04,14,27,13
6123,2019-09-04,17,27,10
6124,2019-09-04,24,27,3
6125,2019-09-04,19,12,-7
6126,2019-09-04,24,50,26
6127,2019-09-04,24,25,1
6128,2019-09-04,10,20,10
6129,2019-09-04,62,71,9
6130,2019-09-04,21,19,-2
6131,2019-09-04,43,46,3
6132,2019-09-04,42,63,21
6133,2019-09-04,18,26,8
6134,2019-09-04,25,28,3
6136,2019-09-04,203,148,-55
6137,2019-09-04,41,67,26
6138,2019-09-04,46,68,22
6139,2019-09-04,25,42,17
6140,2019-09-04,66,79,13
6141,2019-09-04,32,48,16
6142,2019-09-04,55,61,6
6143,2019-09-04,43,55,12
6145,2019-09-04,27,41,14
6146,2019-09-04,44,31,-13
6147,2019-09-04,69,44,-25
6148,2019-09-04,76,70,-6
6149,2019-09-04,27,37,10
6150,2019-09-04,40,62,22
6151,2019-09-04,45,74,29
6152,2019-09-04,73,108,35
6153,2019-09-04,29,48,19
6154,2019-09-04,107,111,4
6155,2019-09-04,90,116,26
6156,2019-09-04,37,61,24
6157,2019-09-04,61,81,20
6158,2019-09-04,36,53,17
6159,2019-09-04,20,30,10
6160,2019-09-04,21,42,21
6161,2019-09-04,25,46,21
6162,2019-09-04,13,16,3
6163,2019-09-04,56,98,42
6164,2019-09-04,53,75,22
6165,2019-09-04,77,139,62
6166,2019-09-04,27,49,22
6167,2019-09-04,16,46,30
6168,2019-09-04,56,42,-14
6169,2019-09-04,100,132,32
6170,2019-09-04,32,34,2
6171,2019-09-04,26,39,13
6173,2019-09-04,82,47,-35
6174,2019-09-04,69,67,-2
6175,2019-09-04,66,40,-26
6176,2019-09-04,72,79,7
6177,2019-09-04,34,44,10
6178,2019-09-04,87,96,9
6179,2019-09-04,58,66,8
6180,2019-09-04,45,43,-2
6181,2019-09-04,77,62,-15
6182,2019-09-04,28,33,5
6183,2019-09-04,47,47,0
6184,2019-09-04,189,143,-46
6185,2019-09-04,18,25,7
6186,2019-09-04,58,44,-14
6187,2019-09-04,97,75,-22
6188,2019-09-04,33,35,2
6189,2019-09-04,5,12,7
6190,2019-09-04,103,58,-45
6191,2019-09-04,55,41,-14
6192,2019-09-04,16,22,6
6193,2019-09-04,87,94,7
6195,2019-09-04,68,34,-34
6196,2019-09-04,84,82,-2
6197,2019-09-04,46,37,-9
6198,2019-09-04,28,10,-18
6199,2019-09-04,73,32,-41
6200,2019-09-04,62,48,-14
6201,2019-09-04,68,54,-14
6202,2019-09-04,90,85,-5
6203,2019-09-04,49,30,-19
6204,2019-09-04,83,72,-11
6205,2019-09-04,97,79,-18
6206,2019-09-04,117,94,-23
6207,2019-09-04,36,27,-9
6208,2019-09-04,51,55,4
6209,2019-09-04,93,80,-13
6210,2019-09-04,40,22,-18
6211,2019-09-04,114,117,3
6212,2019-09-04,71,50,-21
6213,2019-09-04,105,95,-10
6214,2019-09-04,62,48,-14
6215,2019-09-04,40,25,-15
6216,2019-09-04,63,33,-30
6217,2019-09-04,59,45,-14
6218,2019-09-04,46,39,-7
6219,2019-09-04,42,58,16
6220,2019-09-04,47,71,24
6221,2019-09-04,131,114,-17
6222,2019-09-04,53,45,-8
6223,2019-09-04,67,52,-15
6224,2019-09-04,57,43,-14
6225,2019-09-04,36,43,7
6226,2019-09-04,27,10,-17
6227,2019-09-04,84,79,-5
6228,2019-09-04,16,15,-1
6229,2019-09-04,58,49,-9
6230,2019-09-04,57,50,-7
6231,2019-09-04,89,79,-10
6232,2019-09-04,24,18,-6
6233,2019-09-04,82,86,4
6234,2019-09-04,40,37,-3
6235,2019-09-04,68,23,-45
6236,2019-09-04,52,69,17
6237,2019-09-04,24,36,12
6240,2019-09-04,16,13,-3
6241,2019-09-04,37,32,-5
6243,2019-09-04,47,50,3
6245,2019-09-04,29,30,1
6246,2019-09-04,35,48,13
6247,2019-09-04,87,82,-5
6248,2019-09-04,86,73,-13
6249,2019-09-04,41,43,2
6250,2019-09-04,56,51,-5
6251,2019-09-04,14,22,8
6252,2019-09-04,39,36,-3
6253,2019-09-04,59,32,-27
6254,2019-09-04,57,63,6
6255,2019-09-04,56,56,0
6257,2019-09-04,31,25,-6
6258,2019-09-04,50,48,-2
6259,2019-09-04,28,37,9
6260,2019-09-04,37,47,10
6261,2019-09-04,26,40,14
6262,2019-09-04,36,45,9
6263,2019-09-04,17,31,14
6264,2019-09-04,20,28,8
6265,2019-09-04,33,41,8
6266,2019-09-04,19,23,4
6267,2019-09-04,42,42,0
6268,2019-09-04,46,49,3
6269,2019-09-04,13,28,15
6270,2019-09-04,22,37,15
6271,2019-09-04,1,0,-1
6272,2019-09-04,16,27,11
6273,2019-09-04,15,20,5
6274,2019-09-04,27,45,18
6275,2019-09-04,17,16,-1
6276,2019-09-04,29,35,6
6277,2019-09-04,48,50,2
6278,2019-09-04,13,23,10
6279,2019-09-04,20,13,-7
6280,2019-09-04,62,47,-15
6281,2019-09-04,26,17,-9
6301,2019-09-04,15,21,6
6302,2019-09-04,10,6,-4
6303,2019-09-04,9,11,2
6304,2019-09-04,4,7,3
6305,2019-09-04,13,5,-8
6306,2019-09-04,67,28,-39
6307,2019-09-04,64,61,-3
6309,2019-09-04,15,31,16
6310,2019-09-04,85,21,-64
6311,2019-09-04,30,34,4
6312,2019-09-04,22,21,-1
6313,2019-09-04,14,28,14
6314,2019-09-04,38,54,16
6315,2019-09-04,76,26,-50
6316,2019-09-04,54,11,-43
6321,2019-09-04,48,36,-12
6322,2019-09-04,16,25,9
6323,2019-09-04,8,4,-4
6324,2019-09-04,21,22,1
6327,2019-09-04,15,19,4
6328,2019-09-04,19,25,6
6329,2019-09-04,16,26,10
6330,2019-09-04,23,18,-5
6331,2019-09-04,16,21,5
6332,2019-09-04,18,31,13
6333,2019-09-04,7,20,13
6334,2019-09-04,62,54,-8
6335,2019-09-04,26,34,8
6336,2019-09-04,14,25,11
6338,2019-09-04,21,28,7
6339,2019-09-04,16,27,11
6340,2019-09-04,11,23,12
6341,2019-09-04,12,45,33
6343,2019-09-04,20,33,13
6344,2019-09-04,34,25,-9
6345,2019-09-04,6,14,8
6346,2019-09-04,37,23,-14
6347,2019-09-04,22,15,-7
6349,2019-09-04,15,36,21
6350,2019-09-04,24,28,4
6354,2019-09-04,24,37,13
6355,2019-09-04,15,51,36
6356,2019-09-04,20,16,-4
6357,2019-09-04,5,9,4
6358,2019-09-04,8,15,7
6359,2019-09-04,79,58,-21
6360,2019-09-04,21,22,1
6361,2019-09-04,24,35,11
6362,2019-09-04,19,28,9
6363,2019-09-04,10,27,17
6364,2019-09-04,20,27,7
6366,2019-09-04,21,26,5
6367,2019-09-04,20,25,5
6368,2019-09-04,31,52,21
6369,2019-09-04,33,39,6
6370,2019-09-04,30,36,6
6371,2019-09-04,37,64,27
6372,2019-09-04,36,68,32
6373,2019-09-04,14,39,25
6374,2019-09-04,23,41,18
6375,2019-09-04,36,53,17
6376,2019-09-04,22,30,8
6377,2019-09-04,11,33,22
6379,2019-09-04,16,25,9
6380,2019-09-04,16,30,14
6381,2019-09-04,43,49,6
6383,2019-09-04,22,25,3
6384,2019-09-04,15,18,3
6385,2019-09-04,30,46,16
6386,2019-09-04,46,39,-7
6387,2019-09-04,80,94,14
6388,2019-09-04,21,43,22
6389,2019-09-04,40,27,-13
6391,2019-09-04,29,70,41
6393,2019-09-04,31,74,43
6394,2019-09-04,40,98,58
6395,2019-09-04,73,69,-4
6396,2019-09-04,104,59,-45
6397,2019-09-04,25,60,35
6398,2019-09-04,20,45,25
6401,2019-09-04,40,62,22
6402,2019-09-04,29,35,6
6403,2019-09-04,21,39,18
6404,2019-09-04,8,15,7
6405,2019-09-04,41,42,1
6406,2019-09-04,52,53,1
6407,2019-09-04,11,13,2
6408,2019-09-04,33,39,6
6409,2019-09-04,9,19,10
6410,2019-09-04,37,38,1
6411,2019-09-04,99,90,-9
6412,2019-09-04,22,21,-1
6413,2019-09-04,30,13,-17
6414,2019-09-04,8,21,13
6415,2019-09-04,15,21,6
6416,2019-09-04,8,11,3
6417,2019-09-04,23,43,20
6418,2019-09-04,8,9,1
6419,2019-09-04,5,13,8
6420,2019-09-04,17,19,2
6421,2019-09-04,36,45,9
6422,2019-09-04,13,16,3
6423,2019-09-04,13,7,-6
6424,2019-09-04,27,40,13
6425,2019-09-04,22,20,-2
6426,2019-09-04,74,62,-12
6427,2019-09-04,40,48,8
6428,2019-09-04,4,12,8
6429,2019-09-04,19,25,6
6432,2019-09-04,82,78,-4
6433,2019-09-04,17,25,8
6434,2019-09-04,38,44,6
6435,2019-09-04,26,31,5
6436,2019-09-04,14,22,8
6501,2019-09-04,41,49,8
6502,2019-09-04,10,5,-5
6503,2019-09-04,54,43,-11
6504,2019-09-04,7,5,-2
6700,2019-09-04,22,39,17
6701,2019-09-04,48,34,-14
6702,2019-09-04,29,33,4
6703,2019-09-04,26,19,-7
6704,2019-09-04,15,24,9
6705,2019-09-04,11,30,19
6706,2019-09-04,16,35,19
6707,2019-09-04,19,20,1
6709,2019-09-04,14,30,16
6710,2019-09-04,7,11,4
6711,2019-09-04,9,7,-2
6712,2019-09-04,7,13,6
6713,2019-09-04,4,8,4
6714,2019-09-04,7,2,-5
6715,2019-09-04,10,12,2
6716,2019-09-04,7,19,12
6717,2019-09-04,9,12,3
6718,2019-09-04,13,28,15
6719,2019-09-04,10,19,9
6720,2019-09-04,8,35,27
6721,2019-09-04,31,43,12
6722,2019-09-04,3,16,13
6723,2019-09-04,8,15,7
6724,2019-09-04,26,27,1
6725,2019-09-04,25,37,12
6726,2019-09-04,5,8,3
6727,2019-09-04,76,57,-19
6728,2019-09-04,15,14,-1
6729,2019-09-04,128,120,-8
6730,2019-09-04,9,13,4
6731,2019-09-04,9,18,9
6732,2019-09-04,20,36,16
6733,2019-09-04,22,38,16
6734,2019-09-04,28,35,7
6735,2019-09-04,7,4,-3
6736,2019-09-04,13,9,-4
6737,2019-09-04,12,20,8
6738,2019-09-04,63,20,-43
6739,2019-09-04,10,11,1
6741,2019-09-04,11,13,2
6742,2019-09-04,27,31,4
6743,2019-09-04,33,23,-10
6744,2019-09-04,13,16,3
6745,2019-09-04,18,12,-6
6746,2019-09-04,18,15,-3
6747,2019-09-04,45,34,-11
6748,2019-09-04,42,64,22
6749,2019-09-04,31,20,-11
6750,2019-09-04,27,38,11
6752,2019-09-04,21,12,-9
6753,2019-09-04,15,13,-2
6754,2019-09-04,7,28,21
6901,2019-09-04,38,43,5
6902,2019-09-04,65,75,10
6903,2019-09-04,86,86,0
6904,2019-09-04,25,31,6
6905,2019-09-04,19,22,3
6906,2019-09-04,72,32,-40
6907,2019-09-04,70,48,-22
6908,2019-09-04,43,45,2
6910,2019-09-04,73,63,-10
6912,2019-09-04,118,71,-47
6913,2019-09-04,29,21,-8
6915,2019-09-04,54,56,2
6916,2019-09-04,30,45,15
6917,2019-09-04,15,17,2
6918,2019-09-04,14,24,10
6919,2019-09-04,16,18,2
6921,2019-09-04,54,42,-12
6923,2019-09-04,31,37,6
6924,2019-09-04,12,10,-2
6925,2019-09-04,28,19,-9
6926,2019-09-04,41,58,17
6927,2019-09-04,87,31,-56
6928,2019-09-04,61,20,-41
6929,2019-09-04,22,27,5
6930,2019-09-04,15,8,-7
7001,2019-09-04,22,27,5
7002,2019-09-04,8,11,3
7003,2019-09-04,79,60,-19
7004,2019-09-04,20,21,1
7005,2019-09-04,8,11,3
7006,2019-09-04,10,20,10
7007,2019-09-04,4,10,6
7008,2019-09-04,12,20,8
7009,2019-09-04,47,46,-1
7010,2019-09-04,6,11,5
7011,2019-09-04,62,63,1
7012,2019-09-04,23,25,2
7013,2019-09-04,14,23,9
7014,2019-09-04,107,47,-60
7015,2019-09-04,6,16,10
7016,2019-09-04,14,27,13
7017,2019-09-04,11,37,26
7018,2019-09-04,20,53,33
7019,2019-09-04,102,23,-79
7020,2019-09-04,26,33,7
7021,2019-09-04,27,41,14
7022,2019-09-04,21,23,2
7023,2019-09-04,5,5,0
7024,2019-09-04,59,29,-30
7025,2019-09-04,25,7,-18
7026,2019-09-04,44,31,-13
7027,2019-09-04,20,45,25
7028,2019-09-04,74,51,-23
7029,2019-09-04,29,44,15
7030,2019-09-04,34,48,14
7031,2019-09-04,41,41,0
7032,2019-09-04,117,60,-57
7033,2019-09-04,58,52,-6
7034,2019-09-04,29,21,-8
7035,2019-09-04,24,35,11
7036,2019-09-04,41,35,-6
7037,2019-09-04,50,44,-6
7038,2019-09-04,41,50,9
7039,2019-09-04,18,32,14
7040,2019-09-04,50,41,-9
7041,2019-09-04,109,53,-56
7042,2019-09-04,19,12,-7
7043,2019-09-04,10,22,12
7044,2019-09-04,5,7,2
7045,2019-09-04,31,27,-4
7046,2019-09-04,106,53,-53
7047,2019-09-04,71,145,74
7048,2019-09-04,20,33,13
7049,2019-09-04,6,12,6
7050,2019-09-04,11,22,11
7051,2019-09-04,8,17,9
7052,2019-09-04,47,49,2
7053,2019-09-04,21,28,7
7054,2019-09-04,23,39,16
7055,2019-09-04,18,23,5
7056,2019-09-04,10,21,11
7057,2019-09-04,18,34,16
7058,2019-09-04,20,35,15
7059,2019-09-04,12,33,21
7060,2019-09-04,15,33,18
7061,2019-09-04,15,9,-6
7062,2019-09-04,39,45,6
7063,2019-09-04,10,10,0
7064,2019-09-04,31,18,-13
7065,2019-09-04,23,36,13
7066,2019-09-04,68,52,-16
7067,2019-09-04,46,24,-22
7068,2019-09-04,37,44,7
7069,2019-09-04,81,62,-19
7070,2019-09-04,11,28,17
7071,2019-09-04,39,30,-9
7072,2019-09-04,34,25,-9
7073,2019-09-04,35,54,19
7074,2019-09-04,25,27,2
7075,2019-09-04,5,14,9
7076,2019-09-04,61,56,-5
7077,2019-09-04,28,21,-7
7078,2019-09-04,14,26,12
7079,2019-09-04,30,19,-11
7080,2019-09-04,50,36,-14
7082,2019-09-04,91,90,-1
7083,2019-09-04,45,46,1
7084,2019-09-04,84,81,-3
7090,2019-09-04,4,15,11
7091,2019-09-04,3,4,1
7092,2019-09-04,6,5,-1
7093,2019-09-04,1,2,1
7095,2019-09-04,12,6,-6
7096,2019-09-04,27,14,-13
7097,2019-09-04,7,5,-2
7098,2019-09-04,2,5,3
7099,2019-09-04,2,7,5
7100,2019-09-04,2,1,-1
7101,2019-09-04,3,2,-1
7102,2019-09-04,3,22,19
7103,2019-09-04,2,1,-1
7105,2019-09-04,4,6,2
7108,2019-09-04,2,5,3
7109,2019-09-04,14,7,-7
7110,2019-09-04,1,3,2
7111,2019-09-04,4,6,2
7112,2019-09-04,7,5,-2
7113,2019-09-04,38,22,-16
7114,2019-09-04,51,87,36
7115,2019-09-04,17,20,3
7116,2019-09-04,13,23,10
7117,2019-09-04,2,2,0
7118,2019-09-04,1,1,0
7119,2019-09-04,6,8,2
7120,2019-09-04,4,6,2
7121,2019-09-04,2,19,17
7122,2019-09-04,2,7,5
7123,2019-09-04,2,3,1
7124,2019-09-04,11,19,8
7125,2019-09-04,5,14,9
7126,2019-09-04,11,4,-7
7127,2019-09-04,21,15,-6
7128,2019-09-04,16,9,-7
7129,2019-09-04,12,9,-3
7130,2019-09-04,9,14,5
7131,2019-09-04,5,2,-3
7132,2019-09-04,3,4,1
7133,2019-09-04,4,9,5
7134,2019-09-04,2,6,4
7135,2019-09-04,3,1,-2
7136,2019-09-04,4,5,1
7137,2019-09-04,3,6,3
7138,2019-09-04,2,4,2
7139,2019-09-04,17,17,0
7140,2019-09-04,15,17,2
7141,2019-09-04,23,25,2
7142,2019-09-04,4,12,8
7143,2019-09-04,10,34,24
7144,2019-09-04,29,29,0
7145,2019-09-04,5,18,13
7146,2019-09-04,11,24,13
7147,2019-09-04,21,20,-1
7148,2019-09-04,3,7,4
7149,2019-09-04,13,11,-2
10002,2019-09-04,104,114,10
10002,2019-09-04,30,23,-7
4000,2019-09-04,6,15,9
4001,2019-09-04,6,0,-6
4002,2019-09-04,1,3,2
5002,2019-09-04,1,0,-1
5004,2019-09-04,3,0,-3
5005,2019-09-04,1,0,-1
5006,2019-09-04,1,1,0
6001,2019-09-04,3,26,23
6002,2019-09-04,14,6,-8
6003,2019-09-04,11,16,5
6004,2019-09-04,4,23,19
6005,2019-09-04,1,21,20
6006,2019-09-04,5,1,-4
6007,2019-09-04,9,13,4
6008,2019-09-04,3,28,25
6009,2019-09-04,1,8,7
6011,2019-09-04,14,26,12
6012,2019-09-04,10,44,34
6013,2019-09-04,7,25,18
6014,2019-09-04,14,14,0
6015,2019-09-04,15,44,29
6016,2019-09-04,2,5,3
6017,2019-09-04,11,2,-9
6018,2019-09-04,14,6,-8
6019,2019-09-04,33,22,-11
6020,2019-09-04,12,29,17
6021,2019-09-04,35,19,-16
6022,2019-09-04,3,12,9
6023,2019-09-04,16,23,7
6025,2019-09-04,3,7,4
6026,2019-09-04,4,14,10
6027,2019-09-04,5,21,16
6029,2019-09-04,9,6,-3
6031,2019-09-04,1,12,11
6032,2019-09-04,2,47,45
6033,2019-09-04,2,6,4
6035,2019-09-04,3,21,18
6036,2019-09-04,4,33,29
6037,2019-09-04,7,18,11
6038,2019-09-04,10,29,19
6039,2019-09-04,5,22,17
6040,2019-09-04,3,26,23
6041,2019-09-04,9,38,29
6042,2019-09-04,20,27,7
6043,2019-09-04,20,105,85
6044,2019-09-04,26,2,-24
6046,2019-09-04,22,26,4
6047,2019-09-04,4,16,12
6049,2019-09-04,16,61,45
6050,2019-09-04,8,27,19
6051,2019-09-04,1,8,7
6052,2019-09-04,7,63,56
6053,2019-09-04,15,57,42
6057,2019-09-04,7,18,11
6058,2019-09-04,8,23,15
6059,2019-09-04,12,18,6
6060,2019-09-04,1,9,8
6061,2019-09-04,2,12,10
6062,2019-09-04,8,17,9
6063,2019-09-04,7,13,6
6064,2019-09-04,10,40,30
6065,2019-09-04,6,9,3
6066,2019-09-04,4,6,2
6067,2019-09-04,6,18,12
6068,2019-09-04,1,7,6
6070,2019-09-04,24,90,66
6072,2019-09-04,1,24,23
6073,2019-09-04,5,34,29
6075,2019-09-04,1,7,6
6076,2019-09-04,7,3,-4
6078,2019-09-04,7,35,28
6079,2019-09-04,15,8,-7
6080,2019-09-04,22,38,16
6081,2019-09-04,8,13,5
6082,2019-09-04,5,1,-4
6083,2019-09-04,3,45,42
6084,2019-09-04,8,30,22
6085,2019-09-04,14,37,23
6086,2019-09-04,11,6,-5
6087,2019-09-04,19,10,-9
6088,2019-09-04,13,11,-2
6089,2019-09-04,3,25,22
6090,2019-09-04,8,12,4
6091,2019-09-04,9,3,-6
6092,2019-09-04,7,11,4
6093,2019-09-04,8,10,2
6094,2019-09-04,4,13,9
6095,2019-09-04,23,15,-8
6096,2019-09-04,11,13,2
6097,2019-09-04,16,4,-12
6098,2019-09-04,8,8,0
6099,2019-09-04,24,23,-1
6100,2019-09-04,23,51,28
6101,2019-09-04,7,9,2
6102,2019-09-04,12,8,-4
6103,2019-09-04,5,2,-3
6104,2019-09-04,7,28,21
6105,2019-09-04,12,20,8
6106,2019-09-04,1,5,4
6107,2019-09-04,19,8,-11
6108,2019-09-04,12,9,-3
6109,2019-09-04,1,0,-1
6110,2019-09-04,7,6,-1
6111,2019-09-04,11,7,-4
6112,2019-09-04,20,7,-13
6113,2019-09-04,5,4,-1
6114,2019-09-04,25,26,1
6115,2019-09-04,8,3,-5
6116,2019-09-04,18,8,-10
6117,2019-09-04,8,21,13
6118,2019-09-04,15,10,-5
6119,2019-09-04,24,14,-10
6120,2019-09-04,13,22,9
6121,2019-09-04,2,5,3
6122,2019-09-04,3,1,-2
6123,2019-09-04,6,3,-3
6124,2019-09-04,6,14,8
6125,2019-09-04,3,4,1
6126,2019-09-04,9,11,2
6127,2019-09-04,9,9,0
6128,2019-09-04,6,1,-5
6129,2019-09-04,19,7,-12
6130,2019-09-04,9,2,-7
6131,2019-09-04,19,6,-13
6132,2019-09-04,18,13,-5
6133,2019-09-04,12,0,-12
6134,2019-09-04,14,11,-3
6136,2019-09-04,54,56,2
6137,2019-09-04,36,8,-28
6138,2019-09-04,25,8,-17
6139,2019-09-04,13,2,-11
6140,2019-09-04,13,6,-7
6141,2019-09-04,17,4,-13
6142,2019-09-04,40,2,-38
6143,2019-09-04,15,10,-5
6145,2019-09-04,14,3,-11
6146,2019-09-04,13,7,-6
6147,2019-09-04,13,16,3
6148,2019-09-04,23,14,-9
6149,2019-09-04,14,6,-8
6150,2019-09-04,13,0,-13
6151,2019-09-04,19,5,-14
6152,2019-09-04,26,7,-19
6153,2019-09-04,11,13,2
6154,2019-09-04,32,18,-14
6155,2019-09-04,47,10,-37
6156,2019-09-04,26,9,-17
6157,2019-09-04,24,5,-19
6158,2019-09-04,19,6,-13
6159,2019-09-04,5,4,-1
6160,2019-09-04,22,4,-18
6161,2019-09-04,17,1,-16
6162,2019-09-04,3,2,-1
6163,2019-09-04,42,5,-37
6164,2019-09-04,18,5,-13
6165,2019-09-04,28,9,-19
6166,2019-09-04,23,2,-21
6167,2019-09-04,11,3,-8
6168,2019-09-04,20,23,3
6169,2019-09-04,27,13,-14
6170,2019-09-04,13,4,-9
6171,2019-09-04,7,3,-4
6173,2019-09-04,20,10,-10
6174,2019-09-04,33,11,-22
6175,2019-09-04,18,7,-11
6176,2019-09-04,6,4,-2
6177,2019-09-04,22,3,-19
6178,2019-09-04,18,7,-11
6179,2019-09-04,9,1,-8
6180,2019-09-04,9,12,3
6181,2019-09-04,29,13,-16
6182,2019-09-04,12,4,-8
6183,2019-09-04,16,17,1
6184,2019-09-04,33,46,13
6185,2019-09-04,7,6,-1
6186,2019-09-04,10,8,-2
6187,2019-09-04,9,30,21
6188,2019-09-04,17,3,-14
6189,2019-09-04,5,3,-2
6190,2019-09-04,17,21,4
6191,2019-09-04,12,13,1
6192,2019-09-04,13,0,-13
6193,2019-09-04,15,7,-8
6195,2019-09-04,20,6,-14
6196,2019-09-04,29,14,-15
6197,2019-09-04,11,16,5
6198,2019-09-04,1,5,4
6199,2019-09-04,11,20,9
6200,2019-09-04,8,25,17
6201,2019-09-04,21,6,-15
6202,2019-09-04,33,29,-4
6203,2019-09-04,5,12,7
6204,2019-09-04,16,24,8
6205,2019-09-04,19,19,0
6206,2019-09-04,21,25,4
6207,2019-09-04,7,12,5
6208,2019-09-04,13,15,2
6209,2019-09-04,24,11,-13
6210,2019-09-04,5,20,15
6211,2019-09-04,27,22,-5
6212,2019-09-04,26,12,-14
6213,2019-09-04,24,14,-10
6214,2019-09-04,24,18,-6
6215,2019-09-04,1,16,15
6216,2019-09-04,16,2,-14
6217,2019-09-04,18,13,-5
6218,2019-09-04,15,7,-8
6219,2019-09-04,23,6,-17
6220,2019-09-04,30,12,-18
6221,2019-09-04,34,27,-7
6222,2019-09-04,20,1,-19
6223,2019-09-04,28,9,-19
6224,2019-09-04,19,12,-7
6225,2019-09-04,20,0,-20
6226,2019-09-04,3,12,9
6227,2019-09-04,12,10,-2
6228,2019-09-04,5,4,-1
6229,2019-09-04,17,12,-5
6230,2019-09-04,18,5,-13
6231,2019-09-04,26,5,-21
6232,2019-09-04,6,5,-1
6233,2019-09-04,28,10,-18
6234,2019-09-04,12,10,-2
6235,2019-09-04,5,37,32
6236,2019-09-04,21,8,-13
6237,2019-09-04,15,3,-12
6240,2019-09-04,1,6,5
6241,2019-09-04,11,4,-7
6243,2019-09-04,10,6,-4
6245,2019-09-04,8,3,-5
6246,2019-09-04,20,7,-13
6247,2019-09-04,11,20,9
6248,2019-09-04,28,31,3
6249,2019-09-04,6,3,-3
6250,2019-09-04,8,5,-3
6251,2019-09-04,10,1,-9
6252,2019-09-04,10,5,-5
6253,2019-09-04,3,14,11
6254,2019-09-04,8,2,-6
6255,2019-09-04,14,6,-8
6257,2019-09-04,4,6,2
6258,2019-09-04,23,6,-17
6259,2019-09-04,16,7,-9
6260,2019-09-04,13,8,-5
6261,2019-09-04,15,2,-13
6262,2019-09-04,10,3,-7
6263,2019-09-04,6,2,-4
6264,2019-09-04,5,2,-3
6265,2019-09-04,15,11,-4
6266,2019-09-04,5,1,-4
6267,2019-09-04,13,4,-9
6268,2019-09-04,12,5,-7
6269,2019-09-04,1,3,2
6270,2019-09-04,12,0,-12
6272,2019-09-04,11,0,-11
6273,2019-09-04,3,2,-1
6274,2019-09-04,13,3,-10
6275,2019-09-04,5,5,0
6276,2019-09-04,7,0,-7
6277,2019-09-04,12,4,-8
6278,2019-09-04,6,4,-2
6279,2019-09-04,6,6,0
6280,2019-09-04,11,18,7
6281,2019-09-04,2,3,1
6301,2019-09-04,5,2,-3
6302,2019-09-04,6,1,-5
6303,2019-09-04,3,0,-3
6304,2019-09-04,1,1,0
6305,2019-09-04,4,2,-2
6306,2019-09-04,6,7,1
6307,2019-09-04,13,5,-8
6309,2019-09-04,1,1,0
6310,2019-09-04,7,6,-1
6311,2019-09-04,7,2,-5
6312,2019-09-04,4,4,0
6313,2019-09-04,4,3,-1
6314,2019-09-04,20,7,-13
6315,2019-09-04,15,9,-6
6316,2019-09-04,2,6,4
6321,2019-09-04,13,4,-9
6322,2019-09-04,5,3,-2
6323,2019-09-04,3,3,0
6324,2019-09-04,3,5,2
6327,2019-09-04,4,3,-1
6328,2019-09-04,7,0,-7
6329,2019-09-04,11,1,-10
6330,2019-09-04,4,2,-2
6331,2019-09-04,8,5,-3
6332,2019-09-04,6,2,-4
6333,2019-09-04,6,0,-6
6334,2019-09-04,8,16,8
6335,2019-09-04,12,3,-9
6336,2019-09-04,6,2,-4
6338,2019-09-04,5,5,0
6339,2019-09-04,3,2,-1
6340,2019-09-04,9,1,-8
6341,2019-09-04,10,0,-10
6343,2019-09-04,12,4,-8
6344,2019-09-04,5,7,2
6345,2019-09-04,4,2,-2
6346,2019-09-04,1,10,9
6347,2019-09-04,3,11,8
6349,2019-09-04,9,1,-8
6350,2019-09-04,6,3,-3
6354,2019-09-04,9,2,-7
6355,2019-09-04,3,1,-2
6356,2019-09-04,9,1,-8
6357,2019-09-04,7,2,-5
6358,2019-09-04,7,1,-6
6359,2019-09-04,2,34,32
6360,2019-09-04,4,3,-1
6361,2019-09-04,10,6,-4
6362,2019-09-04,5,5,0
6363,2019-09-04,13,1,-12
6364,2019-09-04,6,6,0
6366,2019-09-04,7,2,-5
6367,2019-09-04,4,4,0
6368,2019-09-04,11,5,-6
6369,2019-09-04,2,13,11
6370,2019-09-04,9,2,-7
6371,2019-09-04,15,9,-6
6372,2019-09-04,15,6,-9
6373,2019-09-04,18,0,-18
6374,2019-09-04,8,1,-7
6375,2019-09-04,16,14,-2
6376,2019-09-04,10,4,-6
6377,2019-09-04,11,0,-11
6379,2019-09-04,9,5,-4
6380,2019-09-04,8,0,-8
6381,2019-09-04,6,4,-2
6383,2019-09-04,7,4,-3
6384,2019-09-04,2,2,0
6385,2019-09-04,15,6,-9
6386,2019-09-04,3,16,13
6387,2019-09-04,6,16,10
6388,2019-09-04,2,5,3
6389,2019-09-04,5,3,-2
6391,2019-09-04,6,3,-3
6393,2019-09-04,15,11,-4
6394,2019-09-04,12,4,-8
6395,2019-09-04,6,24,18
6396,2019-09-04,8,23,15
6397,2019-09-04,7,1,-6
6398,2019-09-04,9,6,-3
6401,2019-09-04,14,7,-7
6402,2019-09-04,7,7,0
6403,2019-09-04,7,3,-4
6405,2019-09-04,5,3,-2
6406,2019-09-04,3,7,4
6407,2019-09-04,3,3,0
6408,2019-09-04,14,14,0
6409,2019-09-04,8,2,-6
6410,2019-09-04,7,15,8
6411,2019-09-04,42,32,-10
6412,2019-09-04,2,2,0
6413,2019-09-04,3,9,6
6414,2019-09-04,4,1,-3
6415,2019-09-04,5,0,-5
6416,2019-09-04,1,1,0
6417,2019-09-04,5,8,3
6418,2019-09-04,1,0,-1
6419,2019-09-04,3,1,-2
6420,2019-09-04,4,2,-2
6421,2019-09-04,14,2,-12
6422,2019-09-04,1,2,1
6423,2019-09-04,6,2,-4
6424,2019-09-04,9,22,13
6425,2019-09-04,3,6,3
6426,2019-09-04,7,16,9
6427,2019-09-04,12,16,4
6428,2019-09-04,5,2,-3
6429,2019-09-04,6,8,2
6432,2019-09-04,17,19,2
6433,2019-09-04,10,3,-7
6434,2019-09-04,11,5,-6
6435,2019-09-04,7,3,-4
6436,2019-09-04,7,1,-6
6501,2019-09-04,7,6,-1
6502,2019-09-04,1,0,-1
6503,2019-09-04,8,11,3
6700,2019-09-04,5,3,-2
6701,2019-09-04,6,22,16
6702,2019-09-04,3,4,1
6703,2019-09-04,3,3,0
6704,2019-09-04,6,1,-5
6705,2019-09-04,2,1,-1
6706,2019-09-04,11,3,-8
6707,2019-09-04,3,4,1
6709,2019-09-04,8,1,-7
6710,2019-09-04,4,0,-4
6711,2019-09-04,1,3,2
6712,2019-09-04,1,3,2
6713,2019-09-04,2,2,0
6716,2019-09-04,2,0,-2
6717,2019-09-04,2,3,1
6718,2019-09-04,15,1,-14
6719,2019-09-04,5,3,-2
6720,2019-09-04,10,2,-8
6721,2019-09-04,2,3,1
6722,2019-09-04,2,0,-2
6723,2019-09-04,4,1,-3
6724,2019-09-04,1,15,14
6725,2019-09-04,4,7,3
6726,2019-09-04,4,0,-4
6727,2019-09-04,11,27,16
6728,2019-09-04,7,3,-4
6729,2019-09-04,12,27,15
6730,2019-09-04,6,2,-4
6731,2019-09-04,4,3,-1
6732,2019-09-04,5,5,0
6733,2019-09-04,9,1,-8
6734,2019-09-04,13,5,-8
6735,2019-09-04,2,3,1
6737,2019-09-04,6,2,-4
6738,2019-09-04,7,31,24
6739,2019-09-04,1,1,0
6741,2019-09-04,5,3,-2
6742,2019-09-04,10,13,3
6743,2019-09-04,4,2,-2
6744,2019-09-04,4,1,-3
6745,2019-09-04,5,10,5
6746,2019-09-04,4,5,1
6748,2019-09-04,14,17,3
6749,2019-09-04,4,15,11
6750,2019-09-04,16,5,-11
6752,2019-09-04,1,15,14
6753,2019-09-04,1,4,3
6754,2019-09-04,4,1,-3
6901,2019-09-04,9,12,3
6902,2019-09-04,18,10,-8
6903,2019-09-04,18,19,1
6904,2019-09-04,10,3,-7
6905,2019-09-04,6,11,5
6906,2019-09-04,7,13,6
6907,2019-09-04,21,6,-15
6908,2019-09-04,10,2,-8
6910,2019-09-04,12,16,4
6912,2019-09-04,15,15,0
6913,2019-09-04,12,5,-7
6915,2019-09-04,24,2,-22
6916,2019-09-04,11,2,-9
6917,2019-09-04,5,2,-3
6918,2019-09-04,5,0,-5
6919,2019-09-04,1,2,1
6921,2019-09-04,11,29,18
6923,2019-09-04,7,12,5
6924,2019-09-04,6,2,-4
6925,2019-09-04,5,11,6
6926,2019-09-04,12,9,-3
6927,2019-09-04,4,11,7
6928,2019-09-04,3,7,4
6929,2019-09-04,11,4,-7
7001,2019-09-04,6,4,-2
7002,2019-09-04,3,1,-2
7003,2019-09-04,16,26,10
7004,2019-09-04,4,6,2
7006,2019-09-04,7,1,-6
7007,2019-09-04,1,1,0
7008,2019-09-04,5,1,-4
7009,2019-09-04,10,10,0
7010,2019-09-04,2,2,0
7011,2019-09-04,11,7,-4
7012,2019-09-04,6,10,4
7013,2019-09-04,8,4,-4
7014,2019-09-04,6,14,8
7016,2019-09-04,1,2,1
7017,2019-09-04,6,2,-4
7018,2019-09-04,8,3,-5
7020,2019-09-04,3,9,6
7021,2019-09-04,15,6,-9
7022,2019-09-04,13,7,-6
7024,2019-09-04,13,10,-3
7025,2019-09-04,2,20,18
7026,2019-09-04,11,25,14
7027,2019-09-04,13,3,-10
7028,2019-09-04,4,27,23
7029,2019-09-04,14,5,-9
7030,2019-09-04,15,10,-5
7031,2019-09-04,15,6,-9
7032,2019-09-04,17,18,1
7033,2019-09-04,19,15,-4
7035,2019-09-04,7,2,-5
7036,2019-09-04,8,6,-2
7037,2019-09-04,16,8,-8
7038,2019-09-04,18,11,-7
7039,2019-09-04,4,0,-4
7040,2019-09-04,8,25,17
7041,2019-09-04,11,31,20
7042,2019-09-04,2,13,11
7043,2019-09-04,4,2,-2
7045,2019-09-04,4,5,1
7046,2019-09-04,8,42,34
7047,2019-09-04,19,10,-9
7048,2019-09-04,5,0,-5
7049,2019-09-04,1,2,1
7050,2019-09-04,12,3,-9
7051,2019-09-04,3,0,-3
7052,2019-09-04,6,17,11
7053,2019-09-04,10,0,-10
7054,2019-09-04,12,10,-2
7056,2019-09-04,5,1,-4
7057,2019-09-04,6,2,-4
7058,2019-09-04,2,5,3
7059,2019-09-04,7,1,-6
7060,2019-09-04,6,2,-4
7061,2019-09-04,4,3,-1
7062,2019-09-04,13,5,-8
7063,2019-09-04,4,1,-3
7064,2019-09-04,2,10,8
7065,2019-09-04,10,2,-8
7066,2019-09-04,4,26,22
7067,2019-09-04,6,30,24
7068,2019-09-04,15,7,-8
7069,2019-09-04,7,27,20
7070,2019-09-04,13,2,-11
7071,2019-09-04,15,6,-9
7072,2019-09-04,8,1,-7
7073,2019-09-04,19,13,-6
7074,2019-09-04,10,5,-5
7075,2019-09-04,2,0,-2
7076,2019-09-04,23,9,-14
7078,2019-09-04,2,0,-2
7079,2019-09-04,5,20,15
7080,2019-09-04,5,28,23
7082,2019-09-04,14,20,6
7083,2019-09-04,15,10,-5
7084,2019-09-04,2,17,15
7087,2019-09-04,1,0,-1
7090,2019-09-04,5,2,-3
7091,2019-09-04,1,0,-1
7093,2019-09-04,1,1,0
7095,2019-09-04,1,9,8
7098,2019-09-04,1,0,-1
7099,2019-09-04,2,1,-1
7102,2019-09-04,5,2,-3
7108,2019-09-04,2,0,-2
7111,2019-09-04,1,0,-1
7113,2019-09-04,4,19,15
7114,2019-09-04,22,12,-10
7115,2019-09-04,1,2,1
7116,2019-09-04,1,0,-1
7117,2019-09-04,1,0,-1
7124,2019-09-04,6,2,-4
7125,2019-09-04,2,0,-2
7126,2019-09-04,1,1,0
7127,2019-09-04,2,16,14
7128,2019-09-04,6,4,-2
7130,2019-09-04,2,1,-1
7133,2019-09-04,1,0,-1
7134,2019-09-04,1,1,0
7136,2019-09-04,3,2,-1
7138,2019-09-04,1,0,-1
7140,2019-09-04,8,3,-5
7141,2019-09-04,3,3,0
7143,2019-09-04,2,1,-1
7144,2019-09-04,7,5,-2
7145,2019-09-04,5,0,-5
7146,2019-09-04,9,0,-9
7147,2019-09-04,3,12,9
7148,2019-09-04,1,0,-1
7149,2019-09-04,2,2,0
4000,2019-09-05,64,67,3
4001,2019-09-05,14,18,4
4002,2019-09-05,24,36,12
5002,2019-09-05,4,6,2
5003,2019-09-05,2,2,0
5004,2019-09-05,8,4,-4
5005,2019-09-05,8,8,0
5006,2019-09-05,7,12,5
5007,2019-09-05,17,30,13
6001,2019-09-05,74,108,34
6002,2019-09-05,59,75,16
6003,2019-09-05,91,102,11
6004,2019-09-05,44,43,-1
6005,2019-09-05,78,77,-1
6006,2019-09-05,45,35,-10
6007,2019-09-05,45,46,1
6008,2019-09-05,59,84,25
6009,2019-09-05,70,73,3
6011,2019-09-05,88,99,11
6012,2019-09-05,158,254,96
6013,2019-09-05,108,160,52
6014,2019-09-05,60,81,21
6015,2019-09-05,259,369,110
6016,2019-09-05,17,23,6
6017,2019-09-05,42,65,23
6018,2019-09-05,72,89,17
6019,2019-09-05,202,123,-79
6020,2019-09-05,99,122,23
6021,2019-09-05,134,108,-26
6022,2019-09-05,65,64,-1
6023,2019-09-05,153,189,36
6024,2019-09-05,2,3,1
6025,2019-09-05,38,41,3
6026,2019-09-05,142,190,48
6027,2019-09-05,153,149,-4
6029,2019-09-05,29,36,7
6031,2019-09-05,36,56,20
6032,2019-09-05,61,127,66
6033,2019-09-05,28,26,-2
6035,2019-09-05,31,84,53
6036,2019-09-05,136,225,89
6037,2019-09-05,59,58,-1
6038,2019-09-05,97,99,2
6039,2019-09-05,79,96,17
6040,2019-09-05,60,94,34
6041,2019-09-05,66,67,1
6042,2019-09-05,101,91,-10
6043,2019-09-05,224,428,204
6044,2019-09-05,106,83,-23
6046,2019-09-05,140,144,4
6047,2019-09-05,108,82,-26
6048,2019-09-05,44,44,0
6049,2019-09-05,111,111,0
6050,2019-09-05,60,77,17
6051,2019-09-05,26,34,8
6052,2019-09-05,213,298,85
6053,2019-09-05,140,165,25
6057,2019-09-05,100,89,-11
6058,2019-09-05,74,73,-1
6059,2019-09-05,110,66,-44
6060,2019-09-05,37,37,0
6061,2019-09-05,80,82,2
6062,2019-09-05,92,57,-35
6063,2019-09-05,123,88,-35
6064,2019-09-05,214,171,-43
6065,2019-09-05,72,65,-7
6066,2019-09-05,47,26,-21
6067,2019-09-05,149,123,-26
6068,2019-09-05,9,9,0
6070,2019-09-05,287,270,-17
6072,2019-09-05,81,89,8
6073,2019-09-05,125,175,50
6075,2019-09-05,49,31,-18
6076,2019-09-05,26,32,6
6078,2019-09-05,88,88,0
6079,2019-09-05,97,82,-15
6080,2019-09-05,212,190,-22
6081,2019-09-05,47,46,-1
6082,2019-09-05,19,11,-8
6083,2019-09-05,136,151,15
6084,2019-09-05,65,84,19
6085,2019-09-05,85,161,76
6086,2019-09-05,78,100,22
6087,2019-09-05,109,154,45
6088,2019-09-05,61,76,15
6089,2019-09-05,72,70,-2
6090,2019-09-05,65,67,2
6091,2019-09-05,54,35,-19
6092,2019-09-05,73,81,8
6093,2019-09-05,73,63,-10
6094,2019-09-05,28,30,2
6095,2019-09-05,161,167,6
6096,2019-09-05,46,66,20
6097,2019-09-05,81,58,-23
6098,2019-09-05,58,48,-10
6099,2019-09-05,144,200,56
6100,2019-09-05,280,278,-2
6101,2019-09-05,69,22,-47
6102,2019-09-05,43,37,-6
6103,2019-09-05,26,35,9
6104,2019-09-05,73,105,32
6105,2019-09-05,54,77,23
6106,2019-09-05,31,43,12
6107,2019-09-05,117,108,-9
6108,2019-09-05,48,58,10
6109,2019-09-05,26,24,-2
6110,2019-09-05,35,44,9
6111,2019-09-05,45,60,15
6112,2019-09-05,84,89,5
6113,2019-09-05,32,53,21
6114,2019-09-05,130,180,50
6115,2019-09-05,31,36,5
6116,2019-09-05,58,71,13
6117,2019-09-05,96,87,-9
6118,2019-09-05,93,118,25
6119,2019-09-05,86,93,7
6120,2019-09-05,89,115,26
6121,2019-09-05,22,31,9
6122,2019-09-05,18,26,8
6123,2019-09-05,35,36,1
6124,2019-09-05,40,60,20
6125,2019-09-05,34,21,-13
6126,2019-09-05,48,44,-4
6127,2019-09-05,54,43,-11
6128,2019-09-05,23,25,2
6129,2019-09-05,97,89,-8
6130,2019-09-05,33,26,-7
6131,2019-09-05,92,56,-36
6132,2019-09-05,76,84,8
6133,2019-09-05,36,33,-3
6134,2019-09-05,47,54,7
6136,2019-09-05,333,233,-100
6137,2019-09-05,85,79,-6
6138,2019-09-05,96,90,-6
6139,2019-09-05,46,37,-9
6140,2019-09-05,98,102,4
6141,2019-09-05,58,59,1
6142,2019-09-05,115,77,-38
6143,2019-09-05,85,69,-16
6145,2019-09-05,59,57,-2
6146,2019-09-05,74,62,-12
6147,2019-09-05,128,79,-49
6148,2019-09-05,190,117,-73
6149,2019-09-05,51,46,-5
6150,2019-09-05,68,70,2
6151,2019-09-05,99,101,2
6152,2019-09-05,132,142,10
6153,2019-09-05,63,71,8
6154,2019-09-05,180,177,-3
6155,2019-09-05,142,139,-3
6156,2019-09-05,78,82,4
6157,2019-09-05,116,110,-6
6158,2019-09-05,68,70,2
6159,2019-09-05,43,41,-2
6160,2019-09-05,72,62,-10
6161,2019-09-05,53,54,1
6162,2019-09-05,17,15,-2
6163,2019-09-05,110,113,3
6164,2019-09-05,78,72,-6
6165,2019-09-05,152,206,54
6166,2019-09-05,66,60,-6
6167,2019-09-05,46,51,5
6168,2019-09-05,141,92,-49
6169,2019-09-05,159,153,-6
6170,2019-09-05,80,68,-12
6171,2019-09-05,48,56,8
6173,2019-09-05,120,78,-42
6174,2019-09-05,116,96,-20
6175,2019-09-05,102,55,-47
6176,2019-09-05,111,117,6
6177,2019-09-05,71,72,1
6178,2019-09-05,130,136,6
6179,2019-09-05,89,89,0
6180,2019-09-05,53,63,10
6181,2019-09-05,156,103,-53
6182,2019-09-05,34,32,-2
6183,2019-09-05,114,79,-35
6184,2019-09-05,281,257,-24
6185,2019-09-05,37,33,-4
6186,2019-09-05,69,58,-11
6187,2019-09-05,150,128,-22
6188,2019-09-05,53,64,11
6189,2019-09-05,28,28,0
6190,2019-09-05,130,82,-48
6191,2019-09-05,79,72,-7
6192,2019-09-05,48,37,-11
6193,2019-09-05,111,99,-12
6195,2019-09-05,88,57,-31
6196,2019-09-05,145,115,-30
6197,2019-09-05,71,79,8
6198,2019-09-05,36,28,-8
6199,2019-09-05,122,86,-36
6200,2019-09-05,115,112,-3
6201,2019-09-05,110,78,-32
6202,2019-09-05,139,128,-11
6203,2019-09-05,51,57,6
6204,2019-09-05,124,115,-9
6205,2019-09-05,139,114,-25
6206,2019-09-05,103,115,12
6207,2019-09-05,65,63,-2
6208,2019-09-05,90,100,10
6209,2019-09-05,131,89,-42
6210,2019-09-05,52,52,0
6211,2019-09-05,195,171,-24
6212,2019-09-05,116,84,-32
6213,2019-09-05,129,131,2
6214,2019-09-05,104,83,-21
6215,2019-09-05,88,76,-12
6216,2019-09-05,142,72,-70
6217,2019-09-05,125,71,-54
6218,2019-09-05,71,52,-19
6219,2019-09-05,82,74,-8
6220,2019-09-05,100,95,-5
6221,2019-09-05,208,175,-33
6222,2019-09-05,101,79,-22
6223,2019-09-05,143,75,-68
6224,2019-09-05,83,76,-7
6225,2019-09-05,67,52,-15
6226,2019-09-05,38,34,-4
6227,2019-09-05,132,130,-2
6228,2019-09-05,35,24,-11
6229,2019-09-05,85,76,-9
6230,2019-09-05,97,87,-10
6231,2019-09-05,116,100,-16
6232,2019-09-05,47,35,-12
6233,2019-09-05,161,127,-34
6234,2019-09-05,48,47,-1
6235,2019-09-05,94,72,-22
6236,2019-09-05,96,80,-16
6237,2019-09-05,53,61,8
6240,2019-09-05,30,23,-7
6241,2019-09-05,66,66,0
6243,2019-09-05,87,76,-11
6245,2019-09-05,48,52,4
6246,2019-09-05,85,72,-13
6247,2019-09-05,132,116,-16
6248,2019-09-05,187,148,-39
6249,2019-09-05,73,62,-11
6250,2019-09-05,101,87,-14
6251,2019-09-05,25,23,-2
6252,2019-09-05,79,70,-9
6253,2019-09-05,78,60,-18
6254,2019-09-05,93,69,-24
6255,2019-09-05,90,86,-4
6257,2019-09-05,48,45,-3
6258,2019-09-05,91,64,-27
6259,2019-09-05,45,45,0
6260,2019-09-05,69,63,-6
6261,2019-09-05,57,63,6
6262,2019-09-05,56,58,2
6263,2019-09-05,34,34,0
6264,2019-09-05,30,38,8
6265,2019-09-05,52,51,-1
6266,2019-09-05,39,34,-5
6267,2019-09-05,43,44,1
6268,2019-09-05,72,68,-4
6269,2019-09-05,29,37,8
6270,2019-09-05,41,40,-1
6271,2019-09-05,1,2,1
6272,2019-09-05,41,38,-3
6273,2019-09-05,46,42,-4
6274,2019-09-05,54,56,2
6275,2019-09-05,38,35,-3
6276,2019-09-05,42,34,-8
6277,2019-09-05,59,66,7
6278,2019-09-05,26,29,3
6279,2019-09-05,21,23,2
6280,2019-09-05,110,103,-7
6281,2019-09-05,28,15,-13
6301,2019-09-05,45,38,-7
6302,2019-09-05,28,25,-3
6303,2019-09-05,21,20,-1
6304,2019-09-05,18,22,4
6305,2019-09-05,37,20,-17
6306,2019-09-05,110,39,-71
6307,2019-09-05,72,80,8
6309,2019-09-05,39,27,-12
6310,2019-09-05,107,52,-55
6311,2019-09-05,46,46,0
6312,2019-09-05,26,44,18
6313,2019-09-05,57,66,9
6314,2019-09-05,65,73,8
6315,2019-09-05,109,65,-44
6316,2019-09-05,90,25,-65
6321,2019-09-05,78,76,-2
6322,2019-09-05,38,27,-11
6323,2019-09-05,20,21,1
6324,2019-09-05,24,32,8
6327,2019-09-05,50,31,-19
6328,2019-09-05,43,30,-13
6329,2019-09-05,38,26,-12
6330,2019-09-05,38,30,-8
6331,2019-09-05,23,12,-11
6332,2019-09-05,43,48,5
6333,2019-09-05,27,26,-1
6334,2019-09-05,65,71,6
6335,2019-09-05,47,48,1
6336,2019-09-05,37,38,1
6338,2019-09-05,23,26,3
6339,2019-09-05,36,31,-5
6340,2019-09-05,32,27,-5
6341,2019-09-05,32,40,8
6343,2019-09-05,38,40,2
6344,2019-09-05,53,46,-7
6345,2019-09-05,16,7,-9
6346,2019-09-05,26,23,-3
6347,2019-09-05,31,23,-8
6349,2019-09-05,39,43,4
6350,2019-09-05,45,57,12
6354,2019-09-05,46,51,5
6355,2019-09-05,23,47,24
6356,2019-09-05,30,22,-8
6357,2019-09-05,29,24,-5
6358,2019-09-05,25,21,-4
6359,2019-09-05,97,129,32
6360,2019-09-05,38,39,1
6361,2019-09-05,47,52,5
6362,2019-09-05,43,36,-7
6363,2019-09-05,27,30,3
6364,2019-09-05,58,39,-19
6366,2019-09-05,45,27,-18
6367,2019-09-05,25,23,-2
6368,2019-09-05,50,62,12
6369,2019-09-05,57,64,7
6370,2019-09-05,40,40,0
6371,2019-09-05,62,67,5
6372,2019-09-05,99,123,24
6373,2019-09-05,46,47,1
6374,2019-09-05,50,44,-6
6375,2019-09-05,76,80,4
6376,2019-09-05,36,35,-1
6377,2019-09-05,42,46,4
6379,2019-09-05,32,35,3
6380,2019-09-05,36,26,-10
6381,2019-09-05,51,44,-7
6383,2019-09-05,38,30,-8
6384,2019-09-05,22,21,-1
6385,2019-09-05,80,74,-6
6386,2019-09-05,47,64,17
6387,2019-09-05,74,100,26
6388,2019-09-05,31,35,4
6389,2019-09-05,51,33,-18
6391,2019-09-05,65,90,25
6393,2019-09-05,78,102,24
6394,2019-09-05,71,103,32
6395,2019-09-05,74,72,-2
6396,2019-09-05,111,90,-21
6397,2019-09-05,32,56,24
6398,2019-09-05,47,59,12
6401,2019-09-05,47,62,15
6402,2019-09-05,47,46,-1
6403,2019-09-05,38,40,2
6404,2019-09-05,15,28,13
6405,2019-09-05,31,37,6
6406,2019-09-05,105,141,36
6407,2019-09-05,15,33,18
6408,2019-09-05,44,66,22
6409,2019-09-05,19,31,12
6410,2019-09-05,64,62,-2
6411,2019-09-05,168,125,-43
6412,2019-09-05,29,31,2
6413,2019-09-05,27,55,28
6414,2019-09-05,18,26,8
6415,2019-09-05,30,30,0
6416,2019-09-05,26,14,-12
6417,2019-09-05,33,41,8
6418,2019-09-05,11,11,0
6419,2019-09-05,8,12,4
6420,2019-09-05,28,30,2
6421,2019-09-05,51,45,-6
6422,2019-09-05,14,20,6
6423,2019-09-05,11,14,3
6424,2019-09-05,52,90,38
6425,2019-09-05,46,48,2
6426,2019-09-05,90,91,1
6427,2019-09-05,70,79,9
6428,2019-09-05,21,21,0
6429,2019-09-05,42,44,2
6432,2019-09-05,107,116,9
6433,2019-09-05,34,36,2
6434,2019-09-05,72,70,-2
6435,2019-09-05,39,36,-3
6436,2019-09-05,20,17,-3
6501,2019-09-05,100,117,17
6502,2019-09-05,26,31,5
6503,2019-09-05,81,57,-24
6504,2019-09-05,24,23,-1
6700,2019-09-05,47,55,8
6701,2019-09-05,65,73,8
6702,2019-09-05,24,28,4
6703,2019-09-05,41,41,0
6704,2019-09-05,33,24,-9
6705,2019-09-05,21,19,-2
6706,2019-09-05,20,36,16
6707,2019-09-05,29,34,5
6709,2019-09-05,26,29,3
6710,2019-09-05,19,18,-1
6711,2019-09-05,24,24,0
6712,2019-09-05,25,27,2
6713,2019-09-05,20,21,1
6714,2019-09-05,10,10,0
6715,2019-09-05,29,26,-3
6716,2019-09-05,12,14,2
6717,2019-09-05,15,24,9
6718,2019-09-05,38,46,8
6719,2019-09-05,50,44,-6
6720,2019-09-05,34,45,11
6721,2019-09-05,20,17,-3
6722,2019-09-05,11,20,9
6723,2019-09-05,16,17,1
6724,2019-09-05,63,81,18
6725,2019-09-05,25,29,4
6726,2019-09-05,5,11,6
6727,2019-09-05,87,101,14
6728,2019-09-05,17,21,4
6729,2019-09-05,143,164,21
6730,2019-09-05,17,13,-4
6731,2019-09-05,19,14,-5
6732,2019-09-05,40,44,4
6733,2019-09-05,38,45,7
6734,2019-09-05,53,52,-1
6735,2019-09-05,13,26,13
6736,2019-09-05,25,30,5
6737,2019-09-05,23,23,0
6738,2019-09-05,67,89,22
6739,2019-09-05,8,14,6
6741,2019-09-05,18,15,-3
6742,2019-09-05,71,71,0
6743,2019-09-05,35,17,-18
6744,2019-09-05,23,24,1
6745,2019-09-05,26,30,4
6746,2019-09-05,28,23,-5
6747,2019-09-05,48,57,9
6748,2019-09-05,76,89,13
6749,2019-09-05,50,50,0
6750,2019-09-05,55,40,-15
6752,2019-09-05,41,41,0
6753,2019-09-05,18,16,-2
6754,2019-09-05,24,30,6
6901,2019-09-05,59,69,10
6902,2019-09-05,82,108,26
6903,2019-09-05,115,110,-5
6904,2019-09-05,41,29,-12
6905,2019-09-05,45,42,-3
6906,2019-09-05,107,78,-29
6907,2019-09-05,96,76,-20
6908,2019-09-05,65,60,-5
6910,2019-09-05,132,115,-17
6912,2019-09-05,169,122,-47
6913,2019-09-05,65,54,-11
6915,2019-09-05,90,87,-3
6916,2019-09-05,40,35,-5
6917,2019-09-05,20,27,7
6918,2019-09-05,33,21,-12
6919,2019-09-05,33,30,-3
6921,2019-09-05,83,80,-3
6923,2019-09-05,47,50,3
6924,2019-09-05,27,21,-6
6925,2019-09-05,49,49,0
6926,2019-09-05,62,56,-6
6927,2019-09-05,103,69,-34
6928,2019-09-05,101,60,-41
6929,2019-09-05,38,21,-17
6930,2019-09-05,24,26,2
7001,2019-09-05,36,35,-1
7002,2019-09-05,18,20,2
7003,2019-09-05,129,118,-11
7004,2019-09-05,27,21,-6
7005,2019-09-05,8,13,5
7006,2019-09-05,17,21,4
7007,2019-09-05,11,16,5
7008,2019-09-05,22,26,4
7009,2019-09-05,58,85,27
7010,2019-09-05,20,24,4
7011,2019-09-05,83,102,19
7012,2019-09-05,37,41,4
7013,2019-09-05,30,29,-1
7014,2019-09-05,100,78,-22
7015,2019-09-05,29,34,5
7016,2019-09-05,16,10,-6
7017,2019-09-05,23,32,9
7018,2019-09-05,21,39,18
7019,2019-09-05,142,133,-9
7020,2019-09-05,30,42,12
7021,2019-09-05,66,57,-9
7022,2019-09-05,34,38,4
7023,2019-09-05,5,6,1
7024,2019-09-05,73,34,-39
7025,2019-09-05,69,69,0
7026,2019-09-05,77,77,0
7027,2019-09-05,50,58,8
7028,2019-09-05,129,118,-11
7029,2019-09-05,59,59,0
7030,2019-09-05,50,56,6
7031,2019-09-05,73,76,3
7032,2019-09-05,152,103,-49
7033,2019-09-05,83,82,-1
7034,2019-09-05,27,36,9
7035,2019-09-05,43,49,6
7036,2019-09-05,61,61,0
7037,2019-09-05,71,58,-13
7038,2019-09-05,53,65,12
7039,2019-09-05,30,26,-4
7040,2019-09-05,77,80,3
7041,2019-09-05,124,109,-15
7042,2019-09-05,44,49,5
7043,2019-09-05,25,24,-1
7044,2019-09-05,19,15,-4
7045,2019-09-05,63,72,9
7046,2019-09-05,104,143,39
7047,2019-09-05,145,196,51
7048,2019-09-05,26,31,5
7049,2019-09-05,21,17,-4
7050,2019-09-05,36,31,-5
7051,2019-09-05,12,12,0
7052,2019-09-05,50,64,14
7053,2019-09-05,42,47,5
7054,2019-09-05,48,63,15
7055,2019-09-05,23,30,7
7056,2019-09-05,17,22,5
7057,2019-09-05,31,45,14
7058,2019-09-05,36,42,6
7059,2019-09-05,32,30,-2
7060,2019-09-05,37,45,8
7061,2019-09-05,31,21,-10
7062,2019-09-05,62,62,0
7063,2019-09-05,22,26,4
7064,2019-09-05,27,28,1
7065,2019-09-05,51,50,-1
7066,2019-09-05,63,103,40
7067,2019-09-05,69,86,17
7068,2019-09-05,74,85,11
7069,2019-09-05,100,127,27
7070,2019-09-05,35,38,3
7071,2019-09-05,58,37,-21
7072,2019-09-05,31,27,-4
7073,2019-09-05,65,75,10
7074,2019-09-05,34,47,13
7075,2019-09-05,12,12,0
7076,2019-09-05,88,74,-14
7077,2019-09-05,30,38,8
7078,2019-09-05,27,34,7
7079,2019-09-05,46,53,7
7080,2019-09-05,112,111,-1
7082,2019-09-05,97,133,36
7083,2019-09-05,82,76,-6
7084,2019-09-05,119,116,-3
7085,2019-09-05,2,1,-1
7087,2019-09-05,1,1,0
7090,2019-09-05,16,15,-1
7091,2019-09-05,5,10,5
7092,2019-09-05,11,13,2
7093,2019-09-05,4,8,4
7094,2019-09-05,1,4,3
7095,2019-09-05,17,17,0
7096,2019-09-05,38,52,14
7097,2019-09-05,11,9,-2
7098,2019-09-05,10,9,-1
7099,2019-09-05,8,11,3
7100,2019-09-05,4,4,0
7101,2019-09-05,6,6,0
7102,2019-09-05,20,24,4
7103,2019-09-05,13,13,0
7105,2019-09-05,4,7,3
7106,2019-09-05,1,1,0
7107,2019-09-05,2,2,0
7108,2019-09-05,13,21,8
7109,2019-09-05,21,22,1
7110,2019-09-05,5,5,0
7111,2019-09-05,6,4,-2
7112,2019-09-05,9,12,3
7113,2019-09-05,96,82,-14
7114,2019-09-05,106,129,23
7115,2019-09-05,16,13,-3
7116,2019-09-05,11,9,-2
7117,2019-09-05,10,9,-1
7118,2019-09-05,1,4,3
7119,2019-09-05,5,9,4
7120,2019-09-05,3,2,-1
7121,2019-09-05,3,8,5
7122,2019-09-05,5,5,0
7123,2019-09-05,4,5,1
7124,2019-09-05,26,22,-4
7125,2019-09-05,31,24,-7
7126,2019-09-05,10,5,-5
7127,2019-09-05,48,47,-1
7128,2019-09-05,17,17,0
7129,2019-09-05,10,16,6
7130,2019-09-05,18,14,-4
7131,2019-09-05,15,12,-3
7132,2019-09-05,6,7,1
7133,2019-09-05,6,11,5
7134,2019-09-05,7,4,-3
7135,2019-09-05,4,3,-1
7136,2019-09-05,6,9,3
7137,2019-09-05,8,9,1
7138,2019-09-05,3,9,6
7139,2019-09-05,25,22,-3
7140,2019-09-05,22,26,4
7141,2019-09-05,34,32,-2
7142,2019-09-05,11,18,7
7143,2019-09-05,27,28,1
7144,2019-09-05,42,44,2
7145,2019-09-05,17,20,3
7146,2019-09-05,17,28,11
7147,2019-09-05,33,35,2
7148,2019-09-05,8,12,4
7149,2019-09-05,15,19,4
10002,2019-09-05,131,132,1
4000,2019-09-06,60,78,18
4001,2019-09-06,12,8,-4
4002,2019-09-06,17,22,5
5003,2019-09-06,4,5,1
5004,2019-09-06,5,5,0
5005,2019-09-06,4,4,0
5006,2019-09-06,5,5,0
5007,2019-09-06,26,25,-1
6001,2019-09-06,57,89,32
6002,2019-09-06,37,54,17
6003,2019-09-06,74,80,6
6004,2019-09-06,47,57,10
6005,2019-09-06,90,79,-11
6006,2019-09-06,34,25,-9
6007,2019-09-06,39,36,-3
6008,2019-09-06,43,71,28
6009,2019-09-06,101,100,-1
6011,2019-09-06,80,96,16
6012,2019-09-06,132,256,124
6013,2019-09-06,107,136,29
6014,2019-09-06,68,68,0
6015,2019-09-06,200,312,112
6016,2019-09-06,16,18,2
6017,2019-09-06,62,69,7
6018,2019-09-06,69,88,19
6019,2019-09-06,118,108,-10
6020,2019-09-06,118,154,36
6021,2019-09-06,114,88,-26
6022,2019-09-06,75,76,1
6023,2019-09-06,112,159,47
6024,2019-09-06,1,2,1
6025,2019-09-06,39,39,0
6026,2019-09-06,112,156,44
6027,2019-09-06,136,142,6
6029,2019-09-06,24,29,5
6031,2019-09-06,31,53,22
6032,2019-09-06,58,158,100
6033,2019-09-06,26,25,-1
6035,2019-09-06,35,85,50
6036,2019-09-06,142,213,71
6037,2019-09-06,63,69,6
6038,2019-09-06,93,115,22
6039,2019-09-06,84,108,24
6040,2019-09-06,64,82,18
6041,2019-09-06,69,82,13
6042,2019-09-06,99,92,-7
6043,2019-09-06,204,368,164
6044,2019-09-06,122,103,-19
6046,2019-09-06,137,104,-33
6047,2019-09-06,93,90,-3
6048,2019-09-06,36,40,4
6049,2019-09-06,112,118,6
6050,2019-09-06,50,67,17
6051,2019-09-06,31,35,4
6052,2019-09-06,190,233,43
6053,2019-09-06,146,150,4
6057,2019-09-06,89,83,-6
6058,2019-09-06,65,68,3
6059,2019-09-06,69,57,-12
6060,2019-09-06,42,21,-21
6061,2019-09-06,81,72,-9
6062,2019-09-06,61,57,-4
6063,2019-09-06,70,71,1
6064,2019-09-06,234,176,-58
6065,2019-09-06,76,47,-29
6066,2019-09-06,46,27,-19
6067,2019-09-06,101,118,17
6068,2019-09-06,13,12,-1
6070,2019-09-06,253,281,28
6072,2019-09-06,69,80,11
6073,2019-09-06,141,150,9
6075,2019-09-06,53,33,-20
6076,2019-09-06,21,36,15
6078,2019-09-06,69,69,0
6079,2019-09-06,82,79,-3
6080,2019-09-06,183,164,-19
6081,2019-09-06,33,34,1
6082,2019-09-06,27,20,-7
6083,2019-09-06,105,126,21
6084,2019-09-06,72,95,23
6085,2019-09-06,104,172,68
6086,2019-09-06,65,97,32
6087,2019-09-06,115,142,27
6088,2019-09-06,76,85,9
6089,2019-09-06,51,60,9
6090,2019-09-06,53,63,10
6091,2019-09-06,64,45,-19
6092,2019-09-06,74,69,-5
6093,2019-09-06,67,64,-3
6094,2019-09-06,25,27,2
6095,2019-09-06,181,153,-28
6096,2019-09-06,45,63,18
6097,2019-09-06,96,64,-32
6098,2019-09-06,56,35,-21
6099,2019-09-06,128,190,62
6100,2019-09-06,253,249,-4
6101,2019-09-06,62,23,-39
6102,2019-09-06,46,36,-10
6103,2019-09-06,22,18,-4
6104,2019-09-06,66,111,45
6105,2019-09-06,40,57,17
6106,2019-09-06,37,52,15
6107,2019-09-06,116,75,-41
6108,2019-09-06,40,61,21
6109,2019-09-06,14,13,-1
6110,2019-09-06,34,41,7
6111,2019-09-06,43,56,13
6112,2019-09-06,126,129,3
6113,2019-09-06,25,42,17
6114,2019-09-06,134,180,46
6115,2019-09-06,30,30,0
6116,2019-09-06,64,80,16
6117,2019-09-06,81,106,25
6118,2019-09-06,89,110,21
6119,2019-09-06,86,104,18
6120,2019-09-06,65,113,48
6121,2019-09-06,31,42,11
6122,2019-09-06,24,26,2
6123,2019-09-06,33,39,6
6124,2019-09-06,39,66,27
6125,2019-09-06,28,20,-8
6126,2019-09-06,46,44,-2
6127,2019-09-06,49,42,-7
6128,2019-09-06,24,19,-5
6129,2019-09-06,80,75,-5
6130,2019-09-06,39,25,-14
6131,2019-09-06,83,54,-29
6132,2019-09-06,62,61,-1
6133,2019-09-06,37,32,-5
6134,2019-09-06,50,42,-8
6136,2019-09-06,330,254,-76
6137,2019-09-06,127,99,-28
6138,2019-09-06,89,74,-15
6139,2019-09-06,53,43,-10
6140,2019-09-06,92,90,-2
6141,2019-09-06,80,65,-15
6142,2019-09-06,82,53,-29
6143,2019-09-06,99,87,-12
6145,2019-09-06,54,51,-3
6146,2019-09-06,66,47,-19
6147,2019-09-06,112,66,-46
6148,2019-09-06,159,90,-69
6149,2019-09-06,61,55,-6
6150,2019-09-06,60,62,2
6151,2019-09-06,107,116,9
6152,2019-09-06,126,137,11
6153,2019-09-06,64,71,7
6154,2019-09-06,179,171,-8
6155,2019-09-06,141,122,-19
6156,2019-09-06,90,62,-28
6157,2019-09-06,133,127,-6
6158,2019-09-06,66,66,0
6159,2019-09-06,48,49,1
6160,2019-09-06,73,51,-22
6161,2019-09-06,48,43,-5
6162,2019-09-06,10,13,3
6163,2019-09-06,117,119,2
6164,2019-09-06,100,89,-11
6165,2019-09-06,156,154,-2
6166,2019-09-06,61,55,-6
6167,2019-09-06,69,53,-16
6168,2019-09-06,123,88,-35
6169,2019-09-06,204,177,-27
6170,2019-09-06,99,85,-14
6171,2019-09-06,30,45,15
6173,2019-09-06,129,74,-55
6174,2019-09-06,133,96,-37
6175,2019-09-06,100,70,-30
6176,2019-09-06,111,95,-16
6177,2019-09-06,72,67,-5
6178,2019-09-06,128,133,5
6179,2019-09-06,91,84,-7
6180,2019-09-06,64,61,-3
6181,2019-09-06,143,93,-50
6182,2019-09-06,74,63,-11
6183,2019-09-06,99,93,-6
6184,2019-09-06,280,247,-33
6185,2019-09-06,26,22,-4
6186,2019-09-06,18,15,-3
6187,2019-09-06,116,119,3
6188,2019-09-06,52,43,-9
6189,2019-09-06,26,26,0
6190,2019-09-06,136,91,-45
6191,2019-09-06,66,63,-3
6192,2019-09-06,47,42,-5
6193,2019-09-06,113,98,-15
6195,2019-09-06,89,64,-25
6196,2019-09-06,159,127,-32
6197,2019-09-06,55,56,1
6198,2019-09-06,29,25,-4
6199,2019-09-06,100,102,2
6200,2019-09-06,106,107,1
6201,2019-09-06,103,66,-37
6202,2019-09-06,148,127,-21
6203,2019-09-06,56,49,-7
6204,2019-09-06,147,146,-1
6205,2019-09-06,118,100,-18
6206,2019-09-06,172,171,-1
6207,2019-09-06,64,61,-3
6208,2019-09-06,76,85,9
6209,2019-09-06,152,95,-57
6210,2019-09-06,43,48,5
6211,2019-09-06,185,158,-27
6212,2019-09-06,124,94,-30
6213,2019-09-06,148,151,3
6214,2019-09-06,90,86,-4
6215,2019-09-06,102,66,-36
6216,2019-09-06,149,78,-71
6217,2019-09-06,149,102,-47
6218,2019-09-06,66,45,-21
6219,2019-09-06,76,79,3
6220,2019-09-06,95,94,-1
6221,2019-09-06,192,178,-14
6222,2019-09-06,94,70,-24
6223,2019-09-06,136,70,-66
6224,2019-09-06,88,59,-29
6225,2019-09-06,80,47,-33
6226,2019-09-06,28,32,4
6227,2019-09-06,165,163,-2
6228,2019-09-06,36,36,0
6229,2019-09-06,62,52,-10
6230,2019-09-06,92,89,-3
6231,2019-09-06,125,100,-25
6232,2019-09-06,45,27,-18
6233,2019-09-06,150,104,-46
6234,2019-09-06,49,52,3
6235,2019-09-06,55,56,1
6236,2019-09-06,77,71,-6
6237,2019-09-06,62,67,5
6240,2019-09-06,28,23,-5
6241,2019-09-06,51,46,-5
6243,2019-09-06,82,81,-1
6245,2019-09-06,66,51,-15
6246,2019-09-06,70,60,-10
6247,2019-09-06,138,105,-33
6248,2019-09-06,164,150,-14
6249,2019-09-06,70,65,-5
6250,2019-09-06,90,89,-1
6251,2019-09-06,31,23,-8
6252,2019-09-06,71,59,-12
6253,2019-09-06,70,51,-19
6254,2019-09-06,82,75,-7
6255,2019-09-06,75,72,-3
6257,2019-09-06,46,36,-10
6258,2019-09-06,88,57,-31
6259,2019-09-06,40,36,-4
6260,2019-09-06,61,57,-4
6261,2019-09-06,61,48,-13
6262,2019-09-06,66,57,-9
6263,2019-09-06,35,35,0
6264,2019-09-06,32,29,-3
6265,2019-09-06,56,59,3
6266,2019-09-06,24,25,1
6267,2019-09-06,60,57,-3
6268,2019-09-06,59,52,-7
6269,2019-09-06,37,43,6
6270,2019-09-06,42,36,-6
6271,2019-09-06,5,2,-3
6272,2019-09-06,25,19,-6
6273,2019-09-06,38,32,-6
6274,2019-09-06,51,34,-17
6275,2019-09-06,26,27,1
6276,2019-09-06,40,38,-2
6277,2019-09-06,68,52,-16
6278,2019-09-06,28,22,-6
6279,2019-09-06,19,17,-2
6280,2019-09-06,96,97,1
6281,2019-09-06,30,23,-7
6301,2019-09-06,24,29,5
6302,2019-09-06,14,13,-1
6303,2019-09-06,17,16,-1
6304,2019-09-06,22,19,-3
6305,2019-09-06,29,18,-11
6306,2019-09-06,87,41,-46
6307,2019-09-06,85,84,-1
6309,2019-09-06,26,25,-1
6310,2019-09-06,83,41,-42
6311,2019-09-06,56,39,-17
6312,2019-09-06,20,24,4
6313,2019-09-06,56,58,2
6314,2019-09-06,64,58,-6
6315,2019-09-06,84,52,-32
6316,2019-09-06,56,22,-34
6321,2019-09-06,72,74,2
6322,2019-09-06,39,35,-4
6323,2019-09-06,12,11,-1
6324,2019-09-06,30,31,1
6327,2019-09-06,39,30,-9
6328,2019-09-06,40,36,-4
6329,2019-09-06,33,28,-5
6330,2019-09-06,21,17,-4
6331,2019-09-06,20,17,-3
6332,2019-09-06,34,38,4
6333,2019-09-06,21,23,2
6334,2019-09-06,88,95,7
6335,2019-09-06,47,40,-7
6336,2019-09-06,33,26,-7
6338,2019-09-06,27,27,0
6339,2019-09-06,38,28,-10
6340,2019-09-06,37,30,-7
6341,2019-09-06,40,47,7
6343,2019-09-06,47,47,0
6344,2019-09-06,53,74,21
6345,2019-09-06,10,16,6
6346,2019-09-06,24,30,6
6347,2019-09-06,33,38,5
6349,2019-09-06,33,40,7
6350,2019-09-06,53,45,-8
6354,2019-09-06,45,48,3
6355,2019-09-06,43,58,15
6356,2019-09-06,46,29,-17
6357,2019-09-06,26,20,-6
6358,2019-09-06,24,24,0
6359,2019-09-06,133,158,25
6360,2019-09-06,37,37,0
6361,2019-09-06,44,35,-9
6362,2019-09-06,35,31,-4
6363,2019-09-06,42,25,-17
6364,2019-09-06,54,44,-10
6366,2019-09-06,27,17,-10
6367,2019-09-06,26,32,6
6368,2019-09-06,74,70,-4
6369,2019-09-06,54,56,2
6370,2019-09-06,51,43,-8
6371,2019-09-06,74,62,-12
6372,2019-09-06,112,114,2
6373,2019-09-06,54,47,-7
6374,2019-09-06,61,38,-23
6375,2019-09-06,66,84,18
6376,2019-09-06,25,30,5
6377,2019-09-06,42,48,6
6379,2019-09-06,35,35,0
6380,2019-09-06,28,22,-6
6381,2019-09-06,77,61,-16
6383,2019-09-06,41,28,-13
6384,2019-09-06,43,31,-12
6385,2019-09-06,57,66,9
6386,2019-09-06,50,57,7
6387,2019-09-06,63,83,20
6388,2019-09-06,32,46,14
6389,2019-09-06,47,33,-14
6391,2019-09-06,59,91,32
6393,2019-09-06,64,91,27
6394,2019-09-06,69,101,32
6395,2019-09-06,61,76,15
6396,2019-09-06,168,157,-11
6397,2019-09-06,39,57,18
6398,2019-09-06,34,52,18
6401,2019-09-06,39,49,10
6402,2019-09-06,53,66,13
6403,2019-09-06,43,36,-7
6404,2019-09-06,12,21,9
6405,2019-09-06,46,51,5
6406,2019-09-06,101,126,25
6407,2019-09-06,21,28,7
6408,2019-09-06,50,49,-1
6409,2019-09-06,36,37,1
6410,2019-09-06,48,52,4
6411,2019-09-06,155,133,-22
6412,2019-09-06,20,26,6
6413,2019-09-06,29,49,20
6414,2019-09-06,18,28,10
6415,2019-09-06,21,22,1
6416,2019-09-06,17,15,-2
6417,2019-09-06,27,37,10
6418,2019-09-06,6,10,4
6419,2019-09-06,11,18,7
6420,2019-09-06,25,31,6
6421,2019-09-06,40,30,-10
6422,2019-09-06,21,20,-1
6423,2019-09-06,16,10,-6
6424,2019-09-06,51,92,41
6425,2019-09-06,30,33,3
6426,2019-09-06,82,84,2
6427,2019-09-06,64,73,9
6428,2019-09-06,17,21,4
6429,2019-09-06,35,40,5
6432,2019-09-06,113,106,-7
6433,2019-09-06,44,44,0
6434,2019-09-06,63,62,-1
6435,2019-09-06,48,48,0
6436,2019-09-06,16,19,3
6501,2019-09-06,90,114,24
6502,2019-09-06,20,25,5
6503,2019-09-06,59,56,-3
6504,2019-09-06,8,9,1
6700,2019-09-06,27,43,16
6701,2019-09-06,69,57,-12
6702,2019-09-06,20,18,-2
6703,2019-09-06,79,81,2
6704,2019-09-06,35,31,-4
6705,2019-09-06,14,16,2
6706,2019-09-06,27,32,5
6707,2019-09-06,28,34,6
6709,2019-09-06,35,27,-8
6710,2019-09-06,14,13,-1
6711,2019-09-06,21,22,1
6712,2019-09-06,14,18,4
6713,2019-09-06,19,20,1
6714,2019-09-06,9,6,-3
6715,2019-09-06,16,19,3
6716,2019-09-06,13,14,1
6717,2019-09-06,8,14,6
6718,2019-09-06,25,28,3
6719,2019-09-06,23,28,5
6720,2019-09-06,29,43,14
6721,2019-09-06,17,16,-1
6722,2019-09-06,6,8,2
6723,2019-09-06,30,25,-5
6724,2019-09-06,52,75,23
6725,2019-09-06,26,24,-2
6726,2019-09-06,8,16,8
6727,2019-09-06,87,101,14
6728,2019-09-06,20,18,-2
6729,2019-09-06,136,150,14
6730,2019-09-06,19,13,-6
6731,2019-09-06,17,16,-1
6732,2019-09-06,33,34,1
6733,2019-09-06,34,19,-15
6734,2019-09-06,45,37,-8
6735,2019-09-06,6,9,3
6736,2019-09-06,20,20,0
6737,2019-09-06,20,24,4
6738,2019-09-06,77,97,20
6739,2019-09-06,6,10,4
6741,2019-09-06,14,26,12
6742,2019-09-06,52,63,11
6743,2019-09-06,30,13,-17
6744,2019-09-06,18,22,4
6745,2019-09-06,27,17,-10
6746,2019-09-06,20,27,7
6747,2019-09-06,45,48,3
6748,2019-09-06,75,100,25
6749,2019-09-06,44,43,-1
6750,2019-09-06,41,44,3
6752,2019-09-06,29,35,6
6753,2019-09-06,22,24,2
6754,2019-09-06,24,27,3
6901,2019-09-06,52,69,17
6902,2019-09-06,81,106,25
6903,2019-09-06,99,97,-2
6904,2019-09-06,38,31,-7
6905,2019-09-06,47,45,-2
6906,2019-09-06,88,82,-6
6907,2019-09-06,95,80,-15
6908,2019-09-06,79,72,-7
6910,2019-09-06,137,116,-21
6912,2019-09-06,137,109,-28
6913,2019-09-06,62,28,-34
6915,2019-09-06,96,87,-9
6916,2019-09-06,49,53,4
6917,2019-09-06,25,25,0
6918,2019-09-06,43,27,-16
6919,2019-09-06,15,19,4
6921,2019-09-06,76,89,13
6923,2019-09-06,50,48,-2
6924,2019-09-06,21,26,5
6925,2019-09-06,47,49,2
6926,2019-09-06,84,92,8
6927,2019-09-06,81,65,-16
6928,2019-09-06,59,24,-35
6929,2019-09-06,39,29,-10
6930,2019-09-06,14,22,8
7001,2019-09-06,36,37,1
7002,2019-09-06,13,12,-1
7003,2019-09-06,89,90,1
7004,2019-09-06,28,28,0
7005,2019-09-06,16,10,-6
7006,2019-09-06,9,18,9
7007,2019-09-06,10,11,1
7008,2019-09-06,31,25,-6
7009,2019-09-06,52,97,45
7010,2019-09-06,19,15,-4
7011,2019-09-06,97,106,9
7012,2019-09-06,45,46,1
7013,2019-09-06,29,26,-3
7014,2019-09-06,103,62,-41
7015,2019-09-06,18,18,0
7016,2019-09-06,14,7,-7
7017,2019-09-06,34,44,10
7018,2019-09-06,31,40,9
7019,2019-09-06,120,119,-1
7020,2019-09-06,25,39,14
7021,2019-09-06,61,62,1
7022,2019-09-06,55,34,-21
7023,2019-09-06,8,7,-1
7024,2019-09-06,78,54,-24
7025,2019-09-06,36,37,1
7026,2019-09-06,79,74,-5
7027,2019-09-06,53,44,-9
7028,2019-09-06,104,112,8
7029,2019-09-06,51,56,5
7030,2019-09-06,66,63,-3
7031,2019-09-06,65,62,-3
7032,2019-09-06,117,97,-20
7033,2019-09-06,91,91,0
7034,2019-09-06,45,70,25
7035,2019-09-06,48,43,-5
7036,2019-09-06,54,54,0
7037,2019-09-06,47,52,5
7038,2019-09-06,68,73,5
7039,2019-09-06,27,32,5
7040,2019-09-06,78,79,1
7041,2019-09-06,151,124,-27
7042,2019-09-06,55,61,6
7043,2019-09-06,22,17,-5
7044,2019-09-06,10,10,0
7045,2019-09-06,54,50,-4
7046,2019-09-06,97,116,19
7047,2019-09-06,145,207,62
7048,2019-09-06,21,28,7
7049,2019-09-06,11,15,4
7050,2019-09-06,35,27,-8
7051,2019-09-06,19,17,-2
7052,2019-09-06,64,77,13
7053,2019-09-06,44,50,6
7054,2019-09-06,44,69,25
7055,2019-09-06,19,25,6
7056,2019-09-06,22,32,10
7057,2019-09-06,29,42,13
7058,2019-09-06,27,44,17
7059,2019-09-06,33,31,-2
7060,2019-09-06,20,23,3
7061,2019-09-06,21,21,0
7062,2019-09-06,35,47,12
7063,2019-09-06,27,23,-4
7064,2019-09-06,28,36,8
7065,2019-09-06,39,24,-15
7066,2019-09-06,66,137,71
7067,2019-09-06,78,84,6
7068,2019-09-06,78,85,7
7069,2019-09-06,103,133,30
7070,2019-09-06,45,37,-8
7071,2019-09-06,55,38,-17
7072,2019-09-06,42,21,-21
7073,2019-09-06,59,67,8
7074,2019-09-06,45,56,11
7075,2019-09-06,8,10,2
7076,2019-09-06,91,72,-19
7077,2019-09-06,25,48,23
7078,2019-09-06,27,23,-4
7079,2019-09-06,47,52,5
7080,2019-09-06,94,94,0
7082,2019-09-06,89,107,18
7083,2019-09-06,73,72,-1
7084,2019-09-06,70,76,6
7085,2019-09-06,1,2,1
7087,2019-09-06,2,3,1
7090,2019-09-06,9,11,2
7091,2019-09-06,8,14,6
7092,2019-09-06,4,7,3
7093,2019-09-06,1,5,4
7094,2019-09-06,2,4,2
7095,2019-09-06,15,16,1
7096,2019-09-06,33,34,1
7097,2019-09-06,6,6,0
7098,2019-09-06,5,2,-3
7099,2019-09-06,7,9,2
7100,2019-09-06,5,4,-1
7101,2019-09-06,7,7,0
7102,2019-09-06,19,28,9
7103,2019-09-06,8,14,6
7105,2019-09-06,5,6,1
7106,2019-09-06,2,3,1
7107,2019-09-06,1,0,-1
7108,2019-09-06,7,6,-1
7109,2019-09-06,16,15,-1
7110,2019-09-06,5,7,2
7111,2019-09-06,8,6,-2
7112,2019-09-06,21,15,-6
7113,2019-09-06,72,71,-1
7114,2019-09-06,97,113,16
7115,2019-09-06,13,11,-2
7116,2019-09-06,16,8,-8
7117,2019-09-06,1,3,2
7118,2019-09-06,3,4,1
7119,2019-09-06,7,6,-1
7120,2019-09-06,3,10,7
7121,2019-09-06,2,11,9
7122,2019-09-06,4,8,4
7123,2019-09-06,2,5,3
7124,2019-09-06,21,20,-1
7125,2019-09-06,14,19,5
7126,2019-09-06,12,9,-3
7127,2019-09-06,35,39,4
7128,2019-09-06,15,14,-1
7129,2019-09-06,17,15,-2
7130,2019-09-06,15,16,1
7131,2019-09-06,6,4,-2
7132,2019-09-06,1,1,0
7133,2019-09-06,7,12,5
7134,2019-09-06,4,5,1
7135,2019-09-06,3,1,-2
7136,2019-09-06,10,11,1
7137,2019-09-06,10,8,-2
7138,2019-09-06,5,7,2
7139,2019-09-06,14,15,1
7140,2019-09-06,28,28,0
7141,2019-09-06,28,27,-1
7142,2019-09-06,6,11,5
7143,2019-09-06,24,19,-5
7144,2019-09-06,38,47,9
7145,2019-09-06,17,16,-1
7146,2019-09-06,17,30,13
7147,2019-09-06,34,39,5
7148,2019-09-06,7,14,7
7149,2019-09-06,16,15,-1
10002,2019-09-06,111,126,15
4000,2019-09-07,33,40,7
4001,2019-09-07,5,11,6
4002,2019-09-07,11,15,4
5002,2019-09-07,2,4,2
5003,2019-09-07,1,0,-1
5004,2019-09-07,2,1,-1
5005,2019-09-07,1,6,5
5006,2019-09-07,4,3,-1
5007,2019-09-07,11,14,3
6001,2019-09-07,19,35,16
6002,2019-09-07,29,40,11
6003,2019-09-07,38,50,12
6004,2019-09-07,22,16,-6
6005,2019-09-07,9,10,1
6006,2019-09-07,20,11,-9
6007,2019-09-07,17,25,8
6008,2019-09-07,35,47,12
6009,2019-09-07,44,58,14
6011,2019-09-07,32,38,6
6012,2019-09-07,64,108,44
6013,2019-09-07,42,83,41
6014,2019-09-07,40,32,-8
6015,2019-09-07,87,135,48
6016,2019-09-07,6,6,0
6017,2019-09-07,37,35,-2
6018,2019-09-07,47,60,13
6019,2019-09-07,95,56,-39
6020,2019-09-07,59,66,7
6021,2019-09-07,54,33,-21
6022,2019-09-07,20,27,7
6023,2019-09-07,87,127,40
6024,2019-09-07,10,11,1
6025,2019-09-07,19,19,0
6026,2019-09-07,111,151,40
6027,2019-09-07,31,51,20
6029,2019-09-07,8,16,8
6031,2019-09-07,9,17,8
6032,2019-09-07,28,78,50
6033,2019-09-07,14,15,1
6035,2019-09-07,20,26,6
6036,2019-09-07,82,152,70
6037,2019-09-07,33,38,5
6038,2019-09-07,77,76,-1
6039,2019-09-07,38,37,-1
6040,2019-09-07,44,41,-3
6041,2019-09-07,34,37,3
6042,2019-09-07,14,24,10
6043,2019-09-07,32,40,8
6044,2019-09-07,80,64,-16
6046,2019-09-07,23,35,12
6047,2019-09-07,18,18,0
6048,2019-09-07,5,3,-2
6049,2019-09-07,31,31,0
6050,2019-09-07,16,15,-1
6051,2019-09-07,23,13,-10
6052,2019-09-07,110,145,35
6053,2019-09-07,50,84,34
6057,2019-09-07,26,25,-1
6058,2019-09-07,16,24,8
6059,2019-09-07,12,20,8
6060,2019-09-07,1,0,-1
6061,2019-09-07,41,41,0
6062,2019-09-07,42,40,-2
6063,2019-09-07,44,53,9
6064,2019-09-07,70,75,5
6065,2019-09-07,38,31,-7
6066,2019-09-07,26,15,-11
6067,2019-09-07,32,45,13
6068,2019-09-07,8,9,1
6070,2019-09-07,89,75,-14
6072,2019-09-07,6,21,15
6073,2019-09-07,39,80,41
6075,2019-09-07,13,11,-2
6076,2019-09-07,22,18,-4
6078,2019-09-07,27,35,8
6079,2019-09-07,47,41,-6
6080,2019-09-07,52,73,21
6081,2019-09-07,19,22,3
6082,2019-09-07,14,12,-2
6083,2019-09-07,22,36,14
6084,2019-09-07,15,22,7
6085,2019-09-07,38,75,37
6086,2019-09-07,62,64,2
6087,2019-09-07,71,94,23
6088,2019-09-07,45,51,6
6089,2019-09-07,17,22,5
6090,2019-09-07,29,34,5
6091,2019-09-07,49,41,-8
6092,2019-09-07,23,29,6
6093,2019-09-07,53,53,0
6094,2019-09-07,10,14,4
6095,2019-09-07,110,101,-9
6096,2019-09-07,13,24,11
6097,2019-09-07,66,50,-16
6098,2019-09-07,23,11,-12
6099,2019-09-07,56,97,41
6100,2019-09-07,111,123,12
6101,2019-09-07,28,9,-19
6102,2019-09-07,21,17,-4
6103,2019-09-07,15,18,3
6104,2019-09-07,42,35,-7
6105,2019-09-07,20,21,1
6106,2019-09-07,14,23,9
6107,2019-09-07,44,49,5
6108,2019-09-07,17,27,10
6109,2019-09-07,9,18,9
6110,2019-09-07,21,26,5
6111,2019-09-07,25,27,2
6112,2019-09-07,82,84,2
6113,2019-09-07,23,20,-3
6114,2019-09-07,85,124,39
6115,2019-09-07,8,15,7
6116,2019-09-07,29,28,-1
6117,2019-09-07,29,34,5
6118,2019-09-07,58,84,26
6119,2019-09-07,64,51,-13
6120,2019-09-07,40,64,24
6121,2019-09-07,19,30,11
6122,2019-09-07,14,17,3
6123,2019-09-07,17,22,5
6124,2019-09-07,21,36,15
6125,2019-09-07,22,10,-12
6126,2019-09-07,26,40,14
6127,2019-09-07,48,42,-6
6128,2019-09-07,22,24,2
6129,2019-09-07,63,55,-8
6130,2019-09-07,21,16,-5
6131,2019-09-07,54,35,-19
6132,2019-09-07,32,23,-9
6133,2019-09-07,29,27,-2
6134,2019-09-07,25,22,-3
6136,2019-09-07,176,151,-25
6137,2019-09-07,72,51,-21
6138,2019-09-07,49,39,-10
6139,2019-09-07,32,35,3
6140,2019-09-07,65,56,-9
6141,2019-09-07,43,37,-6
6142,2019-09-07,74,51,-23
6143,2019-09-07,77,62,-15
6145,2019-09-07,52,49,-3
6146,2019-09-07,46,44,-2
6147,2019-09-07,41,36,-5
6148,2019-09-07,69,44,-25
6149,2019-09-07,33,26,-7
6150,2019-09-07,43,45,2
6151,2019-09-07,61,57,-4
6152,2019-09-07,112,81,-31
6153,2019-09-07,38,25,-13
6154,2019-09-07,154,163,9
6155,2019-09-07,100,100,0
6156,2019-09-07,38,44,6
6157,2019-09-07,78,75,-3
6158,2019-09-07,39,33,-6
6159,2019-09-07,13,21,8
6160,2019-09-07,38,37,-1
6161,2019-09-07,39,33,-6
6162,2019-09-07,9,5,-4
6163,2019-09-07,80,72,-8
6164,2019-09-07,62,73,11
6165,2019-09-07,80,96,16
6166,2019-09-07,32,29,-3
6167,2019-09-07,37,40,3
6168,2019-09-07,46,30,-16
6169,2019-09-07,130,105,-25
6170,2019-09-07,81,78,-3
6171,2019-09-07,27,25,-2
6173,2019-09-07,66,36,-30
6174,2019-09-07,87,71,-16
6175,2019-09-07,45,33,-12
6176,2019-09-07,81,72,-9
6177,2019-09-07,71,59,-12
6178,2019-09-07,93,84,-9
6179,2019-09-07,72,68,-4
6180,2019-09-07,14,34,20
6181,2019-09-07,95,69,-26
6182,2019-09-07,62,30,-32
6183,2019-09-07,63,56,-7
6184,2019-09-07,199,178,-21
6185,2019-09-07,19,17,-2
6187,2019-09-07,89,84,-5
6188,2019-09-07,38,31,-7
6189,2019-09-07,11,6,-5
6190,2019-09-07,59,50,-9
6191,2019-09-07,55,52,-3
6192,2019-09-07,31,25,-6
6193,2019-09-07,90,87,-3
6195,2019-09-07,64,33,-31
6196,2019-09-07,96,79,-17
6197,2019-09-07,43,37,-6
6198,2019-09-07,19,8,-11
6199,2019-09-07,38,40,2
6200,2019-09-07,83,87,4
6201,2019-09-07,52,49,-3
6202,2019-09-07,44,52,8
6203,2019-09-07,21,9,-12
6204,2019-09-07,53,47,-6
6205,2019-09-07,66,73,7
6206,2019-09-07,95,65,-30
6207,2019-09-07,29,33,4
6208,2019-09-07,54,61,7
6209,2019-09-07,57,59,2
6210,2019-09-07,20,13,-7
6211,2019-09-07,111,124,13
6212,2019-09-07,80,49,-31
6213,2019-09-07,88,82,-6
6214,2019-09-07,63,46,-17
6215,2019-09-07,33,45,12
6216,2019-09-07,108,62,-46
6217,2019-09-07,58,39,-19
6218,2019-09-07,43,39,-4
6219,2019-09-07,44,32,-12
6220,2019-09-07,81,58,-23
6221,2019-09-07,125,96,-29
6222,2019-09-07,62,34,-28
6223,2019-09-07,70,42,-28
6224,2019-09-07,46,40,-6
6225,2019-09-07,84,35,-49
6226,2019-09-07,5,5,0
6227,2019-09-07,114,101,-13
6228,2019-09-07,16,14,-2
6229,2019-09-07,56,33,-23
6230,2019-09-07,86,78,-8
6231,2019-09-07,92,80,-12
6232,2019-09-07,19,17,-2
6233,2019-09-07,76,64,-12
6234,2019-09-07,45,39,-6
6235,2019-09-07,15,13,-2
6236,2019-09-07,56,59,3
6237,2019-09-07,47,48,1
6240,2019-09-07,13,17,4
6241,2019-09-07,42,41,-1
6243,2019-09-07,43,40,-3
6245,2019-09-07,50,41,-9
6246,2019-09-07,32,29,-3
6247,2019-09-07,84,72,-12
6248,2019-09-07,103,89,-14
6249,2019-09-07,57,50,-7
6250,2019-09-07,94,92,-2
6251,2019-09-07,11,13,2
6252,2019-09-07,43,36,-7
6253,2019-09-07,40,33,-7
6254,2019-09-07,57,50,-7
6255,2019-09-07,73,76,3
6257,2019-09-07,26,20,-6
6258,2019-09-07,67,68,1
6259,2019-09-07,30,22,-8
6260,2019-09-07,40,39,-1
6261,2019-09-07,39,46,7
6262,2019-09-07,36,34,-2
6263,2019-09-07,18,22,4
6264,2019-09-07,20,25,5
6265,2019-09-07,37,28,-9
6266,2019-09-07,13,14,1
6267,2019-09-07,40,34,-6
6268,2019-09-07,47,51,4
6269,2019-09-07,19,27,8
6270,2019-09-07,29,16,-13
6271,2019-09-07,4,4,0
6272,2019-09-07,16,14,-2
6273,2019-09-07,22,23,1
6274,2019-09-07,30,30,0
6275,2019-09-07,14,23,9
6276,2019-09-07,39,39,0
6277,2019-09-07,39,35,-4
6278,2019-09-07,20,18,-2
6279,2019-09-07,15,17,2
6280,2019-09-07,70,70,0
6281,2019-09-07,20,18,-2
6301,2019-09-07,18,13,-5
6302,2019-09-07,8,6,-2
6303,2019-09-07,11,13,2
6304,2019-09-07,11,5,-6
6305,2019-09-07,13,9,-4
6306,2019-09-07,26,14,-12
6307,2019-09-07,57,56,-1
6309,2019-09-07,17,15,-2
6310,2019-09-07,40,19,-21
6311,2019-09-07,21,26,5
6312,2019-09-07,16,27,11
6313,2019-09-07,39,48,9
6314,2019-09-07,37,33,-4
6315,2019-09-07,37,23,-14
6316,2019-09-07,23,7,-16
6321,2019-09-07,61,66,5
6322,2019-09-07,18,18,0
6323,2019-09-07,9,13,4
6324,2019-09-07,19,22,3
6327,2019-09-07,21,22,1
6328,2019-09-07,31,29,-2
6329,2019-09-07,23,13,-10
6330,2019-09-07,21,18,-3
6331,2019-09-07,18,12,-6
6332,2019-09-07,23,24,1
6333,2019-09-07,13,11,-2
6334,2019-09-07,35,36,1
6335,2019-09-07,30,34,4
6336,2019-09-07,28,25,-3
6338,2019-09-07,23,32,9
6339,2019-09-07,11,22,11
6340,2019-09-07,13,16,3
6341,2019-09-07,33,33,0
6343,2019-09-07,35,33,-2
6344,2019-09-07,29,47,18
6345,2019-09-07,16,12,-4
6346,2019-09-07,9,5,-4
6347,2019-09-07,13,16,3
6349,2019-09-07,22,22,0
6350,2019-09-07,19,22,3
6354,2019-09-07,27,24,-3
6355,2019-09-07,25,21,-4
6356,2019-09-07,22,10,-12
6357,2019-09-07,22,18,-4
6358,2019-09-07,14,14,0
6359,2019-09-07,44,49,5
6360,2019-09-07,37,35,-2
6361,2019-09-07,44,40,-4
6362,2019-09-07,24,19,-5
6363,2019-09-07,10,11,1
6364,2019-09-07,20,21,1
6366,2019-09-07,15,9,-6
6367,2019-09-07,18,14,-4
6368,2019-09-07,53,51,-2
6369,2019-09-07,20,28,8
6370,2019-09-07,27,20,-7
6371,2019-09-07,40,38,-2
6372,2019-09-07,66,79,13
6373,2019-09-07,31,27,-4
6374,2019-09-07,35,26,-9
6375,2019-09-07,27,30,3
6376,2019-09-07,19,12,-7
6377,2019-09-07,25,21,-4
6379,2019-09-07,18,10,-8
6380,2019-09-07,11,14,3
6381,2019-09-07,35,38,3
6383,2019-09-07,16,15,-1
6384,2019-09-07,18,12,-6
6385,2019-09-07,41,38,-3
6386,2019-09-07,26,39,13
6387,2019-09-07,51,66,15
6388,2019-09-07,20,17,-3
6389,2019-09-07,33,23,-10
6391,2019-09-07,39,53,14
6393,2019-09-07,36,47,11
6394,2019-09-07,57,74,17
6395,2019-09-07,44,55,11
6396,2019-09-07,55,66,11
6397,2019-09-07,26,29,3
6398,2019-09-07,19,20,1
6401,2019-09-07,34,37,3
6402,2019-09-07,34,38,4
6403,2019-09-07,28,21,-7
6404,2019-09-07,16,19,3
6405,2019-09-07,39,45,6
6406,2019-09-07,127,168,41
6407,2019-09-07,11,20,9
6408,2019-09-07,31,26,-5
6409,2019-09-07,15,12,-3
6410,2019-09-07,24,26,2
6411,2019-09-07,84,75,-9
6412,2019-09-07,9,14,5
6413,2019-09-07,12,13,1
6414,2019-09-07,18,24,6
6415,2019-09-07,17,17,0
6416,2019-09-07,13,10,-3
6417,2019-09-07,18,27,9
6418,2019-09-07,6,9,3
6419,2019-09-07,6,9,3
6420,2019-09-07,28,14,-14
6421,2019-09-07,31,32,1
6422,2019-09-07,13,16,3
6423,2019-09-07,8,7,-1
6424,2019-09-07,28,39,11
6425,2019-09-07,24,30,6
6426,2019-09-07,36,44,8
6427,2019-09-07,28,34,6
6428,2019-09-07,7,9,2
6429,2019-09-07,17,16,-1
6432,2019-09-07,42,46,4
6433,2019-09-07,25,12,-13
6434,2019-09-07,29,32,3
6435,2019-09-07,31,26,-5
6436,2019-09-07,13,5,-8
6501,2019-09-07,61,64,3
6502,2019-09-07,11,15,4
6503,2019-09-07,35,32,-3
6504,2019-09-07,19,26,7
6700,2019-09-07,20,31,11
6701,2019-09-07,29,23,-6
6702,2019-09-07,8,10,2
6703,2019-09-07,44,42,-2
6704,2019-09-07,15,13,-2
6705,2019-09-07,8,10,2
6706,2019-09-07,6,11,5
6707,2019-09-07,16,15,-1
6709,2019-09-07,23,17,-6
6710,2019-09-07,15,19,4
6711,2019-09-07,4,5,1
6712,2019-09-07,18,17,-1
6713,2019-09-07,17,14,-3
6714,2019-09-07,10,13,3
6715,2019-09-07,11,13,2
6716,2019-09-07,7,11,4
6717,2019-09-07,4,7,3
6718,2019-09-07,18,13,-5
6719,2019-09-07,22,16,-6
6720,2019-09-07,21,24,3
6721,2019-09-07,14,11,-3
6722,2019-09-07,4,6,2
6723,2019-09-07,19,19,0
6724,2019-09-07,36,55,19
6725,2019-09-07,16,22,6
6726,2019-09-07,6,7,1
6727,2019-09-07,22,22,0
6728,2019-09-07,13,10,-3
6729,2019-09-07,91,99,8
6730,2019-09-07,12,10,-2
6731,2019-09-07,6,12,6
6732,2019-09-07,22,31,9
6733,2019-09-07,32,19,-13
6734,2019-09-07,32,29,-3
6735,2019-09-07,2,5,3
6736,2019-09-07,15,22,7
6737,2019-09-07,19,14,-5
6738,2019-09-07,12,13,1
6739,2019-09-07,5,8,3
6741,2019-09-07,14,14,0
6742,2019-09-07,28,36,8
6743,2019-09-07,19,15,-4
6744,2019-09-07,19,18,-1
6745,2019-09-07,19,16,-3
6746,2019-09-07,10,3,-7
6747,2019-09-07,7,9,2
6748,2019-09-07,45,60,15
6749,2019-09-07,35,40,5
6750,2019-09-07,26,21,-5
6752,2019-09-07,8,8,0
6753,2019-09-07,9,10,1
6754,2019-09-07,9,7,-2
6901,2019-09-07,40,48,8
6902,2019-09-07,68,64,-4
6903,2019-09-07,74,61,-13
6904,2019-09-07,29,25,-4
6905,2019-09-07,29,32,3
6906,2019-09-07,50,52,2
6907,2019-09-07,74,45,-29
6908,2019-09-07,45,46,1
6910,2019-09-07,83,86,3
6912,2019-09-07,83,71,-12
6913,2019-09-07,28,21,-7
6915,2019-09-07,81,70,-11
6916,2019-09-07,20,26,6
6917,2019-09-07,12,8,-4
6918,2019-09-07,17,11,-6
6919,2019-09-07,16,13,-3
6921,2019-09-07,16,23,7
6923,2019-09-07,34,34,0
6924,2019-09-07,19,13,-6
6925,2019-09-07,13,22,9
6926,2019-09-07,30,30,0
6927,2019-09-07,38,29,-9
6928,2019-09-07,7,3,-4
6929,2019-09-07,24,22,-2
6930,2019-09-07,16,16,0
7001,2019-09-07,23,29,6
7002,2019-09-07,5,5,0
7003,2019-09-07,43,49,6
7004,2019-09-07,11,10,-1
7005,2019-09-07,7,4,-3
7006,2019-09-07,12,8,-4
7007,2019-09-07,3,13,10
7008,2019-09-07,8,13,5
7009,2019-09-07,48,63,15
7010,2019-09-07,10,9,-1
7011,2019-09-07,54,52,-2
7012,2019-09-07,22,30,8
7013,2019-09-07,18,14,-4
7014,2019-09-07,43,33,-10
7015,2019-09-07,40,39,-1
7016,2019-09-07,7,10,3
7017,2019-09-07,20,29,9
7018,2019-09-07,20,31,11
7019,2019-09-07,7,11,4
7020,2019-09-07,14,20,6
7021,2019-09-07,30,30,0
7022,2019-09-07,17,19,2
7023,2019-09-07,4,8,4
7024,2019-09-07,42,39,-3
7025,2019-09-07,9,8,-1
7026,2019-09-07,38,37,-1
7027,2019-09-07,34,38,4
7028,2019-09-07,23,28,5
7029,2019-09-07,47,45,-2
7030,2019-09-07,31,31,0
7031,2019-09-07,45,45,0
7032,2019-09-07,72,44,-28
7033,2019-09-07,31,33,2
7034,2019-09-07,32,52,20
7035,2019-09-07,26,18,-8
7036,2019-09-07,46,39,-7
7037,2019-09-07,32,25,-7
7038,2019-09-07,53,54,1
7039,2019-09-07,15,15,0
7040,2019-09-07,31,36,5
7041,2019-09-07,47,52,5
7042,2019-09-07,19,16,-3
7043,2019-09-07,9,10,1
7044,2019-09-07,3,3,0
7045,2019-09-07,64,66,2
7046,2019-09-07,22,39,17
7047,2019-09-07,82,110,28
7048,2019-09-07,12,13,1
7049,2019-09-07,7,9,2
7050,2019-09-07,3,5,2
7051,2019-09-07,17,15,-2
7052,2019-09-07,19,14,-5
7053,2019-09-07,24,24,0
7054,2019-09-07,40,37,-3
7055,2019-09-07,22,35,13
7056,2019-09-07,14,17,3
7057,2019-09-07,25,18,-7
7058,2019-09-07,23,20,-3
7059,2019-09-07,20,20,0
7060,2019-09-07,10,16,6
7061,2019-09-07,17,13,-4
7062,2019-09-07,23,19,-4
7063,2019-09-07,17,22,5
7064,2019-09-07,6,12,6
7065,2019-09-07,29,21,-8
7066,2019-09-07,55,78,23
7067,2019-09-07,28,30,2
7068,2019-09-07,53,64,11
7069,2019-09-07,44,41,-3
7070,2019-09-07,21,17,-4
7071,2019-09-07,35,19,-16
7072,2019-09-07,19,20,1
7073,2019-09-07,33,38,5
7074,2019-09-07,25,24,-1
7075,2019-09-07,4,3,-1
7076,2019-09-07,53,38,-15
7077,2019-09-07,15,6,-9
7078,2019-09-07,19,28,9
7079,2019-09-07,12,20,8
7080,2019-09-07,36,50,14
7082,2019-09-07,50,59,9
7083,2019-09-07,44,49,5
7084,2019-09-07,45,52,7
7086,2019-09-07,6,6,0
7087,2019-09-07,3,3,0
7088,2019-09-07,2,0,-2
7090,2019-09-07,7,4,-3
7091,2019-09-07,7,7,0
7092,2019-09-07,3,3,0
7093,2019-09-07,1,0,-1
7094,2019-09-07,1,1,0
7095,2019-09-07,6,9,3
7096,2019-09-07,12,17,5
7097,2019-09-07,5,10,5
7098,2019-09-07,1,1,0
7100,2019-09-07,2,6,4
7101,2019-09-07,3,3,0
7102,2019-09-07,12,14,2
7103,2019-09-07,17,18,1
7104,2019-09-07,1,2,1
7105,2019-09-07,13,8,-5
7106,2019-09-07,3,4,1
7107,2019-09-07,2,4,2
7108,2019-09-07,24,17,-7
7109,2019-09-07,3,1,-2
7110,2019-09-07,7,11,4
7111,2019-09-07,5,3,-2
7112,2019-09-07,11,12,1
7113,2019-09-07,21,20,-1
7114,2019-09-07,54,69,15
7115,2019-09-07,10,8,-2
7116,2019-09-07,10,11,1
7117,2019-09-07,1,1,0
7119,2019-09-07,8,13,5
7121,2019-09-07,4,5,1
7122,2019-09-07,3,2,-1
7123,2019-09-07,5,4,-1
7124,2019-09-07,10,12,2
7125,2019-09-07,13,10,-3
7126,2019-09-07,6,6,0
7127,2019-09-07,17,18,1
7128,2019-09-07,6,9,3
7129,2019-09-07,6,4,-2
7130,2019-09-07,4,3,-1
7131,2019-09-07,1,4,3
7133,2019-09-07,6,4,-2
7134,2019-09-07,1,1,0
7135,2019-09-07,1,1,0
7137,2019-09-07,4,7,3
7138,2019-09-07,2,1,-1
7139,2019-09-07,16,18,2
7140,2019-09-07,9,10,1
7141,2019-09-07,23,35,12
7142,2019-09-07,7,10,3
7143,2019-09-07,10,14,4
7144,2019-09-07,30,28,-2
7145,2019-09-07,15,14,-1
7146,2019-09-07,9,12,3
7147,2019-09-07,20,18,-2
7148,2019-09-07,7,11,4
7149,2019-09-07,9,10,1
10002,2019-09-07,37,38,1
4000,2019-09-08,38,40,2
4001,2019-09-08,10,10,0
4002,2019-09-08,19,22,3
5002,2019-09-08,5,4,-1
5004,2019-09-08,2,2,0
5005,2019-09-08,1,2,1
5006,2019-09-08,5,6,1
5007,2019-09-08,10,12,2
6001,2019-09-08,25,34,9
6002,2019-09-08,40,45,5
6003,2019-09-08,19,30,11
6004,2019-09-08,13,19,6
6005,2019-09-08,17,17,0
6006,2019-09-08,21,18,-3
6007,2019-09-08,36,28,-8
6008,2019-09-08,27,28,1
6009,2019-09-08,73,69,-4
6011,2019-09-08,34,24,-10
6012,2019-09-08,94,139,45
6013,2019-09-08,47,83,36
6014,2019-09-08,27,32,5
6015,2019-09-08,119,197,78
6016,2019-09-08,3,3,0
6017,2019-09-08,26,33,7
6018,2019-09-08,46,47,1
6019,2019-09-08,100,52,-48
6020,2019-09-08,45,70,25
6021,2019-09-08,52,43,-9
6022,2019-09-08,20,20,0
6023,2019-09-08,116,138,22
6024,2019-09-08,6,9,3
6025,2019-09-08,26,29,3
6026,2019-09-08,147,207,60
6027,2019-09-08,39,49,10
6029,2019-09-08,9,14,5
6031,2019-09-08,19,18,-1
6032,2019-09-08,44,87,43
6033,2019-09-08,9,5,-4
6035,2019-09-08,15,26,11
6036,2019-09-08,125,149,24
6037,2019-09-08,27,29,2
6038,2019-09-08,45,61,16
6039,2019-09-08,37,47,10
6040,2019-09-08,24,38,14
6041,2019-09-08,14,37,23
6042,2019-09-08,20,15,-5
6043,2019-09-08,32,56,24
6044,2019-09-08,76,76,0
6046,2019-09-08,34,23,-11
6047,2019-09-08,28,24,-4
6048,2019-09-08,6,8,2
6049,2019-09-08,27,23,-4
6050,2019-09-08,20,15,-5
6051,2019-09-08,20,28,8
6052,2019-09-08,129,166,37
6053,2019-09-08,53,61,8
6057,2019-09-08,22,24,2
6058,2019-09-08,35,35,0
6059,2019-09-08,31,24,-7
6060,2019-09-08,5,5,0
6061,2019-09-08,56,55,-1
6062,2019-09-08,35,31,-4
6063,2019-09-08,42,56,14
6064,2019-09-08,66,66,0
6065,2019-09-08,43,37,-6
6066,2019-09-08,30,14,-16
6067,2019-09-08,43,57,14
6068,2019-09-08,6,9,3
6070,2019-09-08,79,80,1
6072,2019-09-08,22,27,5
6073,2019-09-08,54,79,25
6075,2019-09-08,28,14,-14
6076,2019-09-08,22,25,3
6078,2019-09-08,28,31,3
6079,2019-09-08,49,52,3
6080,2019-09-08,78,84,6
6081,2019-09-08,21,20,-1
6082,2019-09-08,17,19,2
6083,2019-09-08,39,26,-13
6084,2019-09-08,19,18,-1
6085,2019-09-08,32,50,18
6086,2019-09-08,62,49,-13
6087,2019-09-08,81,102,21
6088,2019-09-08,33,36,3
6089,2019-09-08,21,18,-3
6090,2019-09-08,26,24,-2
6091,2019-09-08,40,31,-9
6092,2019-09-08,43,40,-3
6093,2019-09-08,51,45,-6
6094,2019-09-08,9,8,-1
6095,2019-09-08,116,118,2
6096,2019-09-08,14,31,17
6097,2019-09-08,71,41,-30
6098,2019-09-08,19,9,-10
6099,2019-09-08,78,112,34
6100,2019-09-08,131,117,-14
6101,2019-09-08,28,11,-17
6102,2019-09-08,21,13,-8
6103,2019-09-08,10,20,10
6104,2019-09-08,26,41,15
6105,2019-09-08,19,28,9
6106,2019-09-08,22,33,11
6107,2019-09-08,84,71,-13
6108,2019-09-08,26,38,12
6109,2019-09-08,32,30,-2
6110,2019-09-08,19,22,3
6111,2019-09-08,28,23,-5
6112,2019-09-08,64,74,10
6113,2019-09-08,23,27,4
6114,2019-09-08,120,146,26
6115,2019-09-08,14,15,1
6116,2019-09-08,43,57,14
6117,2019-09-08,38,41,3
6118,2019-09-08,48,55,7
6119,2019-09-08,69,89,20
6120,2019-09-08,47,76,29
6121,2019-09-08,17,26,9
6122,2019-09-08,17,24,7
6123,2019-09-08,27,26,-1
6124,2019-09-08,34,46,12
6125,2019-09-08,14,16,2
6126,2019-09-08,34,42,8
6127,2019-09-08,37,39,2
6128,2019-09-08,16,19,3
6129,2019-09-08,58,50,-8
6130,2019-09-08,21,15,-6
6131,2019-09-08,57,40,-17
6132,2019-09-08,22,24,2
6133,2019-09-08,28,31,3
6134,2019-09-08,31,33,2
6136,2019-09-08,200,172,-28
6137,2019-09-08,78,90,12
6138,2019-09-08,66,66,0
6139,2019-09-08,34,23,-11
6140,2019-09-08,90,88,-2
6141,2019-09-08,57,49,-8
6142,2019-09-08,89,62,-27
6143,2019-09-08,84,93,9
6145,2019-09-08,50,43,-7
6146,2019-09-08,65,48,-17
6147,2019-09-08,64,33,-31
6148,2019-09-08,91,69,-22
6149,2019-09-08,30,31,1
6150,2019-09-08,59,52,-7
6151,2019-09-08,97,87,-10
6152,2019-09-08,111,99,-12
6153,2019-09-08,25,21,-4
6154,2019-09-08,152,139,-13
6155,2019-09-08,110,98,-12
6156,2019-09-08,52,51,-1
6157,2019-09-08,105,90,-15
6158,2019-09-08,55,60,5
6159,2019-09-08,27,20,-7
6160,2019-09-08,38,37,-1
6161,2019-09-08,37,35,-2
6162,2019-09-08,2,3,1
6163,2019-09-08,92,104,12
6164,2019-09-08,78,84,6
6165,2019-09-08,100,122,22
6166,2019-09-08,41,36,-5
6167,2019-09-08,38,40,2
6168,2019-09-08,66,48,-18
6169,2019-09-08,129,106,-23
6170,2019-09-08,74,81,7
6171,2019-09-08,21,24,3
6173,2019-09-08,95,61,-34
6174,2019-09-08,72,54,-18
6175,2019-09-08,79,45,-34
6176,2019-09-08,86,88,2
6177,2019-09-08,69,77,8
6178,2019-09-08,91,93,2
6179,2019-09-08,67,63,-4
6180,2019-09-08,33,35,2
6181,2019-09-08,83,67,-16
6182,2019-09-08,48,32,-16
6183,2019-09-08,79,70,-9
6184,2019-09-08,211,190,-21
6185,2019-09-08,26,28,2
6187,2019-09-08,105,119,14
6188,2019-09-08,45,47,2
6189,2019-09-08,19,21,2
6190,2019-09-08,102,59,-43
6191,2019-09-08,35,29,-6
6192,2019-09-08,17,22,5
6193,2019-09-08,96,97,1
6195,2019-09-08,52,35,-17
6196,2019-09-08,90,72,-18
6197,2019-09-08,36,43,7
6198,2019-09-08,14,17,3
6199,2019-09-08,62,44,-18
6200,2019-09-08,58,68,10
6201,2019-09-08,55,58,3
6202,2019-09-08,75,54,-21
6203,2019-09-08,26,25,-1
6204,2019-09-08,75,65,-10
6205,2019-09-08,70,69,-1
6206,2019-09-08,100,109,9
6207,2019-09-08,24,23,-1
6208,2019-09-08,44,51,7
6209,2019-09-08,64,40,-24
6210,2019-09-08,14,20,6
6211,2019-09-08,129,119,-10
6212,2019-09-08,81,63,-18
6213,2019-09-08,111,109,-2
6214,2019-09-08,83,73,-10
6215,2019-09-08,57,42,-15
6216,2019-09-08,202,132,-70
6217,2019-09-08,74,67,-7
6218,2019-09-08,46,41,-5
6219,2019-09-08,43,31,-12
6220,2019-09-08,65,54,-11
6221,2019-09-08,149,129,-20
6222,2019-09-08,80,70,-10
6223,2019-09-08,77,60,-17
6224,2019-09-08,56,53,-3
6225,2019-09-08,42,37,-5
6226,2019-09-08,11,10,-1
6227,2019-09-08,96,93,-3
6228,2019-09-08,16,16,0
6229,2019-09-08,57,51,-6
6230,2019-09-08,89,92,3
6231,2019-09-08,95,83,-12
6232,2019-09-08,29,27,-2
6233,2019-09-08,101,92,-9
6234,2019-09-08,49,56,7
6235,2019-09-08,39,17,-22
6236,2019-09-08,65,60,-5
6237,2019-09-08,53,58,5
6240,2019-09-08,14,11,-3
6241,2019-09-08,24,23,-1
6243,2019-09-08,57,53,-4
6245,2019-09-08,38,39,1
6246,2019-09-08,35,40,5
6247,2019-09-08,83,71,-12
6248,2019-09-08,110,80,-30
6249,2019-09-08,76,75,-1
6250,2019-09-08,106,101,-5
6251,2019-09-08,13,15,2
6252,2019-09-08,49,49,0
6253,2019-09-08,63,48,-15
6254,2019-09-08,60,60,0
6255,2019-09-08,92,88,-4
6257,2019-09-08,33,27,-6
6258,2019-09-08,84,61,-23
6259,2019-09-08,27,26,-1
6260,2019-09-08,36,33,-3
6261,2019-09-08,37,34,-3
6262,2019-09-08,44,49,5
6263,2019-09-08,13,15,2
6264,2019-09-08,29,18,-11
6265,2019-09-08,41,44,3
6266,2019-09-08,24,17,-7
6267,2019-09-08,51,48,-3
6268,2019-09-08,41,35,-6
6269,2019-09-08,25,30,5
6270,2019-09-08,25,28,3
6271,2019-09-08,2,3,1
6272,2019-09-08,14,24,10
6273,2019-09-08,32,27,-5
6274,2019-09-08,31,36,5
6275,2019-09-08,20,24,4
6276,2019-09-08,36,35,-1
6277,2019-09-08,64,60,-4
6278,2019-09-08,19,23,4
6279,2019-09-08,12,12,0
6280,2019-09-08,66,67,1
6281,2019-09-08,24,8,-16
6301,2019-09-08,18,14,-4
6302,2019-09-08,15,14,-1
6303,2019-09-08,13,13,0
6304,2019-09-08,5,4,-1
6305,2019-09-08,12,4,-8
6306,2019-09-08,43,27,-16
6307,2019-09-08,71,73,2
6309,2019-09-08,17,15,-2
6310,2019-09-08,32,15,-17
6311,2019-09-08,35,31,-4
6312,2019-09-08,21,35,14
6313,2019-09-08,41,31,-10
6314,2019-09-08,37,46,9
6315,2019-09-08,46,26,-20
6316,2019-09-08,30,12,-18
6321,2019-09-08,75,78,3
6322,2019-09-08,22,25,3
6323,2019-09-08,6,13,7
6324,2019-09-08,21,22,1
6327,2019-09-08,29,21,-8
6328,2019-09-08,56,45,-11
6329,2019-09-08,18,23,5
6330,2019-09-08,30,27,-3
6331,2019-09-08,19,12,-7
6332,2019-09-08,22,25,3
6333,2019-09-08,17,14,-3
6334,2019-09-08,50,51,1
6335,2019-09-08,24,21,-3
6336,2019-09-08,25,30,5
6338,2019-09-08,23,23,0
6339,2019-09-08,21,23,2
6340,2019-09-08,30,34,4
6341,2019-09-08,24,23,-1
6343,2019-09-08,34,34,0
6344,2019-09-08,33,37,4
6345,2019-09-08,15,14,-1
6346,2019-09-08,8,7,-1
6347,2019-09-08,13,13,0
6349,2019-09-08,34,34,0
6350,2019-09-08,23,25,2
6354,2019-09-08,22,28,6
6355,2019-09-08,16,19,3
6356,2019-09-08,21,17,-4
6357,2019-09-08,11,9,-2
6358,2019-09-08,20,16,-4
6359,2019-09-08,68,64,-4
6360,2019-09-08,52,38,-14
6361,2019-09-08,33,27,-6
6362,2019-09-08,32,28,-4
6363,2019-09-08,19,16,-3
6364,2019-09-08,33,24,-9
6366,2019-09-08,23,21,-2
6367,2019-09-08,20,20,0
6368,2019-09-08,57,62,5
6369,2019-09-08,18,20,2
6370,2019-09-08,27,30,3
6371,2019-09-08,69,73,4
6372,2019-09-08,111,121,10
6373,2019-09-08,29,23,-6
6374,2019-09-08,31,30,-1
6375,2019-09-08,48,60,12
6376,2019-09-08,22,20,-2
6377,2019-09-08,23,29,6
6379,2019-09-08,17,19,2
6380,2019-09-08,15,18,3
6381,2019-09-08,56,48,-8
6383,2019-09-08,17,24,7
6384,2019-09-08,20,16,-4
6385,2019-09-08,37,35,-2
6386,2019-09-08,22,24,2
6387,2019-09-08,50,55,5
6388,2019-09-08,18,21,3
6389,2019-09-08,38,32,-6
6391,2019-09-08,43,62,19
6393,2019-09-08,37,44,7
6394,2019-09-08,56,70,14
6395,2019-09-08,39,39,0
6396,2019-09-08,96,107,11
6397,2019-09-08,23,39,16
6398,2019-09-08,22,30,8
6401,2019-09-08,36,48,12
6402,2019-09-08,34,43,9
6403,2019-09-08,23,26,3
6404,2019-09-08,8,14,6
6405,2019-09-08,38,58,20
6406,2019-09-08,158,187,29
6407,2019-09-08,7,16,9
6408,2019-09-08,29,35,6
6409,2019-09-08,9,7,-2
6410,2019-09-08,32,21,-11
6411,2019-09-08,101,84,-17
6412,2019-09-08,10,14,4
6413,2019-09-08,14,15,1
6414,2019-09-08,21,20,-1
6415,2019-09-08,15,13,-2
6416,2019-09-08,17,9,-8
6417,2019-09-08,19,26,7
6418,2019-09-08,5,3,-2
6419,2019-09-08,7,11,4
6420,2019-09-08,29,26,-3
6421,2019-09-08,41,35,-6
6422,2019-09-08,5,4,-1
6423,2019-09-08,10,8,-2
6424,2019-09-08,25,24,-1
6425,2019-09-08,20,24,4
6426,2019-09-08,42,36,-6
6427,2019-09-08,41,43,2
6428,2019-09-08,15,15,0
6429,2019-09-08,26,35,9
6432,2019-09-08,68,65,-3
6433,2019-09-08,12,12,0
6434,2019-09-08,32,34,2
6435,2019-09-08,22,23,1
6436,2019-09-08,13,11,-2
6501,2019-09-08,140,185,45
6502,2019-09-08,21,22,1
6503,2019-09-08,46,34,-12
6504,2019-09-08,44,33,-11
6700,2019-09-08,11,25,14
6701,2019-09-08,32,30,-2
6702,2019-09-08,10,16,6
6703,2019-09-08,81,82,1
6704,2019-09-08,19,19,0
6705,2019-09-08,10,14,4
6706,2019-09-08,18,12,-6
6707,2019-09-08,7,16,9
6709,2019-09-08,16,19,3
6710,2019-09-08,11,13,2
6711,2019-09-08,15,14,-1
6712,2019-09-08,15,17,2
6713,2019-09-08,6,7,1
6714,2019-09-08,10,8,-2
6715,2019-09-08,11,9,-2
6716,2019-09-08,13,13,0
6717,2019-09-08,14,9,-5
6718,2019-09-08,13,21,8
6719,2019-09-08,15,12,-3
6720,2019-09-08,20,18,-2
6721,2019-09-08,20,23,3
6722,2019-09-08,1,7,6
6723,2019-09-08,11,14,3
6724,2019-09-08,52,64,12
6725,2019-09-08,18,15,-3
6726,2019-09-08,8,4,-4
6727,2019-09-08,29,41,12
6728,2019-09-08,22,19,-3
6729,2019-09-08,114,110,-4
6730,2019-09-08,10,10,0
6731,2019-09-08,15,9,-6
6732,2019-09-08,19,17,-2
6733,2019-09-08,25,28,3
6734,2019-09-08,49,45,-4
6735,2019-09-08,7,10,3
6736,2019-09-08,6,9,3
6737,2019-09-08,12,16,4
6738,2019-09-08,14,14,0
6739,2019-09-08,5,4,-1
6741,2019-09-08,9,18,9
6742,2019-09-08,39,41,2
6743,2019-09-08,17,12,-5
6744,2019-09-08,16,21,5
6745,2019-09-08,17,14,-3
6746,2019-09-08,8,12,4
6747,2019-09-08,19,11,-8
6748,2019-09-08,41,56,15
6749,2019-09-08,34,46,12
6750,2019-09-08,28,42,14
6752,2019-09-08,15,13,-2
6753,2019-09-08,9,6,-3
6754,2019-09-08,13,11,-2
6901,2019-09-08,40,45,5
6902,2019-09-08,47,61,14
6903,2019-09-08,70,78,8
6904,2019-09-08,27,31,4
6905,2019-09-08,28,23,-5
6906,2019-09-08,53,39,-14
6907,2019-09-08,77,51,-26
6908,2019-09-08,44,36,-8
6910,2019-09-08,100,85,-15
6912,2019-09-08,86,78,-8
6913,2019-09-08,48,30,-18
6915,2019-09-08,71,70,-1
6916,2019-09-08,21,24,3
6917,2019-09-08,14,21,7
6918,2019-09-08,36,24,-12
6919,2019-09-08,27,15,-12
6921,2019-09-08,20,25,5
6923,2019-09-08,36,30,-6
6924,2019-09-08,17,15,-2
6925,2019-09-08,30,22,-8
6926,2019-09-08,48,36,-12
6927,2019-09-08,25,20,-5
6928,2019-09-08,18,8,-10
6929,2019-09-08,26,20,-6
6930,2019-09-08,9,8,-1
7001,2019-09-08,33,34,1
7002,2019-09-08,6,8,2
7003,2019-09-08,59,63,4
7004,2019-09-08,9,14,5
7005,2019-09-08,9,10,1
7006,2019-09-08,8,9,1
7007,2019-09-08,7,14,7
7008,2019-09-08,11,13,2
7009,2019-09-08,35,57,22
7010,2019-09-08,15,13,-2
7011,2019-09-08,80,92,12
7012,2019-09-08,24,29,5
7013,2019-09-08,24,19,-5
7014,2019-09-08,23,20,-3
7015,2019-09-08,18,19,1
7016,2019-09-08,13,7,-6
7017,2019-09-08,12,19,7
7018,2019-09-08,24,23,-1
7019,2019-09-08,7,6,-1
7020,2019-09-08,24,25,1
7021,2019-09-08,24,23,-1
7022,2019-09-08,27,19,-8
7023,2019-09-08,3,3,0
7024,2019-09-08,48,27,-21
7025,2019-09-08,25,18,-7
7026,2019-09-08,29,33,4
7027,2019-09-08,36,38,2
7028,2019-09-08,34,31,-3
7029,2019-09-08,48,37,-11
7030,2019-09-08,36,31,-5
7031,2019-09-08,48,45,-3
7032,2019-09-08,81,53,-28
7033,2019-09-08,53,47,-6
7034,2019-09-08,23,87,64
7035,2019-09-08,21,28,7
7036,2019-09-08,44,42,-2
7037,2019-09-08,27,28,1
7038,2019-09-08,69,48,-21
7039,2019-09-08,27,22,-5
7040,2019-09-08,48,39,-9
7041,2019-09-08,61,69,8
7042,2019-09-08,22,18,-4
7043,2019-09-08,17,17,0
7044,2019-09-08,5,11,6
7045,2019-09-08,85,82,-3
7046,2019-09-08,19,19,0
7047,2019-09-08,108,132,24
7048,2019-09-08,13,9,-4
7049,2019-09-08,5,7,2
7050,2019-09-08,22,23,1
7051,2019-09-08,10,7,-3
7052,2019-09-08,12,20,8
7053,2019-09-08,25,32,7
7054,2019-09-08,44,46,2
7055,2019-09-08,16,33,17
7056,2019-09-08,6,11,5
7057,2019-09-08,32,36,4
7058,2019-09-08,18,22,4
7059,2019-09-08,13,21,8
7060,2019-09-08,17,17,0
7061,2019-09-08,26,24,-2
7062,2019-09-08,34,25,-9
7063,2019-09-08,16,21,5
7064,2019-09-08,10,13,3
7065,2019-09-08,32,22,-10
7066,2019-09-08,48,96,48
7067,2019-09-08,26,32,6
7068,2019-09-08,70,90,20
7069,2019-09-08,38,61,23
7070,2019-09-08,24,28,4
7071,2019-09-08,24,22,-2
7072,2019-09-08,33,22,-11
7073,2019-09-08,41,40,-1
7074,2019-09-08,26,26,0
7075,2019-09-08,2,0,-2
7076,2019-09-08,53,43,-10
7077,2019-09-08,21,30,9
7078,2019-09-08,30,25,-5
7079,2019-09-08,9,11,2
7080,2019-09-08,40,31,-9
7082,2019-09-08,56,60,4
7083,2019-09-08,36,34,-2
7084,2019-09-08,56,50,-6
7086,2019-09-08,5,5,0
7087,2019-09-08,2,3,1
7089,2019-09-08,2,1,-1
7090,2019-09-08,7,13,6
7091,2019-09-08,5,4,-1
7093,2019-09-08,2,2,0
7094,2019-09-08,2,2,0
7095,2019-09-08,3,4,1
7096,2019-09-08,19,18,-1
7097,2019-09-08,7,7,0
7098,2019-09-08,3,2,-1
7099,2019-09-08,4,2,-2
7100,2019-09-08,12,8,-4
7101,2019-09-08,4,5,1
7102,2019-09-08,12,12,0
7103,2019-09-08,25,24,-1
7104,2019-09-08,6,3,-3
7105,2019-09-08,11,11,0
7106,2019-09-08,5,4,-1
7107,2019-09-08,7,6,-1
7108,2019-09-08,10,9,-1
7110,2019-09-08,12,12,0
7111,2019-09-08,7,10,3
7112,2019-09-08,11,10,-1
7113,2019-09-08,30,28,-2
7114,2019-09-08,75,89,14
7115,2019-09-08,5,5,0
7116,2019-09-08,11,6,-5
7118,2019-09-08,2,2,0
7119,2019-09-08,13,23,10
7120,2019-09-08,5,5,0
7121,2019-09-08,4,3,-1
7122,2019-09-08,5,2,-3
7123,2019-09-08,3,2,-1
7124,2019-09-08,21,14,-7
7125,2019-09-08,13,16,3
7126,2019-09-08,4,5,1
7127,2019-09-08,10,13,3
7128,2019-09-08,8,5,-3
7129,2019-09-08,5,10,5
7130,2019-09-08,9,7,-2
7131,2019-09-08,1,0,-1
7133,2019-09-08,3,6,3
7134,2019-09-08,2,6,4
7135,2019-09-08,13,15,2
7136,2019-09-08,4,6,2
7137,2019-09-08,16,12,-4
7138,2019-09-08,7,8,1
7139,2019-09-08,32,37,5
7140,2019-09-08,11,18,7
7141,2019-09-08,19,22,3
7142,2019-09-08,18,18,0
7143,2019-09-08,17,17,0
7144,2019-09-08,35,36,1
7145,2019-09-08,6,10,4
7146,2019-09-08,11,14,3
7147,2019-09-08,26,16,-10
7148,2019-09-08,12,16,4
7149,2019-09-08,17,18,1
10002,2019-09-08,43,49,6
4000,2019-09-09,52,64,12
4001,2019-09-09,10,15,5
4002,2019-09-09,18,25,7
5002,2019-09-09,2,1,-1
5003,2019-09-09,3,1,-2
5004,2019-09-09,4,2,-2
5005,2019-09-09,2,10,8
5006,2019-09-09,8,11,3
5007,2019-09-09,24,27,3
6001,2019-09-09,74,113,39
6002,2019-09-09,40,54,14
6003,2019-09-09,64,78,14
6004,2019-09-09,30,46,16
6005,2019-09-09,82,88,6
6006,2019-09-09,42,26,-16
6007,2019-09-09,40,44,4
6008,2019-09-09,59,109,50
6009,2019-09-09,59,53,-6
6011,2019-09-09,80,96,16
6012,2019-09-09,112,167,55
6013,2019-09-09,86,117,31
6014,2019-09-09,70,89,19
6015,2019-09-09,155,215,60
6016,2019-09-09,7,12,5
6017,2019-09-09,50,54,4
6018,2019-09-09,63,71,8
6019,2019-09-09,118,99,-19
6020,2019-09-09,76,105,29
6021,2019-09-09,97,67,-30
6022,2019-09-09,47,51,4
6023,2019-09-09,113,145,32
6024,2019-09-09,2,1,-1
6025,2019-09-09,38,40,2
6026,2019-09-09,97,136,39
6027,2019-09-09,120,97,-23
6029,2019-09-09,27,32,5
6031,2019-09-09,30,49,19
6032,2019-09-09,66,125,59
6033,2019-09-09,26,25,-1
6035,2019-09-09,38,74,36
6036,2019-09-09,115,173,58
6037,2019-09-09,39,46,7
6038,2019-09-09,102,102,0
6039,2019-09-09,70,87,17
6040,2019-09-09,40,62,22
6041,2019-09-09,65,67,2
6042,2019-09-09,91,86,-5
6043,2019-09-09,186,382,196
6044,2019-09-09,117,98,-19
6046,2019-09-09,138,140,2
6047,2019-09-09,106,105,-1
6048,2019-09-09,49,47,-2
6049,2019-09-09,94,112,18
6050,2019-09-09,75,74,-1
6051,2019-09-09,34,23,-11
6052,2019-09-09,191,229,38
6053,2019-09-09,138,135,-3
6057,2019-09-09,77,76,-1
6058,2019-09-09,69,61,-8
6059,2019-09-09,92,41,-51
6060,2019-09-09,36,19,-17
6061,2019-09-09,64,63,-1
6062,2019-09-09,83,61,-22
6063,2019-09-09,90,79,-11
6064,2019-09-09,171,144,-27
6065,2019-09-09,64,49,-15
6066,2019-09-09,40,21,-19
6067,2019-09-09,105,105,0
6068,2019-09-09,15,17,2
6070,2019-09-09,273,235,-38
6072,2019-09-09,72,88,16
6073,2019-09-09,177,140,-37
6075,2019-09-09,47,18,-29
6076,2019-09-09,23,40,17
6078,2019-09-09,76,76,0
6079,2019-09-09,85,76,-9
6080,2019-09-09,156,141,-15
6081,2019-09-09,38,30,-8
6082,2019-09-09,30,20,-10
6083,2019-09-09,104,88,-16
6084,2019-09-09,59,81,22
6085,2019-09-09,106,154,48
6086,2019-09-09,54,87,33
6087,2019-09-09,107,129,22
6088,2019-09-09,64,81,17
6089,2019-09-09,62,59,-3
6090,2019-09-09,60,61,1
6091,2019-09-09,46,47,1
6092,2019-09-09,78,67,-11
6093,2019-09-09,79,70,-9
6094,2019-09-09,24,23,-1
6095,2019-09-09,160,147,-13
6096,2019-09-09,41,68,27
6097,2019-09-09,77,46,-31
6098,2019-09-09,44,20,-24
6099,2019-09-09,117,150,33
6100,2019-09-09,275,277,2
6101,2019-09-09,60,23,-37
6102,2019-09-09,41,35,-6
6103,2019-09-09,17,26,9
6104,2019-09-09,67,92,25
6105,2019-09-09,39,64,25
6106,2019-09-09,26,29,3
6107,2019-09-09,72,65,-7
6108,2019-09-09,45,61,16
6109,2019-09-09,18,21,3
6110,2019-09-09,34,30,-4
6111,2019-09-09,48,64,16
6112,2019-09-09,77,98,21
6113,2019-09-09,43,40,-3
6114,2019-09-09,102,159,57
6115,2019-09-09,17,21,4
6116,2019-09-09,58,60,2
6117,2019-09-09,62,54,-8
6118,2019-09-09,61,84,23
6119,2019-09-09,67,96,29
6120,2019-09-09,57,80,23
6121,2019-09-09,22,36,14
6122,2019-09-09,19,24,5
6123,2019-09-09,22,40,18
6124,2019-09-09,45,65,20
6125,2019-09-09,35,24,-11
6126,2019-09-09,48,59,11
6127,2019-09-09,47,35,-12
6128,2019-09-09,17,15,-2
6129,2019-09-09,59,63,4
6130,2019-09-09,29,23,-6
6131,2019-09-09,77,53,-24
6132,2019-09-09,46,64,18
6133,2019-09-09,26,26,0
6134,2019-09-09,48,41,-7
6136,2019-09-09,321,227,-94
6137,2019-09-09,106,92,-14
6138,2019-09-09,76,78,2
6139,2019-09-09,45,35,-10
6140,2019-09-09,89,97,8
6141,2019-09-09,53,45,-8
6142,2019-09-09,104,55,-49
6143,2019-09-09,82,82,0
6145,2019-09-09,58,57,-1
6146,2019-09-09,61,44,-17
6147,2019-09-09,100,60,-40
6148,2019-09-09,124,97,-27
6149,2019-09-09,47,51,4
6150,2019-09-09,58,70,12
6151,2019-09-09,70,82,12
6152,2019-09-09,107,91,-16
6153,2019-09-09,67,70,3
6154,2019-09-09,183,174,-9
6155,2019-09-09,115,105,-10
6156,2019-09-09,74,72,-2
6157,2019-09-09,87,85,-2
6158,2019-09-09,62,56,-6
6159,2019-09-09,28,39,11
6160,2019-09-09,59,42,-17
6161,2019-09-09,33,40,7
6162,2019-09-09,13,12,-1
6163,2019-09-09,82,97,15
6164,2019-09-09,60,66,6
6165,2019-09-09,102,144,42
6166,2019-09-09,66,58,-8
6167,2019-09-09,24,37,13
6168,2019-09-09,86,82,-4
6169,2019-09-09,153,124,-29
6170,2019-09-09,61,45,-16
6171,2019-09-09,37,51,14
6173,2019-09-09,107,72,-35
6174,2019-09-09,110,84,-26
6175,2019-09-09,109,80,-29
6176,2019-09-09,76,77,1
6177,2019-09-09,55,58,3
6178,2019-09-09,97,97,0
6179,2019-09-09,75,81,6
6180,2019-09-09,53,65,12
6181,2019-09-09,147,92,-55
6182,2019-09-09,46,44,-2
6183,2019-09-09,61,62,1
6184,2019-09-09,258,233,-25
6185,2019-09-09,22,23,1
6187,2019-09-09,120,101,-19
6188,2019-09-09,55,43,-12
6189,2019-09-09,15,22,7
6190,2019-09-09,127,82,-45
6191,2019-09-09,51,38,-13
6192,2019-09-09,50,37,-13
6193,2019-09-09,102,94,-8
6195,2019-09-09,81,55,-26
6196,2019-09-09,110,99,-11
6197,2019-09-09,68,55,-13
6198,2019-09-09,28,18,-10
6199,2019-09-09,97,70,-27
6200,2019-09-09,95,83,-12
6201,2019-09-09,74,65,-9
6202,2019-09-09,125,121,-4
6203,2019-09-09,53,51,-2
6204,2019-09-09,95,110,15
6205,2019-09-09,115,103,-12
6206,2019-09-09,143,138,-5
6207,2019-09-09,55,53,-2
6208,2019-09-09,93,103,10
6209,2019-09-09,104,80,-24
6210,2019-09-09,54,37,-17
6211,2019-09-09,170,171,1
6212,2019-09-09,90,69,-21
6213,2019-09-09,144,132,-12
6214,2019-09-09,97,67,-30
6215,2019-09-09,71,69,-2
6216,2019-09-09,118,60,-58
6217,2019-09-09,86,57,-29
6218,2019-09-09,62,48,-14
6219,2019-09-09,72,62,-10
6220,2019-09-09,84,74,-10
6221,2019-09-09,187,171,-16
6222,2019-09-09,93,50,-43
6223,2019-09-09,117,60,-57
6224,2019-09-09,69,58,-11
6225,2019-09-09,60,52,-8
6226,2019-09-09,39,41,2
6227,2019-09-09,121,116,-5
6228,2019-09-09,35,25,-10
6229,2019-09-09,66,65,-1
6230,2019-09-09,101,89,-12
6231,2019-09-09,83,74,-9
6232,2019-09-09,42,38,-4
6233,2019-09-09,102,86,-16
6234,2019-09-09,54,44,-10
6235,2019-09-09,109,69,-40
6236,2019-09-09,66,69,3
6237,2019-09-09,55,60,5
6240,2019-09-09,21,31,10
6241,2019-09-09,44,41,-3
6243,2019-09-09,51,67,16
6245,2019-09-09,48,41,-7
6246,2019-09-09,75,57,-18
6247,2019-09-09,123,108,-15
6248,2019-09-09,152,125,-27
6249,2019-09-09,52,49,-3
6250,2019-09-09,69,56,-13
6251,2019-09-09,19,19,0
6252,2019-09-09,44,39,-5
6253,2019-09-09,60,47,-13
6254,2019-09-09,71,65,-6
6255,2019-09-09,72,75,3
6257,2019-09-09,39,31,-8
6258,2019-09-09,96,59,-37
6259,2019-09-09,43,28,-15
6260,2019-09-09,58,51,-7
6261,2019-09-09,47,53,6
6262,2019-09-09,51,54,3
6263,2019-09-09,28,32,4
6264,2019-09-09,34,36,2
6265,2019-09-09,48,52,4
6266,2019-09-09,26,20,-6
6267,2019-09-09,45,46,1
6268,2019-09-09,62,61,-1
6269,2019-09-09,21,32,11
6270,2019-09-09,24,28,4
6272,2019-09-09,38,30,-8
6273,2019-09-09,32,33,1
6274,2019-09-09,52,51,-1
6275,2019-09-09,36,25,-11
6276,2019-09-09,34,34,0
6277,2019-09-09,51,45,-6
6278,2019-09-09,25,30,5
6279,2019-09-09,28,18,-10
6280,2019-09-09,89,87,-2
6281,2019-09-09,30,18,-12
6301,2019-09-09,35,28,-7
6302,2019-09-09,20,14,-6
6303,2019-09-09,25,15,-10
6304,2019-09-09,13,7,-6
6305,2019-09-09,34,21,-13
6306,2019-09-09,84,42,-42
6307,2019-09-09,80,75,-5
6309,2019-09-09,20,27,7
6310,2019-09-09,100,43,-57
6311,2019-09-09,33,30,-3
6312,2019-09-09,18,28,10
6313,2019-09-09,37,49,12
6314,2019-09-09,60,58,-2
6315,2019-09-09,95,54,-41
6316,2019-09-09,60,23,-37
6321,2019-09-09,89,76,-13
6322,2019-09-09,31,34,3
6323,2019-09-09,11,8,-3
6324,2019-09-09,27,35,8
6327,2019-09-09,32,23,-9
6328,2019-09-09,26,33,7
6329,2019-09-09,22,27,5
6330,2019-09-09,26,30,4
6331,2019-09-09,15,11,-4
6332,2019-09-09,30,43,13
6333,2019-09-09,12,16,4
6334,2019-09-09,83,77,-6
6335,2019-09-09,42,34,-8
6336,2019-09-09,26,26,0
6338,2019-09-09,26,18,-8
6339,2019-09-09,24,18,-6
6340,2019-09-09,23,28,5
6341,2019-09-09,32,41,9
6343,2019-09-09,34,35,1
6344,2019-09-09,50,49,-1
6345,2019-09-09,16,18,2
6346,2019-09-09,33,38,5
6347,2019-09-09,33,24,-9
6349,2019-09-09,24,32,8
6350,2019-09-09,37,36,-1
6354,2019-09-09,36,34,-2
6355,2019-09-09,26,41,15
6356,2019-09-09,43,24,-19
6357,2019-09-09,24,20,-4
6358,2019-09-09,17,26,9
6359,2019-09-09,96,108,12
6360,2019-09-09,46,44,-2
6361,2019-09-09,41,37,-4
6362,2019-09-09,26,38,12
6363,2019-09-09,29,29,0
6364,2019-09-09,56,44,-12
6366,2019-09-09,32,21,-11
6367,2019-09-09,15,13,-2
6368,2019-09-09,45,50,5
6369,2019-09-09,51,65,14
6370,2019-09-09,33,36,3
6371,2019-09-09,67,77,10
6372,2019-09-09,89,87,-2
6373,2019-09-09,21,45,24
6374,2019-09-09,46,48,2
6375,2019-09-09,76,80,4
6376,2019-09-09,30,36,6
6377,2019-09-09,34,49,15
6379,2019-09-09,29,29,0
6380,2019-09-09,24,27,3
6381,2019-09-09,51,65,14
6383,2019-09-09,26,24,-2
6384,2019-09-09,22,20,-2
6385,2019-09-09,66,73,7
6386,2019-09-09,42,43,1
6387,2019-09-09,85,86,1
6388,2019-09-09,25,32,7
6389,2019-09-09,40,24,-16
6391,2019-09-09,52,79,27
6393,2019-09-09,49,71,22
6394,2019-09-09,38,74,36
6395,2019-09-09,74,67,-7
6396,2019-09-09,114,84,-30
6397,2019-09-09,33,60,27
6398,2019-09-09,37,57,20
6401,2019-09-09,40,55,15
6402,2019-09-09,32,42,10
6403,2019-09-09,30,38,8
6404,2019-09-09,10,17,7
6405,2019-09-09,42,41,-1
6406,2019-09-09,72,91,19
6407,2019-09-09,14,26,12
6408,2019-09-09,59,65,6
6409,2019-09-09,20,27,7
6410,2019-09-09,44,55,11
6411,2019-09-09,129,104,-25
6412,2019-09-09,36,43,7
6413,2019-09-09,30,98,68
6414,2019-09-09,12,17,5
6415,2019-09-09,19,29,10
6416,2019-09-09,20,12,-8
6417,2019-09-09,26,39,13
6418,2019-09-09,6,13,7
6419,2019-09-09,10,13,3
6420,2019-09-09,35,35,0
6421,2019-09-09,44,33,-11
6422,2019-09-09,6,15,9
6423,2019-09-09,27,20,-7
6424,2019-09-09,39,81,42
6425,2019-09-09,25,34,9
6426,2019-09-09,80,79,-1
6427,2019-09-09,58,69,11
6428,2019-09-09,13,12,-1
6429,2019-09-09,32,48,16
6432,2019-09-09,105,106,1
6433,2019-09-09,34,35,1
6434,2019-09-09,62,63,1
6435,2019-09-09,33,30,-3
6436,2019-09-09,25,23,-2
6501,2019-09-09,88,108,20
6502,2019-09-09,17,16,-1
6503,2019-09-09,83,64,-19
6504,2019-09-09,18,12,-6
6700,2019-09-09,17,35,18
6701,2019-09-09,78,77,-1
6702,2019-09-09,20,22,2
6703,2019-09-09,48,48,0
6704,2019-09-09,26,31,5
6705,2019-09-09,13,20,7
6706,2019-09-09,13,25,12
6707,2019-09-09,23,18,-5
6709,2019-09-09,35,33,-2
6710,2019-09-09,14,18,4
6711,2019-09-09,26,23,-3
6712,2019-09-09,10,14,4
6713,2019-09-09,16,19,3
6714,2019-09-09,5,4,-1
6715,2019-09-09,15,16,1
6716,2019-09-09,7,10,3
6717,2019-09-09,13,17,4
6718,2019-09-09,31,32,1
6719,2019-09-09,25,23,-2
6720,2019-09-09,26,37,11
6721,2019-09-09,21,19,-2
6722,2019-09-09,9,11,2
6723,2019-09-09,17,19,2
6724,2019-09-09,46,60,14
6725,2019-09-09,21,27,6
6726,2019-09-09,14,11,-3
6727,2019-09-09,81,93,12
6728,2019-09-09,16,20,4
6729,2019-09-09,122,139,17
6730,2019-09-09,14,10,-4
6731,2019-09-09,18,18,0
6732,2019-09-09,27,28,1
6733,2019-09-09,27,38,11
6734,2019-09-09,36,36,0
6735,2019-09-09,18,14,-4
6736,2019-09-09,12,20,8
6737,2019-09-09,18,20,2
6738,2019-09-09,91,80,-11
6739,2019-09-09,7,5,-2
6741,2019-09-09,19,19,0
6742,2019-09-09,48,59,11
6743,2019-09-09,26,15,-11
6744,2019-09-09,22,26,4
6745,2019-09-09,20,23,3
6746,2019-09-09,15,20,5
6747,2019-09-09,40,42,2
6748,2019-09-09,51,58,7
6749,2019-09-09,65,58,-7
6750,2019-09-09,59,50,-9
6752,2019-09-09,26,22,-4
6753,2019-09-09,19,12,-7
6754,2019-09-09,15,15,0
6901,2019-09-09,50,61,11
6902,2019-09-09,59,74,15
6903,2019-09-09,98,100,2
6904,2019-09-09,42,34,-8
6905,2019-09-09,36,27,-9
6906,2019-09-09,100,67,-33
6907,2019-09-09,81,53,-28
6908,2019-09-09,58,43,-15
6910,2019-09-09,109,97,-12
6912,2019-09-09,133,90,-43
6913,2019-09-09,44,36,-8
6915,2019-09-09,66,60,-6
6916,2019-09-09,33,33,0
6917,2019-09-09,11,14,3
6918,2019-09-09,26,19,-7
6919,2019-09-09,37,29,-8
6921,2019-09-09,74,73,-1
6923,2019-09-09,44,44,0
6924,2019-09-09,13,20,7
6925,2019-09-09,46,39,-7
6926,2019-09-09,57,46,-11
6927,2019-09-09,98,50,-48
6928,2019-09-09,79,50,-29
6929,2019-09-09,39,30,-9
6930,2019-09-09,16,22,6
7001,2019-09-09,28,36,8
7002,2019-09-09,23,27,4
7003,2019-09-09,119,84,-35
7004,2019-09-09,23,17,-6
7005,2019-09-09,5,6,1
7006,2019-09-09,13,15,2
7007,2019-09-09,11,20,9
7008,2019-09-09,22,22,0
7009,2019-09-09,46,46,0
7010,2019-09-09,25,23,-2
7011,2019-09-09,70,71,1
7012,2019-09-09,38,44,6
7013,2019-09-09,27,23,-4
7014,2019-09-09,120,57,-63
7015,2019-09-09,11,14,3
7016,2019-09-09,8,17,9
7017,2019-09-09,25,36,11
7018,2019-09-09,30,47,17
7019,2019-09-09,114,113,-1
7020,2019-09-09,29,44,15
7021,2019-09-09,49,45,-4
7022,2019-09-09,30,33,3
7023,2019-09-09,5,1,-4
7024,2019-09-09,86,48,-38
7025,2019-09-09,44,35,-9
7026,2019-09-09,57,53,-4
7027,2019-09-09,33,43,10
7028,2019-09-09,85,96,11
7029,2019-09-09,41,49,8
7030,2019-09-09,55,62,7
7031,2019-09-09,38,39,1
7032,2019-09-09,127,73,-54
7033,2019-09-09,76,81,5
7034,2019-09-09,32,61,29
7035,2019-09-09,34,46,12
7036,2019-09-09,50,53,3
7037,2019-09-09,66,66,0
7038,2019-09-09,52,48,-4
7039,2019-09-09,24,29,5
7040,2019-09-09,62,79,17
7041,2019-09-09,105,87,-18
7042,2019-09-09,36,38,2
7043,2019-09-09,33,17,-16
7044,2019-09-09,14,11,-3
7045,2019-09-09,44,46,2
7046,2019-09-09,105,103,-2
7047,2019-09-09,144,220,76
7048,2019-09-09,31,37,6
7049,2019-09-09,11,15,4
7050,2019-09-09,29,34,5
7051,2019-09-09,8,11,3
7052,2019-09-09,48,57,9
7053,2019-09-09,48,46,-2
7054,2019-09-09,47,54,7
7055,2019-09-09,16,22,6
7056,2019-09-09,14,19,5
7057,2019-09-09,39,41,2
7058,2019-09-09,22,29,7
7059,2019-09-09,31,26,-5
7060,2019-09-09,31,27,-4
7061,2019-09-09,15,14,-1
7062,2019-09-09,41,41,0
7063,2019-09-09,11,16,5
7064,2019-09-09,35,43,8
7065,2019-09-09,45,41,-4
7066,2019-09-09,78,137,59
7067,2019-09-09,71,78,7
7068,2019-09-09,59,92,33
7069,2019-09-09,80,98,18
7070,2019-09-09,33,33,0
7071,2019-09-09,58,37,-21
7072,2019-09-09,35,34,-1
7073,2019-09-09,57,62,5
7074,2019-09-09,19,31,12
7075,2019-09-09,7,9,2
7076,2019-09-09,84,56,-28
7077,2019-09-09,20,22,2
7078,2019-09-09,21,27,6
7079,2019-09-09,33,41,8
7080,2019-09-09,80,107,27
7082,2019-09-09,65,72,7
7083,2019-09-09,62,63,1
7084,2019-09-09,99,105,6
7087,2019-09-09,3,0,-3
7090,2019-09-09,18,21,3
7091,2019-09-09,5,5,0
7092,2019-09-09,8,6,-2
7093,2019-09-09,1,2,1
7094,2019-09-09,3,1,-2
7095,2019-09-09,17,18,1
7096,2019-09-09,33,41,8
7097,2019-09-09,9,10,1
7098,2019-09-09,1,3,2
7099,2019-09-09,6,10,4
7100,2019-09-09,6,6,0
7101,2019-09-09,8,8,0
7102,2019-09-09,20,32,12
7103,2019-09-09,10,11,1
7104,2019-09-09,2,4,2
7105,2019-09-09,3,4,1
7106,2019-09-09,1,2,1
7107,2019-09-09,4,3,-1
7108,2019-09-09,8,9,1
7109,2019-09-09,20,8,-12
7110,2019-09-09,4,4,0
7111,2019-09-09,6,4,-2
7112,2019-09-09,10,10,0
7113,2019-09-09,53,57,4
7114,2019-09-09,91,103,12
7115,2019-09-09,20,15,-5
7116,2019-09-09,8,9,1
7117,2019-09-09,1,3,2
7118,2019-09-09,3,2,-1
7119,2019-09-09,7,17,10
7120,2019-09-09,7,6,-1
7121,2019-09-09,5,7,2
7122,2019-09-09,6,7,1
7123,2019-09-09,3,7,4
7124,2019-09-09,28,24,-4
7125,2019-09-09,21,15,-6
7126,2019-09-09,12,9,-3
7127,2019-09-09,29,29,0
7128,2019-09-09,10,10,0
7129,2019-09-09,15,14,-1
7130,2019-09-09,12,14,2
7131,2019-09-09,5,3,-2
7133,2019-09-09,4,6,2
7134,2019-09-09,4,4,0
7135,2019-09-09,5,8,3
7136,2019-09-09,9,5,-4
7137,2019-09-09,8,10,2
7138,2019-09-09,5,4,-1
7139,2019-09-09,17,12,-5
7140,2019-09-09,38,31,-7
7141,2019-09-09,27,23,-4
7142,2019-09-09,9,10,1
7143,2019-09-09,18,21,3
7144,2019-09-09,37,42,5
7145,2019-09-09,11,17,6
7146,2019-09-09,27,27,0
7147,2019-09-09,31,35,4
7148,2019-09-09,2,6,4
7149,2019-09-09,11,16,5
10002,2019-09-09,91,109,18
4000,2019-09-10,47,45,-2
4001,2019-09-10,8,14,6
4002,2019-09-10,14,16,2
5002,2019-09-10,5,2,-3
5003,2019-09-10,1,1,0
5004,2019-09-10,3,1,-2
5005,2019-09-10,4,7,3
5006,2019-09-10,4,5,1
5007,2019-09-10,18,17,-1
6001,2019-09-10,46,100,54
6002,2019-09-10,28,43,15
6003,2019-09-10,46,72,26
6004,2019-09-10,29,42,13
6005,2019-09-10,51,91,40
6006,2019-09-10,29,18,-11
6007,2019-09-10,23,38,15
6008,2019-09-10,45,76,31
6009,2019-09-10,52,50,-2
6011,2019-09-10,75,83,8
6012,2019-09-10,92,208,116
6013,2019-09-10,49,100,51
6014,2019-09-10,47,69,22
6015,2019-09-10,138,223,85
6016,2019-09-10,12,17,5
6017,2019-09-10,34,35,1
6018,2019-09-10,40,50,10
6019,2019-09-10,138,86,-52
6020,2019-09-10,68,112,44
6021,2019-09-10,87,56,-31
6022,2019-09-10,44,47,3
6023,2019-09-10,53,99,46
6024,2019-09-10,1,1,0
6025,2019-09-10,27,32,5
6026,2019-09-10,55,101,46
6027,2019-09-10,92,112,20
6029,2019-09-10,21,21,0
6031,2019-09-10,29,53,24
6032,2019-09-10,40,107,67
6033,2019-09-10,20,20,0
6035,2019-09-10,23,59,36
6036,2019-09-10,98,143,45
6037,2019-09-10,41,38,-3
6038,2019-09-10,101,98,-3
6039,2019-09-10,63,82,19
6040,2019-09-10,47,65,18
6041,2019-09-10,60,80,20
6042,2019-09-10,70,83,13
6043,2019-09-10,123,399,276
6044,2019-09-10,81,73,-8
6046,2019-09-10,96,124,28
6047,2019-09-10,91,71,-20
6048,2019-09-10,45,45,0
6049,2019-09-10,97,98,1
6050,2019-09-10,36,57,21
6051,2019-09-10,33,23,-10
6052,2019-09-10,96,244,148
6053,2019-09-10,125,145,20
6057,2019-09-10,76,67,-9
6058,2019-09-10,56,68,12
6059,2019-09-10,66,47,-19
6060,2019-09-10,35,30,-5
6061,2019-09-10,68,68,0
6062,2019-09-10,48,48,0
6063,2019-09-10,57,82,25
6064,2019-09-10,106,145,39
6065,2019-09-10,48,44,-4
6066,2019-09-10,45,21,-24
6067,2019-09-10,84,140,56
6068,2019-09-10,7,7,0
6070,2019-09-10,279,240,-39
6072,2019-09-10,78,95,17
6073,2019-09-10,98,119,21
6075,2019-09-10,36,26,-10
6076,2019-09-10,24,34,10
6078,2019-09-10,52,66,14
6079,2019-09-10,66,78,12
6080,2019-09-10,124,125,1
6081,2019-09-10,25,35,10
6082,2019-09-10,16,14,-2
6083,2019-09-10,80,121,41
6084,2019-09-10,54,56,2
6085,2019-09-10,86,154,68
6086,2019-09-10,33,68,35
6087,2019-09-10,86,102,16
6088,2019-09-10,59,74,15
6089,2019-09-10,54,56,2
6090,2019-09-10,55,55,0
6091,2019-09-10,43,33,-10
6092,2019-09-10,31,52,21
6093,2019-09-10,54,54,0
6094,2019-09-10,25,26,1
6095,2019-09-10,125,119,-6
6096,2019-09-10,30,50,20
6097,2019-09-10,62,33,-29
6098,2019-09-10,40,44,4
6099,2019-09-10,81,131,50
6100,2019-09-10,212,228,16
6101,2019-09-10,66,28,-38
6102,2019-09-10,27,21,-6
6103,2019-09-10,13,14,1
6104,2019-09-10,72,102,30
6105,2019-09-10,35,54,19
6106,2019-09-10,23,33,10
6107,2019-09-10,73,62,-11
6108,2019-09-10,34,45,11
6109,2019-09-10,7,7,0
6110,2019-09-10,26,29,3
6111,2019-09-10,30,30,0
6112,2019-09-10,80,80,0
6113,2019-09-10,30,30,0
6114,2019-09-10,95,123,28
6115,2019-09-10,23,14,-9
6116,2019-09-10,44,58,14
6117,2019-09-10,56,79,23
6118,2019-09-10,62,78,16
6119,2019-09-10,67,64,-3
6120,2019-09-10,59,74,15
6121,2019-09-10,19,27,8
6122,2019-09-10,15,22,7
6123,2019-09-10,21,27,6
6124,2019-09-10,30,47,17
6125,2019-09-10,24,20,-4
6126,2019-09-10,46,45,-1
6127,2019-09-10,40,41,1
6128,2019-09-10,15,15,0
6129,2019-09-10,61,56,-5
6130,2019-09-10,14,20,6
6131,2019-09-10,79,36,-43
6132,2019-09-10,62,66,4
6133,2019-09-10,27,28,1
6134,2019-09-10,37,34,-3
6136,2019-09-10,276,221,-55
6137,2019-09-10,73,69,-4
6138,2019-09-10,69,69,0
6139,2019-09-10,29,22,-7
6140,2019-09-10,65,65,0
6141,2019-09-10,50,36,-14
6142,2019-09-10,89,41,-48
6143,2019-09-10,78,71,-7
6145,2019-09-10,31,31,0
6146,2019-09-10,43,28,-15
6147,2019-09-10,104,49,-55
6148,2019-09-10,99,94,-5
6149,2019-09-10,36,24,-12
6150,2019-09-10,45,49,4
6151,2019-09-10,60,66,6
6152,2019-09-10,84,84,0
6153,2019-09-10,69,54,-15
6154,2019-09-10,133,128,-5
6155,2019-09-10,144,118,-26
6156,2019-09-10,65,66,1
6157,2019-09-10,74,54,-20
6158,2019-09-10,35,44,9
6159,2019-09-10,27,29,2
6160,2019-09-10,47,29,-18
6161,2019-09-10,39,34,-5
6162,2019-09-10,8,10,2
6163,2019-09-10,87,67,-20
6164,2019-09-10,56,67,11
6165,2019-09-10,120,91,-29
6166,2019-09-10,62,38,-24
6167,2019-09-10,25,33,8
6168,2019-09-10,77,68,-9
6169,2019-09-10,116,83,-33
6170,2019-09-10,62,55,-7
6171,2019-09-10,31,25,-6
6173,2019-09-10,89,50,-39
6174,2019-09-10,106,75,-31
6175,2019-09-10,98,49,-49
6176,2019-09-10,62,62,0
6177,2019-09-10,51,51,0
6178,2019-09-10,84,81,-3
6179,2019-09-10,38,43,5
6180,2019-09-10,55,66,11
6181,2019-09-10,137,81,-56
6182,2019-09-10,48,35,-13
6183,2019-09-10,67,63,-4
6184,2019-09-10,211,197,-14
6185,2019-09-10,29,30,1
6187,2019-09-10,90,99,9
6188,2019-09-10,66,47,-19
6189,2019-09-10,14,16,2
6190,2019-09-10,111,75,-36
6191,2019-09-10,62,56,-6
6192,2019-09-10,42,23,-19
6193,2019-09-10,71,71,0
6195,2019-09-10,80,42,-38
6196,2019-09-10,111,86,-25
6197,2019-09-10,54,43,-11
6198,2019-09-10,17,14,-3
6199,2019-09-10,78,70,-8
6200,2019-09-10,79,74,-5
6201,2019-09-10,56,41,-15
6202,2019-09-10,123,111,-12
6203,2019-09-10,61,50,-11
6204,2019-09-10,79,78,-1
6205,2019-09-10,97,92,-5
6206,2019-09-10,124,103,-21
6207,2019-09-10,51,45,-6
6208,2019-09-10,75,79,4
6209,2019-09-10,118,78,-40
6210,2019-09-10,46,44,-2
6211,2019-09-10,152,129,-23
6212,2019-09-10,73,57,-16
6213,2019-09-10,100,100,0
6214,2019-09-10,74,59,-15
6215,2019-09-10,43,71,28
6216,2019-09-10,93,23,-70
6217,2019-09-10,96,52,-44
6218,2019-09-10,58,39,-19
6219,2019-09-10,67,63,-4
6220,2019-09-10,69,74,5
6221,2019-09-10,157,114,-43
6222,2019-09-10,65,37,-28
6223,2019-09-10,75,53,-22
6224,2019-09-10,73,51,-22
6225,2019-09-10,62,40,-22
6226,2019-09-10,32,27,-5
6227,2019-09-10,102,90,-12
6228,2019-09-10,27,17,-10
6229,2019-09-10,46,46,0
6230,2019-09-10,61,42,-19
6231,2019-09-10,92,78,-14
6232,2019-09-10,33,28,-5
6233,2019-09-10,84,71,-13
6234,2019-09-10,53,43,-10
6235,2019-09-10,81,71,-10
6236,2019-09-10,57,51,-6
6237,2019-09-10,45,52,7
6240,2019-09-10,19,21,2
6241,2019-09-10,37,30,-7
6243,2019-09-10,62,57,-5
6245,2019-09-10,31,27,-4
6246,2019-09-10,51,51,0
6247,2019-09-10,96,86,-10
6248,2019-09-10,160,128,-32
6249,2019-09-10,53,34,-19
6250,2019-09-10,73,62,-11
6251,2019-09-10,12,19,7
6252,2019-09-10,36,27,-9
6253,2019-09-10,55,34,-21
6254,2019-09-10,54,40,-14
6255,2019-09-10,50,47,-3
6257,2019-09-10,34,27,-7
6258,2019-09-10,71,55,-16
6259,2019-09-10,47,41,-6
6260,2019-09-10,41,43,2
6261,2019-09-10,39,36,-3
6262,2019-09-10,40,41,1
6263,2019-09-10,26,31,5
6264,2019-09-10,28,25,-3
6265,2019-09-10,50,44,-6
6266,2019-09-10,21,16,-5
6267,2019-09-10,36,29,-7
6268,2019-09-10,39,37,-2
6269,2019-09-10,14,24,10
6270,2019-09-10,20,24,4
6272,2019-09-10,27,19,-8
6273,2019-09-10,30,19,-11
6274,2019-09-10,46,30,-16
6275,2019-09-10,37,28,-9
6276,2019-09-10,23,23,0
6277,2019-09-10,48,39,-9
6278,2019-09-10,26,18,-8
6279,2019-09-10,17,18,1
6280,2019-09-10,78,72,-6
6281,2019-09-10,35,16,-19
6301,2019-09-10,23,13,-10
6302,2019-09-10,11,11,0
6303,2019-09-10,15,4,-11
6304,2019-09-10,18,11,-7
6305,2019-09-10,24,12,-12
6306,2019-09-10,100,52,-48
6307,2019-09-10,66,76,10
6309,2019-09-10,28,19,-9
6310,2019-09-10,78,53,-25
6311,2019-09-10,32,20,-12
6312,2019-09-10,20,28,8
6313,2019-09-10,27,32,5
6314,2019-09-10,45,39,-6
6315,2019-09-10,67,36,-31
6316,2019-09-10,33,22,-11
6321,2019-09-10,72,57,-15
6322,2019-09-10,29,26,-3
6323,2019-09-10,21,15,-6
6324,2019-09-10,18,20,2
6327,2019-09-10,30,24,-6
6328,2019-09-10,16,15,-1
6329,2019-09-10,27,14,-13
6330,2019-09-10,21,22,1
6331,2019-09-10,24,13,-11
6332,2019-09-10,27,34,7
6333,2019-09-10,19,18,-1
6334,2019-09-10,51,50,-1
6335,2019-09-10,33,25,-8
6336,2019-09-10,23,20,-3
6338,2019-09-10,15,22,7
6339,2019-09-10,16,2,-14
6340,2019-09-10,20,16,-4
6341,2019-09-10,24,31,7
6343,2019-09-10,28,29,1
6344,2019-09-10,33,24,-9
6345,2019-09-10,14,9,-5
6346,2019-09-10,41,27,-14
6347,2019-09-10,26,26,0
6349,2019-09-10,31,24,-7
6350,2019-09-10,28,38,10
6354,2019-09-10,33,26,-7
6355,2019-09-10,30,26,-4
6356,2019-09-10,27,27,0
6357,2019-09-10,18,17,-1
6358,2019-09-10,18,17,-1
6359,2019-09-10,88,97,9
6360,2019-09-10,20,14,-6
6361,2019-09-10,36,29,-7
6362,2019-09-10,32,27,-5
6363,2019-09-10,25,11,-14
6364,2019-09-10,28,32,4
6366,2019-09-10,22,18,-4
6367,2019-09-10,11,15,4
6368,2019-09-10,40,42,2
6369,2019-09-10,36,53,17
6370,2019-09-10,22,24,2
6371,2019-09-10,54,44,-10
6372,2019-09-10,60,67,7
6373,2019-09-10,33,33,0
6374,2019-09-10,32,27,-5
6375,2019-09-10,52,48,-4
6376,2019-09-10,27,22,-5
6377,2019-09-10,32,30,-2
6379,2019-09-10,29,26,-3
6380,2019-09-10,33,20,-13
6381,2019-09-10,51,43,-8
6383,2019-09-10,26,11,-15
6384,2019-09-10,17,12,-5
6385,2019-09-10,52,51,-1
6386,2019-09-10,37,38,1
6387,2019-09-10,74,72,-2
6388,2019-09-10,29,30,1
6389,2019-09-10,33,17,-16
6391,2019-09-10,46,64,18
6393,2019-09-10,42,55,13
6394,2019-09-10,53,79,26
6395,2019-09-10,72,68,-4
6396,2019-09-10,93,70,-23
6397,2019-09-10,39,41,2
6398,2019-09-10,26,44,18
6401,2019-09-10,44,45,1
6402,2019-09-10,32,33,1
6403,2019-09-10,22,21,-1
6404,2019-09-10,9,14,5
6405,2019-09-10,35,31,-4
6406,2019-09-10,56,61,5
6407,2019-09-10,13,13,0
6408,2019-09-10,44,47,3
6409,2019-09-10,17,12,-5
6410,2019-09-10,60,57,-3
6411,2019-09-10,109,105,-4
6412,2019-09-10,30,38,8
6413,2019-09-10,28,63,35
6414,2019-09-10,12,14,2
6415,2019-09-10,18,24,6
6416,2019-09-10,20,10,-10
6417,2019-09-10,21,31,10
6418,2019-09-10,7,7,0
6419,2019-09-10,9,13,4
6420,2019-09-10,27,25,-2
6421,2019-09-10,44,36,-8
6422,2019-09-10,10,17,7
6423,2019-09-10,15,11,-4
6424,2019-09-10,40,76,36
6425,2019-09-10,22,20,-2
6426,2019-09-10,64,58,-6
6427,2019-09-10,58,58,0
6428,2019-09-10,14,17,3
6429,2019-09-10,27,31,4
6432,2019-09-10,80,82,2
6433,2019-09-10,37,32,-5
6434,2019-09-10,60,53,-7
6435,2019-09-10,22,24,2
6436,2019-09-10,24,19,-5
6501,2019-09-10,55,68,13
6502,2019-09-10,9,15,6
6503,2019-09-10,62,61,-1
6504,2019-09-10,17,16,-1
6700,2019-09-10,26,29,3
6701,2019-09-10,73,86,13
6702,2019-09-10,14,16,2
6703,2019-09-10,26,26,0
6704,2019-09-10,25,18,-7
6705,2019-09-10,18,14,-4
6706,2019-09-10,24,24,0
6707,2019-09-10,22,21,-1
6709,2019-09-10,22,20,-2
6710,2019-09-10,10,11,1
6711,2019-09-10,14,29,15
6712,2019-09-10,8,5,-3
6713,2019-09-10,13,10,-3
6714,2019-09-10,3,2,-1
6715,2019-09-10,10,14,4
6716,2019-09-10,15,9,-6
6717,2019-09-10,7,12,5
6718,2019-09-10,24,15,-9
6719,2019-09-10,13,12,-1
6720,2019-09-10,27,34,7
6721,2019-09-10,15,11,-4
6722,2019-09-10,8,8,0
6723,2019-09-10,13,6,-7
6724,2019-09-10,38,44,6
6725,2019-09-10,29,27,-2
6726,2019-09-10,9,10,1
6727,2019-09-10,78,86,8
6728,2019-09-10,14,9,-5
6729,2019-09-10,103,109,6
6730,2019-09-10,11,5,-6
6731,2019-09-10,12,11,-1
6732,2019-09-10,25,21,-4
6733,2019-09-10,25,21,-4
6734,2019-09-10,31,27,-4
6735,2019-09-10,12,14,2
6736,2019-09-10,9,13,4
6737,2019-09-10,23,19,-4
6738,2019-09-10,77,91,14
6739,2019-09-10,3,7,4
6741,2019-09-10,15,8,-7
6742,2019-09-10,45,49,4
6743,2019-09-10,27,11,-16
6744,2019-09-10,12,15,3
6745,2019-09-10,18,21,3
6746,2019-09-10,14,12,-2
6747,2019-09-10,38,49,11
6748,2019-09-10,54,73,19
6749,2019-09-10,38,46,8
6750,2019-09-10,44,44,0
6752,2019-09-10,17,18,1
6753,2019-09-10,14,13,-1
6754,2019-09-10,14,13,-1
6901,2019-09-10,31,42,11
6902,2019-09-10,63,79,16
6903,2019-09-10,80,84,4
6904,2019-09-10,31,27,-4
6905,2019-09-10,40,30,-10
6906,2019-09-10,81,58,-23
6907,2019-09-10,76,37,-39
6908,2019-09-10,53,52,-1
6910,2019-09-10,91,74,-17
6912,2019-09-10,93,79,-14
6913,2019-09-10,42,31,-11
6915,2019-09-10,50,46,-4
6916,2019-09-10,29,27,-2
6917,2019-09-10,13,16,3
6918,2019-09-10,30,20,-10
6919,2019-09-10,19,16,-3
6921,2019-09-10,85,89,4
6923,2019-09-10,44,32,-12
6924,2019-09-10,13,12,-1
6925,2019-09-10,40,45,5
6926,2019-09-10,54,43,-11
6927,2019-09-10,80,64,-16
6928,2019-09-10,77,38,-39
6929,2019-09-10,31,22,-9
6930,2019-09-10,10,22,12
7001,2019-09-10,36,31,-5
7002,2019-09-10,12,15,3
7003,2019-09-10,88,80,-8
7004,2019-09-10,18,17,-1
7005,2019-09-10,5,3,-2
7006,2019-09-10,15,17,2
7007,2019-09-10,7,15,8
7008,2019-09-10,17,16,-1
7009,2019-09-10,58,54,-4
7010,2019-09-10,13,9,-4
7011,2019-09-10,62,61,-1
7012,2019-09-10,30,34,4
7013,2019-09-10,16,11,-5
7014,2019-09-10,92,55,-37
7015,2019-09-10,6,6,0
7016,2019-09-10,13,8,-5
7017,2019-09-10,22,30,8
7018,2019-09-10,17,25,8
7019,2019-09-10,117,117,0
7020,2019-09-10,23,26,3
7021,2019-09-10,46,36,-10
7022,2019-09-10,37,39,2
7023,2019-09-10,2,3,1
7024,2019-09-10,51,30,-21
7025,2019-09-10,31,25,-6
7026,2019-09-10,58,59,1
7027,2019-09-10,37,31,-6
7028,2019-09-10,73,73,0
7029,2019-09-10,40,35,-5
7030,2019-09-10,53,57,4
7031,2019-09-10,40,40,0
7032,2019-09-10,109,71,-38
7033,2019-09-10,65,61,-4
7034,2019-09-10,14,24,10
7035,2019-09-10,33,35,2
7036,2019-09-10,36,29,-7
7037,2019-09-10,50,56,6
7038,2019-09-10,52,55,3
7039,2019-09-10,17,16,-1
7040,2019-09-10,52,61,9
7041,2019-09-10,99,111,12
7042,2019-09-10,32,38,6
7043,2019-09-10,28,10,-18
7044,2019-09-10,7,5,-2
7045,2019-09-10,48,44,-4
7046,2019-09-10,89,96,7
7047,2019-09-10,97,127,30
7048,2019-09-10,19,24,5
7049,2019-09-10,13,15,2
7050,2019-09-10,27,31,4
7051,2019-09-10,11,10,-1
7052,2019-09-10,49,52,3
7053,2019-09-10,24,33,9
7054,2019-09-10,35,36,1
7055,2019-09-10,18,23,5
7056,2019-09-10,16,23,7
7057,2019-09-10,19,20,1
7058,2019-09-10,16,19,3
7059,2019-09-10,31,29,-2
7060,2019-09-10,28,24,-4
7061,2019-09-10,20,10,-10
7062,2019-09-10,34,51,17
7063,2019-09-10,15,20,5
7064,2019-09-10,31,26,-5
7065,2019-09-10,40,38,-2
7066,2019-09-10,52,121,69
7067,2019-09-10,44,53,9
7068,2019-09-10,39,49,10
7069,2019-09-10,70,106,36
7070,2019-09-10,31,31,0
7071,2019-09-10,63,38,-25
7072,2019-09-10,43,23,-20
7073,2019-09-10,50,48,-2
7074,2019-09-10,34,24,-10
7075,2019-09-10,4,7,3
7076,2019-09-10,63,47,-16
7077,2019-09-10,20,21,1
7078,2019-09-10,16,15,-1
7079,2019-09-10,41,62,21
7080,2019-09-10,81,85,4
7081,2019-09-10,40,64,24
7082,2019-09-10,71,84,13
7083,2019-09-10,59,52,-7
7084,2019-09-10,6,21,15
7087,2019-09-10,1,1,0
7090,2019-09-10,8,10,2
7091,2019-09-10,7,5,-2
7092,2019-09-10,5,10,5
7093,2019-09-10,3,1,-2
7095,2019-09-10,14,20,6
7096,2019-09-10,24,32,8
7097,2019-09-10,6,6,0
7098,2019-09-10,1,1,0
7099,2019-09-10,7,10,3
7100,2019-09-10,4,4,0
7101,2019-09-10,7,7,0
7102,2019-09-10,25,24,-1
7103,2019-09-10,8,5,-3
7104,2019-09-10,1,2,1
7105,2019-09-10,1,1,0
7106,2019-09-10,3,3,0
7108,2019-09-10,3,3,0
7109,2019-09-10,20,15,-5
7110,2019-09-10,2,1,-1
7111,2019-09-10,4,4,0
7112,2019-09-10,3,2,-1
7113,2019-09-10,53,49,-4
7114,2019-09-10,77,79,2
7115,2019-09-10,8,4,-4
7116,2019-09-10,15,9,-6
7117,2019-09-10,1,2,1
7118,2019-09-10,2,3,1
7119,2019-09-10,4,4,0
7120,2019-09-10,4,7,3
7121,2019-09-10,5,8,3
7122,2019-09-10,5,4,-1
7123,2019-09-10,2,3,1
7124,2019-09-10,20,15,-5
7125,2019-09-10,11,11,0
7126,2019-09-10,12,4,-8
7127,2019-09-10,24,29,5
7128,2019-09-10,6,10,4
7129,2019-09-10,8,9,1
7130,2019-09-10,10,9,-1
7131,2019-09-10,6,3,-3
7132,2019-09-10,2,3,1
7134,2019-09-10,2,0,-2
7135,2019-09-10,2,2,0
7136,2019-09-10,5,5,0
7137,2019-09-10,8,7,-1
7138,2019-09-10,4,2,-2
7139,2019-09-10,11,10,-1
7140,2019-09-10,13,15,2
7141,2019-09-10,22,18,-4
7142,2019-09-10,12,12,0
7143,2019-09-10,16,16,0
7144,2019-09-10,30,29,-1
7145,2019-09-10,15,11,-4
7146,2019-09-10,15,26,11
7147,2019-09-10,28,36,8
7148,2019-09-10,4,6,2
7149,2019-09-10,12,13,1
10002,2019-09-10,118,119,1
4000,2019-09-11,45,61,16
4001,2019-09-11,13,17,4
4002,2019-09-11,18,31,13
5002,2019-09-11,3,4,1
5003,2019-09-11,5,6,1
5004,2019-09-11,5,5,0
5005,2019-09-11,2,2,0
5006,2019-09-11,8,7,-1
5007,2019-09-11,22,23,1
6001,2019-09-11,45,77,32
6002,2019-09-11,32,56,24
6003,2019-09-11,78,89,11
6004,2019-09-11,51,60,9
6005,2019-09-11,89,57,-32
6006,2019-09-11,36,27,-9
6007,2019-09-11,42,51,9
6008,2019-09-11,65,99,34
6009,2019-09-11,92,109,17
6011,2019-09-11,75,80,5
6012,2019-09-11,131,190,59
6013,2019-09-11,76,99,23
6014,2019-09-11,71,88,17
6015,2019-09-11,168,247,79
6016,2019-09-11,7,16,9
6017,2019-09-11,42,58,16
6018,2019-09-11,53,67,14
6019,2019-09-11,145,89,-56
6020,2019-09-11,101,134,33
6021,2019-09-11,114,70,-44
6022,2019-09-11,58,56,-2
6023,2019-09-11,105,121,16
6025,2019-09-11,32,34,2
6026,2019-09-11,86,103,17
6027,2019-09-11,114,116,2
6029,2019-09-11,21,31,10
6031,2019-09-11,35,48,13
6032,2019-09-11,52,146,94
6033,2019-09-11,26,27,1
6035,2019-09-11,29,67,38
6036,2019-09-11,116,150,34
6037,2019-09-11,59,74,15
6038,2019-09-11,80,103,23
6039,2019-09-11,91,96,5
6040,2019-09-11,60,67,7
6041,2019-09-11,68,65,-3
6042,2019-09-11,94,82,-12
6043,2019-09-11,164,301,137
6044,2019-09-11,82,86,4
6046,2019-09-11,137,133,-4
6047,2019-09-11,108,81,-27
6048,2019-09-11,47,48,1
6049,2019-09-11,90,113,23
6050,2019-09-11,50,68,18
6051,2019-09-11,41,36,-5
6052,2019-09-11,175,206,31
6053,2019-09-11,111,126,15
6057,2019-09-11,80,61,-19
6058,2019-09-11,68,56,-12
6059,2019-09-11,96,68,-28
6060,2019-09-11,48,22,-26
6061,2019-09-11,72,60,-12
6062,2019-09-11,77,64,-13
6063,2019-09-11,90,62,-28
6064,2019-09-11,195,171,-24
6065,2019-09-11,67,58,-9
6066,2019-09-11,34,23,-11
6067,2019-09-11,88,93,5
6068,2019-09-11,11,10,-1
6070,2019-09-11,322,283,-39
6072,2019-09-11,95,97,2
6073,2019-09-11,166,145,-21
6075,2019-09-11,59,31,-28
6076,2019-09-11,28,39,11
6078,2019-09-11,73,75,2
6079,2019-09-11,81,68,-13
6080,2019-09-11,148,134,-14
6081,2019-09-11,41,28,-13
6082,2019-09-11,18,18,0
6083,2019-09-11,113,118,5
6084,2019-09-11,61,64,3
6085,2019-09-11,86,164,78
6086,2019-09-11,46,98,52
6087,2019-09-11,100,136,36
6088,2019-09-11,55,71,16
6089,2019-09-11,45,50,5
6090,2019-09-11,54,52,-2
6091,2019-09-11,47,38,-9
6092,2019-09-11,73,67,-6
6093,2019-09-11,68,59,-9
6094,2019-09-11,29,28,-1
6095,2019-09-11,163,156,-7
6096,2019-09-11,41,59,18
6097,2019-09-11,86,48,-38
6098,2019-09-11,50,36,-14
6099,2019-09-11,111,153,42
6100,2019-09-11,256,228,-28
6101,2019-09-11,56,22,-34
6102,2019-09-11,43,38,-5
6103,2019-09-11,22,32,10
6104,2019-09-11,74,83,9
6105,2019-09-11,41,54,13
6106,2019-09-11,24,29,5
6107,2019-09-11,91,84,-7
6108,2019-09-11,45,51,6
6109,2019-09-11,4,4,0
6110,2019-09-11,29,30,1
6111,2019-09-11,41,47,6
6112,2019-09-11,91,100,9
6113,2019-09-11,31,35,4
6114,2019-09-11,124,160,36
6115,2019-09-11,18,25,7
6116,2019-09-11,57,80,23
6117,2019-09-11,65,66,1
6118,2019-09-11,66,90,24
6119,2019-09-11,68,91,23
6120,2019-09-11,62,97,35
6121,2019-09-11,15,27,12
6122,2019-09-11,23,30,7
6123,2019-09-11,27,37,10
6124,2019-09-11,34,55,21
6125,2019-09-11,28,25,-3
6126,2019-09-11,47,69,22
6127,2019-09-11,34,33,-1
6128,2019-09-11,18,21,3
6129,2019-09-11,67,74,7
6130,2019-09-11,35,25,-10
6131,2019-09-11,79,53,-26
6132,2019-09-11,61,63,2
6133,2019-09-11,28,25,-3
6134,2019-09-11,36,33,-3
6136,2019-09-11,321,237,-84
6138,2019-09-11,103,106,3
6139,2019-09-11,41,39,-2
6140,2019-09-11,91,92,1
6141,2019-09-11,72,66,-6
6142,2019-09-11,97,73,-24
6143,2019-09-11,73,63,-10
6145,2019-09-11,39,44,5
6146,2019-09-11,54,41,-13
6147,2019-09-11,114,55,-59
6148,2019-09-11,131,101,-30
6149,2019-09-11,46,43,-3
6150,2019-09-11,69,83,14
6151,2019-09-11,87,84,-3
6152,2019-09-11,108,114,6
6153,2019-09-11,66,72,6
6154,2019-09-11,133,154,21
6155,2019-09-11,157,143,-14
6156,2019-09-11,78,72,-6
6157,2019-09-11,107,106,-1
6158,2019-09-11,49,64,15
6159,2019-09-11,33,39,6
6160,2019-09-11,55,40,-15
6161,2019-09-11,40,46,6
6162,2019-09-11,15,20,5
6163,2019-09-11,103,104,1
6164,2019-09-11,58,73,15
6165,2019-09-11,109,160,51
6166,2019-09-11,55,49,-6
6167,2019-09-11,35,46,11
6168,2019-09-11,75,71,-4
6169,2019-09-11,192,151,-41
6170,2019-09-11,90,79,-11
6171,2019-09-11,31,40,9
6173,2019-09-11,106,60,-46
6174,2019-09-11,113,92,-21
6175,2019-09-11,90,63,-27
6176,2019-09-11,75,92,17
6177,2019-09-11,72,72,0
6178,2019-09-11,106,96,-10
6179,2019-09-11,80,78,-2
6180,2019-09-11,57,61,4
6181,2019-09-11,162,117,-45
6182,2019-09-11,59,56,-3
6183,2019-09-11,92,84,-8
6184,2019-09-11,248,219,-29
6185,2019-09-11,28,30,2
6187,2019-09-11,127,109,-18
6188,2019-09-11,56,40,-16
6189,2019-09-11,23,25,2
6190,2019-09-11,132,80,-52
6191,2019-09-11,51,55,4
6192,2019-09-11,34,31,-3
6193,2019-09-11,100,112,12
6195,2019-09-11,95,53,-42
6196,2019-09-11,143,105,-38
6197,2019-09-11,71,54,-17
6198,2019-09-11,25,13,-12
6199,2019-09-11,97,97,0
6200,2019-09-11,94,84,-10
6201,2019-09-11,65,56,-9
6202,2019-09-11,116,102,-14
6203,2019-09-11,53,46,-7
6204,2019-09-11,108,118,10
6205,2019-09-11,109,105,-4
6206,2019-09-11,138,119,-19
6207,2019-09-11,63,54,-9
6208,2019-09-11,85,86,1
6209,2019-09-11,132,115,-17
6210,2019-09-11,43,40,-3
6211,2019-09-11,171,143,-28
6212,2019-09-11,93,45,-48
6213,2019-09-11,106,110,4
6214,2019-09-11,92,72,-20
6215,2019-09-11,85,83,-2
6216,2019-09-11,134,49,-85
6217,2019-09-11,96,70,-26
6218,2019-09-11,51,52,1
6219,2019-09-11,75,85,10
6220,2019-09-11,95,88,-7
6221,2019-09-11,184,169,-15
6222,2019-09-11,82,49,-33
6223,2019-09-11,94,52,-42
6224,2019-09-11,59,53,-6
6225,2019-09-11,66,43,-23
6226,2019-09-11,34,29,-5
6227,2019-09-11,129,126,-3
6228,2019-09-11,27,26,-1
6229,2019-09-11,79,66,-13
6230,2019-09-11,86,68,-18
6231,2019-09-11,109,98,-11
6232,2019-09-11,33,19,-14
6233,2019-09-11,125,114,-11
6234,2019-09-11,58,58,0
6235,2019-09-11,108,69,-39
6236,2019-09-11,54,66,12
6237,2019-09-11,56,63,7
6240,2019-09-11,22,23,1
6241,2019-09-11,45,45,0
6243,2019-09-11,60,55,-5
6245,2019-09-11,33,34,1
6246,2019-09-11,68,61,-7
6247,2019-09-11,111,87,-24
6248,2019-09-11,156,118,-38
6249,2019-09-11,64,51,-13
6250,2019-09-11,62,55,-7
6251,2019-09-11,31,28,-3
6252,2019-09-11,39,35,-4
6253,2019-09-11,56,43,-13
6254,2019-09-11,68,54,-14
6255,2019-09-11,88,77,-11
6257,2019-09-11,42,38,-4
6258,2019-09-11,89,57,-32
6259,2019-09-11,42,43,1
6260,2019-09-11,52,54,2
6261,2019-09-11,49,45,-4
6262,2019-09-11,48,49,1
6263,2019-09-11,40,49,9
6264,2019-09-11,20,20,0
6265,2019-09-11,60,64,4
6266,2019-09-11,25,21,-4
6267,2019-09-11,37,39,2
6268,2019-09-11,54,50,-4
6269,2019-09-11,29,43,14
6270,2019-09-11,34,39,5
6271,2019-09-11,1,3,2
6272,2019-09-11,35,36,1
6273,2019-09-11,31,37,6
6274,2019-09-11,43,44,1
6275,2019-09-11,28,22,-6
6276,2019-09-11,32,39,7
6277,2019-09-11,62,47,-15
6278,2019-09-11,25,33,8
6279,2019-09-11,14,11,-3
6280,2019-09-11,78,80,2
6281,2019-09-11,39,17,-22
6301,2019-09-11,28,22,-6
6302,2019-09-11,18,9,-9
6303,2019-09-11,21,17,-4
6304,2019-09-11,15,14,-1
6305,2019-09-11,30,11,-19
6306,2019-09-11,62,33,-29
6307,2019-09-11,73,83,10
6309,2019-09-11,21,23,2
6310,2019-09-11,118,48,-70
6311,2019-09-11,44,27,-17
6312,2019-09-11,26,32,6
6313,2019-09-11,46,49,3
6314,2019-09-11,53,53,0
6315,2019-09-11,82,40,-42
6316,2019-09-11,56,17,-39
6321,2019-09-11,79,60,-19
6322,2019-09-11,30,27,-3
6323,2019-09-11,10,11,1
6324,2019-09-11,28,38,10
6327,2019-09-11,22,18,-4
6328,2019-09-11,40,40,0
6329,2019-09-11,19,28,9
6330,2019-09-11,23,31,8
6331,2019-09-11,19,20,1
6332,2019-09-11,23,34,11
6333,2019-09-11,19,20,1
6334,2019-09-11,54,68,14
6335,2019-09-11,38,33,-5
6336,2019-09-11,29,33,4
6338,2019-09-11,34,29,-5
6340,2019-09-11,18,23,5
6341,2019-09-11,25,38,13
6343,2019-09-11,35,39,4
6344,2019-09-11,54,41,-13
6345,2019-09-11,21,15,-6
6346,2019-09-11,33,33,0
6347,2019-09-11,29,29,0
6349,2019-09-11,30,37,7
6350,2019-09-11,38,35,-3
6354,2019-09-11,35,37,2
6355,2019-09-11,26,46,20
6356,2019-09-11,61,41,-20
6357,2019-09-11,35,30,-5
6358,2019-09-11,28,27,-1
6359,2019-09-11,72,101,29
6360,2019-09-11,27,25,-2
6361,2019-09-11,38,46,8
6362,2019-09-11,27,33,6
6363,2019-09-11,36,17,-19
6364,2019-09-11,44,37,-7
6366,2019-09-11,27,26,-1
6367,2019-09-11,21,24,3
6368,2019-09-11,58,61,3
6369,2019-09-11,58,62,4
6370,2019-09-11,29,27,-2
6371,2019-09-11,62,73,11
6372,2019-09-11,70,91,21
6373,2019-09-11,40,39,-1
6374,2019-09-11,29,31,2
6375,2019-09-11,60,69,9
6376,2019-09-11,25,28,3
6377,2019-09-11,34,41,7
6379,2019-09-11,27,29,2
6380,2019-09-11,26,26,0
6381,2019-09-11,49,61,12
6383,2019-09-11,30,24,-6
6384,2019-09-11,15,21,6
6385,2019-09-11,60,67,7
6386,2019-09-11,44,66,22
6387,2019-09-11,62,76,14
6388,2019-09-11,24,24,0
6389,2019-09-11,44,33,-11
6391,2019-09-11,56,80,24
6393,2019-09-11,75,95,20
6394,2019-09-11,70,81,11
6395,2019-09-11,88,80,-8
6396,2019-09-11,101,66,-35
6397,2019-09-11,33,62,29
6398,2019-09-11,35,51,16
6401,2019-09-11,47,64,17
6402,2019-09-11,31,53,22
6403,2019-09-11,19,33,14
6404,2019-09-11,14,18,4
6405,2019-09-11,32,52,20
6406,2019-09-11,65,81,16
6407,2019-09-11,10,30,20
6408,2019-09-11,48,47,-1
6409,2019-09-11,18,28,10
6410,2019-09-11,57,56,-1
6411,2019-09-11,149,143,-6
6412,2019-09-11,30,37,7
6413,2019-09-11,34,51,17
6414,2019-09-11,11,27,16
6415,2019-09-11,23,31,8
6416,2019-09-11,24,14,-10
6417,2019-09-11,27,35,8
6418,2019-09-11,9,9,0
6419,2019-09-11,12,19,7
6420,2019-09-11,33,26,-7
6421,2019-09-11,49,46,-3
6422,2019-09-11,7,12,5
6423,2019-09-11,20,12,-8
6424,2019-09-11,41,69,28
6425,2019-09-11,28,23,-5
6426,2019-09-11,74,72,-2
6427,2019-09-11,60,67,7
6428,2019-09-11,11,22,11
6429,2019-09-11,33,45,12
6432,2019-09-11,93,92,-1
6433,2019-09-11,38,35,-3
6434,2019-09-11,64,64,0
6435,2019-09-11,33,34,1
6436,2019-09-11,25,29,4
6501,2019-09-11,39,46,7
6502,2019-09-11,10,10,0
6503,2019-09-11,70,60,-10
6504,2019-09-11,4,5,1
6700,2019-09-11,18,42,24
6701,2019-09-11,91,76,-15
6702,2019-09-11,17,21,4
6703,2019-09-11,37,37,0
6704,2019-09-11,34,30,-4
6705,2019-09-11,15,21,6
6706,2019-09-11,22,29,7
6707,2019-09-11,21,31,10
6709,2019-09-11,31,23,-8
6710,2019-09-11,13,15,2
6711,2019-09-11,27,26,-1
6712,2019-09-11,14,19,5
6713,2019-09-11,14,21,7
6714,2019-09-11,3,1,-2
6715,2019-09-11,16,19,3
6716,2019-09-11,9,7,-2
6717,2019-09-11,9,15,6
6718,2019-09-11,26,38,12
6719,2019-09-11,18,26,8
6720,2019-09-11,33,42,9
6721,2019-09-11,13,15,2
6722,2019-09-11,13,10,-3
6723,2019-09-11,19,18,-1
6724,2019-09-11,32,49,17
6725,2019-09-11,29,33,4
6726,2019-09-11,7,6,-1
6727,2019-09-11,90,81,-9
6728,2019-09-11,17,21,4
6729,2019-09-11,112,126,14
6730,2019-09-11,10,10,0
6731,2019-09-11,13,12,-1
6732,2019-09-11,35,35,0
6733,2019-09-11,29,24,-5
6734,2019-09-11,45,46,1
6735,2019-09-11,12,15,3
6736,2019-09-11,13,17,4
6737,2019-09-11,12,15,3
6738,2019-09-11,95,72,-23
6739,2019-09-11,6,7,1
6741,2019-09-11,9,19,10
6742,2019-09-11,46,54,8
6743,2019-09-11,34,26,-8
6744,2019-09-11,22,24,2
6745,2019-09-11,29,24,-5
6746,2019-09-11,16,15,-1
6747,2019-09-11,44,47,3
6748,2019-09-11,67,84,17
6749,2019-09-11,43,35,-8
6750,2019-09-11,61,55,-6
6752,2019-09-11,35,37,2
6753,2019-09-11,19,15,-4
6754,2019-09-11,15,19,4
6901,2019-09-11,37,49,12
6902,2019-09-11,78,109,31
6903,2019-09-11,107,92,-15
6904,2019-09-11,37,37,0
6905,2019-09-11,37,33,-4
6906,2019-09-11,96,63,-33
6907,2019-09-11,84,65,-19
6908,2019-09-11,49,49,0
6910,2019-09-11,112,94,-18
6912,2019-09-11,111,83,-28
6913,2019-09-11,57,37,-20
6915,2019-09-11,81,76,-5
6916,2019-09-11,34,35,1
6917,2019-09-11,13,20,7
6918,2019-09-11,26,19,-7
6919,2019-09-11,26,20,-6
6921,2019-09-11,84,92,8
6923,2019-09-11,44,48,4
6924,2019-09-11,28,25,-3
6925,2019-09-11,45,49,4
6926,2019-09-11,75,66,-9
6927,2019-09-11,72,44,-28
6928,2019-09-11,67,34,-33
6929,2019-09-11,38,28,-10
6930,2019-09-11,20,20,0
7001,2019-09-11,33,33,0
7002,2019-09-11,13,12,-1
7003,2019-09-11,97,92,-5
7004,2019-09-11,38,30,-8
7005,2019-09-11,5,7,2
7006,2019-09-11,14,15,1
7007,2019-09-11,18,24,6
7008,2019-09-11,25,23,-2
7009,2019-09-11,56,54,-2
7010,2019-09-11,19,22,3
7011,2019-09-11,67,74,7
7012,2019-09-11,40,53,13
7013,2019-09-11,18,23,5
7014,2019-09-11,117,62,-55
7015,2019-09-11,10,17,7
7016,2019-09-11,10,14,4
7017,2019-09-11,31,46,15
7018,2019-09-11,24,42,18
7019,2019-09-11,115,99,-16
7020,2019-09-11,30,37,7
7021,2019-09-11,35,43,8
7022,2019-09-11,37,35,-2
7023,2019-09-11,7,7,0
7024,2019-09-11,76,37,-39
7025,2019-09-11,41,33,-8
7026,2019-09-11,52,62,10
7027,2019-09-11,45,34,-11
7028,2019-09-11,124,103,-21
7029,2019-09-11,43,54,11
7030,2019-09-11,50,59,9
7031,2019-09-11,55,59,4
7032,2019-09-11,142,75,-67
7033,2019-09-11,75,69,-6
7034,2019-09-11,25,29,4
7035,2019-09-11,31,40,9
7036,2019-09-11,50,43,-7
7037,2019-09-11,67,50,-17
7038,2019-09-11,71,63,-8
7039,2019-09-11,31,27,-4
7040,2019-09-11,66,73,7
7041,2019-09-11,95,94,-1
7042,2019-09-11,46,50,4
7043,2019-09-11,29,23,-6
7044,2019-09-11,12,18,6
7045,2019-09-11,48,49,1
7046,2019-09-11,99,117,18
7047,2019-09-11,113,182,69
7048,2019-09-11,26,21,-5
7049,2019-09-11,3,16,13
7050,2019-09-11,34,34,0
7051,2019-09-11,11,17,6
7052,2019-09-11,46,53,7
7053,2019-09-11,35,46,11
7054,2019-09-11,49,57,8
7055,2019-09-11,13,22,9
7056,2019-09-11,11,16,5
7057,2019-09-11,28,31,3
7058,2019-09-11,25,24,-1
7059,2019-09-11,28,30,2
7060,2019-09-11,28,23,-5
7061,2019-09-11,17,19,2
7062,2019-09-11,47,52,5
7063,2019-09-11,19,16,-3
7064,2019-09-11,22,28,6
7065,2019-09-11,29,35,6
7066,2019-09-11,88,128,40
7067,2019-09-11,56,55,-1
7068,2019-09-11,64,79,15
7069,2019-09-11,103,125,22
7070,2019-09-11,32,42,10
7071,2019-09-11,56,34,-22
7072,2019-09-11,44,21,-23
7073,2019-09-11,47,61,14
7074,2019-09-11,32,41,9
7075,2019-09-11,11,9,-2
7076,2019-09-11,83,57,-26
7077,2019-09-11,25,24,-1
7078,2019-09-11,18,27,9
7079,2019-09-11,40,48,8
7080,2019-09-11,90,94,4
7081,2019-09-11,68,70,2
7082,2019-09-11,57,81,24
7083,2019-09-11,77,70,-7
7087,2019-09-11,2,3,1
7088,2019-09-11,1,1,0
7089,2019-09-11,2,0,-2
7090,2019-09-11,11,14,3
7091,2019-09-11,7,6,-1
7092,2019-09-11,6,7,1
7093,2019-09-11,5,2,-3
7094,2019-09-11,1,1,0
7095,2019-09-11,20,18,-2
7096,2019-09-11,23,28,5
7097,2019-09-11,11,9,-2
7098,2019-09-11,2,5,3
7099,2019-09-11,8,9,1
7100,2019-09-11,4,4,0
7101,2019-09-11,5,3,-2
7102,2019-09-11,15,27,12
7103,2019-09-11,4,3,-1
7105,2019-09-11,4,3,-1
7107,2019-09-11,4,4,0
7108,2019-09-11,8,8,0
7109,2019-09-11,17,20,3
7110,2019-09-11,5,4,-1
7111,2019-09-11,1,2,1
7112,2019-09-11,8,10,2
7113,2019-09-11,65,77,12
7114,2019-09-11,83,110,27
7115,2019-09-11,13,12,-1
7116,2019-09-11,6,5,-1
7117,2019-09-11,4,3,-1
7118,2019-09-11,2,3,1
7119,2019-09-11,2,6,4
7120,2019-09-11,3,4,1
7121,2019-09-11,3,6,3
7122,2019-09-11,8,10,2
7123,2019-09-11,2,3,1
7124,2019-09-11,24,17,-7
7125,2019-09-11,29,17,-12
7126,2019-09-11,9,7,-2
7127,2019-09-11,40,42,2
7128,2019-09-11,16,12,-4
7129,2019-09-11,10,17,7
7130,2019-09-11,17,12,-5
7131,2019-09-11,7,8,1
7132,2019-09-11,1,1,0
7133,2019-09-11,2,8,6
7134,2019-09-11,6,8,2
7135,2019-09-11,3,7,4
7136,2019-09-11,8,6,-2
7137,2019-09-11,5,10,5
7138,2019-09-11,2,5,3
7139,2019-09-11,11,12,1
7140,2019-09-11,19,23,4
7141,2019-09-11,23,31,8
7142,2019-09-11,6,11,5
7143,2019-09-11,17,28,11
7144,2019-09-11,55,57,2
7145,2019-09-11,16,24,8
7146,2019-09-11,13,19,6
7147,2019-09-11,45,43,-2
7148,2019-09-11,5,10,5
7149,2019-09-11,13,12,-1
10002,2019-09-11,104,124,20
4000,2019-09-12,56,76,20
4001,2019-09-12,9,11,2
4002,2019-09-12,18,24,6
5002,2019-09-12,7,5,-2
5003,2019-09-12,4,4,0
5004,2019-09-12,6,3,-3
5005,2019-09-12,3,6,3
5006,2019-09-12,6,8,2
5007,2019-09-12,19,25,6
6001,2019-09-12,74,90,16
6002,2019-09-12,39,45,6
6003,2019-09-12,60,75,15
6004,2019-09-12,28,46,18
6005,2019-09-12,80,83,3
6006,2019-09-12,42,28,-14
6007,2019-09-12,46,50,4
6008,2019-09-12,46,77,31
6009,2019-09-12,98,97,-1
6011,2019-09-12,72,89,17
6012,2019-09-12,166,280,114
6013,2019-09-12,68,111,43
6014,2019-09-12,62,95,33
6015,2019-09-12,192,317,125
6016,2019-09-12,11,9,-2
6017,2019-09-12,52,69,17
6018,2019-09-12,72,78,6
6019,2019-09-12,171,88,-83
6020,2019-09-12,89,118,29
6021,2019-09-12,117,90,-27
6022,2019-09-12,69,65,-4
6023,2019-09-12,112,187,75
6024,2019-09-12,3,4,1
6025,2019-09-12,43,43,0
6026,2019-09-12,105,164,59
6027,2019-09-12,125,128,3
6029,2019-09-12,33,41,8
6031,2019-09-12,25,41,16
6032,2019-09-12,61,143,82
6033,2019-09-12,18,19,1
6035,2019-09-12,48,78,30
6036,2019-09-12,116,180,64
6037,2019-09-12,64,70,6
6038,2019-09-12,119,119,0
6039,2019-09-12,97,107,10
6040,2019-09-12,64,84,20
6041,2019-09-12,74,79,5
6042,2019-09-12,110,107,-3
6043,2019-09-12,211,411,200
6044,2019-09-12,97,79,-18
6046,2019-09-12,142,143,1
6047,2019-09-12,107,104,-3
6048,2019-09-12,49,47,-2
6049,2019-09-12,95,117,22
6050,2019-09-12,58,75,17
6051,2019-09-12,47,45,-2
6052,2019-09-12,206,282,76
6053,2019-09-12,152,169,17
6057,2019-09-12,85,75,-10
6058,2019-09-12,78,85,7
6059,2019-09-12,78,52,-26
6060,2019-09-12,40,30,-10
6061,2019-09-12,71,71,0
6062,2019-09-12,75,49,-26
6063,2019-09-12,124,88,-36
6064,2019-09-12,162,159,-3
6065,2019-09-12,75,58,-17
6066,2019-09-12,41,26,-15
6067,2019-09-12,140,117,-23
6068,2019-09-12,15,17,2
6070,2019-09-12,252,272,20
6072,2019-09-12,90,103,13
6073,2019-09-12,146,133,-13
6075,2019-09-12,46,33,-13
6076,2019-09-12,25,28,3
6078,2019-09-12,89,91,2
6079,2019-09-12,86,83,-3
6080,2019-09-12,153,132,-21
6081,2019-09-12,34,29,-5
6082,2019-09-12,28,22,-6
6083,2019-09-12,80,143,63
6084,2019-09-12,68,93,25
6085,2019-09-12,108,169,61
6086,2019-09-12,52,99,47
6087,2019-09-12,90,140,50
6088,2019-09-12,78,86,8
6089,2019-09-12,68,77,9
6090,2019-09-12,61,61,0
6091,2019-09-12,62,54,-8
6092,2019-09-12,63,56,-7
6093,2019-09-12,95,68,-27
6094,2019-09-12,28,28,0
6095,2019-09-12,156,147,-9
6096,2019-09-12,47,68,21
6097,2019-09-12,84,36,-48
6098,2019-09-12,48,26,-22
6099,2019-09-12,98,158,60
6100,2019-09-12,301,303,2
6101,2019-09-12,56,25,-31
6102,2019-09-12,44,31,-13
6103,2019-09-12,21,31,10
6104,2019-09-12,77,115,38
6105,2019-09-12,51,69,18
6106,2019-09-12,37,45,8
6107,2019-09-12,93,82,-11
6108,2019-09-12,64,63,-1
6109,2019-09-12,17,17,0
6110,2019-09-12,32,33,1
6111,2019-09-12,46,43,-3
6112,2019-09-12,107,119,12
6113,2019-09-12,40,47,7
6114,2019-09-12,124,171,47
6115,2019-09-12,18,27,9
6116,2019-09-12,66,87,21
6117,2019-09-12,86,84,-2
6118,2019-09-12,78,106,28
6119,2019-09-12,71,99,28
6120,2019-09-12,75,92,17
6121,2019-09-12,24,34,10
6122,2019-09-12,12,23,11
6123,2019-09-12,29,39,10
6124,2019-09-12,45,70,25
6125,2019-09-12,28,18,-10
6126,2019-09-12,45,63,18
6127,2019-09-12,61,60,-1
6128,2019-09-12,19,24,5
6129,2019-09-12,75,75,0
6130,2019-09-12,38,25,-13
6131,2019-09-12,93,58,-35
6132,2019-09-12,70,84,14
6133,2019-09-12,28,33,5
6134,2019-09-12,52,50,-2
6136,2019-09-12,344,257,-87
6137,2019-09-12,73,73,0
6138,2019-09-12,88,85,-3
6139,2019-09-12,43,46,3
6140,2019-09-12,86,82,-4
6141,2019-09-12,87,71,-16
6142,2019-09-12,138,90,-48
6143,2019-09-12,99,85,-14
6145,2019-09-12,46,52,6
6146,2019-09-12,66,41,-25
6147,2019-09-12,116,55,-61
6148,2019-09-12,161,128,-33
6149,2019-09-12,48,46,-2
6150,2019-09-12,74,76,2
6151,2019-09-12,76,79,3
6152,2019-09-12,126,105,-21
6153,2019-09-12,80,77,-3
6154,2019-09-12,193,183,-10
6155,2019-09-12,148,124,-24
6156,2019-09-12,59,66,7
6157,2019-09-12,125,120,-5
6158,2019-09-12,56,67,11
6159,2019-09-12,45,38,-7
6160,2019-09-12,67,57,-10
6161,2019-09-12,54,50,-4
6162,2019-09-12,14,20,6
6163,2019-09-12,102,91,-11
6164,2019-09-12,64,81,17
6165,2019-09-12,131,152,21
6166,2019-09-12,52,32,-20
6167,2019-09-12,41,58,17
6168,2019-09-12,107,77,-30
6169,2019-09-12,160,124,-36
6170,2019-09-12,96,83,-13
6171,2019-09-12,44,53,9
6173,2019-09-12,113,78,-35
6174,2019-09-12,121,95,-26
6175,2019-09-12,103,68,-35
6176,2019-09-12,118,107,-11
6177,2019-09-12,85,80,-5
6178,2019-09-12,123,111,-12
6179,2019-09-12,90,85,-5
6180,2019-09-12,54,77,23
6181,2019-09-12,141,96,-45
6182,2019-09-12,66,45,-21
6183,2019-09-12,84,85,1
6184,2019-09-12,287,257,-30
6185,2019-09-12,29,26,-3
6187,2019-09-12,114,110,-4
6188,2019-09-12,70,52,-18
6189,2019-09-12,28,28,0
6190,2019-09-12,129,101,-28
6191,2019-09-12,69,60,-9
6192,2019-09-12,35,27,-8
6193,2019-09-12,92,90,-2
6195,2019-09-12,96,63,-33
6196,2019-09-12,120,106,-14
6197,2019-09-12,64,70,6
6198,2019-09-12,38,30,-8
6199,2019-09-12,97,81,-16
6200,2019-09-12,100,101,1
6201,2019-09-12,81,65,-16
6202,2019-09-12,139,130,-9
6203,2019-09-12,51,46,-5
6204,2019-09-12,113,103,-10
6205,2019-09-12,102,97,-5
6206,2019-09-12,148,114,-34
6207,2019-09-12,62,65,3
6208,2019-09-12,103,103,0
6209,2019-09-12,128,105,-23
6210,2019-09-12,59,60,1
6211,2019-09-12,177,145,-32
6212,2019-09-12,36,17,-19
6213,2019-09-12,152,150,-2
6214,2019-09-12,96,79,-17
6215,2019-09-12,99,80,-19
6216,2019-09-12,166,73,-93
6217,2019-09-12,113,71,-42
6218,2019-09-12,66,50,-16
6219,2019-09-12,89,69,-20
6220,2019-09-12,81,77,-4
6221,2019-09-12,173,160,-13
6222,2019-09-12,98,64,-34
6223,2019-09-12,135,73,-62
6224,2019-09-12,76,72,-4
6225,2019-09-12,75,51,-24
6226,2019-09-12,39,35,-4
6227,2019-09-12,143,132,-11
6228,2019-09-12,27,32,5
6229,2019-09-12,78,79,1
6230,2019-09-12,84,72,-12
6231,2019-09-12,125,109,-16
6232,2019-09-12,48,31,-17
6233,2019-09-12,161,117,-44
6234,2019-09-12,60,61,1
6235,2019-09-12,114,84,-30
6236,2019-09-12,75,84,9
6237,2019-09-12,63,68,5
6240,2019-09-12,32,28,-4
6241,2019-09-12,53,51,-2
6243,2019-09-12,81,79,-2
6245,2019-09-12,55,37,-18
6246,2019-09-12,85,61,-24
6247,2019-09-12,133,113,-20
6248,2019-09-12,189,140,-49
6249,2019-09-12,56,61,5
6250,2019-09-12,87,71,-16
6251,2019-09-12,20,20,0
6252,2019-09-12,73,52,-21
6253,2019-09-12,62,60,-2
6254,2019-09-12,88,80,-8
6255,2019-09-12,93,79,-14
6257,2019-09-12,51,43,-8
6258,2019-09-12,87,80,-7
6259,2019-09-12,56,49,-7
6260,2019-09-12,67,60,-7
6261,2019-09-12,55,62,7
6262,2019-09-12,47,49,2
6263,2019-09-12,34,35,1
6264,2019-09-12,31,36,5
6265,2019-09-12,55,51,-4
6266,2019-09-12,31,18,-13
6267,2019-09-12,48,50,2
6268,2019-09-12,46,51,5
6269,2019-09-12,28,33,5
6270,2019-09-12,41,31,-10
6271,2019-09-12,2,2,0
6272,2019-09-12,32,28,-4
6273,2019-09-12,43,25,-18
6274,2019-09-12,44,40,-4
6275,2019-09-12,30,34,4
6276,2019-09-12,29,24,-5
6277,2019-09-12,62,68,6
6278,2019-09-12,29,28,-1
6279,2019-09-12,24,14,-10
6280,2019-09-12,101,101,0
6281,2019-09-12,33,24,-9
6301,2019-09-12,36,23,-13
6302,2019-09-12,28,23,-5
6303,2019-09-12,16,16,0
6304,2019-09-12,22,17,-5
6305,2019-09-12,36,20,-16
6306,2019-09-12,84,33,-51
6307,2019-09-12,87,77,-10
6309,2019-09-12,29,24,-5
6310,2019-09-12,87,48,-39
6311,2019-09-12,46,50,4
6312,2019-09-12,17,27,10
6313,2019-09-12,50,54,4
6314,2019-09-12,62,60,-2
6315,2019-09-12,120,57,-63
6316,2019-09-12,90,25,-65
6321,2019-09-12,78,58,-20
6322,2019-09-12,27,20,-7
6323,2019-09-12,19,19,0
6324,2019-09-12,31,34,3
6327,2019-09-12,33,26,-7
6328,2019-09-12,52,47,-5
6329,2019-09-12,31,25,-6
6330,2019-09-12,34,32,-2
6331,2019-09-12,24,19,-5
6332,2019-09-12,40,36,-4
6333,2019-09-12,14,17,3
6334,2019-09-12,62,75,13
6335,2019-09-12,49,43,-6
6336,2019-09-12,22,20,-2
6338,2019-09-12,30,22,-8
6340,2019-09-12,31,28,-3
6341,2019-09-12,27,33,6
6343,2019-09-12,39,43,4
6344,2019-09-12,46,41,-5
6345,2019-09-12,16,14,-2
6346,2019-09-12,35,37,2
6347,2019-09-12,38,38,0
6349,2019-09-12,36,48,12
6350,2019-09-12,36,39,3
6354,2019-09-12,33,32,-1
6355,2019-09-12,25,37,12
6356,2019-09-12,52,41,-11
6357,2019-09-12,26,25,-1
6358,2019-09-12,24,27,3
6359,2019-09-12,112,126,14
6360,2019-09-12,26,27,1
6361,2019-09-12,40,36,-4
6362,2019-09-12,36,39,3
6363,2019-09-12,32,25,-7
6364,2019-09-12,56,47,-9
6366,2019-09-12,40,31,-9
6367,2019-09-12,21,25,4
6368,2019-09-12,62,67,5
6369,2019-09-12,58,69,11
6370,2019-09-12,29,34,5
6371,2019-09-12,76,74,-2
6372,2019-09-12,95,96,1
6373,2019-09-12,43,37,-6
6374,2019-09-12,40,40,0
6375,2019-09-12,67,79,12
6376,2019-09-12,26,22,-4
6377,2019-09-12,29,46,17
6379,2019-09-12,25,31,6
6380,2019-09-12,19,19,0
6381,2019-09-12,57,56,-1
6383,2019-09-12,38,24,-14
6384,2019-09-12,26,20,-6
6385,2019-09-12,55,61,6
6386,2019-09-12,58,63,5
6387,2019-09-12,89,92,3
6388,2019-09-12,28,36,8
6389,2019-09-12,55,39,-16
6391,2019-09-12,54,84,30
6393,2019-09-12,61,98,37
6394,2019-09-12,64,106,42
6395,2019-09-12,74,58,-16
6396,2019-09-12,110,77,-33
6397,2019-09-12,43,54,11
6398,2019-09-12,32,52,20
6401,2019-09-12,53,65,12
6402,2019-09-12,51,60,9
6403,2019-09-12,28,33,5
6404,2019-09-12,8,15,7
6405,2019-09-12,46,55,9
6406,2019-09-12,91,115,24
6407,2019-09-12,12,28,16
6408,2019-09-12,61,58,-3
6409,2019-09-12,24,23,-1
6410,2019-09-12,46,56,10
6411,2019-09-12,163,153,-10
6412,2019-09-12,34,36,2
6413,2019-09-12,23,55,32
6414,2019-09-12,17,24,7
6415,2019-09-12,21,26,5
6416,2019-09-12,21,13,-8
6417,2019-09-12,29,38,9
6418,2019-09-12,9,15,6
6419,2019-09-12,7,19,12
6420,2019-09-12,27,29,2
6421,2019-09-12,41,42,1
6422,2019-09-12,17,20,3
6423,2019-09-12,17,16,-1
6424,2019-09-12,50,84,34
6425,2019-09-12,33,34,1
6426,2019-09-12,70,87,17
6427,2019-09-12,62,65,3
6428,2019-09-12,13,13,0
6429,2019-09-12,31,31,0
6432,2019-09-12,101,110,9
6433,2019-09-12,32,40,8
6434,2019-09-12,55,59,4
6435,2019-09-12,32,39,7
6436,2019-09-12,22,21,-1
6501,2019-09-12,70,70,0
6502,2019-09-12,30,27,-3
6503,2019-09-12,72,63,-9
6504,2019-09-12,22,21,-1
6700,2019-09-12,24,51,27
6701,2019-09-12,103,85,-18
6702,2019-09-12,27,26,-1
6703,2019-09-12,45,48,3
6704,2019-09-12,27,29,2
6705,2019-09-12,25,18,-7
6706,2019-09-12,23,36,13
6707,2019-09-12,24,22,-2
6709,2019-09-12,18,21,3
6710,2019-09-12,15,17,2
6711,2019-09-12,18,24,6
6712,2019-09-12,11,12,1
6713,2019-09-12,15,17,2
6714,2019-09-12,12,13,1
6715,2019-09-12,27,23,-4
6716,2019-09-12,12,19,7
6717,2019-09-12,6,14,8
6718,2019-09-12,24,25,1
6719,2019-09-12,30,37,7
6720,2019-09-12,32,36,4
6721,2019-09-12,18,17,-1
6722,2019-09-12,4,14,10
6723,2019-09-12,23,19,-4
6724,2019-09-12,57,73,16
6725,2019-09-12,39,41,2
6726,2019-09-12,8,15,7
6727,2019-09-12,96,99,3
6728,2019-09-12,18,18,0
6729,2019-09-12,109,140,31
6730,2019-09-12,19,14,-5
6731,2019-09-12,20,14,-6
6732,2019-09-12,28,40,12
6733,2019-09-12,36,32,-4
6734,2019-09-12,45,45,0
6735,2019-09-12,9,16,7
6736,2019-09-12,17,21,4
6737,2019-09-12,24,28,4
6738,2019-09-12,82,95,13
6739,2019-09-12,3,9,6
6741,2019-09-12,12,21,9
6742,2019-09-12,53,60,7
6743,2019-09-12,38,28,-10
6744,2019-09-12,23,21,-2
6745,2019-09-12,30,19,-11
6746,2019-09-12,19,25,6
6747,2019-09-12,72,57,-15
6748,2019-09-12,77,100,23
6749,2019-09-12,56,56,0
6750,2019-09-12,55,53,-2
6752,2019-09-12,38,37,-1
6753,2019-09-12,31,26,-5
6754,2019-09-12,17,25,8
6901,2019-09-12,48,56,8
6902,2019-09-12,83,98,15
6903,2019-09-12,111,89,-22
6904,2019-09-12,40,41,1
6905,2019-09-12,42,40,-2
6906,2019-09-12,99,66,-33
6907,2019-09-12,91,64,-27
6908,2019-09-12,63,50,-13
6910,2019-09-12,128,97,-31
6912,2019-09-12,133,109,-24
6913,2019-09-12,62,32,-30
6915,2019-09-12,74,77,3
6916,2019-09-12,53,30,-23
6917,2019-09-12,21,27,6
6918,2019-09-12,28,22,-6
6919,2019-09-12,30,26,-4
6921,2019-09-12,75,74,-1
6923,2019-09-12,49,46,-3
6924,2019-09-12,20,20,0
6925,2019-09-12,47,39,-8
6926,2019-09-12,58,59,1
6927,2019-09-12,81,60,-21
6928,2019-09-12,104,72,-32
6929,2019-09-12,47,28,-19
6930,2019-09-12,17,26,9
7001,2019-09-12,37,36,-1
7002,2019-09-12,22,19,-3
7003,2019-09-12,128,102,-26
7004,2019-09-12,25,21,-4
7005,2019-09-12,10,13,3
7006,2019-09-12,20,26,6
7007,2019-09-12,11,24,13
7008,2019-09-12,21,23,2
7009,2019-09-12,58,66,8
7010,2019-09-12,14,21,7
7011,2019-09-12,79,92,13
7012,2019-09-12,44,40,-4
7013,2019-09-12,27,25,-2
7014,2019-09-12,98,69,-29
7015,2019-09-12,12,15,3
7016,2019-09-12,13,14,1
7017,2019-09-12,18,37,19
7018,2019-09-12,24,42,18
7019,2019-09-12,128,129,1
7020,2019-09-12,29,35,6
7021,2019-09-12,60,50,-10
7022,2019-09-12,33,30,-3
7023,2019-09-12,7,6,-1
7024,2019-09-12,65,39,-26
7025,2019-09-12,72,62,-10
7026,2019-09-12,77,80,3
7027,2019-09-12,40,48,8
7028,2019-09-12,141,128,-13
7029,2019-09-12,38,41,3
7030,2019-09-12,62,61,-1
7031,2019-09-12,58,59,1
7032,2019-09-12,155,113,-42
7033,2019-09-12,83,82,-1
7034,2019-09-12,53,55,2
7035,2019-09-12,37,32,-5
7036,2019-09-12,54,56,2
7037,2019-09-12,59,50,-9
7038,2019-09-12,61,62,1
7039,2019-09-12,38,35,-3
7040,2019-09-12,66,69,3
7041,2019-09-12,121,127,6
7042,2019-09-12,49,49,0
7043,2019-09-12,29,21,-8
7044,2019-09-12,15,12,-3
7045,2019-09-12,45,54,9
7046,2019-09-12,96,113,17
7047,2019-09-12,138,199,61
7048,2019-09-12,21,28,7
7049,2019-09-12,13,18,5
7050,2019-09-12,37,41,4
7051,2019-09-12,14,18,4
7052,2019-09-12,48,54,6
7053,2019-09-12,40,47,7
7054,2019-09-12,61,70,9
7055,2019-09-12,14,36,22
7056,2019-09-12,24,29,5
7057,2019-09-12,35,43,8
7058,2019-09-12,29,37,8
7059,2019-09-12,34,32,-2
7060,2019-09-12,30,27,-3
7061,2019-09-12,34,27,-7
7062,2019-09-12,44,48,4
7063,2019-09-12,17,26,9
7064,2019-09-12,26,28,2
7065,2019-09-12,48,42,-6
7066,2019-09-12,71,150,79
7067,2019-09-12,73,76,3
7068,2019-09-12,86,107,21
7069,2019-09-12,113,121,8
7070,2019-09-12,32,25,-7
7071,2019-09-12,43,41,-2
7072,2019-09-12,36,25,-11
7073,2019-09-12,68,65,-3
7074,2019-09-12,39,30,-9
7075,2019-09-12,11,9,-2
7076,2019-09-12,63,54,-9
7077,2019-09-12,25,34,9
7078,2019-09-12,11,32,21
7079,2019-09-12,53,50,-3
7080,2019-09-12,97,119,22
7081,2019-09-12,81,108,27
7082,2019-09-12,79,101,22
7083,2019-09-12,72,68,-4
7087,2019-09-12,2,3,1
7090,2019-09-12,14,13,-1
7091,2019-09-12,5,5,0
7092,2019-09-12,6,6,0
7093,2019-09-12,1,2,1
7094,2019-09-12,3,2,-1
7095,2019-09-12,15,16,1
7096,2019-09-12,34,38,4
7097,2019-09-12,7,7,0
7098,2019-09-12,1,3,2
7099,2019-09-12,7,8,1
7100,2019-09-12,6,3,-3
7101,2019-09-12,7,7,0
7102,2019-09-12,21,29,8
7103,2019-09-12,20,27,7
7104,2019-09-12,2,0,-2
7105,2019-09-12,3,5,2
7107,2019-09-12,4,3,-1
7108,2019-09-12,17,31,14
7109,2019-09-12,20,18,-2
7110,2019-09-12,14,15,1
7111,2019-09-12,4,1,-3
7112,2019-09-12,11,9,-2
7113,2019-09-12,76,69,-7
7114,2019-09-12,116,126,10
7115,2019-09-12,17,11,-6
7116,2019-09-12,13,6,-7
7117,2019-09-12,4,2,-2
7118,2019-09-12,3,3,0
7119,2019-09-12,7,11,4
7120,2019-09-12,5,6,1
7121,2019-09-12,1,9,8
7122,2019-09-12,7,5,-2
7123,2019-09-12,1,3,2
7124,2019-09-12,23,26,3
7125,2019-09-12,23,19,-4
7126,2019-09-12,8,6,-2
7127,2019-09-12,62,51,-11
7128,2019-09-12,16,17,1
7129,2019-09-12,12,14,2
7130,2019-09-12,19,20,1
7131,2019-09-12,7,7,0
7132,2019-09-12,2,0,-2
7133,2019-09-12,10,8,-2
7134,2019-09-12,3,5,2
7135,2019-09-12,5,7,2
7136,2019-09-12,10,8,-2
7137,2019-09-12,6,10,4
7138,2019-09-12,4,6,2
7139,2019-09-12,33,27,-6
7140,2019-09-12,23,22,-1
7141,2019-09-12,33,27,-6
7142,2019-09-12,9,16,7
7143,2019-09-12,32,27,-5
7144,2019-09-12,41,47,6
7145,2019-09-12,23,20,-3
7146,2019-09-12,15,27,12
7147,2019-09-12,44,37,-7
7148,2019-09-12,7,5,-2
7149,2019-09-12,15,11,-4
10002,2019-09-12,120,120,0
4000,2019-09-13,60,86,26
4001,2019-09-13,11,13,2
4002,2019-09-13,25,32,7
5002,2019-09-13,6,5,-1
5003,2019-09-13,5,4,-1
5004,2019-09-13,3,5,2
5005,2019-09-13,5,6,1
5006,2019-09-13,6,5,-1
5007,2019-09-13,20,28,8
6001,2019-09-13,70,105,35
6002,2019-09-13,42,58,16
6003,2019-09-13,58,74,16
6004,2019-09-13,58,56,-2
6005,2019-09-13,82,84,2
6006,2019-09-13,31,13,-18
6007,2019-09-13,42,42,0
6008,2019-09-13,44,67,23
6009,2019-09-13,95,107,12
6011,2019-09-13,69,70,1
6012,2019-09-13,150,244,94
6013,2019-09-13,64,96,32
6014,2019-09-13,67,77,10
6015,2019-09-13,157,241,84
6016,2019-09-13,8,13,5
6017,2019-09-13,39,42,3
6018,2019-09-13,64,73,9
6019,2019-09-13,147,96,-51
6020,2019-09-13,81,100,19
6021,2019-09-13,95,66,-29
6022,2019-09-13,68,69,1
6023,2019-09-13,124,178,54
6024,2019-09-13,4,4,0
6025,2019-09-13,35,36,1
6026,2019-09-13,107,215,108
6027,2019-09-13,117,128,11
6029,2019-09-13,29,38,9
6031,2019-09-13,35,52,17
6032,2019-09-13,68,159,91
6033,2019-09-13,21,27,6
6035,2019-09-13,30,73,43
6036,2019-09-13,144,236,92
6037,2019-09-13,61,69,8
6038,2019-09-13,107,117,10
6039,2019-09-13,68,92,24
6040,2019-09-13,65,81,16
6041,2019-09-13,94,96,2
6042,2019-09-13,86,89,3
6043,2019-09-13,180,348,168
6044,2019-09-13,111,103,-8
6046,2019-09-13,120,118,-2
6047,2019-09-13,96,88,-8
6048,2019-09-13,44,48,4
6049,2019-09-13,108,129,21
6050,2019-09-13,48,71,23
6051,2019-09-13,38,40,2
6052,2019-09-13,250,299,49
6053,2019-09-13,142,181,39
6057,2019-09-13,83,83,0
6058,2019-09-13,62,71,9
6059,2019-09-13,85,65,-20
6060,2019-09-13,38,27,-11
6061,2019-09-13,80,64,-16
6062,2019-09-13,79,58,-21
6063,2019-09-13,109,98,-11
6064,2019-09-13,174,162,-12
6065,2019-09-13,59,45,-14
6066,2019-09-13,27,28,1
6067,2019-09-13,103,124,21
6068,2019-09-13,10,15,5
6070,2019-09-13,50,165,115
6072,2019-09-13,80,90,10
6073,2019-09-13,130,142,12
6075,2019-09-13,50,26,-24
6076,2019-09-13,26,29,3
6078,2019-09-13,63,62,-1
6079,2019-09-13,82,60,-22
6080,2019-09-13,151,147,-4
6081,2019-09-13,34,33,-1
6082,2019-09-13,25,17,-8
6083,2019-09-13,102,149,47
6084,2019-09-13,62,73,11
6085,2019-09-13,73,155,82
6086,2019-09-13,100,107,7
6087,2019-09-13,112,143,31
6088,2019-09-13,61,82,21
6089,2019-09-13,71,66,-5
6090,2019-09-13,61,70,9
6091,2019-09-13,54,44,-10
6092,2019-09-13,41,44,3
6093,2019-09-13,72,61,-11
6094,2019-09-13,25,27,2
6095,2019-09-13,172,158,-14
6096,2019-09-13,33,70,37
6097,2019-09-13,90,53,-37
6098,2019-09-13,54,30,-24
6099,2019-09-13,118,190,72
6100,2019-09-13,240,241,1
6101,2019-09-13,50,19,-31
6102,2019-09-13,28,29,1
6103,2019-09-13,15,17,2
6104,2019-09-13,78,110,32
6105,2019-09-13,43,60,17
6106,2019-09-13,41,48,7
6107,2019-09-13,118,86,-32
6108,2019-09-13,38,59,21
6109,2019-09-13,31,27,-4
6110,2019-09-13,37,41,4
6111,2019-09-13,46,54,8
6112,2019-09-13,97,120,23
6113,2019-09-13,34,50,16
6114,2019-09-13,140,188,48
6115,2019-09-13,26,26,0
6116,2019-09-13,72,83,11
6117,2019-09-13,71,81,10
6118,2019-09-13,83,104,21
6119,2019-09-13,68,86,18
6120,2019-09-13,74,101,27
6121,2019-09-13,27,37,10
6122,2019-09-13,19,25,6
6123,2019-09-13,27,37,10
6124,2019-09-13,50,73,23
6125,2019-09-13,23,20,-3
6126,2019-09-13,64,67,3
6127,2019-09-13,60,53,-7
6128,2019-09-13,18,20,2
6129,2019-09-13,84,69,-15
6130,2019-09-13,23,15,-8
6131,2019-09-13,97,51,-46
6132,2019-09-13,57,72,15
6133,2019-09-13,49,40,-9
6134,2019-09-13,39,51,12
6136,2019-09-13,331,240,-91
6137,2019-09-13,125,110,-15
6138,2019-09-13,103,83,-20
6139,2019-09-13,42,35,-7
6140,2019-09-13,95,99,4
6141,2019-09-13,69,40,-29
6142,2019-09-13,130,85,-45
6143,2019-09-13,114,114,0
6145,2019-09-13,45,41,-4
6146,2019-09-13,73,57,-16
6147,2019-09-13,124,73,-51
6148,2019-09-13,139,108,-31
6149,2019-09-13,51,53,2
6150,2019-09-13,66,69,3
6151,2019-09-13,88,92,4
6152,2019-09-13,131,125,-6
6153,2019-09-13,61,63,2
6154,2019-09-13,199,210,11
6155,2019-09-13,146,133,-13
6156,2019-09-13,69,75,6
6157,2019-09-13,121,120,-1
6158,2019-09-13,67,69,2
6159,2019-09-13,36,43,7
6160,2019-09-13,61,63,2
6161,2019-09-13,51,51,0
6162,2019-09-13,17,20,3
6163,2019-09-13,136,132,-4
6164,2019-09-13,82,107,25
6165,2019-09-13,137,164,27
6166,2019-09-13,77,48,-29
6167,2019-09-13,43,43,0
6168,2019-09-13,122,72,-50
6169,2019-09-13,153,152,-1
6170,2019-09-13,84,77,-7
6171,2019-09-13,39,50,11
6173,2019-09-13,116,78,-38
6174,2019-09-13,117,89,-28
6175,2019-09-13,108,61,-47
6176,2019-09-13,104,116,12
6177,2019-09-13,69,62,-7
6178,2019-09-13,142,144,2
6179,2019-09-13,86,91,5
6180,2019-09-13,59,55,-4
6181,2019-09-13,181,113,-68
6182,2019-09-13,76,67,-9
6183,2019-09-13,100,93,-7
6184,2019-09-13,254,238,-16
6185,2019-09-13,27,20,-7
6187,2019-09-13,121,116,-5
6188,2019-09-13,68,57,-11
6189,2019-09-13,27,26,-1
6190,2019-09-13,130,105,-25
6191,2019-09-13,79,61,-18
6192,2019-09-13,46,34,-12
6193,2019-09-13,112,104,-8
6195,2019-09-13,107,59,-48
6196,2019-09-13,140,116,-24
6197,2019-09-13,62,49,-13
6198,2019-09-13,24,15,-9
6199,2019-09-13,98,98,0
6200,2019-09-13,115,107,-8
6201,2019-09-13,86,55,-31
6202,2019-09-13,145,120,-25
6203,2019-09-13,54,57,3
6204,2019-09-13,194,186,-8
6205,2019-09-13,145,85,-60
6206,2019-09-13,179,122,-57
6207,2019-09-13,50,49,-1
6208,2019-09-13,94,94,0
6209,2019-09-13,145,108,-37
6210,2019-09-13,58,58,0
6211,2019-09-13,187,160,-27
6213,2019-09-13,143,132,-11
6214,2019-09-13,123,96,-27
6215,2019-09-13,85,79,-6
6216,2019-09-13,10,5,-5
6217,2019-09-13,113,82,-31
6218,2019-09-13,86,49,-37
6219,2019-09-13,86,65,-21
6220,2019-09-13,106,86,-20
6221,2019-09-13,240,175,-65
6222,2019-09-13,163,125,-38
6223,2019-09-13,45,9,-36
6224,2019-09-13,83,63,-20
6225,2019-09-13,80,56,-24
6226,2019-09-13,36,33,-3
6227,2019-09-13,152,132,-20
6228,2019-09-13,32,36,4
6229,2019-09-13,81,61,-20
6230,2019-09-13,106,85,-21
6231,2019-09-13,108,90,-18
6232,2019-09-13,41,37,-4
6233,2019-09-13,150,112,-38
6234,2019-09-13,62,58,-4
6235,2019-09-13,59,59,0
6236,2019-09-13,93,84,-9
6237,2019-09-13,58,60,2
6240,2019-09-13,15,17,2
6241,2019-09-13,64,53,-11
6243,2019-09-13,81,65,-16
6245,2019-09-13,46,52,6
6246,2019-09-13,85,74,-11
6247,2019-09-13,141,139,-2
6248,2019-09-13,184,159,-25
6249,2019-09-13,66,54,-12
6250,2019-09-13,110,101,-9
6251,2019-09-13,25,24,-1
6252,2019-09-13,51,59,8
6253,2019-09-13,67,50,-17
6254,2019-09-13,92,65,-27
6255,2019-09-13,90,75,-15
6257,2019-09-13,49,41,-8
6258,2019-09-13,95,69,-26
6259,2019-09-13,53,46,-7
6260,2019-09-13,41,47,6
6261,2019-09-13,51,44,-7
6262,2019-09-13,55,56,1
6263,2019-09-13,24,28,4
6264,2019-09-13,37,35,-2
6265,2019-09-13,60,51,-9
6266,2019-09-13,24,34,10
6267,2019-09-13,60,47,-13
6268,2019-09-13,53,51,-2
6269,2019-09-13,27,33,6
6270,2019-09-13,29,40,11
6272,2019-09-13,26,16,-10
6273,2019-09-13,41,29,-12
6274,2019-09-13,47,42,-5
6275,2019-09-13,35,25,-10
6276,2019-09-13,30,34,4
6277,2019-09-13,64,51,-13
6278,2019-09-13,20,18,-2
6279,2019-09-13,15,17,2
6280,2019-09-13,112,105,-7
6281,2019-09-13,17,16,-1
6301,2019-09-13,19,21,2
6302,2019-09-13,34,24,-10
6303,2019-09-13,21,17,-4
6304,2019-09-13,10,12,2
6305,2019-09-13,14,13,-1
6306,2019-09-13,65,23,-42
6307,2019-09-13,89,81,-8
6309,2019-09-13,17,18,1
6310,2019-09-13,83,49,-34
6311,2019-09-13,50,36,-14
6312,2019-09-13,12,19,7
6313,2019-09-13,60,85,25
6314,2019-09-13,58,56,-2
6315,2019-09-13,85,47,-38
6316,2019-09-13,52,18,-34
6321,2019-09-13,79,78,-1
6322,2019-09-13,32,25,-7
6323,2019-09-13,17,14,-3
6324,2019-09-13,31,37,6
6327,2019-09-13,31,33,2
6328,2019-09-13,37,28,-9
6329,2019-09-13,32,25,-7
6330,2019-09-13,30,19,-11
6331,2019-09-13,27,20,-7
6332,2019-09-13,36,43,7
6333,2019-09-13,16,18,2
6334,2019-09-13,74,75,1
6335,2019-09-13,47,38,-9
6336,2019-09-13,29,22,-7
6338,2019-09-13,26,23,-3
6340,2019-09-13,36,30,-6
6341,2019-09-13,31,39,8
6343,2019-09-13,35,36,1
6344,2019-09-13,38,53,15
6345,2019-09-13,18,16,-2
6346,2019-09-13,25,24,-1
6347,2019-09-13,35,36,1
6349,2019-09-13,44,31,-13
6350,2019-09-13,48,50,2
6354,2019-09-13,45,42,-3
6355,2019-09-13,36,50,14
6356,2019-09-13,68,51,-17
6357,2019-09-13,28,15,-13
6358,2019-09-13,25,30,5
6359,2019-09-13,114,135,21
6360,2019-09-13,25,24,-1
6361,2019-09-13,58,54,-4
6362,2019-09-13,46,31,-15
6363,2019-09-13,21,13,-8
6364,2019-09-13,62,47,-15
6366,2019-09-13,35,28,-7
6367,2019-09-13,30,18,-12
6368,2019-09-13,69,61,-8
6369,2019-09-13,44,41,-3
6370,2019-09-13,39,41,2
6371,2019-09-13,78,64,-14
6372,2019-09-13,111,109,-2
6373,2019-09-13,46,44,-2
6374,2019-09-13,54,42,-12
6375,2019-09-13,66,74,8
6376,2019-09-13,34,30,-4
6377,2019-09-13,35,28,-7
6379,2019-09-13,33,29,-4
6380,2019-09-13,34,25,-9
6381,2019-09-13,53,47,-6
6383,2019-09-13,37,25,-12
6384,2019-09-13,24,15,-9
6385,2019-09-13,52,55,3
6386,2019-09-13,46,68,22
6387,2019-09-13,70,100,30
6388,2019-09-13,36,45,9
6389,2019-09-13,60,40,-20
6391,2019-09-13,56,89,33
6393,2019-09-13,64,87,23
6394,2019-09-13,70,70,0
6395,2019-09-13,64,82,18
6396,2019-09-13,90,72,-18
6397,2019-09-13,45,59,14
6398,2019-09-13,40,44,4
6401,2019-09-13,62,64,2
6402,2019-09-13,46,61,15
6403,2019-09-13,36,40,4
6404,2019-09-13,17,27,10
6405,2019-09-13,53,66,13
6406,2019-09-13,120,165,45
6407,2019-09-13,15,46,31
6408,2019-09-13,55,62,7
6409,2019-09-13,24,19,-5
6410,2019-09-13,48,50,2
6411,2019-09-13,167,135,-32
6412,2019-09-13,26,30,4
6413,2019-09-13,30,20,-10
6414,2019-09-13,21,19,-2
6415,2019-09-13,22,18,-4
6416,2019-09-13,21,13,-8
6417,2019-09-13,29,37,8
6418,2019-09-13,4,10,6
6419,2019-09-13,6,9,3
6420,2019-09-13,24,26,2
6421,2019-09-13,45,34,-11
6422,2019-09-13,22,19,-3
6423,2019-09-13,14,10,-4
6424,2019-09-13,47,75,28
6425,2019-09-13,43,42,-1
6426,2019-09-13,74,74,0
6427,2019-09-13,44,64,20
6428,2019-09-13,17,13,-4
6429,2019-09-13,36,29,-7
6432,2019-09-13,93,81,-12
6433,2019-09-13,41,32,-9
6434,2019-09-13,47,41,-6
6435,2019-09-13,45,43,-2
6436,2019-09-13,30,26,-4
6501,2019-09-13,115,133,18
6502,2019-09-13,11,19,8
6503,2019-09-13,65,54,-11
6504,2019-09-13,14,13,-1
6700,2019-09-13,18,39,21
6701,2019-09-13,86,76,-10
6702,2019-09-13,19,25,6
6703,2019-09-13,69,69,0
6704,2019-09-13,32,27,-5
6705,2019-09-13,19,23,4
6706,2019-09-13,17,21,4
6707,2019-09-13,18,30,12
6709,2019-09-13,24,29,5
6710,2019-09-13,22,23,1
6711,2019-09-13,24,13,-11
6712,2019-09-13,16,21,5
6713,2019-09-13,19,21,2
6714,2019-09-13,3,2,-1
6715,2019-09-13,16,14,-2
6716,2019-09-13,14,17,3
6717,2019-09-13,13,10,-3
6718,2019-09-13,29,29,0
6719,2019-09-13,28,30,2
6720,2019-09-13,24,28,4
6721,2019-09-13,18,17,-1
6722,2019-09-13,10,15,5
6723,2019-09-13,15,24,9
6724,2019-09-13,62,84,22
6725,2019-09-13,32,22,-10
6726,2019-09-13,11,12,1
6727,2019-09-13,73,86,13
6728,2019-09-13,23,20,-3
6729,2019-09-13,118,125,7
6730,2019-09-13,14,6,-8
6731,2019-09-13,8,11,3
6732,2019-09-13,38,43,5
6733,2019-09-13,26,22,-4
6734,2019-09-13,57,59,2
6735,2019-09-13,17,7,-10
6736,2019-09-13,20,22,2
6737,2019-09-13,17,20,3
6738,2019-09-13,76,76,0
6739,2019-09-13,6,9,3
6741,2019-09-13,27,44,17
6742,2019-09-13,41,51,10
6743,2019-09-13,28,15,-13
6744,2019-09-13,29,28,-1
6745,2019-09-13,17,15,-2
6746,2019-09-13,17,17,0
6747,2019-09-13,54,54,0
6748,2019-09-13,70,78,8
6749,2019-09-13,45,53,8
6750,2019-09-13,61,50,-11
6752,2019-09-13,33,35,2
6753,2019-09-13,18,23,5
6754,2019-09-13,18,13,-5
6901,2019-09-13,49,68,19
6902,2019-09-13,99,121,22
6903,2019-09-13,122,105,-17
6904,2019-09-13,51,37,-14
6905,2019-09-13,44,43,-1
6906,2019-09-13,73,59,-14
6907,2019-09-13,81,66,-15
6908,2019-09-13,55,55,0
6910,2019-09-13,159,142,-17
6912,2019-09-13,141,104,-37
6913,2019-09-13,66,44,-22
6915,2019-09-13,81,76,-5
6916,2019-09-13,45,40,-5
6917,2019-09-13,13,21,8
6918,2019-09-13,38,23,-15
6919,2019-09-13,24,19,-5
6921,2019-09-13,90,97,7
6923,2019-09-13,49,54,5
6924,2019-09-13,26,30,4
6925,2019-09-13,30,37,7
6926,2019-09-13,71,66,-5
6927,2019-09-13,74,47,-27
6928,2019-09-13,44,26,-18
6929,2019-09-13,43,35,-8
6930,2019-09-13,18,25,7
7001,2019-09-13,43,42,-1
7002,2019-09-13,17,17,0
7003,2019-09-13,99,102,3
7004,2019-09-13,22,21,-1
7005,2019-09-13,15,18,3
7006,2019-09-13,17,17,0
7007,2019-09-13,10,24,14
7008,2019-09-13,29,31,2
7009,2019-09-13,58,66,8
7010,2019-09-13,15,15,0
7011,2019-09-13,90,93,3
7012,2019-09-13,38,44,6
7013,2019-09-13,22,16,-6
7014,2019-09-13,101,45,-56
7015,2019-09-13,8,10,2
7016,2019-09-13,7,10,3
7017,2019-09-13,27,28,1
7018,2019-09-13,34,44,10
7019,2019-09-13,117,114,-3
7020,2019-09-13,28,39,11
7021,2019-09-13,54,43,-11
7022,2019-09-13,42,42,0
7023,2019-09-13,5,3,-2
7024,2019-09-13,61,51,-10
7025,2019-09-13,38,40,2
7026,2019-09-13,75,74,-1
7027,2019-09-13,65,50,-15
7028,2019-09-13,83,81,-2
7029,2019-09-13,52,58,6
7030,2019-09-13,61,58,-3
7031,2019-09-13,60,61,1
7032,2019-09-13,127,90,-37
7033,2019-09-13,89,79,-10
7034,2019-09-13,34,51,17
7035,2019-09-13,41,43,2
7036,2019-09-13,50,42,-8
7037,2019-09-13,65,52,-13
7038,2019-09-13,69,68,-1
7039,2019-09-13,37,29,-8
7040,2019-09-13,84,78,-6
7041,2019-09-13,103,104,1
7042,2019-09-13,54,53,-1
7043,2019-09-13,29,13,-16
7044,2019-09-13,14,13,-1
7045,2019-09-13,58,57,-1
7046,2019-09-13,86,114,28
7047,2019-09-13,145,209,64
7048,2019-09-13,27,25,-2
7049,2019-09-13,10,23,13
7050,2019-09-13,38,26,-12
7051,2019-09-13,12,15,3
7052,2019-09-13,55,65,10
7053,2019-09-13,47,47,0
7054,2019-09-13,63,76,13
7055,2019-09-13,20,42,22
7056,2019-09-13,22,27,5
7057,2019-09-13,27,44,17
7058,2019-09-13,32,39,7
7059,2019-09-13,36,41,5
7060,2019-09-13,27,30,3
7061,2019-09-13,21,15,-6
7062,2019-09-13,55,47,-8
7063,2019-09-13,24,13,-11
7064,2019-09-13,27,23,-4
7065,2019-09-13,39,29,-10
7066,2019-09-13,81,146,65
7067,2019-09-13,64,68,4
7068,2019-09-13,87,104,17
7069,2019-09-13,103,120,17
7070,2019-09-13,47,47,0
7071,2019-09-13,54,36,-18
7072,2019-09-13,55,35,-20
7073,2019-09-13,63,71,8
7074,2019-09-13,32,43,11
7075,2019-09-13,9,10,1
7076,2019-09-13,65,55,-10
7077,2019-09-13,31,52,21
7078,2019-09-13,32,35,3
7079,2019-09-13,50,50,0
7080,2019-09-13,92,97,5
7081,2019-09-13,65,91,26
7082,2019-09-13,77,84,7
7083,2019-09-13,59,54,-5
7087,2019-09-13,1,2,1
7088,2019-09-13,1,0,-1
7090,2019-09-13,10,12,2
7091,2019-09-13,9,6,-3
7092,2019-09-13,9,9,0
7093,2019-09-13,2,2,0
7094,2019-09-13,3,2,-1
7095,2019-09-13,15,22,7
7096,2019-09-13,37,33,-4
7097,2019-09-13,11,9,-2
7098,2019-09-13,4,3,-1
7099,2019-09-13,8,9,1
7100,2019-09-13,4,6,2
7101,2019-09-13,6,12,6
7102,2019-09-13,16,27,11
7103,2019-09-13,11,12,1
7104,2019-09-13,4,4,0
7105,2019-09-13,9,4,-5
7107,2019-09-13,1,2,1
7108,2019-09-13,9,12,3
7109,2019-09-13,16,16,0
7110,2019-09-13,8,5,-3
7111,2019-09-13,4,3,-1
7112,2019-09-13,10,12,2
7113,2019-09-13,67,69,2
7114,2019-09-13,83,107,24
7115,2019-09-13,14,11,-3
7116,2019-09-13,14,12,-2
7117,2019-09-13,1,4,3
7118,2019-09-13,3,2,-1
7119,2019-09-13,4,9,5
7120,2019-09-13,5,5,0
7121,2019-09-13,2,7,5
7122,2019-09-13,4,9,5
7123,2019-09-13,2,0,-2
7124,2019-09-13,30,24,-6
7125,2019-09-13,21,18,-3
7126,2019-09-13,10,10,0
7127,2019-09-13,36,35,-1
7128,2019-09-13,17,20,3
7129,2019-09-13,11,17,6
7130,2019-09-13,12,7,-5
7131,2019-09-13,6,5,-1
7132,2019-09-13,2,1,-1
7133,2019-09-13,2,8,6
7134,2019-09-13,5,8,3
7135,2019-09-13,4,4,0
7136,2019-09-13,8,7,-1
7137,2019-09-13,7,10,3
7138,2019-09-13,8,4,-4
7139,2019-09-13,31,25,-6
7140,2019-09-13,22,23,1
7141,2019-09-13,29,30,1
7142,2019-09-13,5,10,5
7143,2019-09-13,22,25,3
7144,2019-09-13,50,56,6
7145,2019-09-13,21,21,0
7146,2019-09-13,15,29,14
7147,2019-09-13,48,42,-6
7148,2019-09-13,3,7,4
7149,2019-09-13,13,14,1
10002,2019-09-13,126,127,1
4000,2019-09-14,51,62,11
4001,2019-09-14,5,6,1
4002,2019-09-14,4,10,6
5002,2019-09-14,6,5,-1
5003,2019-09-14,1,1,0
5005,2019-09-14,6,3,-3
5006,2019-09-14,9,14,5
5007,2019-09-14,14,14,0
6001,2019-09-14,27,38,11
6002,2019-09-14,27,47,20
6003,2019-09-14,51,50,-1
6004,2019-09-14,24,31,7
6005,2019-09-14,31,32,1
6006,2019-09-14,27,21,-6
6007,2019-09-14,24,32,8
6008,2019-09-14,23,23,0
6009,2019-09-14,73,73,0
6011,2019-09-14,38,56,18
6012,2019-09-14,98,180,82
6013,2019-09-14,37,60,23
6014,2019-09-14,36,55,19
6015,2019-09-14,103,157,54
6016,2019-09-14,7,16,9
6017,2019-09-14,27,38,11
6018,2019-09-14,76,70,-6
6019,2019-09-14,112,83,-29
6020,2019-09-14,69,92,23
6021,2019-09-14,57,43,-14
6022,2019-09-14,41,41,0
6023,2019-09-14,79,168,89
6024,2019-09-14,2,3,1
6025,2019-09-14,21,20,-1
6026,2019-09-14,143,177,34
6027,2019-09-14,52,78,26
6029,2019-09-14,13,18,5
6031,2019-09-14,18,27,9
6032,2019-09-14,70,94,24
6033,2019-09-14,14,14,0
6035,2019-09-14,10,21,11
6036,2019-09-14,131,194,63
6037,2019-09-14,32,41,9
6038,2019-09-14,49,60,11
6039,2019-09-14,30,38,8
6040,2019-09-14,35,54,19
6041,2019-09-14,22,26,4
6042,2019-09-14,19,23,4
6043,2019-09-14,41,52,11
6044,2019-09-14,90,81,-9
6046,2019-09-14,37,23,-14
6047,2019-09-14,40,36,-4
6048,2019-09-14,4,5,1
6049,2019-09-14,24,21,-3
6050,2019-09-14,24,37,13
6051,2019-09-14,17,21,4
6052,2019-09-14,107,140,33
6053,2019-09-14,101,117,16
6057,2019-09-14,44,49,5
6058,2019-09-14,30,32,2
6059,2019-09-14,36,12,-24
6060,2019-09-14,6,1,-5
6061,2019-09-14,38,32,-6
6062,2019-09-14,58,37,-21
6063,2019-09-14,96,82,-14
6064,2019-09-14,99,94,-5
6065,2019-09-14,39,28,-11
6066,2019-09-14,32,23,-9
6067,2019-09-14,44,47,3
6068,2019-09-14,1,2,1
6072,2019-09-14,43,47,4
6073,2019-09-14,86,82,-4
6075,2019-09-14,21,12,-9
6076,2019-09-14,22,24,2
6078,2019-09-14,30,34,4
6079,2019-09-14,66,50,-16
6080,2019-09-14,73,77,4
6081,2019-09-14,29,22,-7
6082,2019-09-14,14,8,-6
6083,2019-09-14,34,37,3
6084,2019-09-14,11,15,4
6085,2019-09-14,46,62,16
6086,2019-09-14,54,74,20
6087,2019-09-14,77,88,11
6088,2019-09-14,48,41,-7
6089,2019-09-14,21,19,-2
6090,2019-09-14,41,45,4
6091,2019-09-14,44,33,-11
6092,2019-09-14,58,38,-20
6093,2019-09-14,43,42,-1
6094,2019-09-14,24,30,6
6095,2019-09-14,121,98,-23
6096,2019-09-14,22,29,7
6097,2019-09-14,75,57,-18
6098,2019-09-14,30,16,-14
6099,2019-09-14,123,161,38
6100,2019-09-14,133,159,26
6101,2019-09-14,46,12,-34
6102,2019-09-14,33,31,-2
6103,2019-09-14,15,14,-1
6104,2019-09-14,36,60,24
6105,2019-09-14,26,39,13
6106,2019-09-14,21,33,12
6107,2019-09-14,62,64,2
6108,2019-09-14,24,25,1
6109,2019-09-14,12,27,15
6110,2019-09-14,21,29,8
6111,2019-09-14,18,36,18
6112,2019-09-14,86,81,-5
6113,2019-09-14,39,46,7
6114,2019-09-14,114,145,31
6115,2019-09-14,7,14,7
6116,2019-09-14,45,63,18
6117,2019-09-14,37,41,4
6118,2019-09-14,52,73,21
6119,2019-09-14,58,65,7
6120,2019-09-14,44,78,34
6121,2019-09-14,13,31,18
6122,2019-09-14,15,17,2
6123,2019-09-14,16,17,1
6124,2019-09-14,31,45,14
6125,2019-09-14,13,10,-3
6126,2019-09-14,34,54,20
6127,2019-09-14,41,39,-2
6128,2019-09-14,22,31,9
6129,2019-09-14,40,38,-2
6130,2019-09-14,18,17,-1
6131,2019-09-14,59,42,-17
6132,2019-09-14,39,27,-12
6133,2019-09-14,29,28,-1
6134,2019-09-14,26,27,1
6136,2019-09-14,212,184,-28
6137,2019-09-14,118,92,-26
6138,2019-09-14,53,55,2
6139,2019-09-14,50,37,-13
6140,2019-09-14,86,71,-15
6141,2019-09-14,57,56,-1
6142,2019-09-14,82,53,-29
6143,2019-09-14,77,58,-19
6145,2019-09-14,51,45,-6
6146,2019-09-14,49,42,-7
6147,2019-09-14,62,43,-19
6148,2019-09-14,102,60,-42
6149,2019-09-14,43,35,-8
6150,2019-09-14,52,43,-9
6151,2019-09-14,68,61,-7
6152,2019-09-14,118,118,0
6153,2019-09-14,43,37,-6
6154,2019-09-14,155,162,7
6155,2019-09-14,104,117,13
6156,2019-09-14,65,54,-11
6157,2019-09-14,88,88,0
6158,2019-09-14,70,59,-11
6159,2019-09-14,24,31,7
6160,2019-09-14,28,33,5
6161,2019-09-14,48,51,3
6162,2019-09-14,8,10,2
6163,2019-09-14,104,102,-2
6164,2019-09-14,80,73,-7
6165,2019-09-14,117,149,32
6166,2019-09-14,48,31,-17
6167,2019-09-14,44,37,-7
6168,2019-09-14,58,45,-13
6169,2019-09-14,146,125,-21
6170,2019-09-14,73,56,-17
6171,2019-09-14,26,26,0
6173,2019-09-14,85,52,-33
6174,2019-09-14,100,84,-16
6175,2019-09-14,58,38,-20
6176,2019-09-14,105,102,-3
6177,2019-09-14,93,78,-15
6178,2019-09-14,111,96,-15
6179,2019-09-14,89,88,-1
6180,2019-09-14,34,42,8
6181,2019-09-14,125,97,-28
6182,2019-09-14,61,49,-12
6183,2019-09-14,87,51,-36
6184,2019-09-14,215,216,1
6185,2019-09-14,16,20,4
6187,2019-09-14,112,115,3
6188,2019-09-14,41,40,-1
6189,2019-09-14,13,11,-2
6190,2019-09-14,92,70,-22
6191,2019-09-14,44,46,2
6192,2019-09-14,36,30,-6
6193,2019-09-14,123,127,4
6195,2019-09-14,59,40,-19
6196,2019-09-14,125,92,-33
6197,2019-09-14,43,44,1
6198,2019-09-14,14,17,3
6199,2019-09-14,51,39,-12
6200,2019-09-14,86,76,-10
6201,2019-09-14,66,48,-18
6202,2019-09-14,86,86,0
6203,2019-09-14,35,26,-9
6204,2019-09-14,124,106,-18
6205,2019-09-14,81,78,-3
6206,2019-09-14,132,112,-20
6207,2019-09-14,43,35,-8
6208,2019-09-14,72,72,0
6209,2019-09-14,80,65,-15
6210,2019-09-14,13,13,0
6211,2019-09-14,146,123,-23
6213,2019-09-14,153,145,-8
6214,2019-09-14,72,63,-9
6215,2019-09-14,30,29,-1
6217,2019-09-14,90,77,-13
6218,2019-09-14,48,41,-7
6219,2019-09-14,50,47,-3
6220,2019-09-14,81,88,7
6221,2019-09-14,169,136,-33
6222,2019-09-14,124,108,-16
6224,2019-09-14,93,82,-11
6225,2019-09-14,63,50,-13
6226,2019-09-14,6,8,2
6227,2019-09-14,138,134,-4
6228,2019-09-14,36,23,-13
6229,2019-09-14,38,37,-1
6230,2019-09-14,89,86,-3
6231,2019-09-14,99,94,-5
6232,2019-09-14,17,20,3
6233,2019-09-14,174,160,-14
6234,2019-09-14,62,53,-9
6235,2019-09-14,44,33,-11
6236,2019-09-14,63,65,2
6237,2019-09-14,58,49,-9
6240,2019-09-14,18,19,1
6241,2019-09-14,42,38,-4
6243,2019-09-14,61,59,-2
6245,2019-09-14,40,30,-10
6246,2019-09-14,48,37,-11
6247,2019-09-14,108,96,-12
6248,2019-09-14,140,124,-16
6249,2019-09-14,72,59,-13
6250,2019-09-14,131,122,-9
6251,2019-09-14,26,24,-2
6252,2019-09-14,58,49,-9
6253,2019-09-14,69,50,-19
6254,2019-09-14,71,67,-4
6255,2019-09-14,99,88,-11
6257,2019-09-14,30,29,-1
6258,2019-09-14,87,70,-17
6259,2019-09-14,26,27,1
6260,2019-09-14,34,25,-9
6261,2019-09-14,46,40,-6
6262,2019-09-14,44,41,-3
6263,2019-09-14,22,22,0
6264,2019-09-14,27,27,0
6265,2019-09-14,36,34,-2
6266,2019-09-14,12,9,-3
6267,2019-09-14,48,52,4
6268,2019-09-14,69,53,-16
6269,2019-09-14,18,21,3
6270,2019-09-14,30,28,-2
6271,2019-09-14,4,3,-1
6272,2019-09-14,22,22,0
6273,2019-09-14,31,25,-6
6274,2019-09-14,28,36,8
6275,2019-09-14,25,19,-6
6276,2019-09-14,24,21,-3
6277,2019-09-14,53,61,8
6278,2019-09-14,20,20,0
6279,2019-09-14,22,18,-4
6280,2019-09-14,79,79,0
6281,2019-09-14,20,18,-2
6301,2019-09-14,8,7,-1
6302,2019-09-14,16,7,-9
6303,2019-09-14,17,13,-4
6304,2019-09-14,1,5,4
6305,2019-09-14,20,15,-5
6306,2019-09-14,38,27,-11
6307,2019-09-14,82,77,-5
6309,2019-09-14,14,15,1
6310,2019-09-14,38,26,-12
6311,2019-09-14,47,38,-9
6312,2019-09-14,12,15,3
6313,2019-09-14,54,59,5
6314,2019-09-14,40,37,-3
6315,2019-09-14,71,39,-32
6316,2019-09-14,32,13,-19
6321,2019-09-14,67,55,-12
6322,2019-09-14,22,21,-1
6323,2019-09-14,15,13,-2
6324,2019-09-14,19,20,1
6327,2019-09-14,25,24,-1
6328,2019-09-14,34,34,0
6329,2019-09-14,25,18,-7
6330,2019-09-14,26,22,-4
6331,2019-09-14,20,26,6
6332,2019-09-14,25,25,0
6333,2019-09-14,20,28,8
6334,2019-09-14,57,57,0
6335,2019-09-14,39,38,-1
6336,2019-09-14,25,24,-1
6338,2019-09-14,21,24,3
6340,2019-09-14,24,27,3
6341,2019-09-14,26,21,-5
6343,2019-09-14,34,30,-4
6344,2019-09-14,36,38,2
6345,2019-09-14,19,26,7
6346,2019-09-14,13,13,0
6347,2019-09-14,8,11,3
6349,2019-09-14,17,26,9
6350,2019-09-14,19,22,3
6354,2019-09-14,51,26,-25
6355,2019-09-14,24,26,2
6356,2019-09-14,25,20,-5
6357,2019-09-14,17,16,-1
6358,2019-09-14,30,19,-11
6359,2019-09-14,78,100,22
6360,2019-09-14,28,25,-3
6361,2019-09-14,41,46,5
6362,2019-09-14,29,22,-7
6363,2019-09-14,19,16,-3
6364,2019-09-14,38,28,-10
6366,2019-09-14,15,18,3
6367,2019-09-14,17,15,-2
6368,2019-09-14,65,69,4
6369,2019-09-14,23,37,14
6370,2019-09-14,33,25,-8
6371,2019-09-14,75,71,-4
6372,2019-09-14,71,89,18
6373,2019-09-14,39,28,-11
6374,2019-09-14,30,27,-3
6375,2019-09-14,40,52,12
6376,2019-09-14,16,21,5
6377,2019-09-14,35,39,4
6379,2019-09-14,16,17,1
6380,2019-09-14,23,19,-4
6381,2019-09-14,38,50,12
6383,2019-09-14,27,30,3
6384,2019-09-14,14,10,-4
6385,2019-09-14,38,36,-2
6386,2019-09-14,25,35,10
6387,2019-09-14,60,71,11
6388,2019-09-14,24,29,5
6389,2019-09-14,49,33,-16
6391,2019-09-14,57,62,5
6393,2019-09-14,44,45,1
6394,2019-09-14,61,69,8
6395,2019-09-14,76,73,-3
6396,2019-09-14,75,84,9
6397,2019-09-14,39,40,1
6398,2019-09-14,26,31,5
6401,2019-09-14,54,62,8
6402,2019-09-14,39,43,4
6403,2019-09-14,29,24,-5
6404,2019-09-14,13,17,4
6405,2019-09-14,41,44,3
6406,2019-09-14,125,154,29
6407,2019-09-14,15,29,14
6408,2019-09-14,33,29,-4
6409,2019-09-14,9,12,3
6410,2019-09-14,28,34,6
6411,2019-09-14,109,90,-19
6412,2019-09-14,16,23,7
6413,2019-09-14,14,15,1
6414,2019-09-14,15,19,4
6415,2019-09-14,14,12,-2
6416,2019-09-14,18,7,-11
6417,2019-09-14,33,27,-6
6418,2019-09-14,3,5,2
6419,2019-09-14,10,6,-4
6420,2019-09-14,17,20,3
6421,2019-09-14,41,39,-2
6422,2019-09-14,13,14,1
6423,2019-09-14,13,9,-4
6424,2019-09-14,18,38,20
6425,2019-09-14,27,22,-5
6426,2019-09-14,42,45,3
6427,2019-09-14,32,39,7
6428,2019-09-14,18,21,3
6429,2019-09-14,13,13,0
6432,2019-09-14,56,51,-5
6433,2019-09-14,19,17,-2
6434,2019-09-14,34,33,-1
6435,2019-09-14,25,19,-6
6436,2019-09-14,13,15,2
6501,2019-09-14,96,92,-4
6502,2019-09-14,15,32,17
6503,2019-09-14,33,31,-2
6504,2019-09-14,13,16,3
6700,2019-09-14,18,24,6
6701,2019-09-14,46,37,-9
6702,2019-09-14,6,14,8
6703,2019-09-14,43,38,-5
6704,2019-09-14,22,15,-7
6705,2019-09-14,14,11,-3
6706,2019-09-14,11,15,4
6707,2019-09-14,11,20,9
6709,2019-09-14,17,21,4
6710,2019-09-14,6,7,1
6711,2019-09-14,18,18,0
6712,2019-09-14,10,13,3
6713,2019-09-14,14,10,-4
6714,2019-09-14,13,13,0
6715,2019-09-14,10,9,-1
6716,2019-09-14,2,6,4
6717,2019-09-14,3,10,7
6718,2019-09-14,21,22,1
6719,2019-09-14,14,16,2
6720,2019-09-14,15,26,11
6721,2019-09-14,11,15,4
6722,2019-09-14,9,12,3
6723,2019-09-14,14,11,-3
6724,2019-09-14,24,33,9
6725,2019-09-14,14,16,2
6726,2019-09-14,3,7,4
6727,2019-09-14,35,41,6
6728,2019-09-14,12,9,-3
6729,2019-09-14,95,92,-3
6730,2019-09-14,11,13,2
6731,2019-09-14,10,10,0
6732,2019-09-14,17,23,6
6733,2019-09-14,34,26,-8
6734,2019-09-14,49,48,-1
6735,2019-09-14,5,4,-1
6736,2019-09-14,11,15,4
6737,2019-09-14,17,14,-3
6738,2019-09-14,20,18,-2
6739,2019-09-14,6,4,-2
6741,2019-09-14,12,10,-2
6742,2019-09-14,24,29,5
6743,2019-09-14,6,3,-3
6744,2019-09-14,14,13,-1
6745,2019-09-14,32,30,-2
6746,2019-09-14,14,16,2
6747,2019-09-14,33,35,2
6748,2019-09-14,48,55,7
6749,2019-09-14,56,58,2
6750,2019-09-14,42,40,-2
6752,2019-09-14,17,18,1
6753,2019-09-14,10,12,2
6754,2019-09-14,8,12,4
6901,2019-09-14,44,52,8
6902,2019-09-14,69,88,19
6903,2019-09-14,96,66,-30
6904,2019-09-14,32,23,-9
6905,2019-09-14,29,27,-2
6906,2019-09-14,69,47,-22
6907,2019-09-14,81,59,-22
6908,2019-09-14,58,58,0
6910,2019-09-14,114,111,-3
6912,2019-09-14,112,77,-35
6913,2019-09-14,44,27,-17
6915,2019-09-14,90,91,1
6916,2019-09-14,17,14,-3
6917,2019-09-14,17,16,-1
6918,2019-09-14,23,25,2
6919,2019-09-14,28,18,-10
6921,2019-09-14,26,38,12
6923,2019-09-14,37,36,-1
6924,2019-09-14,28,23,-5
6925,2019-09-14,13,24,11
6926,2019-09-14,56,53,-3
6927,2019-09-14,38,41,3
6928,2019-09-14,10,4,-6
6929,2019-09-14,39,28,-11
6930,2019-09-14,5,3,-2
7001,2019-09-14,31,30,-1
7002,2019-09-14,7,5,-2
7003,2019-09-14,44,47,3
7004,2019-09-14,7,7,0
7005,2019-09-14,10,14,4
7006,2019-09-14,8,10,2
7007,2019-09-14,9,15,6
7008,2019-09-14,14,12,-2
7009,2019-09-14,27,59,32
7010,2019-09-14,9,10,1
7011,2019-09-14,58,63,5
7012,2019-09-14,27,38,11
7013,2019-09-14,16,22,6
7014,2019-09-14,46,15,-31
7015,2019-09-14,23,24,1
7016,2019-09-14,6,5,-1
7017,2019-09-14,14,22,8
7018,2019-09-14,25,24,-1
7019,2019-09-14,12,13,1
7020,2019-09-14,11,14,3
7021,2019-09-14,31,28,-3
7022,2019-09-14,26,20,-6
7023,2019-09-14,6,10,4
7024,2019-09-14,63,31,-32
7025,2019-09-14,30,22,-8
7026,2019-09-14,50,47,-3
7027,2019-09-14,30,29,-1
7028,2019-09-14,42,44,2
7029,2019-09-14,52,38,-14
7030,2019-09-14,42,41,-1
7031,2019-09-14,41,42,1
7032,2019-09-14,105,83,-22
7033,2019-09-14,65,70,5
7034,2019-09-14,25,44,19
7035,2019-09-14,22,16,-6
7036,2019-09-14,65,67,2
7037,2019-09-14,32,40,8
7038,2019-09-14,57,55,-2
7039,2019-09-14,20,12,-8
7040,2019-09-14,57,59,2
7041,2019-09-14,54,43,-11
7042,2019-09-14,20,24,4
7043,2019-09-14,18,13,-5
7044,2019-09-14,6,1,-5
7045,2019-09-14,70,71,1
7046,2019-09-14,40,42,2
7047,2019-09-14,116,156,40
7048,2019-09-14,11,13,2
7049,2019-09-14,5,5,0
7050,2019-09-14,18,14,-4
7051,2019-09-14,7,10,3
7052,2019-09-14,17,21,4
7053,2019-09-14,29,31,2
7054,2019-09-14,43,48,5
7055,2019-09-14,27,57,30
7056,2019-09-14,16,15,-1
7057,2019-09-14,36,43,7
7058,2019-09-14,31,33,2
7059,2019-09-14,15,17,2
7060,2019-09-14,18,16,-2
7061,2019-09-14,27,29,2
7062,2019-09-14,24,21,-3
7063,2019-09-14,20,23,3
7064,2019-09-14,9,13,4
7065,2019-09-14,23,28,5
7066,2019-09-14,51,86,35
7067,2019-09-14,34,36,2
7068,2019-09-14,52,62,10
7069,2019-09-14,43,59,16
7070,2019-09-14,19,19,0
7071,2019-09-14,39,32,-7
7072,2019-09-14,20,18,-2
7073,2019-09-14,47,47,0
7074,2019-09-14,20,21,1
7075,2019-09-14,1,4,3
7076,2019-09-14,55,37,-18
7077,2019-09-14,26,30,4
7078,2019-09-14,21,24,3
7079,2019-09-14,20,15,-5
7080,2019-09-14,36,51,15
7081,2019-09-14,47,79,32
7082,2019-09-14,55,77,22
7083,2019-09-14,39,39,0
7086,2019-09-14,1,1,0
7087,2019-09-14,2,4,2
7088,2019-09-14,1,0,-1
7089,2019-09-14,4,0,-4
7090,2019-09-14,9,8,-1
7091,2019-09-14,4,3,-1
7092,2019-09-14,1,1,0
7093,2019-09-14,3,1,-2
7095,2019-09-14,3,7,4
7096,2019-09-14,13,17,4
7097,2019-09-14,3,3,0
7098,2019-09-14,1,3,2
7099,2019-09-14,2,4,2
7100,2019-09-14,3,10,7
7101,2019-09-14,1,1,0
7102,2019-09-14,14,22,8
7103,2019-09-14,11,14,3
7104,2019-09-14,3,3,0
7105,2019-09-14,3,3,0
7106,2019-09-14,2,4,2
7107,2019-09-14,6,4,-2
7108,2019-09-14,9,11,2
7109,2019-09-14,8,9,1
7110,2019-09-14,1,3,2
7112,2019-09-14,1,6,5
7113,2019-09-14,31,28,-3
7114,2019-09-14,65,63,-2
7115,2019-09-14,7,7,0
7116,2019-09-14,4,7,3
7119,2019-09-14,8,10,2
7120,2019-09-14,1,0,-1
7121,2019-09-14,5,2,-3
7122,2019-09-14,3,2,-1
7124,2019-09-14,10,9,-1
7125,2019-09-14,13,18,5
7126,2019-09-14,7,9,2
7127,2019-09-14,27,24,-3
7128,2019-09-14,7,8,1
7129,2019-09-14,5,2,-3
7130,2019-09-14,1,0,-1
7131,2019-09-14,4,6,2
7132,2019-09-14,5,7,2
7133,2019-09-14,7,4,-3
7134,2019-09-14,2,6,4
7135,2019-09-14,2,0,-2
7137,2019-09-14,2,5,3
7138,2019-09-14,1,0,-1
7139,2019-09-14,11,15,4
7140,2019-09-14,18,21,3
7141,2019-09-14,21,25,4
7142,2019-09-14,2,5,3
7143,2019-09-14,17,18,1
7144,2019-09-14,32,44,12
7145,2019-09-14,18,15,-3
7146,2019-09-14,15,18,3
7147,2019-09-14,17,20,3
7148,2019-09-14,16,24,8
7149,2019-09-14,9,8,-1
10002,2019-09-14,52,57,5
4000,2019-09-15,45,48,3
4001,2019-09-15,15,16,1
4002,2019-09-15,9,13,4
5002,2019-09-15,3,4,1
5003,2019-09-15,2,4,2
5004,2019-09-15,4,3,-1
5005,2019-09-15,7,8,1
5006,2019-09-15,5,9,4
5007,2019-09-15,10,11,1
6001,2019-09-15,31,35,4
6002,2019-09-15,31,33,2
6003,2019-09-15,47,58,11
6004,2019-09-15,16,27,11
6005,2019-09-15,25,25,0
6006,2019-09-15,20,20,0
6007,2019-09-15,31,27,-4
6008,2019-09-15,26,39,13
6009,2019-09-15,54,52,-2
6011,2019-09-15,39,44,5
6012,2019-09-15,88,166,78
6013,2019-09-15,30,31,1
6014,2019-09-15,40,48,8
6015,2019-09-15,108,178,70
6016,2019-09-15,7,7,0
6017,2019-09-15,32,52,20
6018,2019-09-15,48,57,9
6019,2019-09-15,104,71,-33
6020,2019-09-15,56,74,18
6021,2019-09-15,50,42,-8
6022,2019-09-15,34,40,6
6023,2019-09-15,144,166,22
6024,2019-09-15,1,4,3
6025,2019-09-15,28,29,1
6026,2019-09-15,148,178,30
6027,2019-09-15,49,54,5
6029,2019-09-15,10,22,12
6031,2019-09-15,35,35,0
6032,2019-09-15,39,62,23
6033,2019-09-15,5,6,1
6035,2019-09-15,30,26,-4
6036,2019-09-15,154,203,49
6037,2019-09-15,38,25,-13
6038,2019-09-15,68,64,-4
6039,2019-09-15,42,47,5
6040,2019-09-15,39,40,1
6041,2019-09-15,26,25,-1
6042,2019-09-15,19,24,5
6043,2019-09-15,37,61,24
6044,2019-09-15,70,83,13
6046,2019-09-15,32,28,-4
6047,2019-09-15,46,40,-6
6048,2019-09-15,5,4,-1
6049,2019-09-15,13,14,1
6050,2019-09-15,23,23,0
6051,2019-09-15,39,31,-8
6052,2019-09-15,150,189,39
6053,2019-09-15,79,92,13
6057,2019-09-15,35,28,-7
6058,2019-09-15,33,39,6
6059,2019-09-15,31,24,-7
6060,2019-09-15,4,3,-1
6061,2019-09-15,38,38,0
6062,2019-09-15,37,37,0
6063,2019-09-15,64,47,-17
6064,2019-09-15,90,90,0
6065,2019-09-15,47,56,9
6066,2019-09-15,35,20,-15
6067,2019-09-15,45,45,0
6068,2019-09-15,8,9,1
6072,2019-09-15,34,37,3
6073,2019-09-15,61,69,8
6075,2019-09-15,23,18,-5
6076,2019-09-15,15,17,2
6078,2019-09-15,24,22,-2
6079,2019-09-15,48,60,12
6080,2019-09-15,67,70,3
6081,2019-09-15,24,27,3
6082,2019-09-15,10,6,-4
6083,2019-09-15,37,42,5
6084,2019-09-15,15,12,-3
6085,2019-09-15,38,80,42
6086,2019-09-15,67,93,26
6087,2019-09-15,84,101,17
6088,2019-09-15,41,52,11
6089,2019-09-15,28,24,-4
6090,2019-09-15,43,36,-7
6091,2019-09-15,36,21,-15
6092,2019-09-15,29,32,3
6093,2019-09-15,48,38,-10
6094,2019-09-15,22,11,-11
6095,2019-09-15,99,112,13
6096,2019-09-15,19,23,4
6097,2019-09-15,60,43,-17
6098,2019-09-15,31,17,-14
6099,2019-09-15,107,133,26
6100,2019-09-15,138,142,4
6101,2019-09-15,53,16,-37
6102,2019-09-15,20,19,-1
6103,2019-09-15,16,18,2
6104,2019-09-15,49,61,12
6105,2019-09-15,15,31,16
6106,2019-09-15,18,29,11
6107,2019-09-15,57,54,-3
6108,2019-09-15,24,34,10
6109,2019-09-15,29,24,-5
6110,2019-09-15,26,28,2
6111,2019-09-15,31,33,2
6112,2019-09-15,90,97,7
6113,2019-09-15,27,29,2
6114,2019-09-15,109,140,31
6115,2019-09-15,14,21,7
6116,2019-09-15,59,61,2
6117,2019-09-15,42,34,-8
6118,2019-09-15,73,80,7
6119,2019-09-15,49,64,15
6120,2019-09-15,44,59,15
6121,2019-09-15,21,28,7
6122,2019-09-15,14,15,1
6123,2019-09-15,18,14,-4
6124,2019-09-15,26,34,8
6125,2019-09-15,10,16,6
6126,2019-09-15,34,41,7
6127,2019-09-15,47,53,6
6128,2019-09-15,14,16,2
6129,2019-09-15,39,51,12
6130,2019-09-15,15,13,-2
6131,2019-09-15,72,58,-14
6132,2019-09-15,32,46,14
6133,2019-09-15,32,35,3
6134,2019-09-15,34,39,5
6136,2019-09-15,235,175,-60
6137,2019-09-15,77,86,9
6138,2019-09-15,52,49,-3
6139,2019-09-15,35,32,-3
6140,2019-09-15,102,110,8
6141,2019-09-15,52,53,1
6142,2019-09-15,94,60,-34
6143,2019-09-15,89,87,-2
6145,2019-09-15,46,48,2
6146,2019-09-15,67,50,-17
6147,2019-09-15,51,29,-22
6148,2019-09-15,78,61,-17
6149,2019-09-15,31,23,-8
6150,2019-09-15,58,52,-6
6151,2019-09-15,74,84,10
6152,2019-09-15,115,130,15
6153,2019-09-15,32,35,3
6154,2019-09-15,152,150,-2
6155,2019-09-15,105,89,-16
6156,2019-09-15,52,51,-1
6157,2019-09-15,110,107,-3
6158,2019-09-15,58,62,4
6159,2019-09-15,23,23,0
6160,2019-09-15,37,32,-5
6161,2019-09-15,38,29,-9
6162,2019-09-15,6,7,1
6163,2019-09-15,108,112,4
6164,2019-09-15,53,75,22
6165,2019-09-15,101,130,29
6166,2019-09-15,42,27,-15
6167,2019-09-15,58,56,-2
6168,2019-09-15,69,50,-19
6169,2019-09-15,143,125,-18
6170,2019-09-15,74,70,-4
6171,2019-09-15,33,27,-6
6173,2019-09-15,76,39,-37
6174,2019-09-15,93,75,-18
6175,2019-09-15,73,50,-23
6176,2019-09-15,87,84,-3
6177,2019-09-15,74,77,3
6178,2019-09-15,124,113,-11
6179,2019-09-15,77,68,-9
6180,2019-09-15,26,38,12
6181,2019-09-15,197,197,0
6182,2019-09-15,40,31,-9
6183,2019-09-15,57,63,6
6184,2019-09-15,229,172,-57
6185,2019-09-15,17,20,3
6187,2019-09-15,89,81,-8
6188,2019-09-15,37,47,10
6189,2019-09-15,20,26,6
6190,2019-09-15,98,70,-28
6191,2019-09-15,48,46,-2
6192,2019-09-15,40,33,-7
6193,2019-09-15,130,118,-12
6195,2019-09-15,49,29,-20
6196,2019-09-15,99,98,-1
6197,2019-09-15,29,30,1
6198,2019-09-15,25,16,-9
6199,2019-09-15,60,44,-16
6200,2019-09-15,81,78,-3
6201,2019-09-15,68,57,-11
6202,2019-09-15,83,68,-15
6203,2019-09-15,43,38,-5
6204,2019-09-15,89,97,8
6205,2019-09-15,96,83,-13
6206,2019-09-15,121,114,-7
6207,2019-09-15,33,36,3
6208,2019-09-15,110,94,-16
6209,2019-09-15,78,72,-6
6210,2019-09-15,26,24,-2
6211,2019-09-15,134,119,-15
6213,2019-09-15,134,136,2
6214,2019-09-15,88,66,-22
6215,2019-09-15,37,37,0
6217,2019-09-15,99,73,-26
6218,2019-09-15,48,29,-19
6219,2019-09-15,35,41,6
6220,2019-09-15,94,81,-13
6221,2019-09-15,225,175,-50
6222,2019-09-15,191,182,-9
6224,2019-09-15,98,95,-3
6225,2019-09-15,76,69,-7
6226,2019-09-15,11,8,-3
6227,2019-09-15,136,127,-9
6228,2019-09-15,19,19,0
6229,2019-09-15,52,49,-3
6230,2019-09-15,87,85,-2
6231,2019-09-15,110,115,5
6232,2019-09-15,15,11,-4
6233,2019-09-15,125,102,-23
6234,2019-09-15,32,36,4
6235,2019-09-15,26,20,-6
6236,2019-09-15,75,55,-20
6237,2019-09-15,39,46,7
6240,2019-09-15,18,21,3
6241,2019-09-15,54,53,-1
6243,2019-09-15,50,54,4
6245,2019-09-15,24,32,8
6246,2019-09-15,39,46,7
6247,2019-09-15,95,69,-26
6248,2019-09-15,130,124,-6
6249,2019-09-15,53,53,0
6250,2019-09-15,123,132,9
6251,2019-09-15,26,19,-7
6252,2019-09-15,40,55,15
6253,2019-09-15,51,42,-9
6254,2019-09-15,60,60,0
6255,2019-09-15,83,80,-3
6257,2019-09-15,43,33,-10
6258,2019-09-15,67,58,-9
6259,2019-09-15,37,33,-4
6260,2019-09-15,48,36,-12
6261,2019-09-15,42,36,-6
6262,2019-09-15,48,41,-7
6263,2019-09-15,23,22,-1
6264,2019-09-15,33,23,-10
6265,2019-09-15,42,43,1
6266,2019-09-15,18,21,3
6267,2019-09-15,47,55,8
6268,2019-09-15,38,38,0
6269,2019-09-15,20,21,1
6270,2019-09-15,29,24,-5
6271,2019-09-15,3,4,1
6272,2019-09-15,17,15,-2
6273,2019-09-15,26,22,-4
6274,2019-09-15,29,35,6
6275,2019-09-15,18,15,-3
6276,2019-09-15,33,30,-3
6277,2019-09-15,63,53,-10
6278,2019-09-15,9,11,2
6279,2019-09-15,16,18,2
6280,2019-09-15,72,65,-7
6281,2019-09-15,22,17,-5
6301,2019-09-15,18,20,2
6302,2019-09-15,8,7,-1
6303,2019-09-15,13,11,-2
6304,2019-09-15,13,9,-4
6305,2019-09-15,11,9,-2
6306,2019-09-15,28,19,-9
6307,2019-09-15,67,72,5
6309,2019-09-15,13,13,0
6310,2019-09-15,39,27,-12
6311,2019-09-15,25,28,3
6312,2019-09-15,11,15,4
6313,2019-09-15,53,43,-10
6314,2019-09-15,32,31,-1
6315,2019-09-15,64,34,-30
6316,2019-09-15,33,21,-12
6321,2019-09-15,56,63,7
6322,2019-09-15,34,28,-6
6323,2019-09-15,3,5,2
6324,2019-09-15,24,22,-2
6327,2019-09-15,37,29,-8
6328,2019-09-15,41,37,-4
6329,2019-09-15,26,22,-4
6330,2019-09-15,20,22,2
6331,2019-09-15,17,21,4
6332,2019-09-15,30,28,-2
6333,2019-09-15,16,13,-3
6334,2019-09-15,48,44,-4
6335,2019-09-15,31,34,3
6336,2019-09-15,30,29,-1
6338,2019-09-15,23,27,4
6340,2019-09-15,26,29,3
6341,2019-09-15,22,21,-1
6343,2019-09-15,35,31,-4
6344,2019-09-15,35,29,-6
6345,2019-09-15,17,17,0
6346,2019-09-15,10,9,-1
6347,2019-09-15,18,17,-1
6349,2019-09-15,15,27,12
6350,2019-09-15,23,16,-7
6354,2019-09-15,17,26,9
6355,2019-09-15,18,19,1
6356,2019-09-15,37,27,-10
6357,2019-09-15,14,14,0
6358,2019-09-15,20,24,4
6359,2019-09-15,74,55,-19
6360,2019-09-15,20,21,1
6361,2019-09-15,28,24,-4
6362,2019-09-15,26,25,-1
6363,2019-09-15,10,7,-3
6364,2019-09-15,31,20,-11
6366,2019-09-15,26,21,-5
6367,2019-09-15,21,14,-7
6368,2019-09-15,73,62,-11
6369,2019-09-15,16,26,10
6370,2019-09-15,34,36,2
6371,2019-09-15,58,71,13
6372,2019-09-15,71,70,-1
6373,2019-09-15,40,30,-10
6374,2019-09-15,42,35,-7
6375,2019-09-15,32,48,16
6376,2019-09-15,19,17,-2
6377,2019-09-15,29,32,3
6379,2019-09-15,20,18,-2
6380,2019-09-15,26,20,-6
6381,2019-09-15,57,61,4
6383,2019-09-15,28,15,-13
6384,2019-09-15,13,17,4
6385,2019-09-15,51,44,-7
6386,2019-09-15,42,31,-11
6387,2019-09-15,59,61,2
6388,2019-09-15,20,27,7
6389,2019-09-15,54,37,-17
6391,2019-09-15,55,70,15
6393,2019-09-15,36,44,8
6394,2019-09-15,59,89,30
6395,2019-09-15,55,54,-1
6396,2019-09-15,83,68,-15
6397,2019-09-15,41,53,12
6398,2019-09-15,32,39,7
6401,2019-09-15,40,46,6
6402,2019-09-15,47,44,-3
6403,2019-09-15,23,17,-6
6404,2019-09-15,7,16,9
6405,2019-09-15,37,47,10
6406,2019-09-15,178,217,39
6407,2019-09-15,14,28,14
6408,2019-09-15,21,29,8
6409,2019-09-15,13,13,0
6410,2019-09-15,19,17,-2
6411,2019-09-15,98,74,-24
6412,2019-09-15,18,22,4
6413,2019-09-15,14,15,1
6414,2019-09-15,10,20,10
6415,2019-09-15,18,18,0
6416,2019-09-15,15,7,-8
6417,2019-09-15,19,30,11
6418,2019-09-15,6,12,6
6419,2019-09-15,9,12,3
6420,2019-09-15,22,17,-5
6421,2019-09-15,39,38,-1
6422,2019-09-15,10,11,1
6423,2019-09-15,7,11,4
6424,2019-09-15,10,36,26
6425,2019-09-15,20,26,6
6426,2019-09-15,36,35,-1
6427,2019-09-15,42,47,5
6428,2019-09-15,23,25,2
6429,2019-09-15,22,29,7
6432,2019-09-15,52,47,-5
6433,2019-09-15,18,23,5
6434,2019-09-15,44,44,0
6435,2019-09-15,36,36,0
6436,2019-09-15,11,7,-4
6501,2019-09-15,131,190,59
6502,2019-09-15,46,40,-6
6503,2019-09-15,43,42,-1
6504,2019-09-15,34,27,-7
6700,2019-09-15,7,19,12
6701,2019-09-15,41,43,2
6702,2019-09-15,14,16,2
6703,2019-09-15,63,64,1
6704,2019-09-15,25,23,-2
6705,2019-09-15,14,26,12
6706,2019-09-15,18,15,-3
6707,2019-09-15,15,13,-2
6709,2019-09-15,16,20,4
6710,2019-09-15,10,11,1
6711,2019-09-15,10,16,6
6712,2019-09-15,15,12,-3
6713,2019-09-15,17,14,-3
6714,2019-09-15,4,6,2
6715,2019-09-15,10,8,-2
6716,2019-09-15,5,7,2
6717,2019-09-15,2,8,6
6718,2019-09-15,17,20,3
6719,2019-09-15,10,12,2
6720,2019-09-15,26,39,13
6721,2019-09-15,13,13,0
6722,2019-09-15,6,11,5
6723,2019-09-15,16,17,1
6724,2019-09-15,50,46,-4
6725,2019-09-15,12,18,6
6726,2019-09-15,11,10,-1
6727,2019-09-15,26,52,26
6728,2019-09-15,15,13,-2
6729,2019-09-15,89,101,12
6730,2019-09-15,8,9,1
6731,2019-09-15,21,19,-2
6732,2019-09-15,19,22,3
6733,2019-09-15,37,39,2
6734,2019-09-15,46,33,-13
6735,2019-09-15,7,10,3
6736,2019-09-15,13,13,0
6737,2019-09-15,14,15,1
6738,2019-09-15,17,16,-1
6739,2019-09-15,6,5,-1
6741,2019-09-15,12,8,-4
6742,2019-09-15,36,38,2
6743,2019-09-15,10,9,-1
6744,2019-09-15,16,17,1
6745,2019-09-15,16,14,-2
6746,2019-09-15,7,5,-2
6747,2019-09-15,15,16,1
6748,2019-09-15,52,62,10
6749,2019-09-15,28,36,8
6750,2019-09-15,39,37,-2
6752,2019-09-15,17,19,2
6753,2019-09-15,15,14,-1
6754,2019-09-15,9,6,-3
6901,2019-09-15,39,48,9
6902,2019-09-15,57,90,33
6903,2019-09-15,65,66,1
6904,2019-09-15,40,34,-6
6905,2019-09-15,22,19,-3
6906,2019-09-15,69,52,-17
6907,2019-09-15,84,65,-19
6908,2019-09-15,47,44,-3
6910,2019-09-15,101,81,-20
6912,2019-09-15,88,67,-21
6913,2019-09-15,50,43,-7
6915,2019-09-15,72,81,9
6916,2019-09-15,26,35,9
6917,2019-09-15,6,12,6
6918,2019-09-15,26,25,-1
6919,2019-09-15,25,23,-2
6921,2019-09-15,23,22,-1
6923,2019-09-15,28,26,-2
6924,2019-09-15,19,27,8
6925,2019-09-15,24,17,-7
6926,2019-09-15,51,45,-6
6927,2019-09-15,28,24,-4
6928,2019-09-15,18,7,-11
6929,2019-09-15,30,29,-1
6930,2019-09-15,14,12,-2
7001,2019-09-15,36,48,12
7002,2019-09-15,7,8,1
7003,2019-09-15,64,38,-26
7004,2019-09-15,10,11,1
7005,2019-09-15,8,10,2
7006,2019-09-15,17,23,6
7008,2019-09-15,12,10,-2
7009,2019-09-15,28,39,11
7010,2019-09-15,16,15,-1
7011,2019-09-15,60,59,-1
7012,2019-09-15,27,25,-2
7013,2019-09-15,14,16,2
7014,2019-09-15,39,25,-14
7015,2019-09-15,24,32,8
7016,2019-09-15,10,10,0
7017,2019-09-15,17,26,9
7018,2019-09-15,28,46,18
7019,2019-09-15,17,15,-2
7020,2019-09-15,19,25,6
7021,2019-09-15,27,25,-2
7022,2019-09-15,39,28,-11
7023,2019-09-15,5,5,0
7024,2019-09-15,56,30,-26
7025,2019-09-15,26,17,-9
7026,2019-09-15,41,39,-2
7027,2019-09-15,36,35,-1
7028,2019-09-15,27,31,4
7029,2019-09-15,34,41,7
7030,2019-09-15,40,38,-2
7031,2019-09-15,37,46,9
7032,2019-09-15,95,61,-34
7033,2019-09-15,64,60,-4
7034,2019-09-15,31,63,32
7035,2019-09-15,26,24,-2
7036,2019-09-15,56,56,0
7037,2019-09-15,52,34,-18
7038,2019-09-15,66,58,-8
7039,2019-09-15,16,22,6
7040,2019-09-15,41,34,-7
7041,2019-09-15,37,50,13
7042,2019-09-15,29,26,-3
7043,2019-09-15,26,29,3
7044,2019-09-15,7,6,-1
7045,2019-09-15,107,110,3
7046,2019-09-15,31,39,8
7047,2019-09-15,127,154,27
7048,2019-09-15,7,12,5
7049,2019-09-15,8,7,-1
7050,2019-09-15,18,17,-1
7051,2019-09-15,12,14,2
7052,2019-09-15,18,22,4
7053,2019-09-15,34,38,4
7054,2019-09-15,36,56,20
7055,2019-09-15,21,37,16
7056,2019-09-15,11,13,2
7057,2019-09-15,28,35,7
7058,2019-09-15,28,36,8
7059,2019-09-15,25,22,-3
7060,2019-09-15,21,24,3
7061,2019-09-15,28,24,-4
7062,2019-09-15,27,25,-2
7063,2019-09-15,23,17,-6
7064,2019-09-15,15,15,0
7065,2019-09-15,36,30,-6
7066,2019-09-15,44,87,43
7067,2019-09-15,26,24,-2
7068,2019-09-15,57,73,16
7069,2019-09-15,36,66,30
7070,2019-09-15,23,26,3
7071,2019-09-15,43,32,-11
7072,2019-09-15,32,18,-14
7073,2019-09-15,45,41,-4
7074,2019-09-15,23,20,-3
7075,2019-09-15,4,7,3
7076,2019-09-15,57,47,-10
7077,2019-09-15,21,19,-2
7078,2019-09-15,17,17,0
7079,2019-09-15,8,9,1
7080,2019-09-15,37,44,7
7081,2019-09-15,43,42,-1
7082,2019-09-15,47,57,10
7083,2019-09-15,41,43,2
7086,2019-09-15,2,0,-2
7087,2019-09-15,2,0,-2
7088,2019-09-15,2,4,2
7090,2019-09-15,7,6,-1
7091,2019-09-15,7,4,-3
7092,2019-09-15,4,2,-2
7093,2019-09-15,2,4,2
7094,2019-09-15,1,0,-1
7095,2019-09-15,7,9,2
7096,2019-09-15,14,25,11
7097,2019-09-15,9,9,0
7098,2019-09-15,2,2,0
7099,2019-09-15,2,3,1
7100,2019-09-15,2,5,3
7101,2019-09-15,5,5,0
7102,2019-09-15,17,27,10
7103,2019-09-15,24,21,-3
7104,2019-09-15,5,5,0
7105,2019-09-15,13,18,5
7106,2019-09-15,5,4,-1
7107,2019-09-15,10,8,-2
7108,2019-09-15,15,11,-4
7109,2019-09-15,5,6,1
7110,2019-09-15,4,4,0
7111,2019-09-15,2,2,0
7112,2019-09-15,6,10,4
7113,2019-09-15,36,32,-4
7114,2019-09-15,70,85,15
7115,2019-09-15,9,10,1
7116,2019-09-15,20,11,-9
7117,2019-09-15,3,5,2
7119,2019-09-15,14,15,1
7120,2019-09-15,4,5,1
7122,2019-09-15,1,4,3
7123,2019-09-15,2,3,1
7124,2019-09-15,20,19,-1
7125,2019-09-15,33,24,-9
7126,2019-09-15,8,5,-3
7127,2019-09-15,13,13,0
7128,2019-09-15,8,7,-1
7129,2019-09-15,3,4,1
7130,2019-09-15,3,3,0
7131,2019-09-15,7,6,-1
7132,2019-09-15,1,1,0
7133,2019-09-15,4,4,0
7134,2019-09-15,2,3,1
7135,2019-09-15,3,4,1
7137,2019-09-15,11,12,1
7138,2019-09-15,6,8,2
7139,2019-09-15,33,28,-5
7140,2019-09-15,9,13,4
7141,2019-09-15,29,30,1
7142,2019-09-15,12,12,0
7143,2019-09-15,24,27,3
7144,2019-09-15,38,34,-4
7145,2019-09-15,8,11,3
7146,2019-09-15,9,17,8
7147,2019-09-15,18,23,5
7148,2019-09-15,20,16,-4
7149,2019-09-15,5,10,5
10002,2019-09-15,38,45,7
4000,2019-09-16,55,72,17
4001,2019-09-16,18,20,2
4002,2019-09-16,19,26,7
5002,2019-09-16,2,1,-1
5003,2019-09-16,2,2,0
5004,2019-09-16,3,2,-1
5006,2019-09-16,6,5,-1
5007,2019-09-16,14,11,-3
6001,2019-09-16,68,104,36
6002,2019-09-16,41,67,26
6003,2019-09-16,74,83,9
6004,2019-09-16,50,52,2
6005,2019-09-16,81,75,-6
6006,2019-09-16,40,26,-14
6007,2019-09-16,33,36,3
6008,2019-09-16,62,85,23
6009,2019-09-16,82,92,10
6011,2019-09-16,68,83,15
6012,2019-09-16,121,184,63
6013,2019-09-16,44,56,12
6014,2019-09-16,59,79,20
6015,2019-09-16,131,174,43
6016,2019-09-16,12,17,5
6017,2019-09-16,51,62,11
6018,2019-09-16,57,70,13
6019,2019-09-16,145,67,-78
6020,2019-09-16,95,114,19
6021,2019-09-16,121,68,-53
6022,2019-09-16,55,48,-7
6023,2019-09-16,136,151,15
6024,2019-09-16,2,3,1
6025,2019-09-16,34,33,-1
6026,2019-09-16,110,129,19
6027,2019-09-16,106,118,12
6029,2019-09-16,24,35,11
6031,2019-09-16,31,49,18
6032,2019-09-16,64,140,76
6033,2019-09-16,18,19,1
6035,2019-09-16,37,74,37
6036,2019-09-16,101,160,59
6037,2019-09-16,53,55,2
6038,2019-09-16,96,104,8
6039,2019-09-16,97,111,14
6040,2019-09-16,78,87,9
6041,2019-09-16,75,71,-4
6042,2019-09-16,93,92,-1
6043,2019-09-16,203,405,202
6044,2019-09-16,92,87,-5
6046,2019-09-16,167,141,-26
6047,2019-09-16,177,168,-9
6048,2019-09-16,45,42,-3
6049,2019-09-16,90,104,14
6050,2019-09-16,58,62,4
6051,2019-09-16,34,30,-4
6052,2019-09-16,213,251,38
6053,2019-09-16,136,151,15
6057,2019-09-16,116,100,-16
6058,2019-09-16,72,75,3
6059,2019-09-16,99,65,-34
6060,2019-09-16,29,28,-1
6061,2019-09-16,85,71,-14
6062,2019-09-16,66,48,-18
6063,2019-09-16,89,88,-1
6064,2019-09-16,205,177,-28
6065,2019-09-16,72,56,-16
6066,2019-09-16,64,28,-36
6067,2019-09-16,99,95,-4
6068,2019-09-16,7,17,10
6072,2019-09-16,94,117,23
6073,2019-09-16,199,145,-54
6075,2019-09-16,56,34,-22
6076,2019-09-16,29,37,8
6078,2019-09-16,57,55,-2
6079,2019-09-16,86,74,-12
6080,2019-09-16,157,145,-12
6081,2019-09-16,41,36,-5
6082,2019-09-16,23,13,-10
6083,2019-09-16,104,138,34
6084,2019-09-16,54,66,12
6085,2019-09-16,108,187,79
6086,2019-09-16,58,92,34
6087,2019-09-16,98,132,34
6088,2019-09-16,66,73,7
6089,2019-09-16,58,61,3
6090,2019-09-16,72,68,-4
6091,2019-09-16,57,45,-12
6092,2019-09-16,55,51,-4
6093,2019-09-16,71,69,-2
6094,2019-09-16,32,30,-2
6095,2019-09-16,178,156,-22
6096,2019-09-16,35,68,33
6097,2019-09-16,79,42,-37
6098,2019-09-16,46,17,-29
6099,2019-09-16,99,167,68
6100,2019-09-16,241,223,-18
6101,2019-09-16,57,20,-37
6102,2019-09-16,26,23,-3
6103,2019-09-16,28,24,-4
6104,2019-09-16,92,111,19
6105,2019-09-16,46,59,13
6106,2019-09-16,40,46,6
6107,2019-09-16,69,73,4
6108,2019-09-16,49,62,13
6109,2019-09-16,22,28,6
6110,2019-09-16,25,30,5
6111,2019-09-16,39,49,10
6112,2019-09-16,91,107,16
6113,2019-09-16,25,27,2
6114,2019-09-16,121,155,34
6115,2019-09-16,28,32,4
6116,2019-09-16,61,77,16
6117,2019-09-16,62,66,4
6118,2019-09-16,76,89,13
6119,2019-09-16,73,94,21
6120,2019-09-16,71,104,33
6121,2019-09-16,22,39,17
6122,2019-09-16,21,22,1
6123,2019-09-16,11,36,25
6124,2019-09-16,41,66,25
6125,2019-09-16,29,28,-1
6126,2019-09-16,39,57,18
6127,2019-09-16,48,48,0
6128,2019-09-16,16,23,7
6129,2019-09-16,70,70,0
6130,2019-09-16,35,23,-12
6131,2019-09-16,84,41,-43
6132,2019-09-16,68,68,0
6133,2019-09-16,35,27,-8
6134,2019-09-16,43,38,-5
6136,2019-09-16,311,233,-78
6137,2019-09-16,76,87,11
6138,2019-09-16,74,79,5
6139,2019-09-16,51,40,-11
6140,2019-09-16,86,108,22
6141,2019-09-16,50,63,13
6142,2019-09-16,98,51,-47
6143,2019-09-16,106,79,-27
6145,2019-09-16,39,51,12
6146,2019-09-16,59,29,-30
6147,2019-09-16,92,51,-41
6148,2019-09-16,120,92,-28
6149,2019-09-16,45,37,-8
6150,2019-09-16,52,57,5
6151,2019-09-16,77,72,-5
6152,2019-09-16,121,105,-16
6153,2019-09-16,58,59,1
6154,2019-09-16,149,136,-13
6155,2019-09-16,149,130,-19
6156,2019-09-16,70,56,-14
6157,2019-09-16,89,78,-11
6158,2019-09-16,44,65,21
6159,2019-09-16,34,41,7
6160,2019-09-16,62,42,-20
6161,2019-09-16,40,52,12
6162,2019-09-16,20,14,-6
6163,2019-09-16,87,94,7
6164,2019-09-16,61,65,4
6165,2019-09-16,99,143,44
6166,2019-09-16,51,36,-15
6167,2019-09-16,36,55,19
6168,2019-09-16,99,64,-35
6169,2019-09-16,149,130,-19
6170,2019-09-16,75,72,-3
6171,2019-09-16,26,39,13
6173,2019-09-16,104,72,-32
6174,2019-09-16,105,83,-22
6175,2019-09-16,111,70,-41
6176,2019-09-16,75,79,4
6177,2019-09-16,65,72,7
6178,2019-09-16,139,131,-8
6179,2019-09-16,73,74,1
6180,2019-09-16,45,50,5
6181,2019-09-16,174,112,-62
6182,2019-09-16,69,44,-25
6183,2019-09-16,74,58,-16
6184,2019-09-16,244,230,-14
6185,2019-09-16,33,38,5
6187,2019-09-16,104,106,2
6188,2019-09-16,48,46,-2
6189,2019-09-16,20,23,3
6190,2019-09-16,100,74,-26
6191,2019-09-16,55,57,2
6192,2019-09-16,40,37,-3
6193,2019-09-16,83,88,5
6195,2019-09-16,92,44,-48
6196,2019-09-16,127,100,-27
6197,2019-09-16,61,56,-5
6198,2019-09-16,23,16,-7
6199,2019-09-16,111,100,-11
6200,2019-09-16,98,80,-18
6201,2019-09-16,89,58,-31
6202,2019-09-16,132,108,-24
6203,2019-09-16,55,55,0
6204,2019-09-16,188,189,1
6205,2019-09-16,93,79,-14
6206,2019-09-16,168,141,-27
6207,2019-09-16,43,41,-2
6208,2019-09-16,99,87,-12
6209,2019-09-16,126,78,-48
6210,2019-09-16,59,46,-13
6211,2019-09-16,160,143,-17
6213,2019-09-16,139,143,4
6214,2019-09-16,98,66,-32
6215,2019-09-16,65,74,9
6217,2019-09-16,100,60,-40
6218,2019-09-16,61,30,-31
6219,2019-09-16,54,65,11
6220,2019-09-16,64,66,2
6221,2019-09-16,210,181,-29
6222,2019-09-16,117,92,-25
6224,2019-09-16,72,72,0
6225,2019-09-16,79,50,-29
6226,2019-09-16,38,34,-4
6227,2019-09-16,110,115,5
6228,2019-09-16,27,25,-2
6229,2019-09-16,55,49,-6
6230,2019-09-16,91,87,-4
6231,2019-09-16,115,97,-18
6232,2019-09-16,41,27,-14
6233,2019-09-16,114,88,-26
6234,2019-09-16,51,47,-4
6235,2019-09-16,103,63,-40
6236,2019-09-16,81,89,8
6237,2019-09-16,55,58,3
6240,2019-09-16,30,31,1
6241,2019-09-16,44,37,-7
6243,2019-09-16,66,65,-1
6245,2019-09-16,42,37,-5
6246,2019-09-16,61,53,-8
6247,2019-09-16,104,95,-9
6248,2019-09-16,169,137,-32
6249,2019-09-16,50,50,0
6250,2019-09-16,82,70,-12
6251,2019-09-16,23,20,-3
6252,2019-09-16,55,41,-14
6253,2019-09-16,65,53,-12
6254,2019-09-16,81,70,-11
6255,2019-09-16,84,81,-3
6257,2019-09-16,38,33,-5
6258,2019-09-16,75,54,-21
6259,2019-09-16,40,38,-2
6260,2019-09-16,52,50,-2
6261,2019-09-16,41,46,5
6262,2019-09-16,49,59,10
6263,2019-09-16,29,39,10
6264,2019-09-16,42,37,-5
6265,2019-09-16,54,51,-3
6266,2019-09-16,26,21,-5
6267,2019-09-16,52,55,3
6268,2019-09-16,52,56,4
6269,2019-09-16,19,37,18
6270,2019-09-16,34,43,9
6271,2019-09-16,2,3,1
6272,2019-09-16,26,32,6
6273,2019-09-16,34,36,2
6274,2019-09-16,37,43,6
6275,2019-09-16,29,23,-6
6276,2019-09-16,33,37,4
6277,2019-09-16,42,48,6
6278,2019-09-16,21,28,7
6279,2019-09-16,23,20,-3
6280,2019-09-16,87,76,-11
6281,2019-09-16,29,18,-11
6301,2019-09-16,25,28,3
6302,2019-09-16,23,21,-2
6303,2019-09-16,16,10,-6
6304,2019-09-16,16,16,0
6305,2019-09-16,31,19,-12
6306,2019-09-16,90,36,-54
6307,2019-09-16,85,80,-5
6309,2019-09-16,21,24,3
6310,2019-09-16,101,45,-56
6311,2019-09-16,40,32,-8
6312,2019-09-16,18,21,3
6313,2019-09-16,33,49,16
6314,2019-09-16,56,44,-12
6315,2019-09-16,82,35,-47
6316,2019-09-16,66,23,-43
6321,2019-09-16,80,69,-11
6322,2019-09-16,32,31,-1
6323,2019-09-16,14,12,-2
6324,2019-09-16,29,34,5
6327,2019-09-16,35,24,-11
6328,2019-09-16,35,34,-1
6329,2019-09-16,29,25,-4
6330,2019-09-16,26,23,-3
6331,2019-09-16,23,24,1
6332,2019-09-16,33,37,4
6333,2019-09-16,18,18,0
6334,2019-09-16,66,65,-1
6335,2019-09-16,41,39,-2
6336,2019-09-16,25,27,2
6338,2019-09-16,27,22,-5
6340,2019-09-16,25,22,-3
6341,2019-09-16,22,31,9
6343,2019-09-16,26,37,11
6344,2019-09-16,42,43,1
6345,2019-09-16,13,18,5
6346,2019-09-16,45,33,-12
6347,2019-09-16,32,25,-7
6349,2019-09-16,28,32,4
6350,2019-09-16,42,51,9
6354,2019-09-16,47,39,-8
6355,2019-09-16,25,41,16
6356,2019-09-16,61,56,-5
6357,2019-09-16,34,25,-9
6358,2019-09-16,33,27,-6
6359,2019-09-16,79,94,15
6360,2019-09-16,32,29,-3
6361,2019-09-16,40,42,2
6362,2019-09-16,35,48,13
6363,2019-09-16,27,23,-4
6364,2019-09-16,40,46,6
6366,2019-09-16,34,31,-3
6367,2019-09-16,19,17,-2
6368,2019-09-16,44,57,13
6369,2019-09-16,50,49,-1
6370,2019-09-16,25,36,11
6371,2019-09-16,77,81,4
6372,2019-09-16,79,86,7
6373,2019-09-16,39,47,8
6374,2019-09-16,44,48,4
6375,2019-09-16,56,55,-1
6376,2019-09-16,31,28,-3
6377,2019-09-16,34,49,15
6379,2019-09-16,28,39,11
6380,2019-09-16,31,30,-1
6381,2019-09-16,48,51,3
6383,2019-09-16,28,20,-8
6384,2019-09-16,13,12,-1
6385,2019-09-16,49,62,13
6386,2019-09-16,52,65,13
6387,2019-09-16,76,74,-2
6388,2019-09-16,10,8,-2
6389,2019-09-16,54,42,-12
6391,2019-09-16,57,92,35
6393,2019-09-16,57,81,24
6394,2019-09-16,53,98,45
6395,2019-09-16,67,77,10
6396,2019-09-16,108,94,-14
6397,2019-09-16,44,54,10
6398,2019-09-16,42,56,14
6401,2019-09-16,54,51,-3
6402,2019-09-16,41,54,13
6403,2019-09-16,31,35,4
6404,2019-09-16,13,18,5
6405,2019-09-16,50,54,4
6406,2019-09-16,61,90,29
6407,2019-09-16,19,33,14
6408,2019-09-16,54,55,1
6409,2019-09-16,18,28,10
6410,2019-09-16,56,62,6
6411,2019-09-16,136,129,-7
6412,2019-09-16,39,36,-3
6413,2019-09-16,27,66,39
6414,2019-09-16,14,20,6
6415,2019-09-16,20,23,3
6416,2019-09-16,23,10,-13
6417,2019-09-16,39,41,2
6418,2019-09-16,8,8,0
6419,2019-09-16,7,9,2
6420,2019-09-16,21,20,-1
6421,2019-09-16,33,32,-1
6422,2019-09-16,13,15,2
6423,2019-09-16,24,15,-9
6424,2019-09-16,32,80,48
6425,2019-09-16,32,28,-4
6426,2019-09-16,83,73,-10
6427,2019-09-16,56,65,9
6428,2019-09-16,10,22,12
6429,2019-09-16,33,40,7
6432,2019-09-16,84,82,-2
6433,2019-09-16,34,35,1
6434,2019-09-16,60,66,6
6435,2019-09-16,36,33,-3
6436,2019-09-16,18,15,-3
6501,2019-09-16,86,102,16
6502,2019-09-16,22,21,-1
6503,2019-09-16,74,67,-7
6504,2019-09-16,10,17,7
6700,2019-09-16,17,31,14
6701,2019-09-16,97,95,-2
6702,2019-09-16,18,20,2
6703,2019-09-16,63,58,-5
6704,2019-09-16,23,22,-1
6705,2019-09-16,23,26,3
6706,2019-09-16,23,31,8
6707,2019-09-16,21,23,2
6709,2019-09-16,34,33,-1
6710,2019-09-16,11,18,7
6711,2019-09-16,26,23,-3
6712,2019-09-16,18,22,4
6713,2019-09-16,13,17,4
6714,2019-09-16,9,8,-1
6715,2019-09-16,22,27,5
6716,2019-09-16,7,15,8
6717,2019-09-16,8,12,4
6718,2019-09-16,26,28,2
6719,2019-09-16,19,28,9
6720,2019-09-16,29,41,12
6721,2019-09-16,17,21,4
6722,2019-09-16,8,17,9
6723,2019-09-16,23,19,-4
6724,2019-09-16,61,67,6
6725,2019-09-16,27,26,-1
6726,2019-09-16,11,12,1
6727,2019-09-16,91,85,-6
6728,2019-09-16,18,21,3
6729,2019-09-16,118,129,11
6730,2019-09-16,14,16,2
6731,2019-09-16,21,14,-7
6732,2019-09-16,42,34,-8
6733,2019-09-16,41,31,-10
6734,2019-09-16,39,46,7
6735,2019-09-16,17,18,1
6736,2019-09-16,16,16,0
6737,2019-09-16,17,21,4
6738,2019-09-16,75,94,19
6739,2019-09-16,7,9,2
6741,2019-09-16,16,30,14
6742,2019-09-16,48,53,5
6743,2019-09-16,34,19,-15
6744,2019-09-16,10,17,7
6745,2019-09-16,15,16,1
6746,2019-09-16,20,22,2
6747,2019-09-16,48,52,4
6748,2019-09-16,80,87,7
6749,2019-09-16,45,46,1
6750,2019-09-16,42,47,5
6752,2019-09-16,29,28,-1
6753,2019-09-16,24,19,-5
6754,2019-09-16,14,13,-1
6901,2019-09-16,57,64,7
6902,2019-09-16,61,91,30
6903,2019-09-16,121,96,-25
6904,2019-09-16,36,37,1
6905,2019-09-16,28,27,-1
6906,2019-09-16,114,67,-47
6907,2019-09-16,84,60,-24
6908,2019-09-16,62,54,-8
6910,2019-09-16,106,93,-13
6912,2019-09-16,155,95,-60
6913,2019-09-16,41,40,-1
6915,2019-09-16,83,71,-12
6916,2019-09-16,40,36,-4
6917,2019-09-16,18,20,2
6918,2019-09-16,23,18,-5
6919,2019-09-16,23,25,2
6921,2019-09-16,85,95,10
6923,2019-09-16,57,45,-12
6924,2019-09-16,19,18,-1
6925,2019-09-16,45,39,-6
6926,2019-09-16,63,61,-2
6927,2019-09-16,99,62,-37
6928,2019-09-16,83,38,-45
6929,2019-09-16,34,31,-3
6930,2019-09-16,17,21,4
7001,2019-09-16,27,38,11
7002,2019-09-16,19,22,3
7003,2019-09-16,96,81,-15
7004,2019-09-16,23,31,8
7005,2019-09-16,7,9,2
7006,2019-09-16,12,20,8
7007,2019-09-16,11,21,10
7008,2019-09-16,30,24,-6
7009,2019-09-16,59,54,-5
7010,2019-09-16,20,18,-2
7011,2019-09-16,58,68,10
7012,2019-09-16,37,47,10
7013,2019-09-16,24,19,-5
7014,2019-09-16,93,58,-35
7015,2019-09-16,16,16,0
7016,2019-09-16,10,10,0
7017,2019-09-16,25,41,16
7018,2019-09-16,28,39,11
7019,2019-09-16,133,122,-11
7020,2019-09-16,20,42,22
7021,2019-09-16,47,41,-6
7022,2019-09-16,27,29,2
7023,2019-09-16,6,2,-4
7024,2019-09-16,64,40,-24
7025,2019-09-16,45,38,-7
7026,2019-09-16,69,68,-1
7027,2019-09-16,48,36,-12
7028,2019-09-16,101,72,-29
7029,2019-09-16,34,37,3
7030,2019-09-16,51,65,14
7031,2019-09-16,40,41,1
7032,2019-09-16,123,79,-44
7033,2019-09-16,83,79,-4
7034,2019-09-16,24,43,19
7035,2019-09-16,39,45,6
7036,2019-09-16,53,56,3
7037,2019-09-16,48,39,-9
7038,2019-09-16,68,47,-21
7039,2019-09-16,31,34,3
7040,2019-09-16,71,70,-1
7041,2019-09-16,125,95,-30
7042,2019-09-16,50,50,0
7043,2019-09-16,30,26,-4
7044,2019-09-16,14,16,2
7045,2019-09-16,46,56,10
7046,2019-09-16,130,138,8
7047,2019-09-16,114,181,67
7048,2019-09-16,19,34,15
7049,2019-09-16,9,13,4
7050,2019-09-16,28,36,8
7051,2019-09-16,6,13,7
7052,2019-09-16,48,55,7
7053,2019-09-16,36,45,9
7054,2019-09-16,40,50,10
7055,2019-09-16,14,26,12
7056,2019-09-16,8,20,12
7057,2019-09-16,23,31,8
7058,2019-09-16,30,30,0
7059,2019-09-16,20,29,9
7060,2019-09-16,27,35,8
7061,2019-09-16,27,21,-6
7062,2019-09-16,44,59,15
7063,2019-09-16,27,24,-3
7064,2019-09-16,23,24,1
7065,2019-09-16,44,40,-4
7066,2019-09-16,73,115,42
7067,2019-09-16,76,83,7
7068,2019-09-16,78,85,7
7069,2019-09-16,108,116,8
7070,2019-09-16,30,43,13
7071,2019-09-16,58,29,-29
7072,2019-09-16,35,26,-9
7073,2019-09-16,49,66,17
7074,2019-09-16,33,34,1
7075,2019-09-16,6,14,8
7076,2019-09-16,63,55,-8
7077,2019-09-16,29,29,0
7078,2019-09-16,22,19,-3
7079,2019-09-16,41,52,11
7080,2019-09-16,84,100,16
7081,2019-09-16,69,82,13
7082,2019-09-16,82,95,13
7083,2019-09-16,72,73,1
7087,2019-09-16,1,1,0
7088,2019-09-16,2,2,0
7089,2019-09-16,2,3,1
7090,2019-09-16,8,15,7
7091,2019-09-16,6,7,1
7092,2019-09-16,5,8,3
7093,2019-09-16,5,5,0
7095,2019-09-16,14,18,4
7096,2019-09-16,32,36,4
7097,2019-09-16,6,7,1
7098,2019-09-16,3,0,-3
7099,2019-09-16,4,12,8
7100,2019-09-16,7,3,-4
7101,2019-09-16,8,11,3
7102,2019-09-16,19,30,11
7103,2019-09-16,25,25,0
7104,2019-09-16,1,4,3
7105,2019-09-16,4,5,1
7106,2019-09-16,5,3,-2
7107,2019-09-16,2,2,0
7108,2019-09-16,15,18,3
7109,2019-09-16,22,13,-9
7110,2019-09-16,9,7,-2
7111,2019-09-16,8,9,1
7112,2019-09-16,7,11,4
7113,2019-09-16,60,66,6
7114,2019-09-16,102,115,13
7115,2019-09-16,14,13,-1
7116,2019-09-16,18,7,-11
7117,2019-09-16,4,5,1
7118,2019-09-16,3,3,0
7119,2019-09-16,6,15,9
7120,2019-09-16,4,3,-1
7121,2019-09-16,6,13,7
7122,2019-09-16,5,6,1
7123,2019-09-16,5,4,-1
7124,2019-09-16,30,25,-5
7125,2019-09-16,23,15,-8
7126,2019-09-16,10,9,-1
7127,2019-09-16,35,35,0
7128,2019-09-16,16,14,-2
7129,2019-09-16,12,11,-1
7130,2019-09-16,19,17,-2
7131,2019-09-16,4,5,1
7132,2019-09-16,2,2,0
7133,2019-09-16,7,12,5
7134,2019-09-16,4,7,3
7135,2019-09-16,2,2,0
7136,2019-09-16,12,11,-1
7137,2019-09-16,6,8,2
7138,2019-09-16,2,6,4
7139,2019-09-16,23,24,1
7140,2019-09-16,26,29,3
7141,2019-09-16,24,24,0
7142,2019-09-16,7,11,4
7143,2019-09-16,13,17,4
7144,2019-09-16,48,45,-3
7145,2019-09-16,18,22,4
7146,2019-09-16,19,33,14
7147,2019-09-16,40,33,-7
7148,2019-09-16,4,7,3
7149,2019-09-16,13,12,-1
10002,2019-09-16,114,118,4
4000,2019-09-17,61,70,9
4001,2019-09-17,11,11,0
4002,2019-09-17,19,25,6
5002,2019-09-17,3,6,3
5004,2019-09-17,2,3,1
5005,2019-09-17,3,7,4
5006,2019-09-17,6,8,2
5007,2019-09-17,23,18,-5
6001,2019-09-17,63,110,47
6002,2019-09-17,37,49,12
6003,2019-09-17,73,88,15
6004,2019-09-17,49,55,6
6005,2019-09-17,86,88,2
6006,2019-09-17,45,23,-22
6007,2019-09-17,47,46,-1
6008,2019-09-17,67,91,24
6009,2019-09-17,78,78,0
6011,2019-09-17,71,74,3
6012,2019-09-17,135,200,65
6013,2019-09-17,76,95,19
6014,2019-09-17,73,93,20
6015,2019-09-17,178,281,103
6016,2019-09-17,14,19,5
6017,2019-09-17,51,57,6
6018,2019-09-17,63,70,7
6019,2019-09-17,176,96,-80
6020,2019-09-17,111,135,24
6021,2019-09-17,119,84,-35
6022,2019-09-17,66,66,0
6023,2019-09-17,101,154,53
6025,2019-09-17,31,36,5
6026,2019-09-17,99,135,36
6027,2019-09-17,142,145,3
6029,2019-09-17,27,30,3
6031,2019-09-17,38,69,31
6032,2019-09-17,59,144,85
6033,2019-09-17,25,23,-2
6035,2019-09-17,38,89,51
6036,2019-09-17,123,197,74
6037,2019-09-17,48,55,7
6038,2019-09-17,105,121,16
6039,2019-09-17,97,125,28
6040,2019-09-17,62,91,29
6041,2019-09-17,73,79,6
6042,2019-09-17,104,105,1
6043,2019-09-17,202,455,253
6044,2019-09-17,82,76,-6
6046,2019-09-17,154,168,14
6047,2019-09-17,168,131,-37
6048,2019-09-17,56,58,2
6049,2019-09-17,91,111,20
6050,2019-09-17,42,60,18
6051,2019-09-17,35,25,-10
6052,2019-09-17,172,265,93
6053,2019-09-17,159,172,13
6057,2019-09-17,92,93,1
6058,2019-09-17,80,74,-6
6059,2019-09-17,85,83,-2
6060,2019-09-17,44,33,-11
6061,2019-09-17,85,75,-10
6062,2019-09-17,73,53,-20
6063,2019-09-17,92,83,-9
6064,2019-09-17,191,158,-33
6065,2019-09-17,65,51,-14
6066,2019-09-17,45,14,-31
6067,2019-09-17,123,130,7
6068,2019-09-17,14,13,-1
6072,2019-09-17,107,107,0
6073,2019-09-17,161,155,-6
6075,2019-09-17,72,31,-41
6076,2019-09-17,25,40,15
6078,2019-09-17,72,72,0
6079,2019-09-17,83,79,-4
6080,2019-09-17,181,174,-7
6081,2019-09-17,49,39,-10
6082,2019-09-17,21,12,-9
6083,2019-09-17,116,119,3
6084,2019-09-17,73,94,21
6085,2019-09-17,102,197,95
6086,2019-09-17,74,111,37
6087,2019-09-17,114,139,25
6088,2019-09-17,68,90,22
6089,2019-09-17,56,57,1
6090,2019-09-17,51,50,-1
6091,2019-09-17,58,37,-21
6092,2019-09-17,65,64,-1
6093,2019-09-17,78,60,-18
6094,2019-09-17,40,30,-10
6095,2019-09-17,189,156,-33
6096,2019-09-17,38,63,25
6097,2019-09-17,86,37,-49
6098,2019-09-17,46,40,-6
6099,2019-09-17,127,156,29
6100,2019-09-17,273,253,-20
6101,2019-09-17,96,45,-51
6102,2019-09-17,43,28,-15
6103,2019-09-17,20,26,6
6104,2019-09-17,84,113,29
6105,2019-09-17,62,79,17
6106,2019-09-17,33,38,5
6107,2019-09-17,94,85,-9
6108,2019-09-17,48,65,17
6109,2019-09-17,17,13,-4
6110,2019-09-17,34,38,4
6111,2019-09-17,56,58,2
6112,2019-09-17,74,85,11
6113,2019-09-17,42,38,-4
6114,2019-09-17,117,162,45
6115,2019-09-17,21,36,15
6116,2019-09-17,74,100,26
6117,2019-09-17,56,58,2
6118,2019-09-17,78,103,25
6119,2019-09-17,74,84,10
6120,2019-09-17,81,123,42
6121,2019-09-17,28,48,20
6122,2019-09-17,27,31,4
6123,2019-09-17,26,28,2
6124,2019-09-17,43,54,11
6125,2019-09-17,27,23,-4
6126,2019-09-17,61,56,-5
6127,2019-09-17,43,42,-1
6128,2019-09-17,25,32,7
6129,2019-09-17,62,62,0
6130,2019-09-17,30,24,-6
6131,2019-09-17,79,45,-34
6132,2019-09-17,77,81,4
6133,2019-09-17,44,37,-7
6134,2019-09-17,36,38,2
6136,2019-09-17,345,241,-104
6137,2019-09-17,105,87,-18
6138,2019-09-17,80,88,8
6139,2019-09-17,52,37,-15
6140,2019-09-17,91,95,4
6141,2019-09-17,64,59,-5
6142,2019-09-17,112,94,-18
6143,2019-09-17,72,79,7
6145,2019-09-17,53,46,-7
6146,2019-09-17,60,44,-16
6147,2019-09-17,129,64,-65
6148,2019-09-17,133,114,-19
6149,2019-09-17,61,52,-9
6150,2019-09-17,74,72,-2
6151,2019-09-17,94,90,-4
6152,2019-09-17,130,121,-9
6153,2019-09-17,76,62,-14
6154,2019-09-17,170,157,-13
6155,2019-09-17,155,127,-28
6156,2019-09-17,64,65,1
6157,2019-09-17,121,107,-14
6158,2019-09-17,53,62,9
6159,2019-09-17,30,37,7
6160,2019-09-17,70,46,-24
6161,2019-09-17,42,46,4
6162,2019-09-17,14,10,-4
6163,2019-09-17,82,100,18
6164,2019-09-17,65,72,7
6165,2019-09-17,118,148,30
6166,2019-09-17,47,47,0
6167,2019-09-17,58,56,-2
6168,2019-09-17,111,78,-33
6169,2019-09-17,155,125,-30
6170,2019-09-17,92,79,-13
6171,2019-09-17,33,49,16
6173,2019-09-17,109,53,-56
6174,2019-09-17,102,104,2
6175,2019-09-17,63,48,-15
6176,2019-09-17,76,81,5
6177,2019-09-17,69,64,-5
6178,2019-09-17,108,109,1
6179,2019-09-17,70,76,6
6180,2019-09-17,62,72,10
6181,2019-09-17,160,94,-66
6182,2019-09-17,61,46,-15
6183,2019-09-17,98,86,-12
6184,2019-09-17,257,221,-36
6185,2019-09-17,26,29,3
6187,2019-09-17,136,119,-17
6188,2019-09-17,55,44,-11
6189,2019-09-17,22,29,7
6190,2019-09-17,114,76,-38
6191,2019-09-17,70,57,-13
6192,2019-09-17,51,37,-14
6193,2019-09-17,121,101,-20
6195,2019-09-17,108,51,-57
6196,2019-09-17,127,104,-23
6197,2019-09-17,50,43,-7
6198,2019-09-17,32,22,-10
6199,2019-09-17,101,101,0
6200,2019-09-17,81,82,1
6201,2019-09-17,86,68,-18
6202,2019-09-17,161,137,-24
6203,2019-09-17,73,60,-13
6204,2019-09-17,193,220,27
6205,2019-09-17,120,105,-15
6206,2019-09-17,141,127,-14
6207,2019-09-17,44,48,4
6208,2019-09-17,84,90,6
6209,2019-09-17,138,104,-34
6210,2019-09-17,47,47,0
6211,2019-09-17,171,145,-26
6212,2019-09-17,41,54,13
6213,2019-09-17,141,123,-18
6214,2019-09-17,101,80,-21
6215,2019-09-17,77,77,0
6216,2019-09-17,139,57,-82
6217,2019-09-17,94,62,-32
6218,2019-09-17,61,40,-21
6219,2019-09-17,66,66,0
6220,2019-09-17,63,68,5
6221,2019-09-17,194,152,-42
6222,2019-09-17,94,71,-23
6223,2019-09-17,46,54,8
6224,2019-09-17,66,65,-1
6225,2019-09-17,51,53,2
6226,2019-09-17,29,32,3
6227,2019-09-17,114,103,-11
6228,2019-09-17,22,22,0
6229,2019-09-17,71,64,-7
6230,2019-09-17,101,89,-12
6231,2019-09-17,109,98,-11
6232,2019-09-17,37,23,-14
6233,2019-09-17,108,94,-14
6234,2019-09-17,41,39,-2
6235,2019-09-17,81,42,-39
6236,2019-09-17,62,77,15
6237,2019-09-17,40,44,4
6240,2019-09-17,30,27,-3
6241,2019-09-17,41,31,-10
6243,2019-09-17,63,67,4
6245,2019-09-17,42,42,0
6246,2019-09-17,68,57,-11
6247,2019-09-17,145,125,-20
6248,2019-09-17,169,146,-23
6249,2019-09-17,80,42,-38
6250,2019-09-17,81,60,-21
6251,2019-09-17,16,21,5
6252,2019-09-17,47,34,-13
6253,2019-09-17,83,51,-32
6254,2019-09-17,86,66,-20
6255,2019-09-17,78,69,-9
6257,2019-09-17,54,36,-18
6258,2019-09-17,85,66,-19
6259,2019-09-17,44,30,-14
6260,2019-09-17,35,37,2
6261,2019-09-17,45,47,2
6262,2019-09-17,60,60,0
6263,2019-09-17,39,45,6
6264,2019-09-17,34,29,-5
6265,2019-09-17,58,59,1
6266,2019-09-17,34,29,-5
6267,2019-09-17,35,36,1
6268,2019-09-17,47,44,-3
6269,2019-09-17,26,37,11
6270,2019-09-17,32,36,4
6272,2019-09-17,36,29,-7
6273,2019-09-17,37,29,-8
6274,2019-09-17,47,43,-4
6275,2019-09-17,26,26,0
6276,2019-09-17,37,41,4
6277,2019-09-17,52,56,4
6278,2019-09-17,21,24,3
6279,2019-09-17,21,17,-4
6280,2019-09-17,90,83,-7
6281,2019-09-17,21,17,-4
6301,2019-09-17,33,32,-1
6302,2019-09-17,15,15,0
6303,2019-09-17,17,8,-9
6304,2019-09-17,15,10,-5
6305,2019-09-17,27,15,-12
6306,2019-09-17,95,45,-50
6307,2019-09-17,58,68,10
6309,2019-09-17,22,24,2
6310,2019-09-17,101,60,-41
6311,2019-09-17,40,42,2
6312,2019-09-17,18,28,10
6313,2019-09-17,41,62,21
6314,2019-09-17,47,53,6
6315,2019-09-17,90,57,-33
6316,2019-09-17,57,21,-36
6321,2019-09-17,82,59,-23
6322,2019-09-17,30,30,0
6323,2019-09-17,24,18,-6
6324,2019-09-17,26,37,11
6327,2019-09-17,38,21,-17
6328,2019-09-17,33,31,-2
6329,2019-09-17,39,37,-2
6330,2019-09-17,33,32,-1
6331,2019-09-17,27,28,1
6332,2019-09-17,41,50,9
6333,2019-09-17,26,24,-2
6334,2019-09-17,79,76,-3
6335,2019-09-17,35,29,-6
6336,2019-09-17,31,31,0
6338,2019-09-17,33,31,-2
6340,2019-09-17,24,32,8
6341,2019-09-17,33,41,8
6343,2019-09-17,39,44,5
6344,2019-09-17,44,37,-7
6345,2019-09-17,22,18,-4
6346,2019-09-17,40,27,-13
6347,2019-09-17,36,35,-1
6349,2019-09-17,30,38,8
6350,2019-09-17,50,41,-9
6354,2019-09-17,37,41,4
6355,2019-09-17,24,41,17
6356,2019-09-17,42,27,-15
6357,2019-09-17,33,28,-5
6358,2019-09-17,32,31,-1
6359,2019-09-17,83,133,50
6360,2019-09-17,23,18,-5
6361,2019-09-17,45,38,-7
6362,2019-09-17,44,43,-1
6363,2019-09-17,30,28,-2
6364,2019-09-17,55,34,-21
6366,2019-09-17,28,24,-4
6367,2019-09-17,24,28,4
6368,2019-09-17,60,65,5
6369,2019-09-17,56,65,9
6370,2019-09-17,30,37,7
6371,2019-09-17,62,68,6
6372,2019-09-17,75,92,17
6373,2019-09-17,43,46,3
6374,2019-09-17,44,44,0
6375,2019-09-17,74,75,1
6376,2019-09-17,30,29,-1
6377,2019-09-17,42,49,7
6379,2019-09-17,32,33,1
6380,2019-09-17,26,20,-6
6381,2019-09-17,60,52,-8
6383,2019-09-17,28,24,-4
6384,2019-09-17,21,13,-8
6385,2019-09-17,58,56,-2
6386,2019-09-17,58,57,-1
6387,2019-09-17,82,95,13
6389,2019-09-17,44,29,-15
6391,2019-09-17,61,90,29
6393,2019-09-17,60,80,20
6394,2019-09-17,58,99,41
6395,2019-09-17,87,71,-16
6396,2019-09-17,126,92,-34
6397,2019-09-17,31,57,26
6398,2019-09-17,37,54,17
6401,2019-09-17,56,66,10
6402,2019-09-17,41,53,12
6403,2019-09-17,26,30,4
6404,2019-09-17,13,21,8
6405,2019-09-17,44,64,20
6406,2019-09-17,93,119,26
6407,2019-09-17,12,25,13
6408,2019-09-17,65,71,6
6409,2019-09-17,18,25,7
6410,2019-09-17,72,73,1
6411,2019-09-17,141,117,-24
6412,2019-09-17,40,44,4
6413,2019-09-17,32,98,66
6414,2019-09-17,18,23,5
6415,2019-09-17,31,29,-2
6416,2019-09-17,25,14,-11
6417,2019-09-17,29,45,16
6418,2019-09-17,8,12,4
6419,2019-09-17,9,15,6
6420,2019-09-17,29,28,-1
6421,2019-09-17,45,44,-1
6422,2019-09-17,16,17,1
6423,2019-09-17,18,7,-11
6424,2019-09-17,40,90,50
6425,2019-09-17,39,40,1
6426,2019-09-17,83,94,11
6427,2019-09-17,67,68,1
6428,2019-09-17,13,21,8
6429,2019-09-17,39,47,8
6432,2019-09-17,90,94,4
6433,2019-09-17,34,34,0
6434,2019-09-17,67,69,2
6435,2019-09-17,45,41,-4
6436,2019-09-17,20,20,0
6501,2019-09-17,57,63,6
6502,2019-09-17,18,22,4
6503,2019-09-17,71,71,0
6504,2019-09-17,8,6,-2
6700,2019-09-17,16,44,28
6701,2019-09-17,100,99,-1
6702,2019-09-17,17,26,9
6703,2019-09-17,54,48,-6
6704,2019-09-17,32,28,-4
6705,2019-09-17,16,19,3
6706,2019-09-17,24,28,4
6707,2019-09-17,22,26,4
6709,2019-09-17,24,32,8
6710,2019-09-17,16,20,4
6711,2019-09-17,26,27,1
6712,2019-09-17,18,21,3
6713,2019-09-17,16,21,5
6714,2019-09-17,5,4,-1
6715,2019-09-17,12,24,12
6716,2019-09-17,12,16,4
6717,2019-09-17,19,13,-6
6718,2019-09-17,33,37,4
6719,2019-09-17,21,23,2
6720,2019-09-17,23,38,15
6721,2019-09-17,24,13,-11
6722,2019-09-17,10,15,5
6723,2019-09-17,26,19,-7
6724,2019-09-17,52,69,17
6725,2019-09-17,37,41,4
6726,2019-09-17,11,12,1
6727,2019-09-17,92,96,4
6728,2019-09-17,22,20,-2
6729,2019-09-17,153,165,12
6730,2019-09-17,16,5,-11
6731,2019-09-17,17,19,2
6732,2019-09-17,33,43,10
6733,2019-09-17,29,35,6
6734,2019-09-17,55,51,-4
6735,2019-09-17,13,10,-3
6736,2019-09-17,25,25,0
6737,2019-09-17,27,28,1
6738,2019-09-17,122,102,-20
6739,2019-09-17,7,8,1
6741,2019-09-17,30,33,3
6742,2019-09-17,45,52,7
6743,2019-09-17,28,19,-9
6744,2019-09-17,19,19,0
6745,2019-09-17,20,23,3
6746,2019-09-17,25,23,-2
6747,2019-09-17,44,51,7
6748,2019-09-17,73,79,6
6749,2019-09-17,38,45,7
6750,2019-09-17,57,50,-7
6752,2019-09-17,32,38,6
6753,2019-09-17,19,19,0
6754,2019-09-17,21,25,4
6901,2019-09-17,52,60,8
6902,2019-09-17,88,123,35
6903,2019-09-17,104,95,-9
6904,2019-09-17,38,45,7
6905,2019-09-17,39,40,1
6906,2019-09-17,107,71,-36
6907,2019-09-17,92,52,-40
6908,2019-09-17,77,65,-12
6910,2019-09-17,111,86,-25
6912,2019-09-17,165,110,-55
6913,2019-09-17,55,26,-29
6915,2019-09-17,81,75,-6
6916,2019-09-17,46,43,-3
6917,2019-09-17,14,19,5
6918,2019-09-17,30,22,-8
6919,2019-09-17,38,30,-8
6921,2019-09-17,93,99,6
6923,2019-09-17,46,47,1
6924,2019-09-17,25,23,-2
6925,2019-09-17,41,42,1
6926,2019-09-17,67,60,-7
6927,2019-09-17,87,53,-34
6928,2019-09-17,85,42,-43
6929,2019-09-17,34,27,-7
6930,2019-09-17,15,28,13
7001,2019-09-17,44,46,2
7002,2019-09-17,22,21,-1
7003,2019-09-17,107,86,-21
7004,2019-09-17,35,28,-7
7005,2019-09-17,3,9,6
7006,2019-09-17,19,21,2
7007,2019-09-17,13,17,4
7008,2019-09-17,14,20,6
7009,2019-09-17,51,62,11
7010,2019-09-17,17,17,0
7011,2019-09-17,76,78,2
7012,2019-09-17,44,52,8
7013,2019-09-17,23,25,2
7014,2019-09-17,120,54,-66
7015,2019-09-17,11,13,2
7016,2019-09-17,7,9,2
7017,2019-09-17,35,44,9
7018,2019-09-17,31,41,10
7019,2019-09-17,110,109,-1
7020,2019-09-17,22,37,15
7021,2019-09-17,53,57,4
7022,2019-09-17,42,35,-7
7023,2019-09-17,7,6,-1
7024,2019-09-17,73,33,-40
7025,2019-09-17,48,34,-14
7026,2019-09-17,76,74,-2
7027,2019-09-17,41,46,5
7028,2019-09-17,99,77,-22
7029,2019-09-17,42,43,1
7030,2019-09-17,58,62,4
7031,2019-09-17,48,48,0
7032,2019-09-17,130,95,-35
7033,2019-09-17,89,85,-4
7034,2019-09-17,31,42,11
7035,2019-09-17,50,50,0
7036,2019-09-17,62,51,-11
7037,2019-09-17,49,51,2
7038,2019-09-17,64,74,10
7039,2019-09-17,38,38,0
7040,2019-09-17,61,69,8
7041,2019-09-17,131,116,-15
7042,2019-09-17,39,41,2
7043,2019-09-17,28,18,-10
7044,2019-09-17,14,13,-1
7045,2019-09-17,78,70,-8
7046,2019-09-17,114,128,14
7047,2019-09-17,128,194,66
7048,2019-09-17,20,22,2
7049,2019-09-17,22,21,-1
7050,2019-09-17,27,28,1
7051,2019-09-17,7,15,8
7052,2019-09-17,49,61,12
7053,2019-09-17,40,49,9
7054,2019-09-17,53,58,5
7055,2019-09-17,24,28,4
7056,2019-09-17,18,18,0
7057,2019-09-17,30,36,6
7058,2019-09-17,28,33,5
7059,2019-09-17,38,40,2
7060,2019-09-17,23,28,5
7061,2019-09-17,29,20,-9
7062,2019-09-17,47,48,1
7063,2019-09-17,26,20,-6
7064,2019-09-17,30,32,2
7065,2019-09-17,32,39,7
7066,2019-09-17,77,154,77
7067,2019-09-17,75,75,0
7068,2019-09-17,82,92,10
7069,2019-09-17,121,133,12
7070,2019-09-17,45,40,-5
7071,2019-09-17,56,35,-21
7072,2019-09-17,25,21,-4
7073,2019-09-17,75,75,0
7074,2019-09-17,27,39,12
7075,2019-09-17,6,11,5
7076,2019-09-17,73,61,-12
7077,2019-09-17,33,32,-1
7078,2019-09-17,22,36,14
7079,2019-09-17,61,73,12
7080,2019-09-17,90,102,12
7081,2019-09-17,89,118,29
7082,2019-09-17,98,113,15
7083,2019-09-17,69,69,0
7087,2019-09-17,1,1,0
7090,2019-09-17,13,13,0
7091,2019-09-17,6,3,-3
7092,2019-09-17,6,9,3
7093,2019-09-17,2,3,1
7095,2019-09-17,18,20,2
7096,2019-09-17,26,39,13
7097,2019-09-17,8,7,-1
7098,2019-09-17,3,3,0
7099,2019-09-17,4,6,2
7100,2019-09-17,5,5,0
7101,2019-09-17,12,9,-3
7102,2019-09-17,21,30,9
7103,2019-09-17,18,23,5
7104,2019-09-17,1,2,1
7105,2019-09-17,4,2,-2
7106,2019-09-17,4,4,0
7107,2019-09-17,11,7,-4
7108,2019-09-17,11,9,-2
7109,2019-09-17,17,20,3
7110,2019-09-17,7,8,1
7111,2019-09-17,4,4,0
7112,2019-09-17,9,11,2
7113,2019-09-17,61,69,8
7114,2019-09-17,109,116,7
7115,2019-09-17,19,10,-9
7116,2019-09-17,16,8,-8
7117,2019-09-17,2,2,0
7118,2019-09-17,3,3,0
7119,2019-09-17,10,20,10
7120,2019-09-17,5,7,2
7121,2019-09-17,4,12,8
7122,2019-09-17,5,7,2
7123,2019-09-17,4,4,0
7124,2019-09-17,27,20,-7
7125,2019-09-17,21,18,-3
7126,2019-09-17,12,7,-5
7127,2019-09-17,38,47,9
7128,2019-09-17,15,16,1
7129,2019-09-17,13,18,5
7130,2019-09-17,19,10,-9
7131,2019-09-17,5,6,1
7132,2019-09-17,3,6,3
7133,2019-09-17,4,7,3
7134,2019-09-17,2,4,2
7135,2019-09-17,3,4,1
7136,2019-09-17,5,6,1
7137,2019-09-17,6,8,2
7138,2019-09-17,5,7,2
7139,2019-09-17,24,22,-2
7140,2019-09-17,20,21,1
7141,2019-09-17,26,26,0
7142,2019-09-17,6,15,9
7143,2019-09-17,27,35,8
7144,2019-09-17,49,50,1
7145,2019-09-17,24,19,-5
7146,2019-09-17,21,21,0
7147,2019-09-17,38,31,-7
7148,2019-09-17,6,11,5
7149,2019-09-17,9,10,1
10002,2019-09-17,114,123,9
4000,2019-09-18,53,67,14
4001,2019-09-18,15,16,1
4002,2019-09-18,11,28,17
5002,2019-09-18,3,6,3
5003,2019-09-18,2,2,0
5004,2019-09-18,10,11,1
5005,2019-09-18,7,6,-1
5006,2019-09-18,8,7,-1
5007,2019-09-18,23,25,2
6001,2019-09-18,74,111,37
6002,2019-09-18,33,56,23
6003,2019-09-18,61,79,18
6004,2019-09-18,38,54,16
6005,2019-09-18,86,83,-3
6006,2019-09-18,41,20,-21
6007,2019-09-18,42,43,1
6008,2019-09-18,53,96,43
6009,2019-09-18,76,78,2
6011,2019-09-18,84,89,5
6012,2019-09-18,141,253,112
6013,2019-09-18,60,91,31
6014,2019-09-18,71,89,18
6015,2019-09-18,160,246,86
6016,2019-09-18,13,16,3
6017,2019-09-18,43,66,23
6018,2019-09-18,45,70,25
6019,2019-09-18,157,100,-57
6020,2019-09-18,81,125,44
6021,2019-09-18,94,69,-25
6022,2019-09-18,58,58,0
6023,2019-09-18,117,135,18
6024,2019-09-18,3,3,0
6025,2019-09-18,32,36,4
6026,2019-09-18,118,136,18
6027,2019-09-18,158,129,-29
6029,2019-09-18,27,30,3
6031,2019-09-18,30,55,25
6032,2019-09-18,60,139,79
6033,2019-09-18,20,22,2
6035,2019-09-18,26,60,34
6036,2019-09-18,111,184,73
6037,2019-09-18,53,56,3
6038,2019-09-18,103,98,-5
6039,2019-09-18,67,83,16
6040,2019-09-18,68,95,27
6041,2019-09-18,79,83,4
6042,2019-09-18,104,106,2
6043,2019-09-18,205,433,228
6044,2019-09-18,86,76,-10
6046,2019-09-18,144,143,-1
6047,2019-09-18,186,163,-23
6048,2019-09-18,58,60,2
6049,2019-09-18,90,111,21
6050,2019-09-18,52,69,17
6051,2019-09-18,32,36,4
6052,2019-09-18,195,274,79
6053,2019-09-18,173,173,0
6057,2019-09-18,94,91,-3
6058,2019-09-18,72,64,-8
6059,2019-09-18,95,62,-33
6060,2019-09-18,49,34,-15
6061,2019-09-18,86,72,-14
6062,2019-09-18,72,68,-4
6063,2019-09-18,84,74,-10
6064,2019-09-18,199,182,-17
6065,2019-09-18,76,52,-24
6066,2019-09-18,41,30,-11
6067,2019-09-18,115,106,-9
6068,2019-09-18,18,13,-5
6072,2019-09-18,101,94,-7
6073,2019-09-18,166,139,-27
6075,2019-09-18,62,37,-25
6076,2019-09-18,28,35,7
6078,2019-09-18,51,71,20
6079,2019-09-18,67,70,3
6080,2019-09-18,156,152,-4
6081,2019-09-18,45,34,-11
6082,2019-09-18,17,8,-9
6083,2019-09-18,122,126,4
6084,2019-09-18,81,88,7
6085,2019-09-18,108,210,102
6086,2019-09-18,74,95,21
6087,2019-09-18,97,138,41
6088,2019-09-18,71,79,8
6089,2019-09-18,49,61,12
6090,2019-09-18,65,67,2
6091,2019-09-18,54,40,-14
6092,2019-09-18,69,69,0
6093,2019-09-18,65,42,-23
6094,2019-09-18,34,35,1
6095,2019-09-18,137,134,-3
6096,2019-09-18,53,80,27
6097,2019-09-18,73,44,-29
6098,2019-09-18,43,37,-6
6099,2019-09-18,115,146,31
6100,2019-09-18,284,264,-20
6101,2019-09-18,79,31,-48
6102,2019-09-18,38,28,-10
6103,2019-09-18,23,28,5
6104,2019-09-18,81,99,18
6105,2019-09-18,56,72,16
6106,2019-09-18,30,32,2
6107,2019-09-18,86,79,-7
6108,2019-09-18,46,55,9
6109,2019-09-18,9,8,-1
6110,2019-09-18,35,39,4
6111,2019-09-18,50,52,2
6112,2019-09-18,94,103,9
6113,2019-09-18,30,33,3
6114,2019-09-18,118,155,37
6115,2019-09-18,31,37,6
6116,2019-09-18,49,72,23
6117,2019-09-18,89,83,-6
6118,2019-09-18,72,99,27
6119,2019-09-18,70,83,13
6120,2019-09-18,71,105,34
6121,2019-09-18,19,37,18
6122,2019-09-18,15,22,7
6123,2019-09-18,27,38,11
6124,2019-09-18,51,58,7
6125,2019-09-18,27,29,2
6126,2019-09-18,47,54,7
6127,2019-09-18,58,50,-8
6128,2019-09-18,20,20,0
6129,2019-09-18,66,75,9
6130,2019-09-18,26,27,1
6131,2019-09-18,74,44,-30
6132,2019-09-18,57,76,19
6133,2019-09-18,30,29,-1
6134,2019-09-18,47,43,-4
6136,2019-09-18,295,233,-62
6137,2019-09-18,93,95,2
6138,2019-09-18,83,67,-16
6139,2019-09-18,39,34,-5
6140,2019-09-18,82,89,7
6141,2019-09-18,82,66,-16
6142,2019-09-18,114,55,-59
6143,2019-09-18,89,86,-3
6145,2019-09-18,51,49,-2
6146,2019-09-18,55,34,-21
6147,2019-09-18,128,67,-61
6148,2019-09-18,122,97,-25
6149,2019-09-18,44,42,-2
6150,2019-09-18,57,52,-5
6151,2019-09-18,92,82,-10
6152,2019-09-18,116,106,-10
6153,2019-09-18,66,68,2
6154,2019-09-18,176,199,23
6155,2019-09-18,151,124,-27
6156,2019-09-18,66,66,0
6157,2019-09-18,105,106,1
6158,2019-09-18,71,84,13
6159,2019-09-18,25,31,6
6160,2019-09-18,73,52,-21
6161,2019-09-18,49,60,11
6162,2019-09-18,17,20,3
6163,2019-09-18,108,114,6
6164,2019-09-18,65,74,9
6165,2019-09-18,133,153,20
6166,2019-09-18,65,40,-25
6167,2019-09-18,33,45,12
6168,2019-09-18,110,86,-24
6169,2019-09-18,124,112,-12
6170,2019-09-18,81,81,0
6171,2019-09-18,49,49,0
6173,2019-09-18,98,56,-42
6174,2019-09-18,96,82,-14
6175,2019-09-18,108,59,-49
6176,2019-09-18,96,101,5
6177,2019-09-18,86,60,-26
6178,2019-09-18,122,113,-9
6179,2019-09-18,80,84,4
6180,2019-09-18,49,66,17
6181,2019-09-18,131,86,-45
6182,2019-09-18,76,73,-3
6183,2019-09-18,112,92,-20
6184,2019-09-18,291,252,-39
6185,2019-09-18,24,24,0
6187,2019-09-18,129,126,-3
6188,2019-09-18,77,55,-22
6189,2019-09-18,27,27,0
6190,2019-09-18,136,83,-53
6191,2019-09-18,71,59,-12
6192,2019-09-18,47,39,-8
6193,2019-09-18,89,90,1
6194,2019-09-18,56,44,-12
6195,2019-09-18,89,55,-34
6196,2019-09-18,141,109,-32
6197,2019-09-18,62,65,3
6198,2019-09-18,34,19,-15
6199,2019-09-18,108,90,-18
6200,2019-09-18,102,87,-15
6201,2019-09-18,80,58,-22
6202,2019-09-18,141,115,-26
6203,2019-09-18,81,72,-9
6204,2019-09-18,188,169,-19
6205,2019-09-18,125,124,-1
6206,2019-09-18,152,136,-16
6207,2019-09-18,53,56,3
6208,2019-09-18,76,80,4
6209,2019-09-18,125,109,-16
6210,2019-09-18,56,58,2
6211,2019-09-18,169,156,-13
6212,2019-09-18,89,55,-34
6213,2019-09-18,147,140,-7
6214,2019-09-18,86,72,-14
6215,2019-09-18,83,84,1
6216,2019-09-18,125,57,-68
6217,2019-09-18,119,76,-43
6218,2019-09-18,70,40,-30
6219,2019-09-18,85,73,-12
6220,2019-09-18,96,79,-17
6221,2019-09-18,220,183,-37
6222,2019-09-18,98,70,-28
6223,2019-09-18,111,58,-53
6224,2019-09-18,65,59,-6
6225,2019-09-18,69,44,-25
6226,2019-09-18,28,26,-2
6227,2019-09-18,148,138,-10
6228,2019-09-18,34,27,-7
6229,2019-09-18,45,37,-8
6230,2019-09-18,93,81,-12
6231,2019-09-18,116,85,-31
6232,2019-09-18,35,27,-8
6233,2019-09-18,140,114,-26
6234,2019-09-18,56,46,-10
6235,2019-09-18,84,64,-20
6236,2019-09-18,68,61,-7
6237,2019-09-18,40,51,11
6240,2019-09-18,30,37,7
6241,2019-09-18,63,56,-7
6243,2019-09-18,65,64,-1
6245,2019-09-18,53,46,-7
6246,2019-09-18,64,56,-8
6247,2019-09-18,123,102,-21
6248,2019-09-18,148,128,-20
6249,2019-09-18,62,51,-11
6250,2019-09-18,64,59,-5
6251,2019-09-18,28,24,-4
6252,2019-09-18,60,51,-9
6253,2019-09-18,94,65,-29
6254,2019-09-18,77,63,-14
6255,2019-09-18,77,85,8
6257,2019-09-18,58,55,-3
6258,2019-09-18,83,59,-24
6259,2019-09-18,41,43,2
6260,2019-09-18,44,39,-5
6261,2019-09-18,52,56,4
6262,2019-09-18,45,51,6
6263,2019-09-18,31,37,6
6264,2019-09-18,33,34,1
6265,2019-09-18,51,51,0
6266,2019-09-18,31,19,-12
6267,2019-09-18,37,39,2
6268,2019-09-18,49,50,1
6269,2019-09-18,23,37,14
6270,2019-09-18,34,35,1
6271,2019-09-18,1,1,0
6272,2019-09-18,28,30,2
6273,2019-09-18,40,36,-4
6274,2019-09-18,47,40,-7
6275,2019-09-18,29,29,0
6276,2019-09-18,35,37,2
6277,2019-09-18,51,56,5
6278,2019-09-18,25,22,-3
6279,2019-09-18,23,25,2
6280,2019-09-18,85,79,-6
6281,2019-09-18,45,21,-24
6301,2019-09-18,18,16,-2
6302,2019-09-18,22,16,-6
6303,2019-09-18,18,12,-6
6304,2019-09-18,14,14,0
6305,2019-09-18,34,13,-21
6306,2019-09-18,92,32,-60
6307,2019-09-18,75,65,-10
6309,2019-09-18,28,26,-2
6310,2019-09-18,86,59,-27
6311,2019-09-18,43,30,-13
6312,2019-09-18,15,23,8
6313,2019-09-18,42,54,12
6314,2019-09-18,62,60,-2
6315,2019-09-18,110,59,-51
6316,2019-09-18,62,32,-30
6321,2019-09-18,77,65,-12
6322,2019-09-18,34,27,-7
6323,2019-09-18,20,15,-5
6324,2019-09-18,28,28,0
6327,2019-09-18,37,30,-7
6328,2019-09-18,42,41,-1
6329,2019-09-18,26,21,-5
6330,2019-09-18,32,30,-2
6331,2019-09-18,27,23,-4
6332,2019-09-18,39,51,12
6333,2019-09-18,18,26,8
6334,2019-09-18,62,71,9
6335,2019-09-18,35,27,-8
6336,2019-09-18,40,41,1
6338,2019-09-18,44,37,-7
6340,2019-09-18,35,32,-3
6341,2019-09-18,25,42,17
6343,2019-09-18,39,38,-1
6344,2019-09-18,43,46,3
6345,2019-09-18,14,15,1
6346,2019-09-18,38,23,-15
6347,2019-09-18,29,30,1
6349,2019-09-18,37,42,5
6350,2019-09-18,27,41,14
6354,2019-09-18,45,34,-11
6355,2019-09-18,18,41,23
6356,2019-09-18,49,44,-5
6357,2019-09-18,28,17,-11
6358,2019-09-18,32,31,-1
6359,2019-09-18,86,116,30
6360,2019-09-18,33,28,-5
6361,2019-09-18,44,37,-7
6362,2019-09-18,43,46,3
6363,2019-09-18,31,23,-8
6364,2019-09-18,55,37,-18
6366,2019-09-18,32,22,-10
6367,2019-09-18,29,25,-4
6368,2019-09-18,56,63,7
6369,2019-09-18,53,66,13
6370,2019-09-18,27,29,2
6371,2019-09-18,76,81,5
6372,2019-09-18,80,92,12
6373,2019-09-18,51,50,-1
6374,2019-09-18,50,42,-8
6375,2019-09-18,63,74,11
6376,2019-09-18,29,23,-6
6377,2019-09-18,39,45,6
6379,2019-09-18,29,33,4
6380,2019-09-18,17,20,3
6381,2019-09-18,50,61,11
6383,2019-09-18,34,27,-7
6384,2019-09-18,17,23,6
6385,2019-09-18,43,61,18
6386,2019-09-18,48,57,9
6387,2019-09-18,74,90,16
6389,2019-09-18,44,36,-8
6391,2019-09-18,56,83,27
6393,2019-09-18,54,75,21
6394,2019-09-18,57,97,40
6395,2019-09-18,100,106,6
6396,2019-09-18,120,110,-10
6397,2019-09-18,29,50,21
6398,2019-09-18,41,52,11
6401,2019-09-18,59,61,2
6402,2019-09-18,56,73,17
6403,2019-09-18,29,36,7
6404,2019-09-18,14,21,7
6405,2019-09-18,39,43,4
6406,2019-09-18,87,101,14
6407,2019-09-18,15,43,28
6408,2019-09-18,47,55,8
6409,2019-09-18,18,25,7
6410,2019-09-18,63,56,-7
6411,2019-09-18,171,145,-26
6412,2019-09-18,32,41,9
6413,2019-09-18,13,89,76
6414,2019-09-18,15,24,9
6415,2019-09-18,28,24,-4
6416,2019-09-18,21,14,-7
6417,2019-09-18,31,33,2
6418,2019-09-18,10,14,4
6419,2019-09-18,8,16,8
6420,2019-09-18,26,28,2
6421,2019-09-18,46,40,-6
6422,2019-09-18,13,15,2
6423,2019-09-18,22,12,-10
6424,2019-09-18,32,83,51
6425,2019-09-18,34,34,0
6426,2019-09-18,73,80,7
6427,2019-09-18,54,60,6
6428,2019-09-18,12,15,3
6429,2019-09-18,33,43,10
6432,2019-09-18,94,91,-3
6433,2019-09-18,33,30,-3
6434,2019-09-18,74,73,-1
6435,2019-09-18,50,44,-6
6436,2019-09-18,21,19,-2
6501,2019-09-18,69,87,18
6502,2019-09-18,15,19,4
6503,2019-09-18,65,59,-6
6504,2019-09-18,7,8,1
6700,2019-09-18,10,32,22
6701,2019-09-18,90,91,1
6702,2019-09-18,22,28,6
6703,2019-09-18,61,62,1
6704,2019-09-18,27,26,-1
6705,2019-09-18,20,26,6
6706,2019-09-18,24,30,6
6707,2019-09-18,23,21,-2
6709,2019-09-18,32,33,1
6710,2019-09-18,25,29,4
6711,2019-09-18,24,24,0
6712,2019-09-18,22,24,2
6713,2019-09-18,16,14,-2
6714,2019-09-18,11,8,-3
6715,2019-09-18,28,23,-5
6716,2019-09-18,12,15,3
6717,2019-09-18,12,16,4
6718,2019-09-18,27,22,-5
6719,2019-09-18,26,32,6
6720,2019-09-18,17,31,14
6721,2019-09-18,18,20,2
6722,2019-09-18,10,9,-1
6723,2019-09-18,26,29,3
6724,2019-09-18,73,77,4
6725,2019-09-18,31,23,-8
6726,2019-09-18,12,9,-3
6727,2019-09-18,95,92,-3
6728,2019-09-18,20,22,2
6729,2019-09-18,133,151,18
6730,2019-09-18,26,20,-6
6731,2019-09-18,14,18,4
6732,2019-09-18,36,43,7
6733,2019-09-18,34,30,-4
6734,2019-09-18,42,40,-2
6735,2019-09-18,12,12,0
6736,2019-09-18,26,26,0
6737,2019-09-18,18,19,1
6738,2019-09-18,99,83,-16
6739,2019-09-18,5,9,4
6741,2019-09-18,19,26,7
6742,2019-09-18,46,63,17
6743,2019-09-18,32,15,-17
6744,2019-09-18,16,16,0
6745,2019-09-18,29,31,2
6746,2019-09-18,20,22,2
6747,2019-09-18,45,53,8
6748,2019-09-18,66,95,29
6749,2019-09-18,55,56,1
6750,2019-09-18,44,55,11
6752,2019-09-18,26,38,12
6753,2019-09-18,13,14,1
6754,2019-09-18,22,28,6
6901,2019-09-18,48,66,18
6902,2019-09-18,71,98,27
6903,2019-09-18,125,101,-24
6904,2019-09-18,42,48,6
6905,2019-09-18,47,45,-2
6906,2019-09-18,123,79,-44
6907,2019-09-18,112,69,-43
6908,2019-09-18,56,58,2
6910,2019-09-18,116,98,-18
6912,2019-09-18,146,90,-56
6913,2019-09-18,65,43,-22
6915,2019-09-18,82,72,-10
6916,2019-09-18,36,30,-6
6917,2019-09-18,23,27,4
6918,2019-09-18,32,20,-12
6919,2019-09-18,37,36,-1
6921,2019-09-18,99,104,5
6923,2019-09-18,52,52,0
6924,2019-09-18,28,28,0
6925,2019-09-18,47,46,-1
6926,2019-09-18,69,73,4
6927,2019-09-18,103,59,-44
6928,2019-09-18,92,44,-48
6929,2019-09-18,37,21,-16
6930,2019-09-18,12,18,6
7001,2019-09-18,42,44,2
7002,2019-09-18,16,21,5
7003,2019-09-18,133,107,-26
7004,2019-09-18,22,31,9
7005,2019-09-18,5,11,6
7006,2019-09-18,18,20,2
7007,2019-09-18,11,18,7
7008,2019-09-18,28,23,-5
7009,2019-09-18,56,61,5
7010,2019-09-18,26,23,-3
7011,2019-09-18,59,67,8
7012,2019-09-18,42,47,5
7013,2019-09-18,24,16,-8
7014,2019-09-18,109,64,-45
7015,2019-09-18,19,20,1
7016,2019-09-18,12,9,-3
7017,2019-09-18,23,35,12
7018,2019-09-18,37,47,10
7019,2019-09-18,117,118,1
7020,2019-09-18,20,34,14
7021,2019-09-18,48,49,1
7022,2019-09-18,37,31,-6
7023,2019-09-18,1,1,0
7024,2019-09-18,70,31,-39
7025,2019-09-18,41,24,-17
7026,2019-09-18,69,69,0
7027,2019-09-18,47,41,-6
7028,2019-09-18,91,84,-7
7029,2019-09-18,44,49,5
7030,2019-09-18,53,59,6
7031,2019-09-18,46,47,1
7032,2019-09-18,156,97,-59
7033,2019-09-18,72,78,6
7034,2019-09-18,16,42,26
7035,2019-09-18,41,45,4
7036,2019-09-18,54,60,6
7037,2019-09-18,63,56,-7
7038,2019-09-18,76,66,-10
7039,2019-09-18,44,43,-1
7040,2019-09-18,58,77,19
7041,2019-09-18,148,143,-5
7042,2019-09-18,42,47,5
7043,2019-09-18,28,22,-6
7044,2019-09-18,11,17,6
7045,2019-09-18,51,58,7
7046,2019-09-18,116,111,-5
7047,2019-09-18,139,223,84
7048,2019-09-18,24,30,6
7049,2019-09-18,16,20,4
7050,2019-09-18,36,35,-1
7051,2019-09-18,12,15,3
7052,2019-09-18,54,70,16
7053,2019-09-18,39,43,4
7054,2019-09-18,47,59,12
7055,2019-09-18,20,23,3
7056,2019-09-18,13,19,6
7057,2019-09-18,34,36,2
7058,2019-09-18,25,35,10
7059,2019-09-18,34,26,-8
7060,2019-09-18,30,35,5
7061,2019-09-18,26,26,0
7062,2019-09-18,46,47,1
7063,2019-09-18,23,22,-1
7064,2019-09-18,20,20,0
7065,2019-09-18,50,43,-7
7066,2019-09-18,85,137,52
7067,2019-09-18,74,75,1
7068,2019-09-18,67,84,17
7069,2019-09-18,107,135,28
7070,2019-09-18,35,38,3
7071,2019-09-18,51,31,-20
7072,2019-09-18,43,25,-18
7073,2019-09-18,58,67,9
7074,2019-09-18,41,43,2
7075,2019-09-18,10,8,-2
7076,2019-09-18,78,70,-8
7077,2019-09-18,17,26,9
7078,2019-09-18,24,37,13
7079,2019-09-18,47,62,15
7080,2019-09-18,93,110,17
7081,2019-09-18,61,86,25
7082,2019-09-18,86,103,17
7083,2019-09-18,65,64,-1
7087,2019-09-18,1,1,0
7090,2019-09-18,14,13,-1
7091,2019-09-18,3,7,4
7092,2019-09-18,6,8,2
7093,2019-09-18,3,5,2
7094,2019-09-18,4,5,1
7095,2019-09-18,24,29,5
7096,2019-09-18,27,27,0
7097,2019-09-18,14,11,-3
7098,2019-09-18,1,2,1
7099,2019-09-18,9,6,-3
7100,2019-09-18,2,5,3
7101,2019-09-18,10,7,-3
7102,2019-09-18,19,28,9
7103,2019-09-18,13,17,4
7105,2019-09-18,1,1,0
7106,2019-09-18,1,1,0
7107,2019-09-18,4,3,-1
7108,2019-09-18,14,14,0
7109,2019-09-18,21,20,-1
7110,2019-09-18,8,7,-1
7111,2019-09-18,3,2,-1
7112,2019-09-18,14,12,-2
7113,2019-09-18,64,64,0
7114,2019-09-18,91,108,17
7115,2019-09-18,12,17,5
7116,2019-09-18,8,8,0
7117,2019-09-18,6,6,0
7118,2019-09-18,1,4,3
7119,2019-09-18,7,14,7
7120,2019-09-18,5,3,-2
7121,2019-09-18,8,7,-1
7122,2019-09-18,5,4,-1
7123,2019-09-18,2,1,-1
7124,2019-09-18,30,25,-5
7125,2019-09-18,20,11,-9
7126,2019-09-18,9,7,-2
7127,2019-09-18,40,37,-3
7128,2019-09-18,17,17,0
7129,2019-09-18,17,16,-1
7130,2019-09-18,19,16,-3
7131,2019-09-18,8,9,1
7132,2019-09-18,2,4,2
7133,2019-09-18,4,10,6
7134,2019-09-18,4,5,1
7135,2019-09-18,5,5,0
7136,2019-09-18,11,8,-3
7137,2019-09-18,8,7,-1
7138,2019-09-18,3,8,5
7139,2019-09-18,28,29,1
7140,2019-09-18,25,18,-7
7141,2019-09-18,21,24,3
7142,2019-09-18,10,18,8
7143,2019-09-18,21,30,9
7144,2019-09-18,48,59,11
7145,2019-09-18,20,22,2
7146,2019-09-18,20,34,14
7147,2019-09-18,46,38,-8
7148,2019-09-18,6,12,6
7149,2019-09-18,14,13,-1
10002,2019-09-18,124,127,3
4000,2019-09-19,63,75,12
4001,2019-09-19,18,19,1
4002,2019-09-19,38,38,0
5002,2019-09-19,2,3,1
5003,2019-09-19,2,3,1
5004,2019-09-19,9,2,-7
5005,2019-09-19,1,5,4
5006,2019-09-19,10,6,-4
5007,2019-09-19,14,31,17
6001,2019-09-19,58,100,42
6002,2019-09-19,39,59,20
6003,2019-09-19,70,92,22
6004,2019-09-19,42,40,-2
6005,2019-09-19,91,89,-2
6006,2019-09-19,41,23,-18
6007,2019-09-19,35,39,4
6008,2019-09-19,71,104,33
6009,2019-09-19,77,77,0
6011,2019-09-19,73,93,20
6012,2019-09-19,164,249,85
6013,2019-09-19,68,82,14
6014,2019-09-19,74,86,12
6015,2019-09-19,149,250,101
6016,2019-09-19,12,17,5
6017,2019-09-19,40,45,5
6018,2019-09-19,48,57,9
6019,2019-09-19,167,98,-69
6020,2019-09-19,83,114,31
6021,2019-09-19,113,84,-29
6022,2019-09-19,53,64,11
6023,2019-09-19,103,148,45
6024,2019-09-19,1,2,1
6025,2019-09-19,35,37,2
6026,2019-09-19,118,152,34
6027,2019-09-19,125,135,10
6029,2019-09-19,21,23,2
6031,2019-09-19,40,51,11
6032,2019-09-19,68,151,83
6033,2019-09-19,22,23,1
6035,2019-09-19,38,73,35
6036,2019-09-19,140,202,62
6037,2019-09-19,51,53,2
6038,2019-09-19,99,103,4
6039,2019-09-19,86,99,13
6040,2019-09-19,66,79,13
6041,2019-09-19,88,89,1
6042,2019-09-19,96,95,-1
6043,2019-09-19,195,431,236
6044,2019-09-19,104,87,-17
6046,2019-09-19,142,136,-6
6047,2019-09-19,151,138,-13
6048,2019-09-19,60,59,-1
6049,2019-09-19,135,134,-1
6050,2019-09-19,57,70,13
6051,2019-09-19,46,43,-3
6052,2019-09-19,195,313,118
6053,2019-09-19,155,178,23
6057,2019-09-19,96,95,-1
6058,2019-09-19,76,69,-7
6059,2019-09-19,105,77,-28
6060,2019-09-19,26,26,0
6061,2019-09-19,70,72,2
6062,2019-09-19,85,67,-18
6063,2019-09-19,128,94,-34
6064,2019-09-19,184,184,0
6065,2019-09-19,56,34,-22
6066,2019-09-19,43,26,-17
6067,2019-09-19,123,115,-8
6068,2019-09-19,10,14,4
6072,2019-09-19,145,115,-30
6073,2019-09-19,153,150,-3
6075,2019-09-19,50,30,-20
6076,2019-09-19,31,35,4
6078,2019-09-19,58,75,17
6079,2019-09-19,80,72,-8
6080,2019-09-19,190,159,-31
6081,2019-09-19,52,52,0
6082,2019-09-19,25,16,-9
6083,2019-09-19,113,156,43
6084,2019-09-19,67,99,32
6085,2019-09-19,104,194,90
6086,2019-09-19,89,109,20
6087,2019-09-19,119,152,33
6088,2019-09-19,60,84,24
6089,2019-09-19,54,63,9
6090,2019-09-19,75,76,1
6091,2019-09-19,47,42,-5
6092,2019-09-19,69,67,-2
6093,2019-09-19,48,33,-15
6094,2019-09-19,50,41,-9
6095,2019-09-19,130,118,-12
6096,2019-09-19,47,79,32
6097,2019-09-19,57,28,-29
6098,2019-09-19,51,29,-22
6099,2019-09-19,121,160,39
6100,2019-09-19,301,298,-3
6101,2019-09-19,66,32,-34
6102,2019-09-19,36,27,-9
6103,2019-09-19,24,27,3
6104,2019-09-19,79,104,25
6105,2019-09-19,52,77,25
6106,2019-09-19,33,41,8
6107,2019-09-19,109,87,-22
6108,2019-09-19,46,62,16
6109,2019-09-19,32,33,1
6110,2019-09-19,35,37,2
6111,2019-09-19,45,53,8
6112,2019-09-19,97,102,5
6113,2019-09-19,41,55,14
6114,2019-09-19,138,180,42
6115,2019-09-19,26,30,4
6116,2019-09-19,61,76,15
6117,2019-09-19,99,82,-17
6118,2019-09-19,83,111,28
6119,2019-09-19,83,105,22
6120,2019-09-19,72,109,37
6121,2019-09-19,25,36,11
6122,2019-09-19,15,26,11
6123,2019-09-19,27,36,9
6124,2019-09-19,43,70,27
6125,2019-09-19,30,25,-5
6126,2019-09-19,61,68,7
6127,2019-09-19,49,45,-4
6128,2019-09-19,13,20,7
6129,2019-09-19,76,77,1
6130,2019-09-19,32,39,7
6131,2019-09-19,86,38,-48
6132,2019-09-19,59,72,13
6133,2019-09-19,34,27,-7
6134,2019-09-19,46,43,-3
6136,2019-09-19,324,258,-66
6137,2019-09-19,105,83,-22
6138,2019-09-19,87,75,-12
6139,2019-09-19,45,47,2
6140,2019-09-19,79,80,1
6141,2019-09-19,59,70,11
6142,2019-09-19,125,66,-59
6143,2019-09-19,111,77,-34
6145,2019-09-19,59,56,-3
6146,2019-09-19,45,29,-16
6147,2019-09-19,104,74,-30
6148,2019-09-19,146,109,-37
6149,2019-09-19,45,41,-4
6150,2019-09-19,56,67,11
6151,2019-09-19,89,83,-6
6152,2019-09-19,139,129,-10
6153,2019-09-19,73,83,10
6154,2019-09-19,167,172,5
6155,2019-09-19,159,141,-18
6156,2019-09-19,61,61,0
6157,2019-09-19,103,109,6
6158,2019-09-19,63,60,-3
6159,2019-09-19,43,50,7
6160,2019-09-19,41,49,8
6161,2019-09-19,52,47,-5
6162,2019-09-19,9,14,5
6163,2019-09-19,96,90,-6
6164,2019-09-19,62,78,16
6165,2019-09-19,124,136,12
6166,2019-09-19,59,50,-9
6167,2019-09-19,47,46,-1
6168,2019-09-19,118,77,-41
6169,2019-09-19,144,126,-18
6170,2019-09-19,93,83,-10
6171,2019-09-19,34,48,14
6173,2019-09-19,117,81,-36
6174,2019-09-19,133,103,-30
6175,2019-09-19,110,66,-44
6176,2019-09-19,110,111,1
6177,2019-09-19,67,68,1
6178,2019-09-19,88,96,8
6179,2019-09-19,73,76,3
6180,2019-09-19,50,52,2
6181,2019-09-19,159,94,-65
6182,2019-09-19,81,58,-23
6183,2019-09-19,71,69,-2
6184,2019-09-19,293,253,-40
6185,2019-09-19,28,26,-2
6187,2019-09-19,114,107,-7
6188,2019-09-19,60,55,-5
6189,2019-09-19,25,23,-2
6190,2019-09-19,115,81,-34
6191,2019-09-19,70,63,-7
6192,2019-09-19,45,32,-13
6193,2019-09-19,98,97,-1
6194,2019-09-19,110,84,-26
6195,2019-09-19,83,56,-27
6196,2019-09-19,135,106,-29
6197,2019-09-19,73,76,3
6198,2019-09-19,30,15,-15
6199,2019-09-19,106,95,-11
6200,2019-09-19,97,95,-2
6201,2019-09-19,111,73,-38
6202,2019-09-19,146,128,-18
6203,2019-09-19,64,71,7
6204,2019-09-19,173,159,-14
6205,2019-09-19,120,109,-11
6206,2019-09-19,151,126,-25
6207,2019-09-19,57,53,-4
6208,2019-09-19,99,114,15
6209,2019-09-19,121,103,-18
6210,2019-09-19,46,46,0
6211,2019-09-19,181,162,-19
6212,2019-09-19,108,63,-45
6213,2019-09-19,130,129,-1
6214,2019-09-19,96,80,-16
6215,2019-09-19,94,77,-17
6216,2019-09-19,142,63,-79
6217,2019-09-19,115,76,-39
6218,2019-09-19,72,51,-21
6219,2019-09-19,91,74,-17
6220,2019-09-19,95,70,-25
6221,2019-09-19,220,190,-30
6222,2019-09-19,83,75,-8
6223,2019-09-19,116,61,-55
6224,2019-09-19,61,54,-7
6225,2019-09-19,74,60,-14
6226,2019-09-19,25,25,0
6227,2019-09-19,136,120,-16
6228,2019-09-19,40,30,-10
6229,2019-09-19,85,63,-22
6230,2019-09-19,93,77,-16
6231,2019-09-19,125,98,-27
6232,2019-09-19,47,35,-12
6233,2019-09-19,106,105,-1
6234,2019-09-19,77,60,-17
6235,2019-09-19,111,66,-45
6236,2019-09-19,65,67,2
6237,2019-09-19,60,66,6
6240,2019-09-19,29,23,-6
6241,2019-09-19,47,47,0
6243,2019-09-19,78,74,-4
6245,2019-09-19,30,40,10
6246,2019-09-19,81,70,-11
6247,2019-09-19,141,126,-15
6248,2019-09-19,182,153,-29
6249,2019-09-19,60,46,-14
6250,2019-09-19,84,68,-16
6251,2019-09-19,25,30,5
6252,2019-09-19,59,56,-3
6253,2019-09-19,65,37,-28
6254,2019-09-19,78,61,-17
6255,2019-09-19,100,88,-12
6257,2019-09-19,46,34,-12
6258,2019-09-19,100,72,-28
6259,2019-09-19,44,42,-2
6260,2019-09-19,47,35,-12
6261,2019-09-19,52,50,-2
6262,2019-09-19,61,54,-7
6263,2019-09-19,33,37,4
6264,2019-09-19,42,44,2
6265,2019-09-19,59,63,4
6266,2019-09-19,34,38,4
6267,2019-09-19,62,52,-10
6268,2019-09-19,60,50,-10
6269,2019-09-19,23,31,8
6270,2019-09-19,26,23,-3
6271,2019-09-19,1,3,2
6272,2019-09-19,36,27,-9
6273,2019-09-19,26,19,-7
6274,2019-09-19,41,56,15
6275,2019-09-19,35,39,4
6276,2019-09-19,44,32,-12
6277,2019-09-19,51,67,16
6278,2019-09-19,27,21,-6
6279,2019-09-19,21,22,1
6280,2019-09-19,105,97,-8
6281,2019-09-19,41,25,-16
6301,2019-09-19,32,22,-10
6302,2019-09-19,23,12,-11
6303,2019-09-19,24,18,-6
6304,2019-09-19,21,14,-7
6305,2019-09-19,28,9,-19
6306,2019-09-19,69,31,-38
6307,2019-09-19,81,86,5
6309,2019-09-19,31,29,-2
6310,2019-09-19,84,46,-38
6311,2019-09-19,52,38,-14
6312,2019-09-19,23,24,1
6313,2019-09-19,41,63,22
6314,2019-09-19,63,53,-10
6315,2019-09-19,99,53,-46
6316,2019-09-19,56,23,-33
6321,2019-09-19,77,55,-22
6322,2019-09-19,27,31,4
6323,2019-09-19,22,12,-10
6324,2019-09-19,22,26,4
6327,2019-09-19,35,31,-4
6328,2019-09-19,37,34,-3
6329,2019-09-19,35,32,-3
6330,2019-09-19,30,25,-5
6331,2019-09-19,23,28,5
6332,2019-09-19,41,40,-1
6333,2019-09-19,21,20,-1
6334,2019-09-19,80,82,2
6335,2019-09-19,47,46,-1
6336,2019-09-19,27,25,-2
6338,2019-09-19,33,39,6
6339,2019-09-19,6,9,3
6340,2019-09-19,32,30,-2
6341,2019-09-19,35,52,17
6343,2019-09-19,36,33,-3
6344,2019-09-19,42,37,-5
6345,2019-09-19,13,24,11
6346,2019-09-19,47,38,-9
6347,2019-09-19,39,38,-1
6349,2019-09-19,35,36,1
6350,2019-09-19,54,56,2
6354,2019-09-19,37,36,-1
6355,2019-09-19,19,44,25
6356,2019-09-19,41,27,-14
6357,2019-09-19,25,17,-8
6358,2019-09-19,38,32,-6
6359,2019-09-19,81,112,31
6360,2019-09-19,29,25,-4
6361,2019-09-19,31,42,11
6362,2019-09-19,35,38,3
6363,2019-09-19,33,25,-8
6364,2019-09-19,40,32,-8
6366,2019-09-19,33,23,-10
6367,2019-09-19,23,26,3
6368,2019-09-19,61,63,2
6369,2019-09-19,49,63,14
6370,2019-09-19,28,30,2
6371,2019-09-19,58,70,12
6372,2019-09-19,69,83,14
6373,2019-09-19,45,50,5
6374,2019-09-19,42,46,4
6375,2019-09-19,69,78,9
6376,2019-09-19,28,29,1
6377,2019-09-19,35,43,8
6379,2019-09-19,40,43,3
6380,2019-09-19,27,31,4
6381,2019-09-19,55,60,5
6383,2019-09-19,37,26,-11
6384,2019-09-19,31,21,-10
6385,2019-09-19,40,44,4
6386,2019-09-19,23,48,25
6387,2019-09-19,76,98,22
6389,2019-09-19,52,37,-15
6391,2019-09-19,61,92,31
6393,2019-09-19,70,77,7
6394,2019-09-19,58,77,19
6395,2019-09-19,70,73,3
6396,2019-09-19,126,103,-23
6397,2019-09-19,30,50,20
6398,2019-09-19,44,65,21
6401,2019-09-19,52,66,14
6402,2019-09-19,53,61,8
6403,2019-09-19,31,44,13
6404,2019-09-19,20,33,13
6405,2019-09-19,41,47,6
6406,2019-09-19,84,110,26
6407,2019-09-19,15,24,9
6408,2019-09-19,60,66,6
6409,2019-09-19,22,29,7
6410,2019-09-19,52,54,2
6411,2019-09-19,141,128,-13
6412,2019-09-19,39,43,4
6413,2019-09-19,29,55,26
6414,2019-09-19,12,25,13
6415,2019-09-19,20,21,1
6416,2019-09-19,25,19,-6
6417,2019-09-19,25,34,9
6418,2019-09-19,13,14,1
6419,2019-09-19,6,15,9
6420,2019-09-19,34,28,-6
6421,2019-09-19,47,53,6
6422,2019-09-19,13,12,-1
6423,2019-09-19,20,12,-8
6424,2019-09-19,52,105,53
6425,2019-09-19,42,41,-1
6426,2019-09-19,77,91,14
6427,2019-09-19,56,68,12
6428,2019-09-19,11,13,2
6429,2019-09-19,33,39,6
6432,2019-09-19,89,91,2
6433,2019-09-19,39,45,6
6434,2019-09-19,52,54,2
6435,2019-09-19,35,39,4
6436,2019-09-19,25,23,-2
6501,2019-09-19,86,96,10
6502,2019-09-19,12,21,9
6503,2019-09-19,69,55,-14
6504,2019-09-19,13,13,0
6700,2019-09-19,28,31,3
6701,2019-09-19,90,89,-1
6702,2019-09-19,19,20,1
6703,2019-09-19,41,37,-4
6704,2019-09-19,34,30,-4
6705,2019-09-19,16,16,0
6706,2019-09-19,27,32,5
6707,2019-09-19,32,35,3
6709,2019-09-19,34,31,-3
6710,2019-09-19,25,19,-6
6711,2019-09-19,23,30,7
6712,2019-09-19,10,10,0
6713,2019-09-19,18,19,1
6714,2019-09-19,9,5,-4
6715,2019-09-19,19,12,-7
6716,2019-09-19,10,15,5
6717,2019-09-19,12,12,0
6718,2019-09-19,26,32,6
6719,2019-09-19,26,29,3
6720,2019-09-19,26,41,15
6721,2019-09-19,21,24,3
6722,2019-09-19,11,21,10
6723,2019-09-19,18,15,-3
6724,2019-09-19,52,71,19
6725,2019-09-19,34,41,7
6726,2019-09-19,10,13,3
6727,2019-09-19,97,113,16
6728,2019-09-19,18,20,2
6729,2019-09-19,124,143,19
6730,2019-09-19,13,10,-3
6731,2019-09-19,12,14,2
6732,2019-09-19,37,39,2
6733,2019-09-19,38,32,-6
6734,2019-09-19,41,45,4
6735,2019-09-19,15,16,1
6736,2019-09-19,18,19,1
6737,2019-09-19,13,22,9
6738,2019-09-19,70,108,38
6739,2019-09-19,7,9,2
6741,2019-09-19,15,16,1
6742,2019-09-19,46,62,16
6743,2019-09-19,24,16,-8
6744,2019-09-19,25,31,6
6745,2019-09-19,16,18,2
6746,2019-09-19,37,30,-7
6747,2019-09-19,57,53,-4
6748,2019-09-19,66,79,13
6749,2019-09-19,50,58,8
6750,2019-09-19,53,46,-7
6752,2019-09-19,18,26,8
6753,2019-09-19,21,21,0
6754,2019-09-19,16,15,-1
6901,2019-09-19,58,67,9
6902,2019-09-19,79,97,18
6903,2019-09-19,124,99,-25
6904,2019-09-19,52,36,-16
6905,2019-09-19,49,42,-7
6906,2019-09-19,75,71,-4
6907,2019-09-19,101,65,-36
6908,2019-09-19,74,64,-10
6910,2019-09-19,129,109,-20
6912,2019-09-19,134,92,-42
6913,2019-09-19,50,29,-21
6915,2019-09-19,80,66,-14
6916,2019-09-19,53,30,-23
6917,2019-09-19,24,22,-2
6918,2019-09-19,37,21,-16
6919,2019-09-19,31,32,1
6921,2019-09-19,85,93,8
6923,2019-09-19,56,55,-1
6924,2019-09-19,17,13,-4
6925,2019-09-19,54,59,5
6926,2019-09-19,74,78,4
6927,2019-09-19,83,56,-27
6928,2019-09-19,74,39,-35
6929,2019-09-19,31,20,-11
6930,2019-09-19,21,24,3
7001,2019-09-19,44,37,-7
7002,2019-09-19,19,22,3
7003,2019-09-19,126,107,-19
7004,2019-09-19,16,21,5
7005,2019-09-19,11,14,3
7006,2019-09-19,14,15,1
7007,2019-09-19,9,13,4
7008,2019-09-19,14,24,10
7009,2019-09-19,59,74,15
7010,2019-09-19,23,18,-5
7011,2019-09-19,69,78,9
7012,2019-09-19,45,47,2
7013,2019-09-19,33,34,1
7014,2019-09-19,102,62,-40
7015,2019-09-19,16,22,6
7016,2019-09-19,7,11,4
7017,2019-09-19,17,30,13
7018,2019-09-19,30,43,13
7019,2019-09-19,103,110,7
7020,2019-09-19,27,50,23
7021,2019-09-19,53,51,-2
7022,2019-09-19,33,33,0
7023,2019-09-19,8,11,3
7024,2019-09-19,77,47,-30
7025,2019-09-19,67,59,-8
7026,2019-09-19,72,72,0
7027,2019-09-19,51,51,0
7028,2019-09-19,150,137,-13
7029,2019-09-19,40,47,7
7030,2019-09-19,62,65,3
7031,2019-09-19,64,64,0
7032,2019-09-19,170,99,-71
7033,2019-09-19,113,94,-19
7034,2019-09-19,29,39,10
7035,2019-09-19,44,42,-2
7036,2019-09-19,46,42,-4
7037,2019-09-19,61,47,-14
7038,2019-09-19,72,73,1
7039,2019-09-19,24,29,5
7040,2019-09-19,72,75,3
7041,2019-09-19,112,126,14
7042,2019-09-19,59,55,-4
7043,2019-09-19,27,14,-13
7044,2019-09-19,13,10,-3
7045,2019-09-19,50,53,3
7046,2019-09-19,113,140,27
7047,2019-09-19,132,196,64
7048,2019-09-19,22,28,6
7049,2019-09-19,15,27,12
7050,2019-09-19,30,32,2
7051,2019-09-19,8,11,3
7052,2019-09-19,45,50,5
7053,2019-09-19,51,45,-6
7054,2019-09-19,63,66,3
7055,2019-09-19,20,27,7
7056,2019-09-19,21,20,-1
7057,2019-09-19,30,29,-1
7058,2019-09-19,40,47,7
7059,2019-09-19,25,32,7
7060,2019-09-19,27,31,4
7061,2019-09-19,28,27,-1
7062,2019-09-19,44,53,9
7063,2019-09-19,18,12,-6
7064,2019-09-19,17,23,6
7065,2019-09-19,46,38,-8
7066,2019-09-19,87,155,68
7067,2019-09-19,62,73,11
7068,2019-09-19,82,85,3
7069,2019-09-19,116,135,19
7070,2019-09-19,34,34,0
7071,2019-09-19,61,40,-21
7072,2019-09-19,39,25,-14
7073,2019-09-19,58,69,11
7074,2019-09-19,37,50,13
7075,2019-09-19,12,12,0
7076,2019-09-19,64,57,-7
7077,2019-09-19,23,29,6
7078,2019-09-19,27,28,1
7079,2019-09-19,49,51,2
7080,2019-09-19,103,116,13
7081,2019-09-19,85,106,21
7082,2019-09-19,72,105,33
7083,2019-09-19,76,71,-5
7086,2019-09-19,1,1,0
7087,2019-09-19,3,2,-1
7090,2019-09-19,9,12,3
7091,2019-09-19,4,4,0
7092,2019-09-19,6,6,0
7095,2019-09-19,23,21,-2
7096,2019-09-19,38,39,1
7097,2019-09-19,7,10,3
7098,2019-09-19,3,2,-1
7099,2019-09-19,10,16,6
7100,2019-09-19,8,3,-5
7101,2019-09-19,6,10,4
7102,2019-09-19,18,29,11
7103,2019-09-19,2,1,-1
7104,2019-09-19,3,3,0
7105,2019-09-19,1,2,1
7107,2019-09-19,2,2,0
7108,2019-09-19,3,3,0
7109,2019-09-19,19,17,-2
7110,2019-09-19,7,5,-2
7111,2019-09-19,2,3,1
7112,2019-09-19,12,16,4
7113,2019-09-19,89,87,-2
7114,2019-09-19,98,110,12
7115,2019-09-19,17,14,-3
7116,2019-09-19,4,4,0
7117,2019-09-19,6,5,-1
7118,2019-09-19,2,4,2
7119,2019-09-19,5,6,1
7120,2019-09-19,4,2,-2
7121,2019-09-19,5,9,4
7122,2019-09-19,6,5,-1
7123,2019-09-19,1,2,1
7124,2019-09-19,26,28,2
7125,2019-09-19,19,12,-7
7126,2019-09-19,16,8,-8
7127,2019-09-19,38,40,2
7128,2019-09-19,17,16,-1
7129,2019-09-19,12,10,-2
7130,2019-09-19,16,20,4
7131,2019-09-19,6,8,2
7132,2019-09-19,2,1,-1
7133,2019-09-19,3,8,5
7134,2019-09-19,5,4,-1
7135,2019-09-19,3,6,3
7136,2019-09-19,11,11,0
7137,2019-09-19,8,9,1
7138,2019-09-19,5,9,4
7139,2019-09-19,45,45,0
7140,2019-09-19,22,21,-1
7141,2019-09-19,24,28,4
7142,2019-09-19,7,16,9
7143,2019-09-19,23,26,3
7144,2019-09-19,38,42,4
7145,2019-09-19,23,23,0
7146,2019-09-19,29,32,3
7147,2019-09-19,49,37,-12
7148,2019-09-19,6,10,4
7149,2019-09-19,12,13,1
10002,2019-09-19,135,132,-3
4000,2019-09-20,61,68,7
4001,2019-09-20,13,13,0
4002,2019-09-20,20,33,13
5002,2019-09-20,3,5,2
5004,2019-09-20,4,5,1
5005,2019-09-20,4,5,1
5006,2019-09-20,4,7,3
5007,2019-09-20,23,19,-4
6001,2019-09-20,52,90,38
6002,2019-09-20,44,56,12
6003,2019-09-20,83,91,8
6004,2019-09-20,47,66,19
6005,2019-09-20,80,81,1
6006,2019-09-20,53,34,-19
6007,2019-09-20,34,33,-1
6008,2019-09-20,51,84,33
6009,2019-09-20,77,82,5
6011,2019-09-20,65,81,16
6012,2019-09-20,142,258,116
6013,2019-09-20,65,90,25
6014,2019-09-20,87,100,13
6015,2019-09-20,182,263,81
6016,2019-09-20,8,10,2
6017,2019-09-20,55,65,10
6018,2019-09-20,73,99,26
6019,2019-09-20,150,82,-68
6020,2019-09-20,86,127,41
6021,2019-09-20,98,88,-10
6022,2019-09-20,58,67,9
6023,2019-09-20,136,170,34
6024,2019-09-20,4,3,-1
6025,2019-09-20,36,39,3
6026,2019-09-20,144,192,48
6027,2019-09-20,100,164,64
6029,2019-09-20,23,22,-1
6031,2019-09-20,53,74,21
6032,2019-09-20,109,219,110
6033,2019-09-20,16,14,-2
6035,2019-09-20,59,101,42
6036,2019-09-20,142,247,105
6037,2019-09-20,57,54,-3
6038,2019-09-20,98,112,14
6039,2019-09-20,90,111,21
6040,2019-09-20,78,96,18
6041,2019-09-20,67,78,11
6042,2019-09-20,95,92,-3
6043,2019-09-20,185,373,188
6044,2019-09-20,83,68,-15
6046,2019-09-20,111,111,0
6047,2019-09-20,96,81,-15
6048,2019-09-20,45,52,7
6049,2019-09-20,90,110,20
6050,2019-09-20,61,62,1
6051,2019-09-20,37,36,-1
6052,2019-09-20,215,271,56
6053,2019-09-20,156,176,20
6057,2019-09-20,90,72,-18
6058,2019-09-20,95,84,-11
6059,2019-09-20,76,54,-22
6060,2019-09-20,49,28,-21
6061,2019-09-20,63,64,1
6062,2019-09-20,79,53,-26
6063,2019-09-20,79,56,-23
6064,2019-09-20,159,161,2
6065,2019-09-20,62,53,-9
6066,2019-09-20,33,22,-11
6067,2019-09-20,116,124,8
6068,2019-09-20,10,12,2
6070,2019-09-20,117,113,-4
6072,2019-09-20,107,97,-10
6073,2019-09-20,144,149,5
6075,2019-09-20,56,40,-16
6076,2019-09-20,25,30,5
6078,2019-09-20,79,85,6
6079,2019-09-20,104,84,-20
6080,2019-09-20,150,144,-6
6081,2019-09-20,47,47,0
6082,2019-09-20,26,13,-13
6083,2019-09-20,134,168,34
6084,2019-09-20,53,76,23
6085,2019-09-20,99,167,68
6086,2019-09-20,87,116,29
6087,2019-09-20,117,155,38
6088,2019-09-20,76,77,1
6089,2019-09-20,62,62,0
6090,2019-09-20,71,69,-2
6091,2019-09-20,40,26,-14
6092,2019-09-20,74,67,-7
6093,2019-09-20,52,32,-20
6094,2019-09-20,33,34,1
6095,2019-09-20,123,114,-9
6096,2019-09-20,47,75,28
6097,2019-09-20,85,63,-22
6098,2019-09-20,50,30,-20
6099,2019-09-20,109,174,65
6100,2019-09-20,268,269,1
6101,2019-09-20,52,30,-22
6102,2019-09-20,43,31,-12
6103,2019-09-20,21,21,0
6104,2019-09-20,97,125,28
6105,2019-09-20,54,72,18
6106,2019-09-20,24,42,18
6107,2019-09-20,87,76,-11
6108,2019-09-20,46,54,8
6109,2019-09-20,18,20,2
6110,2019-09-20,38,38,0
6111,2019-09-20,61,58,-3
6112,2019-09-20,92,117,25
6113,2019-09-20,53,65,12
6114,2019-09-20,162,197,35
6115,2019-09-20,22,23,1
6116,2019-09-20,72,80,8
6117,2019-09-20,83,103,20
6118,2019-09-20,78,90,12
6119,2019-09-20,74,92,18
6120,2019-09-20,55,109,54
6121,2019-09-20,20,40,20
6122,2019-09-20,23,26,3
6123,2019-09-20,18,39,21
6124,2019-09-20,36,68,32
6125,2019-09-20,37,24,-13
6126,2019-09-20,64,71,7
6127,2019-09-20,51,48,-3
6128,2019-09-20,21,19,-2
6129,2019-09-20,68,68,0
6130,2019-09-20,33,21,-12
6131,2019-09-20,72,47,-25
6132,2019-09-20,61,74,13
6133,2019-09-20,44,39,-5
6134,2019-09-20,43,43,0
6136,2019-09-20,349,248,-101
6137,2019-09-20,128,102,-26
6138,2019-09-20,88,81,-7
6139,2019-09-20,46,39,-7
6140,2019-09-20,86,73,-13
6141,2019-09-20,76,57,-19
6142,2019-09-20,123,80,-43
6143,2019-09-20,132,123,-9
6145,2019-09-20,76,56,-20
6146,2019-09-20,74,46,-28
6147,2019-09-20,130,81,-49
6148,2019-09-20,138,102,-36
6149,2019-09-20,56,54,-2
6150,2019-09-20,73,72,-1
6151,2019-09-20,75,84,9
6152,2019-09-20,98,103,5
6153,2019-09-20,58,51,-7
6154,2019-09-20,164,161,-3
6155,2019-09-20,136,135,-1
6156,2019-09-20,87,65,-22
6157,2019-09-20,132,120,-12
6158,2019-09-20,85,83,-2
6159,2019-09-20,34,42,8
6160,2019-09-20,63,53,-10
6161,2019-09-20,44,49,5
6162,2019-09-20,11,13,2
6163,2019-09-20,129,122,-7
6164,2019-09-20,69,84,15
6165,2019-09-20,146,151,5
6166,2019-09-20,70,48,-22
6167,2019-09-20,51,51,0
6168,2019-09-20,120,69,-51
6169,2019-09-20,174,149,-25
6170,2019-09-20,94,87,-7
6171,2019-09-20,62,70,8
6173,2019-09-20,109,93,-16
6174,2019-09-20,115,92,-23
6175,2019-09-20,94,68,-26
6176,2019-09-20,111,114,3
6177,2019-09-20,89,80,-9
6178,2019-09-20,132,119,-13
6179,2019-09-20,98,92,-6
6180,2019-09-20,58,70,12
6181,2019-09-20,162,116,-46
6182,2019-09-20,103,81,-22
6183,2019-09-20,97,87,-10
6184,2019-09-20,280,253,-27
6185,2019-09-20,28,21,-7
6187,2019-09-20,135,137,2
6188,2019-09-20,63,51,-12
6189,2019-09-20,32,34,2
6190,2019-09-20,143,105,-38
6191,2019-09-20,58,60,2
6192,2019-09-20,39,33,-6
6193,2019-09-20,106,104,-2
6194,2019-09-20,109,101,-8
6195,2019-09-20,108,56,-52
6196,2019-09-20,154,108,-46
6197,2019-09-20,60,58,-2
6198,2019-09-20,21,25,4
6199,2019-09-20,112,92,-20
6200,2019-09-20,129,118,-11
6201,2019-09-20,72,40,-32
6202,2019-09-20,116,95,-21
6203,2019-09-20,59,60,1
6204,2019-09-20,147,146,-1
6205,2019-09-20,115,94,-21
6206,2019-09-20,154,135,-19
6207,2019-09-20,48,45,-3
6208,2019-09-20,81,83,2
6209,2019-09-20,140,114,-26
6210,2019-09-20,40,45,5
6211,2019-09-20,191,166,-25
6212,2019-09-20,105,67,-38
6213,2019-09-20,182,170,-12
6214,2019-09-20,98,82,-16
6215,2019-09-20,96,68,-28
6216,2019-09-20,144,74,-70
6217,2019-09-20,138,86,-52
6218,2019-09-20,62,36,-26
6219,2019-09-20,83,84,1
6220,2019-09-20,92,71,-21
6221,2019-09-20,204,186,-18
6222,2019-09-20,98,59,-39
6223,2019-09-20,124,68,-56
6224,2019-09-20,98,83,-15
6225,2019-09-20,75,55,-20
6226,2019-09-20,31,28,-3
6227,2019-09-20,155,160,5
6228,2019-09-20,26,30,4
6229,2019-09-20,79,58,-21
6230,2019-09-20,87,86,-1
6231,2019-09-20,132,115,-17
6232,2019-09-20,53,39,-14
6233,2019-09-20,161,129,-32
6234,2019-09-20,47,47,0
6235,2019-09-20,91,64,-27
6236,2019-09-20,68,75,7
6237,2019-09-20,63,69,6
6240,2019-09-20,23,17,-6
6241,2019-09-20,52,55,3
6243,2019-09-20,76,72,-4
6245,2019-09-20,49,38,-11
6246,2019-09-20,75,57,-18
6247,2019-09-20,150,117,-33
6248,2019-09-20,176,147,-29
6249,2019-09-20,69,61,-8
6250,2019-09-20,99,98,-1
6251,2019-09-20,32,26,-6
6252,2019-09-20,57,58,1
6253,2019-09-20,47,47,0
6254,2019-09-20,102,72,-30
6255,2019-09-20,104,91,-13
6257,2019-09-20,51,49,-2
6258,2019-09-20,96,59,-37
6259,2019-09-20,59,57,-2
6260,2019-09-20,53,49,-4
6261,2019-09-20,57,57,0
6262,2019-09-20,47,52,5
6263,2019-09-20,31,31,0
6264,2019-09-20,26,15,-11
6265,2019-09-20,63,54,-9
6266,2019-09-20,24,24,0
6267,2019-09-20,72,59,-13
6268,2019-09-20,57,54,-3
6269,2019-09-20,28,28,0
6270,2019-09-20,28,28,0
6271,2019-09-20,2,3,1
6272,2019-09-20,41,31,-10
6273,2019-09-20,27,24,-3
6274,2019-09-20,48,48,0
6275,2019-09-20,45,43,-2
6276,2019-09-20,27,30,3
6277,2019-09-20,66,62,-4
6278,2019-09-20,19,22,3
6279,2019-09-20,27,25,-2
6280,2019-09-20,100,100,0
6281,2019-09-20,18,15,-3
6301,2019-09-20,18,20,2
6302,2019-09-20,26,24,-2
6303,2019-09-20,19,19,0
6304,2019-09-20,17,9,-8
6305,2019-09-20,20,15,-5
6306,2019-09-20,70,29,-41
6307,2019-09-20,83,88,5
6309,2019-09-20,26,28,2
6310,2019-09-20,83,42,-41
6311,2019-09-20,52,39,-13
6312,2019-09-20,18,22,4
6313,2019-09-20,53,67,14
6314,2019-09-20,70,43,-27
6315,2019-09-20,92,46,-46
6316,2019-09-20,51,16,-35
6321,2019-09-20,69,57,-12
6322,2019-09-20,29,34,5
6323,2019-09-20,20,16,-4
6324,2019-09-20,31,31,0
6327,2019-09-20,44,37,-7
6328,2019-09-20,51,58,7
6329,2019-09-20,42,29,-13
6330,2019-09-20,28,32,4
6331,2019-09-20,20,21,1
6332,2019-09-20,57,44,-13
6333,2019-09-20,15,16,1
6334,2019-09-20,84,94,10
6335,2019-09-20,36,27,-9
6336,2019-09-20,30,36,6
6338,2019-09-20,34,36,2
6339,2019-09-20,26,19,-7
6340,2019-09-20,28,29,1
6341,2019-09-20,30,52,22
6343,2019-09-20,45,47,2
6344,2019-09-20,67,53,-14
6345,2019-09-20,26,25,-1
6346,2019-09-20,33,33,0
6347,2019-09-20,34,34,0
6349,2019-09-20,32,44,12
6350,2019-09-20,57,43,-14
6354,2019-09-20,46,40,-6
6355,2019-09-20,29,54,25
6356,2019-09-20,45,23,-22
6357,2019-09-20,24,20,-4
6358,2019-09-20,35,31,-4
6359,2019-09-20,78,126,48
6360,2019-09-20,42,31,-11
6361,2019-09-20,57,58,1
6362,2019-09-20,36,40,4
6363,2019-09-20,30,28,-2
6364,2019-09-20,52,49,-3
6366,2019-09-20,27,21,-6
6367,2019-09-20,38,28,-10
6368,2019-09-20,66,68,2
6369,2019-09-20,46,61,15
6370,2019-09-20,39,32,-7
6371,2019-09-20,89,90,1
6372,2019-09-20,82,95,13
6373,2019-09-20,41,35,-6
6374,2019-09-20,45,37,-8
6375,2019-09-20,58,58,0
6376,2019-09-20,32,25,-7
6377,2019-09-20,43,38,-5
6379,2019-09-20,28,31,3
6380,2019-09-20,23,24,1
6381,2019-09-20,53,48,-5
6383,2019-09-20,48,26,-22
6384,2019-09-20,17,14,-3
6385,2019-09-20,50,57,7
6386,2019-09-20,46,53,7
6387,2019-09-20,81,91,10
6389,2019-09-20,53,37,-16
6391,2019-09-20,55,75,20
6393,2019-09-20,62,90,28
6394,2019-09-20,53,102,49
6395,2019-09-20,68,69,1
6396,2019-09-20,110,107,-3
6397,2019-09-20,48,56,8
6398,2019-09-20,45,49,4
6401,2019-09-20,61,70,9
6402,2019-09-20,46,55,9
6403,2019-09-20,33,39,6
6404,2019-09-20,16,29,13
6405,2019-09-20,52,56,4
6406,2019-09-20,109,158,49
6407,2019-09-20,9,41,32
6408,2019-09-20,53,62,9
6409,2019-09-20,22,31,9
6410,2019-09-20,57,58,1
6411,2019-09-20,150,127,-23
6412,2019-09-20,23,23,0
6413,2019-09-20,35,37,2
6414,2019-09-20,22,27,5
6415,2019-09-20,21,27,6
6416,2019-09-20,32,18,-14
6417,2019-09-20,23,37,14
6418,2019-09-20,9,9,0
6419,2019-09-20,11,17,6
6420,2019-09-20,24,23,-1
6421,2019-09-20,48,32,-16
6422,2019-09-20,13,21,8
6423,2019-09-20,19,18,-1
6424,2019-09-20,48,91,43
6425,2019-09-20,42,49,7
6426,2019-09-20,77,88,11
6427,2019-09-20,65,57,-8
6428,2019-09-20,14,21,7
6429,2019-09-20,27,40,13
6432,2019-09-20,88,83,-5
6433,2019-09-20,39,30,-9
6434,2019-09-20,63,58,-5
6435,2019-09-20,41,49,8
6436,2019-09-20,22,20,-2
6501,2019-09-20,101,96,-5
6502,2019-09-20,12,14,2
6503,2019-09-20,64,67,3
6504,2019-09-20,31,56,25
6700,2019-09-20,18,34,16
6701,2019-09-20,72,73,1
6702,2019-09-20,22,21,-1
6703,2019-09-20,72,73,1
6704,2019-09-20,36,27,-9
6705,2019-09-20,18,20,2
6706,2019-09-20,31,27,-4
6707,2019-09-20,31,22,-9
6709,2019-09-20,22,30,8
6710,2019-09-20,11,13,2
6711,2019-09-20,26,29,3
6712,2019-09-20,20,21,1
6713,2019-09-20,12,11,-1
6714,2019-09-20,2,2,0
6715,2019-09-20,21,15,-6
6716,2019-09-20,13,14,1
6717,2019-09-20,7,16,9
6718,2019-09-20,28,29,1
6719,2019-09-20,19,20,1
6720,2019-09-20,30,40,10
6721,2019-09-20,21,20,-1
6722,2019-09-20,16,14,-2
6723,2019-09-20,24,22,-2
6724,2019-09-20,60,83,23
6725,2019-09-20,38,34,-4
6726,2019-09-20,14,11,-3
6727,2019-09-20,87,86,-1
6728,2019-09-20,15,11,-4
6729,2019-09-20,144,156,12
6730,2019-09-20,15,13,-2
6731,2019-09-20,9,14,5
6732,2019-09-20,33,44,11
6733,2019-09-20,42,42,0
6734,2019-09-20,60,48,-12
6735,2019-09-20,8,11,3
6736,2019-09-20,9,17,8
6737,2019-09-20,19,20,1
6738,2019-09-20,111,93,-18
6739,2019-09-20,7,10,3
6741,2019-09-20,16,19,3
6742,2019-09-20,57,62,5
6743,2019-09-20,36,18,-18
6744,2019-09-20,30,31,1
6745,2019-09-20,22,23,1
6746,2019-09-20,28,23,-5
6747,2019-09-20,55,66,11
6748,2019-09-20,74,83,9
6749,2019-09-20,61,68,7
6750,2019-09-20,61,55,-6
6752,2019-09-20,31,29,-2
6753,2019-09-20,20,17,-3
6754,2019-09-20,15,25,10
6901,2019-09-20,49,73,24
6902,2019-09-20,72,99,27
6903,2019-09-20,102,104,2
6904,2019-09-20,48,48,0
6905,2019-09-20,45,46,1
6906,2019-09-20,101,73,-28
6907,2019-09-20,103,72,-31
6908,2019-09-20,54,62,8
6910,2019-09-20,149,132,-17
6912,2019-09-20,128,101,-27
6913,2019-09-20,66,48,-18
6915,2019-09-20,109,124,15
6916,2019-09-20,34,29,-5
6917,2019-09-20,16,21,5
6918,2019-09-20,33,20,-13
6919,2019-09-20,32,22,-10
6921,2019-09-20,79,99,20
6923,2019-09-20,54,62,8
6924,2019-09-20,17,19,2
6925,2019-09-20,43,45,2
6926,2019-09-20,66,56,-10
6927,2019-09-20,89,47,-42
6928,2019-09-20,68,27,-41
6929,2019-09-20,27,25,-2
6930,2019-09-20,20,24,4
7001,2019-09-20,46,44,-2
7002,2019-09-20,22,24,2
7003,2019-09-20,116,90,-26
7004,2019-09-20,23,32,9
7005,2019-09-20,5,5,0
7006,2019-09-20,16,18,2
7007,2019-09-20,13,17,4
7008,2019-09-20,31,30,-1
7009,2019-09-20,54,49,-5
7010,2019-09-20,19,15,-4
7011,2019-09-20,78,78,0
7012,2019-09-20,41,44,3
7013,2019-09-20,30,23,-7
7014,2019-09-20,96,55,-41
7015,2019-09-20,24,31,7
7016,2019-09-20,15,12,-3
7017,2019-09-20,27,30,3
7018,2019-09-20,28,36,8
7019,2019-09-20,113,104,-9
7020,2019-09-20,28,40,12
7021,2019-09-20,67,45,-22
7022,2019-09-20,39,26,-13
7023,2019-09-20,4,3,-1
7024,2019-09-20,58,31,-27
7025,2019-09-20,62,62,0
7026,2019-09-20,70,76,6
7027,2019-09-20,41,37,-4
7028,2019-09-20,139,129,-10
7029,2019-09-20,53,55,2
7030,2019-09-20,44,42,-2
7031,2019-09-20,71,66,-5
7032,2019-09-20,153,90,-63
7033,2019-09-20,85,82,-3
7034,2019-09-20,20,46,26
7035,2019-09-20,38,36,-2
7036,2019-09-20,57,56,-1
7037,2019-09-20,51,55,4
7038,2019-09-20,71,70,-1
7039,2019-09-20,41,35,-6
7040,2019-09-20,70,91,21
7041,2019-09-20,110,121,11
7042,2019-09-20,38,41,3
7043,2019-09-20,33,20,-13
7044,2019-09-20,6,10,4
7045,2019-09-20,71,62,-9
7046,2019-09-20,110,146,36
7047,2019-09-20,115,196,81
7048,2019-09-20,21,26,5
7049,2019-09-20,14,25,11
7050,2019-09-20,33,31,-2
7051,2019-09-20,8,14,6
7052,2019-09-20,49,50,1
7053,2019-09-20,34,45,11
7054,2019-09-20,52,64,12
7055,2019-09-20,26,35,9
7056,2019-09-20,19,30,11
7057,2019-09-20,35,33,-2
7058,2019-09-20,35,38,3
7059,2019-09-20,31,35,4
7060,2019-09-20,35,37,2
7061,2019-09-20,25,24,-1
7062,2019-09-20,59,63,4
7063,2019-09-20,36,34,-2
7064,2019-09-20,28,34,6
7065,2019-09-20,34,41,7
7066,2019-09-20,93,179,86
7067,2019-09-20,68,73,5
7068,2019-09-20,91,77,-14
7069,2019-09-20,101,133,32
7070,2019-09-20,41,41,0
7071,2019-09-20,50,33,-17
7072,2019-09-20,46,30,-16
7073,2019-09-20,68,75,7
7074,2019-09-20,40,38,-2
7075,2019-09-20,14,11,-3
7076,2019-09-20,72,50,-22
7077,2019-09-20,21,31,10
7078,2019-09-20,33,25,-8
7079,2019-09-20,49,52,3
7080,2019-09-20,102,114,12
7081,2019-09-20,58,100,42
7082,2019-09-20,80,82,2
7083,2019-09-20,71,75,4
7087,2019-09-20,1,0,-1
7090,2019-09-20,7,9,2
7091,2019-09-20,8,6,-2
7092,2019-09-20,3,5,2
7093,2019-09-20,2,1,-1
7095,2019-09-20,16,19,3
7096,2019-09-20,28,28,0
7097,2019-09-20,7,7,0
7098,2019-09-20,2,3,1
7099,2019-09-20,4,10,6
7100,2019-09-20,7,4,-3
7101,2019-09-20,6,6,0
7102,2019-09-20,24,28,4
7103,2019-09-20,8,12,4
7104,2019-09-20,1,2,1
7105,2019-09-20,5,5,0
7107,2019-09-20,4,4,0
7108,2019-09-20,7,7,0
7109,2019-09-20,17,14,-3
7110,2019-09-20,7,5,-2
7111,2019-09-20,9,10,1
7112,2019-09-20,8,12,4
7113,2019-09-20,66,75,9
7114,2019-09-20,104,107,3
7115,2019-09-20,13,12,-1
7116,2019-09-20,13,7,-6
7117,2019-09-20,3,4,1
7118,2019-09-20,3,3,0
7119,2019-09-20,3,8,5
7120,2019-09-20,4,8,4
7121,2019-09-20,5,9,4
7122,2019-09-20,6,6,0
7123,2019-09-20,1,2,1
7124,2019-09-20,27,17,-10
7125,2019-09-20,29,22,-7
7126,2019-09-20,10,8,-2
7127,2019-09-20,44,50,6
7128,2019-09-20,11,15,4
7129,2019-09-20,15,15,0
7130,2019-09-20,13,12,-1
7131,2019-09-20,6,5,-1
7133,2019-09-20,4,6,2
7134,2019-09-20,6,6,0
7135,2019-09-20,3,1,-2
7136,2019-09-20,9,8,-1
7137,2019-09-20,9,12,3
7138,2019-09-20,5,4,-1
7139,2019-09-20,18,17,-1
7140,2019-09-20,18,19,1
7141,2019-09-20,33,35,2
7142,2019-09-20,8,10,2
7143,2019-09-20,23,21,-2
7144,2019-09-20,39,43,4
7145,2019-09-20,20,16,-4
7146,2019-09-20,22,23,1
7147,2019-09-20,47,50,3
7148,2019-09-20,2,4,2
7149,2019-09-20,9,7,-2
10002,2019-09-20,125,143,18
4000,2019-09-21,51,64,13
4001,2019-09-21,12,20,8
4002,2019-09-21,10,13,3
5002,2019-09-21,16,15,-1
5003,2019-09-21,10,8,-2
5004,2019-09-21,1,7,6
5005,2019-09-21,3,6,3
5006,2019-09-21,3,6,3
5007,2019-09-21,22,22,0
6001,2019-09-21,38,64,26
6002,2019-09-21,52,53,1
6003,2019-09-21,51,68,17
6004,2019-09-21,34,44,10
6005,2019-09-21,22,20,-2
6006,2019-09-21,33,26,-7
6007,2019-09-21,25,26,1
6008,2019-09-21,36,50,14
6009,2019-09-21,78,74,-4
6011,2019-09-21,37,56,19
6012,2019-09-21,124,230,106
6013,2019-09-21,51,71,20
6014,2019-09-21,56,58,2
6015,2019-09-21,152,210,58
6016,2019-09-21,13,15,2
6017,2019-09-21,42,61,19
6018,2019-09-21,85,95,10
6019,2019-09-21,118,83,-35
6020,2019-09-21,104,119,15
6021,2019-09-21,81,59,-22
6022,2019-09-21,55,50,-5
6023,2019-09-21,149,206,57
6024,2019-09-21,7,10,3
6025,2019-09-21,48,47,-1
6026,2019-09-21,241,381,140
6027,2019-09-21,63,82,19
6029,2019-09-21,26,29,3
6031,2019-09-21,26,32,6
6032,2019-09-21,115,217,102
6033,2019-09-21,11,15,4
6035,2019-09-21,40,91,51
6036,2019-09-21,226,320,94
6037,2019-09-21,43,65,22
6038,2019-09-21,62,78,16
6039,2019-09-21,48,52,4
6040,2019-09-21,48,67,19
6041,2019-09-21,35,49,14
6042,2019-09-21,33,30,-3
6043,2019-09-21,50,74,24
6044,2019-09-21,86,80,-6
6046,2019-09-21,39,27,-12
6047,2019-09-21,53,38,-15
6048,2019-09-21,5,13,8
6049,2019-09-21,45,55,10
6050,2019-09-21,24,38,14
6051,2019-09-21,42,33,-9
6052,2019-09-21,235,258,23
6053,2019-09-21,109,161,52
6057,2019-09-21,40,50,10
6058,2019-09-21,40,38,-2
6059,2019-09-21,59,32,-27
6060,2019-09-21,14,9,-5
6061,2019-09-21,65,49,-16
6062,2019-09-21,46,54,8
6063,2019-09-21,80,89,9
6064,2019-09-21,92,106,14
6065,2019-09-21,61,47,-14
6066,2019-09-21,26,19,-7
6067,2019-09-21,66,59,-7
6068,2019-09-21,11,9,-2
6070,2019-09-21,82,85,3
6072,2019-09-21,43,57,14
6073,2019-09-21,77,65,-12
6075,2019-09-21,30,22,-8
6076,2019-09-21,36,33,-3
6078,2019-09-21,54,39,-15
6079,2019-09-21,73,66,-7
6080,2019-09-21,90,105,15
6081,2019-09-21,20,24,4
6082,2019-09-21,23,15,-8
6083,2019-09-21,45,50,5
6084,2019-09-21,32,51,19
6085,2019-09-21,70,139,69
6086,2019-09-21,100,120,20
6087,2019-09-21,86,99,13
6088,2019-09-21,66,80,14
6089,2019-09-21,24,23,-1
6090,2019-09-21,35,35,0
6091,2019-09-21,47,37,-10
6092,2019-09-21,47,25,-22
6093,2019-09-21,20,14,-6
6094,2019-09-21,28,21,-7
6095,2019-09-21,115,114,-1
6096,2019-09-21,30,40,10
6097,2019-09-21,72,57,-15
6098,2019-09-21,26,23,-3
6099,2019-09-21,125,192,67
6100,2019-09-21,202,201,-1
6101,2019-09-21,51,23,-28
6102,2019-09-21,30,21,-9
6103,2019-09-21,27,34,7
6104,2019-09-21,39,63,24
6105,2019-09-21,33,37,4
6106,2019-09-21,36,42,6
6107,2019-09-21,84,75,-9
6108,2019-09-21,44,53,9
6109,2019-09-21,60,67,7
6110,2019-09-21,32,30,-2
6111,2019-09-21,37,42,5
6112,2019-09-21,91,100,9
6113,2019-09-21,45,73,28
6114,2019-09-21,141,156,15
6115,2019-09-21,19,26,7
6116,2019-09-21,53,62,9
6117,2019-09-21,63,62,-1
6118,2019-09-21,79,88,9
6119,2019-09-21,73,80,7
6120,2019-09-21,66,76,10
6121,2019-09-21,26,51,25
6122,2019-09-21,13,19,6
6123,2019-09-21,30,30,0
6124,2019-09-21,47,49,2
6125,2019-09-21,28,27,-1
6126,2019-09-21,48,52,4
6127,2019-09-21,45,49,4
6128,2019-09-21,31,29,-2
6129,2019-09-21,77,75,-2
6130,2019-09-21,34,30,-4
6131,2019-09-21,69,43,-26
6132,2019-09-21,57,71,14
6133,2019-09-21,51,47,-4
6134,2019-09-21,44,42,-2
6136,2019-09-21,222,191,-31
6137,2019-09-21,88,97,9
6138,2019-09-21,83,86,3
6139,2019-09-21,52,44,-8
6140,2019-09-21,116,108,-8
6141,2019-09-21,56,47,-9
6142,2019-09-21,142,116,-26
6143,2019-09-21,157,137,-20
6145,2019-09-21,80,63,-17
6146,2019-09-21,95,68,-27
6147,2019-09-21,93,51,-42
6148,2019-09-21,119,88,-31
6149,2019-09-21,40,39,-1
6150,2019-09-21,90,93,3
6151,2019-09-21,79,62,-17
6152,2019-09-21,138,123,-15
6153,2019-09-21,49,40,-9
6154,2019-09-21,197,195,-2
6155,2019-09-21,149,135,-14
6156,2019-09-21,62,59,-3
6157,2019-09-21,151,150,-1
6158,2019-09-21,77,73,-4
6159,2019-09-21,24,23,-1
6160,2019-09-21,61,60,-1
6161,2019-09-21,44,40,-4
6162,2019-09-21,9,9,0
6163,2019-09-21,133,121,-12
6164,2019-09-21,87,89,2
6165,2019-09-21,220,242,22
6166,2019-09-21,50,46,-4
6167,2019-09-21,58,53,-5
6168,2019-09-21,69,37,-32
6169,2019-09-21,201,167,-34
6170,2019-09-21,143,151,8
6171,2019-09-21,40,43,3
6173,2019-09-21,110,77,-33
6174,2019-09-21,118,91,-27
6175,2019-09-21,80,68,-12
6176,2019-09-21,126,117,-9
6177,2019-09-21,88,81,-7
6178,2019-09-21,134,134,0
6179,2019-09-21,90,85,-5
6180,2019-09-21,44,51,7
6181,2019-09-21,120,86,-34
6182,2019-09-21,68,55,-13
6183,2019-09-21,90,76,-14
6184,2019-09-21,269,261,-8
6185,2019-09-21,21,17,-4
6187,2019-09-21,134,141,7
6188,2019-09-21,65,52,-13
6189,2019-09-21,28,22,-6
6190,2019-09-21,116,78,-38
6191,2019-09-21,71,52,-19
6192,2019-09-21,45,20,-25
6193,2019-09-21,126,127,1
6194,2019-09-21,93,90,-3
6195,2019-09-21,89,49,-40
6196,2019-09-21,135,107,-28
6197,2019-09-21,54,53,-1
6198,2019-09-21,17,14,-3
6199,2019-09-21,95,77,-18
6200,2019-09-21,110,101,-9
6201,2019-09-21,75,59,-16
6202,2019-09-21,104,78,-26
6203,2019-09-21,50,41,-9
6204,2019-09-21,92,100,8
6205,2019-09-21,101,93,-8
6206,2019-09-21,139,119,-20
6207,2019-09-21,37,27,-10
6208,2019-09-21,67,63,-4
6209,2019-09-21,121,90,-31
6210,2019-09-21,36,30,-6
6211,2019-09-21,204,177,-27
6212,2019-09-21,116,97,-19
6213,2019-09-21,147,147,0
6214,2019-09-21,94,79,-15
6215,2019-09-21,53,45,-8
6216,2019-09-21,206,190,-16
6217,2019-09-21,113,76,-37
6218,2019-09-21,59,45,-14
6219,2019-09-21,65,57,-8
6220,2019-09-21,98,95,-3
6221,2019-09-21,210,163,-47
6222,2019-09-21,87,74,-13
6223,2019-09-21,103,69,-34
6224,2019-09-21,86,55,-31
6225,2019-09-21,72,45,-27
6226,2019-09-21,6,8,2
6227,2019-09-21,181,167,-14
6228,2019-09-21,28,24,-4
6229,2019-09-21,68,49,-19
6230,2019-09-21,102,95,-7
6231,2019-09-21,102,88,-14
6232,2019-09-21,20,22,2
6233,2019-09-21,113,129,16
6234,2019-09-21,63,62,-1
6235,2019-09-21,39,26,-13
6236,2019-09-21,72,78,6
6237,2019-09-21,52,42,-10
6240,2019-09-21,13,14,1
6241,2019-09-21,57,48,-9
6243,2019-09-21,79,82,3
6245,2019-09-21,45,38,-7
6246,2019-09-21,53,38,-15
6247,2019-09-21,132,120,-12
6248,2019-09-21,160,127,-33
6249,2019-09-21,85,62,-23
6250,2019-09-21,123,129,6
6251,2019-09-21,34,32,-2
6252,2019-09-21,66,61,-5
6253,2019-09-21,74,60,-14
6254,2019-09-21,103,91,-12
6255,2019-09-21,125,113,-12
6257,2019-09-21,43,38,-5
6258,2019-09-21,71,54,-17
6259,2019-09-21,43,43,0
6260,2019-09-21,43,43,0
6261,2019-09-21,54,42,-12
6262,2019-09-21,60,55,-5
6263,2019-09-21,24,23,-1
6264,2019-09-21,28,29,1
6265,2019-09-21,47,44,-3
6266,2019-09-21,16,19,3
6267,2019-09-21,46,38,-8
6268,2019-09-21,52,49,-3
6269,2019-09-21,29,33,4
6270,2019-09-21,39,33,-6
6271,2019-09-21,3,3,0
6272,2019-09-21,39,37,-2
6273,2019-09-21,44,42,-2
6274,2019-09-21,46,48,2
6275,2019-09-21,33,30,-3
6276,2019-09-21,41,40,-1
6277,2019-09-21,77,68,-9
6278,2019-09-21,25,27,2
6279,2019-09-21,25,20,-5
6280,2019-09-21,76,78,2
6281,2019-09-21,26,20,-6
6301,2019-09-21,26,25,-1
6302,2019-09-21,13,14,1
6303,2019-09-21,15,8,-7
6304,2019-09-21,10,10,0
6305,2019-09-21,19,20,1
6306,2019-09-21,44,17,-27
6307,2019-09-21,124,110,-14
6309,2019-09-21,29,31,2
6310,2019-09-21,42,18,-24
6311,2019-09-21,48,39,-9
6312,2019-09-21,23,34,11
6313,2019-09-21,73,75,2
6314,2019-09-21,57,45,-12
6315,2019-09-21,60,24,-36
6316,2019-09-21,53,24,-29
6321,2019-09-21,110,120,10
6322,2019-09-21,37,30,-7
6323,2019-09-21,9,16,7
6324,2019-09-21,23,23,0
6327,2019-09-21,58,36,-22
6328,2019-09-21,53,48,-5
6329,2019-09-21,33,29,-4
6330,2019-09-21,24,22,-2
6331,2019-09-21,26,16,-10
6332,2019-09-21,30,41,11
6333,2019-09-21,22,23,1
6334,2019-09-21,91,94,3
6335,2019-09-21,42,38,-4
6336,2019-09-21,42,39,-3
6338,2019-09-21,44,46,2
6339,2019-09-21,22,16,-6
6340,2019-09-21,45,43,-2
6341,2019-09-21,27,33,6
6343,2019-09-21,45,42,-3
6344,2019-09-21,51,61,10
6345,2019-09-21,13,22,9
6346,2019-09-21,15,9,-6
6347,2019-09-21,19,21,2
6349,2019-09-21,34,44,10
6350,2019-09-21,41,42,1
6354,2019-09-21,27,26,-1
6355,2019-09-21,30,28,-2
6356,2019-09-21,33,29,-4
6357,2019-09-21,23,23,0
6358,2019-09-21,23,15,-8
6359,2019-09-21,117,94,-23
6360,2019-09-21,24,27,3
6361,2019-09-21,35,41,6
6362,2019-09-21,53,34,-19
6363,2019-09-21,20,16,-4
6364,2019-09-21,39,37,-2
6366,2019-09-21,18,10,-8
6367,2019-09-21,28,22,-6
6368,2019-09-21,67,69,2
6369,2019-09-21,24,36,12
6370,2019-09-21,35,30,-5
6371,2019-09-21,96,88,-8
6372,2019-09-21,93,89,-4
6373,2019-09-21,30,31,1
6374,2019-09-21,52,42,-10
6375,2019-09-21,48,63,15
6376,2019-09-21,23,32,9
6377,2019-09-21,40,46,6
6379,2019-09-21,24,24,0
6380,2019-09-21,20,22,2
6381,2019-09-21,77,73,-4
6383,2019-09-21,39,28,-11
6384,2019-09-21,18,14,-4
6385,2019-09-21,62,56,-6
6386,2019-09-21,34,48,14
6387,2019-09-21,68,94,26
6389,2019-09-21,56,38,-18
6391,2019-09-21,60,72,12
6393,2019-09-21,71,88,17
6394,2019-09-21,80,101,21
6395,2019-09-21,61,68,7
6396,2019-09-21,84,94,10
6397,2019-09-21,42,54,12
6398,2019-09-21,44,60,16
6401,2019-09-21,53,71,18
6402,2019-09-21,56,58,2
6403,2019-09-21,25,36,11
6404,2019-09-21,14,27,13
6405,2019-09-21,60,76,16
6406,2019-09-21,230,299,69
6407,2019-09-21,7,28,21
6408,2019-09-21,22,29,7
6409,2019-09-21,11,12,1
6410,2019-09-21,31,39,8
6411,2019-09-21,127,100,-27
6412,2019-09-21,14,16,2
6413,2019-09-21,19,17,-2
6414,2019-09-21,22,25,3
6415,2019-09-21,29,14,-15
6416,2019-09-21,22,12,-10
6417,2019-09-21,26,34,8
6418,2019-09-21,5,8,3
6419,2019-09-21,12,7,-5
6420,2019-09-21,32,16,-16
6421,2019-09-21,28,28,0
6422,2019-09-21,23,21,-2
6423,2019-09-21,7,7,0
6424,2019-09-21,26,40,14
6425,2019-09-21,50,52,2
6426,2019-09-21,60,70,10
6427,2019-09-21,49,56,7
6428,2019-09-21,25,24,-1
6429,2019-09-21,30,37,7
6432,2019-09-21,53,49,-4
6433,2019-09-21,20,19,-1
6434,2019-09-21,48,50,2
6435,2019-09-21,51,54,3
6436,2019-09-21,25,29,4
6501,2019-09-21,154,201,47
6502,2019-09-21,29,23,-6
6503,2019-09-21,55,43,-12
6504,2019-09-21,76,66,-10
6700,2019-09-21,22,31,9
6701,2019-09-21,61,63,2
6702,2019-09-21,16,18,2
6703,2019-09-21,116,112,-4
6704,2019-09-21,29,27,-2
6705,2019-09-21,19,17,-2
6706,2019-09-21,17,24,7
6707,2019-09-21,19,25,6
6709,2019-09-21,22,30,8
6710,2019-09-21,20,23,3
6711,2019-09-21,15,15,0
6712,2019-09-21,38,37,-1
6713,2019-09-21,10,9,-1
6714,2019-09-21,16,15,-1
6715,2019-09-21,24,31,7
6716,2019-09-21,13,12,-1
6717,2019-09-21,4,4,0
6718,2019-09-21,27,16,-11
6719,2019-09-21,20,21,1
6720,2019-09-21,34,31,-3
6721,2019-09-21,24,22,-2
6722,2019-09-21,10,17,7
6723,2019-09-21,22,21,-1
6724,2019-09-21,103,100,-3
6725,2019-09-21,25,30,5
6726,2019-09-21,9,9,0
6727,2019-09-21,47,57,10
6728,2019-09-21,28,26,-2
6729,2019-09-21,131,148,17
6730,2019-09-21,8,8,0
6731,2019-09-21,17,13,-4
6732,2019-09-21,30,19,-11
6733,2019-09-21,30,36,6
6734,2019-09-21,64,67,3
6735,2019-09-21,11,17,6
6736,2019-09-21,20,20,0
6737,2019-09-21,20,21,1
6738,2019-09-21,28,20,-8
6739,2019-09-21,8,9,1
6741,2019-09-21,18,20,2
6742,2019-09-21,54,58,4
6743,2019-09-21,25,10,-15
6744,2019-09-21,29,26,-3
6745,2019-09-21,16,17,1
6746,2019-09-21,21,21,0
6747,2019-09-21,32,37,5
6748,2019-09-21,49,66,17
6749,2019-09-21,53,58,5
6750,2019-09-21,56,54,-2
6752,2019-09-21,30,32,2
6753,2019-09-21,9,12,3
6754,2019-09-21,15,22,7
6901,2019-09-21,60,71,11
6902,2019-09-21,58,84,26
6903,2019-09-21,116,80,-36
6904,2019-09-21,48,37,-11
6905,2019-09-21,27,18,-9
6906,2019-09-21,70,54,-16
6907,2019-09-21,87,53,-34
6908,2019-09-21,87,71,-16
6910,2019-09-21,126,95,-31
6912,2019-09-21,107,98,-9
6913,2019-09-21,53,40,-13
6915,2019-09-21,92,80,-12
6916,2019-09-21,18,18,0
6917,2019-09-21,10,12,2
6918,2019-09-21,41,32,-9
6919,2019-09-21,35,21,-14
6921,2019-09-21,35,48,13
6923,2019-09-21,49,42,-7
6924,2019-09-21,39,30,-9
6925,2019-09-21,34,42,8
6926,2019-09-21,68,69,1
6927,2019-09-21,37,32,-5
6928,2019-09-21,16,5,-11
6929,2019-09-21,38,21,-17
6930,2019-09-21,10,10,0
7001,2019-09-21,38,47,9
7002,2019-09-21,12,18,6
7003,2019-09-21,89,86,-3
7004,2019-09-21,9,11,2
7005,2019-09-21,14,14,0
7006,2019-09-21,13,14,1
7007,2019-09-21,5,14,9
7008,2019-09-21,24,24,0
7009,2019-09-21,41,59,18
7010,2019-09-21,12,15,3
7011,2019-09-21,68,73,5
7012,2019-09-21,30,36,6
7013,2019-09-21,18,20,2
7014,2019-09-21,46,28,-18
7015,2019-09-21,42,39,-3
7016,2019-09-21,9,14,5
7017,2019-09-21,19,28,9
7018,2019-09-21,34,43,9
7019,2019-09-21,26,28,2
7020,2019-09-21,28,34,6
7021,2019-09-21,36,38,2
7022,2019-09-21,22,26,4
7023,2019-09-21,6,5,-1
7024,2019-09-21,54,43,-11
7025,2019-09-21,31,26,-5
7026,2019-09-21,52,51,-1
7027,2019-09-21,63,66,3
7028,2019-09-21,50,50,0
7029,2019-09-21,49,39,-10
7030,2019-09-21,49,42,-7
7031,2019-09-21,70,68,-2
7032,2019-09-21,109,65,-44
7033,2019-09-21,78,75,-3
7034,2019-09-21,57,105,48
7035,2019-09-21,37,39,2
7036,2019-09-21,53,56,3
7037,2019-09-21,45,36,-9
7038,2019-09-21,94,67,-27
7039,2019-09-21,40,34,-6
7040,2019-09-21,68,61,-7
7041,2019-09-21,78,80,2
7042,2019-09-21,29,25,-4
7043,2019-09-21,30,16,-14
7044,2019-09-21,6,9,3
7045,2019-09-21,114,120,6
7046,2019-09-21,49,55,6
7047,2019-09-21,108,138,30
7048,2019-09-21,13,14,1
7049,2019-09-21,12,17,5
7050,2019-09-21,33,31,-2
7051,2019-09-21,17,13,-4
7052,2019-09-21,22,22,0
7053,2019-09-21,67,67,0
7054,2019-09-21,70,87,17
7055,2019-09-21,17,46,29
7056,2019-09-21,16,14,-2
7057,2019-09-21,45,51,6
7058,2019-09-21,17,25,8
7059,2019-09-21,21,19,-2
7060,2019-09-21,34,35,1
7061,2019-09-21,27,23,-4
7062,2019-09-21,21,22,1
7063,2019-09-21,42,42,0
7064,2019-09-21,16,14,-2
7065,2019-09-21,46,46,0
7066,2019-09-21,102,178,76
7067,2019-09-21,39,62,23
7068,2019-09-21,75,85,10
7069,2019-09-21,70,100,30
7070,2019-09-21,57,53,-4
7071,2019-09-21,57,44,-13
7072,2019-09-21,46,26,-20
7073,2019-09-21,51,63,12
7074,2019-09-21,19,36,17
7075,2019-09-21,3,5,2
7076,2019-09-21,56,44,-12
7077,2019-09-21,26,25,-1
7078,2019-09-21,18,28,10
7079,2019-09-21,27,40,13
7080,2019-09-21,40,39,-1
7081,2019-09-21,90,95,5
7082,2019-09-21,57,80,23
7083,2019-09-21,61,57,-4
7087,2019-09-21,4,1,-3
7090,2019-09-21,12,17,5
7091,2019-09-21,8,12,4
7093,2019-09-21,10,5,-5
7094,2019-09-21,7,10,3
7095,2019-09-21,7,8,1
7096,2019-09-21,11,15,4
7097,2019-09-21,9,6,-3
7098,2019-09-21,1,3,2
7099,2019-09-21,4,4,0
7100,2019-09-21,3,2,-1
7101,2019-09-21,2,3,1
7102,2019-09-21,15,21,6
7103,2019-09-21,45,46,1
7104,2019-09-21,8,13,5
7105,2019-09-21,27,31,4
7106,2019-09-21,1,3,2
7107,2019-09-21,9,11,2
7108,2019-09-21,44,38,-6
7109,2019-09-21,5,6,1
7110,2019-09-21,18,20,2
7111,2019-09-21,3,2,-1
7112,2019-09-21,9,9,0
7113,2019-09-21,33,33,0
7114,2019-09-21,104,114,10
7115,2019-09-21,8,12,4
7116,2019-09-21,10,9,-1
7117,2019-09-21,6,7,1
7119,2019-09-21,16,21,5
7120,2019-09-21,8,6,-2
7121,2019-09-21,1,11,10
7122,2019-09-21,7,5,-2
7123,2019-09-21,2,4,2
7124,2019-09-21,19,19,0
7125,2019-09-21,37,40,3
7126,2019-09-21,7,8,1
7127,2019-09-21,20,22,2
7128,2019-09-21,14,13,-1
7129,2019-09-21,9,11,2
7130,2019-09-21,5,8,3
7131,2019-09-21,4,4,0
7132,2019-09-21,4,4,0
7133,2019-09-21,6,8,2
7134,2019-09-21,6,7,1
7135,2019-09-21,6,5,-1
7136,2019-09-21,1,2,1
7137,2019-09-21,10,10,0
7138,2019-09-21,5,4,-1
7139,2019-09-21,34,34,0
7140,2019-09-21,9,7,-2
7141,2019-09-21,25,24,-1
7142,2019-09-21,16,20,4
7143,2019-09-21,33,32,-1
7144,2019-09-21,53,72,19
7145,2019-09-21,18,9,-9
7146,2019-09-21,14,12,-2
7147,2019-09-21,31,23,-8
7148,2019-09-21,25,28,3
7149,2019-09-21,9,12,3
10002,2019-09-21,88,91,3
4000,2019-09-22,47,55,8
4001,2019-09-22,8,10,2
4002,2019-09-22,13,15,2
5002,2019-09-22,13,5,-8
5003,2019-09-22,1,6,5
5004,2019-09-22,4,4,0
5005,2019-09-22,4,5,1
5006,2019-09-22,7,8,1
5007,2019-09-22,17,18,1
6001,2019-09-22,26,43,17
6002,2019-09-22,58,69,11
6003,2019-09-22,40,49,9
6004,2019-09-22,18,16,-2
6005,2019-09-22,19,19,0
6006,2019-09-22,40,30,-10
6007,2019-09-22,36,42,6
6008,2019-09-22,39,39,0
6009,2019-09-22,59,58,-1
6011,2019-09-22,38,41,3
6012,2019-09-22,91,177,86
6013,2019-09-22,25,51,26
6014,2019-09-22,37,67,30
6015,2019-09-22,115,160,45
6016,2019-09-22,8,7,-1
6017,2019-09-22,42,45,3
6018,2019-09-22,81,82,1
6019,2019-09-22,97,76,-21
6020,2019-09-22,49,61,12
6021,2019-09-22,69,55,-14
6022,2019-09-22,34,37,3
6023,2019-09-22,134,168,34
6024,2019-09-22,6,10,4
6025,2019-09-22,16,28,12
6026,2019-09-22,131,201,70
6027,2019-09-22,53,51,-2
6029,2019-09-22,17,31,14
6031,2019-09-22,36,38,2
6032,2019-09-22,50,93,43
6033,2019-09-22,15,13,-2
6035,2019-09-22,22,74,52
6036,2019-09-22,150,188,38
6037,2019-09-22,45,40,-5
6038,2019-09-22,58,62,4
6039,2019-09-22,41,44,3
6040,2019-09-22,48,55,7
6041,2019-09-22,37,32,-5
6042,2019-09-22,21,32,11
6043,2019-09-22,60,58,-2
6044,2019-09-22,74,76,2
6046,2019-09-22,33,37,4
6047,2019-09-22,38,31,-7
6048,2019-09-22,13,14,1
6049,2019-09-22,23,46,23
6050,2019-09-22,15,22,7
6051,2019-09-22,28,21,-7
6052,2019-09-22,172,196,24
6053,2019-09-22,165,168,3
6057,2019-09-22,31,22,-9
6058,2019-09-22,32,23,-9
6059,2019-09-22,25,19,-6
6060,2019-09-22,3,1,-2
6061,2019-09-22,29,28,-1
6062,2019-09-22,39,18,-21
6063,2019-09-22,54,49,-5
6064,2019-09-22,83,80,-3
6065,2019-09-22,32,26,-6
6066,2019-09-22,24,21,-3
6067,2019-09-22,39,43,4
6068,2019-09-22,7,8,1
6070,2019-09-22,84,69,-15
6072,2019-09-22,48,33,-15
6073,2019-09-22,53,69,16
6075,2019-09-22,13,9,-4
6076,2019-09-22,14,18,4
6078,2019-09-22,33,33,0
6079,2019-09-22,43,38,-5
6080,2019-09-22,66,88,22
6081,2019-09-22,44,31,-13
6082,2019-09-22,19,17,-2
6083,2019-09-22,37,33,-4
6084,2019-09-22,27,20,-7
6085,2019-09-22,43,80,37
6086,2019-09-22,67,75,8
6087,2019-09-22,74,88,14
6088,2019-09-22,45,61,16
6089,2019-09-22,28,19,-9
6090,2019-09-22,38,38,0
6091,2019-09-22,30,24,-6
6092,2019-09-22,45,29,-16
6093,2019-09-22,31,28,-3
6094,2019-09-22,24,16,-8
6095,2019-09-22,105,91,-14
6096,2019-09-22,20,17,-3
6097,2019-09-22,43,34,-9
6098,2019-09-22,30,14,-16
6099,2019-09-22,87,105,18
6100,2019-09-22,130,129,-1
6101,2019-09-22,32,11,-21
6102,2019-09-22,38,22,-16
6103,2019-09-22,25,19,-6
6104,2019-09-22,62,73,11
6105,2019-09-22,17,37,20
6106,2019-09-22,19,28,9
6107,2019-09-22,75,58,-17
6108,2019-09-22,20,21,1
6109,2019-09-22,46,54,8
6110,2019-09-22,21,24,3
6111,2019-09-22,21,22,1
6112,2019-09-22,84,94,10
6113,2019-09-22,54,50,-4
6114,2019-09-22,167,184,17
6115,2019-09-22,14,20,6
6116,2019-09-22,50,63,13
6117,2019-09-22,59,60,1
6118,2019-09-22,79,97,18
6119,2019-09-22,68,86,18
6120,2019-09-22,53,76,23
6121,2019-09-22,11,35,24
6122,2019-09-22,14,16,2
6123,2019-09-22,20,25,5
6124,2019-09-22,39,57,18
6125,2019-09-22,23,21,-2
6126,2019-09-22,46,44,-2
6127,2019-09-22,47,45,-2
6128,2019-09-22,19,28,9
6129,2019-09-22,60,59,-1
6130,2019-09-22,29,26,-3
6131,2019-09-22,60,51,-9
6132,2019-09-22,33,52,19
6133,2019-09-22,31,29,-2
6134,2019-09-22,33,35,2
6136,2019-09-22,195,172,-23
6137,2019-09-22,78,83,5
6138,2019-09-22,54,63,9
6139,2019-09-22,38,29,-9
6140,2019-09-22,99,91,-8
6141,2019-09-22,57,63,6
6142,2019-09-22,101,71,-30
6143,2019-09-22,122,111,-11
6145,2019-09-22,52,53,1
6146,2019-09-22,76,72,-4
6147,2019-09-22,90,60,-30
6148,2019-09-22,101,79,-22
6149,2019-09-22,25,21,-4
6150,2019-09-22,70,65,-5
6151,2019-09-22,58,65,7
6152,2019-09-22,108,104,-4
6153,2019-09-22,35,39,4
6154,2019-09-22,171,172,1
6155,2019-09-22,114,102,-12
6156,2019-09-22,42,38,-4
6157,2019-09-22,119,122,3
6158,2019-09-22,55,52,-3
6159,2019-09-22,24,20,-4
6160,2019-09-22,50,43,-7
6161,2019-09-22,31,32,1
6162,2019-09-22,8,7,-1
6163,2019-09-22,103,115,12
6164,2019-09-22,55,61,6
6165,2019-09-22,147,167,20
6166,2019-09-22,45,48,3
6167,2019-09-22,26,30,4
6168,2019-09-22,55,41,-14
6169,2019-09-22,155,145,-10
6170,2019-09-22,97,101,4
6171,2019-09-22,24,44,20
6173,2019-09-22,67,59,-8
6174,2019-09-22,91,98,7
6175,2019-09-22,59,44,-15
6176,2019-09-22,114,112,-2
6177,2019-09-22,80,79,-1
6178,2019-09-22,128,130,2
6179,2019-09-22,72,66,-6
6180,2019-09-22,42,52,10
6181,2019-09-22,92,69,-23
6182,2019-09-22,55,41,-14
6183,2019-09-22,79,69,-10
6184,2019-09-22,235,188,-47
6185,2019-09-22,27,29,2
6187,2019-09-22,121,112,-9
6188,2019-09-22,45,44,-1
6189,2019-09-22,23,25,2
6190,2019-09-22,91,78,-13
6191,2019-09-22,45,34,-11
6192,2019-09-22,53,38,-15
6193,2019-09-22,109,119,10
6194,2019-09-22,102,78,-24
6195,2019-09-22,72,31,-41
6196,2019-09-22,101,84,-17
6197,2019-09-22,42,44,2
6198,2019-09-22,10,7,-3
6199,2019-09-22,48,44,-4
6200,2019-09-22,90,100,10
6201,2019-09-22,60,57,-3
6202,2019-09-22,118,114,-4
6203,2019-09-22,30,23,-7
6204,2019-09-22,98,99,1
6205,2019-09-22,81,75,-6
6206,2019-09-22,110,108,-2
6207,2019-09-22,34,42,8
6208,2019-09-22,64,75,11
6209,2019-09-22,109,91,-18
6210,2019-09-22,29,25,-4
6211,2019-09-22,127,127,0
6212,2019-09-22,77,78,1
6213,2019-09-22,111,94,-17
6214,2019-09-22,94,66,-28
6215,2019-09-22,40,41,1
6216,2019-09-22,207,127,-80
6217,2019-09-22,99,68,-31
6218,2019-09-22,39,34,-5
6219,2019-09-22,53,47,-6
6220,2019-09-22,69,67,-2
6221,2019-09-22,175,154,-21
6222,2019-09-22,85,60,-25
6223,2019-09-22,128,97,-31
6224,2019-09-22,55,54,-1
6225,2019-09-22,55,57,2
6226,2019-09-22,8,20,12
6227,2019-09-22,121,110,-11
6228,2019-09-22,25,22,-3
6229,2019-09-22,77,62,-15
6230,2019-09-22,78,82,4
6231,2019-09-22,107,88,-19
6232,2019-09-22,37,37,0
6233,2019-09-22,140,141,1
6234,2019-09-22,46,40,-6
6235,2019-09-22,32,20,-12
6236,2019-09-22,52,51,-1
6237,2019-09-22,67,68,1
6240,2019-09-22,14,16,2
6241,2019-09-22,55,55,0
6243,2019-09-22,62,64,2
6245,2019-09-22,22,26,4
6246,2019-09-22,55,52,-3
6247,2019-09-22,85,81,-4
6248,2019-09-22,107,104,-3
6249,2019-09-22,80,77,-3
6250,2019-09-22,117,109,-8
6251,2019-09-22,26,29,3
6252,2019-09-22,50,48,-2
6253,2019-09-22,62,50,-12
6254,2019-09-22,81,60,-21
6255,2019-09-22,97,91,-6
6257,2019-09-22,26,22,-4
6258,2019-09-22,68,50,-18
6259,2019-09-22,27,22,-5
6260,2019-09-22,39,27,-12
6261,2019-09-22,30,32,2
6262,2019-09-22,47,47,0
6263,2019-09-22,16,18,2
6264,2019-09-22,22,21,-1
6265,2019-09-22,45,50,5
6266,2019-09-22,28,16,-12
6267,2019-09-22,63,57,-6
6268,2019-09-22,58,62,4
6269,2019-09-22,22,24,2
6270,2019-09-22,37,30,-7
6271,2019-09-22,1,0,-1
6272,2019-09-22,31,30,-1
6273,2019-09-22,32,34,2
6274,2019-09-22,28,24,-4
6275,2019-09-22,36,39,3
6276,2019-09-22,33,34,1
6277,2019-09-22,58,61,3
6278,2019-09-22,30,28,-2
6279,2019-09-22,17,22,5
6280,2019-09-22,66,58,-8
6281,2019-09-22,40,24,-16
6301,2019-09-22,19,20,1
6302,2019-09-22,25,19,-6
6303,2019-09-22,26,20,-6
6304,2019-09-22,3,5,2
6305,2019-09-22,10,10,0
6306,2019-09-22,24,13,-11
6307,2019-09-22,71,71,0
6309,2019-09-22,18,21,3
6310,2019-09-22,33,16,-17
6311,2019-09-22,28,19,-9
6312,2019-09-22,13,18,5
6313,2019-09-22,52,53,1
6314,2019-09-22,50,48,-2
6315,2019-09-22,48,26,-22
6316,2019-09-22,42,21,-21
6321,2019-09-22,102,93,-9
6322,2019-09-22,26,18,-8
6323,2019-09-22,10,18,8
6324,2019-09-22,19,19,0
6327,2019-09-22,26,33,7
6328,2019-09-22,38,27,-11
6329,2019-09-22,27,30,3
6330,2019-09-22,25,18,-7
6331,2019-09-22,21,26,5
6332,2019-09-22,38,31,-7
6333,2019-09-22,15,18,3
6334,2019-09-22,51,48,-3
6335,2019-09-22,30,29,-1
6336,2019-09-22,38,45,7
6338,2019-09-22,33,28,-5
6339,2019-09-22,20,19,-1
6340,2019-09-22,32,29,-3
6341,2019-09-22,30,29,-1
6343,2019-09-22,36,35,-1
6344,2019-09-22,53,50,-3
6345,2019-09-22,22,25,3
6346,2019-09-22,15,16,1
6347,2019-09-22,25,14,-11
6349,2019-09-22,18,21,3
6350,2019-09-22,31,31,0
6354,2019-09-22,34,27,-7
6355,2019-09-22,30,39,9
6356,2019-09-22,26,19,-7
6357,2019-09-22,24,26,2
6358,2019-09-22,18,20,2
6359,2019-09-22,84,94,10
6360,2019-09-22,34,29,-5
6361,2019-09-22,53,38,-15
6362,2019-09-22,42,41,-1
6363,2019-09-22,14,13,-1
6364,2019-09-22,44,36,-8
6366,2019-09-22,18,21,3
6367,2019-09-22,16,18,2
6368,2019-09-22,81,74,-7
6369,2019-09-22,25,28,3
6370,2019-09-22,40,37,-3
6371,2019-09-22,80,66,-14
6372,2019-09-22,99,97,-2
6373,2019-09-22,40,37,-3
6374,2019-09-22,41,47,6
6375,2019-09-22,51,50,-1
6376,2019-09-22,36,38,2
6377,2019-09-22,27,41,14
6379,2019-09-22,25,25,0
6380,2019-09-22,27,25,-2
6381,2019-09-22,47,47,0
6383,2019-09-22,38,34,-4
6384,2019-09-22,25,21,-4
6385,2019-09-22,45,41,-4
6386,2019-09-22,40,46,6
6387,2019-09-22,76,83,7
6389,2019-09-22,32,27,-5
6391,2019-09-22,49,64,15
6393,2019-09-22,42,71,29
6394,2019-09-22,62,83,21
6395,2019-09-22,65,64,-1
6396,2019-09-22,85,89,4
6397,2019-09-22,47,53,6
6398,2019-09-22,21,43,22
6401,2019-09-22,39,42,3
6402,2019-09-22,22,30,8
6403,2019-09-22,22,21,-1
6404,2019-09-22,23,16,-7
6405,2019-09-22,57,57,0
6406,2019-09-22,178,218,40
6407,2019-09-22,15,23,8
6408,2019-09-22,24,29,5
6409,2019-09-22,13,20,7
6410,2019-09-22,24,16,-8
6411,2019-09-22,110,94,-16
6412,2019-09-22,11,17,6
6413,2019-09-22,16,16,0
6414,2019-09-22,11,14,3
6415,2019-09-22,13,11,-2
6416,2019-09-22,5,7,2
6417,2019-09-22,13,12,-1
6418,2019-09-22,7,10,3
6419,2019-09-22,12,12,0
6420,2019-09-22,25,21,-4
6421,2019-09-22,36,30,-6
6422,2019-09-22,15,21,6
6423,2019-09-22,10,7,-3
6424,2019-09-22,20,36,16
6425,2019-09-22,31,27,-4
6426,2019-09-22,50,52,2
6427,2019-09-22,40,47,7
6428,2019-09-22,10,12,2
6429,2019-09-22,33,36,3
6432,2019-09-22,52,50,-2
6433,2019-09-22,17,18,1
6434,2019-09-22,40,49,9
6435,2019-09-22,36,33,-3
6436,2019-09-22,18,19,1
6501,2019-09-22,129,160,31
6502,2019-09-22,26,21,-5
6503,2019-09-22,41,42,1
6504,2019-09-22,23,23,0
6700,2019-09-22,20,30,10
6701,2019-09-22,44,48,4
6702,2019-09-22,10,8,-2
6703,2019-09-22,76,77,1
6704,2019-09-22,29,34,5
6705,2019-09-22,15,15,0
6706,2019-09-22,23,17,-6
6707,2019-09-22,14,17,3
6709,2019-09-22,18,20,2
6710,2019-09-22,13,12,-1
6711,2019-09-22,11,6,-5
6712,2019-09-22,13,14,1
6713,2019-09-22,15,13,-2
6714,2019-09-22,5,5,0
6715,2019-09-22,31,26,-5
6716,2019-09-22,11,12,1
6717,2019-09-22,4,8,4
6718,2019-09-22,25,13,-12
6719,2019-09-22,15,17,2
6720,2019-09-22,30,34,4
6721,2019-09-22,16,16,0
6722,2019-09-22,12,13,1
6723,2019-09-22,17,18,1
6724,2019-09-22,54,60,6
6725,2019-09-22,35,27,-8
6726,2019-09-22,10,11,1
6727,2019-09-22,32,40,8
6728,2019-09-22,14,20,6
6729,2019-09-22,114,120,6
6730,2019-09-22,16,17,1
6731,2019-09-22,32,27,-5
6732,2019-09-22,26,35,9
6733,2019-09-22,37,35,-2
6734,2019-09-22,46,37,-9
6735,2019-09-22,4,6,2
6736,2019-09-22,16,14,-2
6737,2019-09-22,13,15,2
6738,2019-09-22,32,24,-8
6739,2019-09-22,9,10,1
6741,2019-09-22,8,16,8
6742,2019-09-22,41,36,-5
6743,2019-09-22,14,11,-3
6744,2019-09-22,17,19,2
6745,2019-09-22,23,25,2
6746,2019-09-22,16,18,2
6747,2019-09-22,27,17,-10
6748,2019-09-22,37,39,2
6749,2019-09-22,37,35,-2
6750,2019-09-22,43,43,0
6752,2019-09-22,11,8,-3
6753,2019-09-22,10,8,-2
6754,2019-09-22,11,14,3
6901,2019-09-22,51,47,-4
6902,2019-09-22,69,82,13
6903,2019-09-22,89,78,-11
6904,2019-09-22,32,34,2
6905,2019-09-22,28,18,-10
6906,2019-09-22,68,61,-7
6907,2019-09-22,87,66,-21
6908,2019-09-22,42,56,14
6910,2019-09-22,113,101,-12
6912,2019-09-22,103,100,-3
6913,2019-09-22,49,30,-19
6915,2019-09-22,78,68,-10
6916,2019-09-22,21,18,-3
6917,2019-09-22,9,9,0
6918,2019-09-22,21,18,-3
6919,2019-09-22,33,35,2
6921,2019-09-22,31,46,15
6923,2019-09-22,32,36,4
6924,2019-09-22,11,15,4
6925,2019-09-22,32,30,-2
6926,2019-09-22,55,48,-7
6927,2019-09-22,39,22,-17
6928,2019-09-22,26,8,-18
6929,2019-09-22,32,26,-6
6930,2019-09-22,11,8,-3
7001,2019-09-22,33,37,4
7002,2019-09-22,3,7,4
7003,2019-09-22,51,43,-8
7004,2019-09-22,7,9,2
7005,2019-09-22,7,9,2
7006,2019-09-22,12,12,0
7007,2019-09-22,10,15,5
7008,2019-09-22,23,19,-4
7009,2019-09-22,26,63,37
7010,2019-09-22,18,10,-8
7011,2019-09-22,55,69,14
7012,2019-09-22,24,30,6
7013,2019-09-22,16,15,-1
7014,2019-09-22,32,21,-11
7015,2019-09-22,22,29,7
7016,2019-09-22,6,11,5
7017,2019-09-22,35,41,6
7018,2019-09-22,22,34,12
7019,2019-09-22,17,12,-5
7020,2019-09-22,26,34,8
7021,2019-09-22,33,23,-10
7022,2019-09-22,36,27,-9
7023,2019-09-22,2,1,-1
7024,2019-09-22,59,39,-20
7025,2019-09-22,14,12,-2
7026,2019-09-22,31,21,-10
7027,2019-09-22,38,33,-5
7028,2019-09-22,35,27,-8
7029,2019-09-22,47,54,7
7030,2019-09-22,48,51,3
7031,2019-09-22,47,38,-9
7032,2019-09-22,86,68,-18
7033,2019-09-22,56,57,1
7034,2019-09-22,47,82,35
7035,2019-09-22,30,24,-6
7036,2019-09-22,61,58,-3
7037,2019-09-22,34,33,-1
7038,2019-09-22,53,47,-6
7039,2019-09-22,23,26,3
7040,2019-09-22,59,49,-10
7041,2019-09-22,42,44,2
7042,2019-09-22,26,26,0
7043,2019-09-22,20,25,5
7044,2019-09-22,6,5,-1
7045,2019-09-22,85,92,7
7046,2019-09-22,43,50,7
7047,2019-09-22,87,126,39
7048,2019-09-22,21,26,5
7049,2019-09-22,13,17,4
7050,2019-09-22,26,26,0
7051,2019-09-22,12,18,6
7052,2019-09-22,19,33,14
7053,2019-09-22,45,45,0
7054,2019-09-22,70,69,-1
7055,2019-09-22,14,38,24
7056,2019-09-22,18,20,2
7057,2019-09-22,19,28,9
7058,2019-09-22,29,38,9
7059,2019-09-22,10,14,4
7060,2019-09-22,11,16,5
7061,2019-09-22,29,24,-5
7062,2019-09-22,42,39,-3
7063,2019-09-22,23,19,-4
7064,2019-09-22,11,10,-1
7065,2019-09-22,43,35,-8
7066,2019-09-22,50,90,40
7067,2019-09-22,51,39,-12
7068,2019-09-22,59,71,12
7069,2019-09-22,57,86,29
7070,2019-09-22,28,36,8
7071,2019-09-22,40,37,-3
7072,2019-09-22,29,31,2
7073,2019-09-22,52,57,5
7074,2019-09-22,20,21,1
7076,2019-09-22,52,43,-9
7077,2019-09-22,10,13,3
7078,2019-09-22,18,19,1
7079,2019-09-22,17,27,10
7080,2019-09-22,42,53,11
7081,2019-09-22,70,92,22
7082,2019-09-22,66,66,0
7083,2019-09-22,43,46,3
7085,2019-09-22,2,0,-2
7086,2019-09-22,2,6,4
7090,2019-09-22,11,15,4
7091,2019-09-22,9,8,-1
7092,2019-09-22,2,5,3
7093,2019-09-22,4,3,-1
7094,2019-09-22,1,0,-1
7095,2019-09-22,2,8,6
7096,2019-09-22,9,11,2
7097,2019-09-22,4,3,-1
7098,2019-09-22,2,1,-1
7099,2019-09-22,10,15,5
7100,2019-09-22,4,7,3
7101,2019-09-22,3,1,-2
7102,2019-09-22,13,19,6
7103,2019-09-22,32,33,1
7104,2019-09-22,1,1,0
7105,2019-09-22,11,14,3
7106,2019-09-22,3,6,3
7107,2019-09-22,7,6,-1
7108,2019-09-22,14,14,0
7109,2019-09-22,3,3,0
7110,2019-09-22,12,10,-2
7111,2019-09-22,3,6,3
7112,2019-09-22,7,4,-3
7113,2019-09-22,25,25,0
7114,2019-09-22,55,59,4
7115,2019-09-22,13,4,-9
7116,2019-09-22,18,20,2
7117,2019-09-22,4,4,0
7118,2019-09-22,2,3,1
7119,2019-09-22,22,22,0
7120,2019-09-22,3,6,3
7121,2019-09-22,7,3,-4
7122,2019-09-22,1,1,0
7123,2019-09-22,9,9,0
7124,2019-09-22,11,18,7
7125,2019-09-22,27,31,4
7126,2019-09-22,7,5,-2
7127,2019-09-22,19,5,-14
7128,2019-09-22,8,10,2
7129,2019-09-22,9,8,-1
7130,2019-09-22,6,4,-2
7131,2019-09-22,2,2,0
7132,2019-09-22,1,3,2
7133,2019-09-22,3,3,0
7134,2019-09-22,6,8,2
7135,2019-09-22,2,2,0
7136,2019-09-22,2,1,-1
7137,2019-09-22,5,12,7
7138,2019-09-22,6,8,2
7139,2019-09-22,29,23,-6
7140,2019-09-22,15,26,11
7141,2019-09-22,23,23,0
7142,2019-09-22,14,14,0
7143,2019-09-22,17,22,5
7144,2019-09-22,31,39,8
7145,2019-09-22,12,17,5
7146,2019-09-22,9,18,9
7147,2019-09-22,13,13,0
7148,2019-09-22,24,19,-5
7149,2019-09-22,9,9,0
10002,2019-09-22,73,70,-3
4000,2019-09-23,28,42,14
4001,2019-09-23,7,6,-1
4002,2019-09-23,8,15,7
5002,2019-09-23,2,3,1
5003,2019-09-23,1,0,-1
5004,2019-09-23,2,3,1
5006,2019-09-23,4,6,2
5007,2019-09-23,10,12,2
6001,2019-09-23,36,62,26
6002,2019-09-23,30,38,8
6003,2019-09-23,58,53,-5
6004,2019-09-23,26,32,6
6005,2019-09-23,41,41,0
6006,2019-09-23,37,31,-6
6007,2019-09-23,31,34,3
6008,2019-09-23,38,59,21
6009,2019-09-23,45,46,1
6011,2019-09-23,36,43,7
6012,2019-09-23,100,145,45
6013,2019-09-23,43,42,-1
6014,2019-09-23,49,72,23
6015,2019-09-23,72,103,31
6016,2019-09-23,12,11,-1
6017,2019-09-23,25,32,7
6018,2019-09-23,39,58,19
6019,2019-09-23,88,65,-23
6020,2019-09-23,41,79,38
6021,2019-09-23,73,47,-26
6022,2019-09-23,39,39,0
6023,2019-09-23,48,63,15
6025,2019-09-23,35,25,-10
6026,2019-09-23,44,57,13
6027,2019-09-23,51,69,18
6029,2019-09-23,11,16,5
6031,2019-09-23,29,32,3
6032,2019-09-23,41,85,44
6033,2019-09-23,19,13,-6
6035,2019-09-23,29,42,13
6036,2019-09-23,57,80,23
6037,2019-09-23,39,43,4
6038,2019-09-23,59,66,7
6039,2019-09-23,55,62,7
6040,2019-09-23,39,46,7
6041,2019-09-23,43,43,0
6042,2019-09-23,70,69,-1
6043,2019-09-23,103,176,73
6044,2019-09-23,82,74,-8
6046,2019-09-23,101,102,1
6047,2019-09-23,75,79,4
6048,2019-09-23,29,34,5
6049,2019-09-23,57,72,15
6050,2019-09-23,35,31,-4
6051,2019-09-23,17,16,-1
6052,2019-09-23,91,103,12
6053,2019-09-23,113,132,19
6057,2019-09-23,75,49,-26
6058,2019-09-23,36,36,0
6059,2019-09-23,54,32,-22
6060,2019-09-23,40,15,-25
6061,2019-09-23,44,44,0
6062,2019-09-23,52,33,-19
6063,2019-09-23,73,45,-28
6064,2019-09-23,122,77,-45
6065,2019-09-23,46,33,-13
6066,2019-09-23,44,17,-27
6067,2019-09-23,1,7,6
6068,2019-09-23,10,8,-2
6070,2019-09-23,136,139,3
6072,2019-09-23,67,67,0
6073,2019-09-23,109,83,-26
6075,2019-09-23,41,14,-27
6076,2019-09-23,9,22,13
6078,2019-09-23,43,43,0
6079,2019-09-23,69,50,-19
6080,2019-09-23,82,92,10
6081,2019-09-23,25,33,8
6082,2019-09-23,16,11,-5
6083,2019-09-23,50,48,-2
6084,2019-09-23,43,56,13
6085,2019-09-23,71,129,58
6086,2019-09-23,44,56,12
6087,2019-09-23,70,103,33
6088,2019-09-23,40,57,17
6089,2019-09-23,49,47,-2
6090,2019-09-23,44,45,1
6091,2019-09-23,42,31,-11
6092,2019-09-23,33,33,0
6093,2019-09-23,22,17,-5
6094,2019-09-23,27,22,-5
6095,2019-09-23,69,63,-6
6096,2019-09-23,25,49,24
6097,2019-09-23,60,39,-21
6098,2019-09-23,36,16,-20
6099,2019-09-23,68,102,34
6100,2019-09-23,152,144,-8
6101,2019-09-23,63,18,-45
6102,2019-09-23,27,20,-7
6103,2019-09-23,7,19,12
6104,2019-09-23,54,62,8
6105,2019-09-23,30,35,5
6106,2019-09-23,16,19,3
6107,2019-09-23,39,45,6
6108,2019-09-23,26,39,13
6109,2019-09-23,1,1,0
6110,2019-09-23,25,28,3
6111,2019-09-23,30,32,2
6112,2019-09-23,62,73,11
6113,2019-09-23,18,19,1
6114,2019-09-23,81,118,37
6115,2019-09-23,14,21,7
6116,2019-09-23,53,63,10
6117,2019-09-23,47,51,4
6118,2019-09-23,55,75,20
6119,2019-09-23,62,81,19
6120,2019-09-23,38,60,22
6121,2019-09-23,9,19,10
6122,2019-09-23,11,18,7
6123,2019-09-23,17,30,13
6124,2019-09-23,26,48,22
6125,2019-09-23,15,13,-2
6126,2019-09-23,52,58,6
6127,2019-09-23,29,30,1
6128,2019-09-23,18,20,2
6129,2019-09-23,57,53,-4
6130,2019-09-23,22,17,-5
6131,2019-09-23,48,32,-16
6132,2019-09-23,47,55,8
6133,2019-09-23,14,20,6
6134,2019-09-23,24,26,2
6136,2019-09-23,232,179,-53
6137,2019-09-23,61,56,-5
6138,2019-09-23,60,65,5
6139,2019-09-23,29,30,1
6140,2019-09-23,57,57,0
6141,2019-09-23,33,43,10
6142,2019-09-23,34,37,3
6143,2019-09-23,55,40,-15
6145,2019-09-23,32,25,-7
6146,2019-09-23,39,31,-8
6147,2019-09-23,62,32,-30
6148,2019-09-23,85,67,-18
6149,2019-09-23,37,37,0
6150,2019-09-23,40,42,2
6151,2019-09-23,50,61,11
6152,2019-09-23,69,76,7
6153,2019-09-23,53,51,-2
6154,2019-09-23,123,125,2
6155,2019-09-23,85,92,7
6156,2019-09-23,55,50,-5
6157,2019-09-23,70,66,-4
6158,2019-09-23,46,52,6
6159,2019-09-23,11,22,11
6160,2019-09-23,40,36,-4
6161,2019-09-23,26,29,3
6162,2019-09-23,5,10,5
6163,2019-09-23,80,65,-15
6164,2019-09-23,42,57,15
6165,2019-09-23,75,103,28
6166,2019-09-23,26,29,3
6167,2019-09-23,22,37,15
6168,2019-09-23,67,46,-21
6169,2019-09-23,102,74,-28
6170,2019-09-23,56,37,-19
6171,2019-09-23,17,28,11
6173,2019-09-23,66,44,-22
6174,2019-09-23,60,53,-7
6175,2019-09-23,67,51,-16
6176,2019-09-23,53,54,1
6177,2019-09-23,65,55,-10
6178,2019-09-23,81,68,-13
6179,2019-09-23,47,43,-4
6180,2019-09-23,37,33,-4
6181,2019-09-23,96,64,-32
6182,2019-09-23,39,28,-11
6183,2019-09-23,49,45,-4
6184,2019-09-23,153,151,-2
6185,2019-09-23,14,15,1
6187,2019-09-23,75,84,9
6188,2019-09-23,32,33,1
6189,2019-09-23,16,21,5
6190,2019-09-23,84,59,-25
6191,2019-09-23,35,31,-4
6192,2019-09-23,20,22,2
6193,2019-09-23,71,66,-5
6194,2019-09-23,61,55,-6
6195,2019-09-23,52,31,-21
6196,2019-09-23,77,68,-9
6197,2019-09-23,45,45,0
6198,2019-09-23,12,3,-9
6199,2019-09-23,73,62,-11
6200,2019-09-23,62,52,-10
6201,2019-09-23,59,35,-24
6202,2019-09-23,105,76,-29
6203,2019-09-23,46,34,-12
6204,2019-09-23,102,97,-5
6205,2019-09-23,93,60,-33
6206,2019-09-23,128,99,-29
6207,2019-09-23,32,25,-7
6208,2019-09-23,63,64,1
6209,2019-09-23,93,56,-37
6210,2019-09-23,34,24,-10
6211,2019-09-23,130,108,-22
6212,2019-09-23,48,40,-8
6213,2019-09-23,109,93,-16
6214,2019-09-23,58,41,-17
6215,2019-09-23,50,31,-19
6216,2019-09-23,65,27,-38
6217,2019-09-23,88,48,-40
6218,2019-09-23,36,22,-14
6219,2019-09-23,47,53,6
6220,2019-09-23,59,46,-13
6221,2019-09-23,155,117,-38
6222,2019-09-23,41,29,-12
6223,2019-09-23,70,32,-38
6224,2019-09-23,39,39,0
6225,2019-09-23,48,43,-5
6226,2019-09-23,14,18,4
6227,2019-09-23,81,82,1
6228,2019-09-23,14,16,2
6229,2019-09-23,49,37,-12
6230,2019-09-23,55,41,-14
6231,2019-09-23,86,72,-14
6232,2019-09-23,28,24,-4
6233,2019-09-23,81,74,-7
6234,2019-09-23,34,35,1
6235,2019-09-23,70,44,-26
6236,2019-09-23,44,52,8
6237,2019-09-23,25,43,18
6240,2019-09-23,13,14,1
6241,2019-09-23,35,18,-17
6243,2019-09-23,47,49,2
6245,2019-09-23,26,21,-5
6246,2019-09-23,42,31,-11
6247,2019-09-23,70,53,-17
6248,2019-09-23,110,86,-24
6249,2019-09-23,37,37,0
6250,2019-09-23,61,43,-18
6251,2019-09-23,14,12,-2
6252,2019-09-23,26,29,3
6253,2019-09-23,46,36,-10
6254,2019-09-23,49,54,5
6255,2019-09-23,47,42,-5
6257,2019-09-23,27,26,-1
6258,2019-09-23,60,46,-14
6259,2019-09-23,14,13,-1
6260,2019-09-23,32,34,2
6261,2019-09-23,26,29,3
6262,2019-09-23,31,33,2
6263,2019-09-23,15,21,6
6264,2019-09-23,11,16,5
6265,2019-09-23,45,51,6
6266,2019-09-23,14,8,-6
6267,2019-09-23,25,23,-2
6268,2019-09-23,35,39,4
6269,2019-09-23,12,13,1
6270,2019-09-23,19,31,12
6272,2019-09-23,17,28,11
6273,2019-09-23,18,19,1
6274,2019-09-23,28,27,-1
6275,2019-09-23,17,15,-2
6276,2019-09-23,27,29,2
6277,2019-09-23,32,38,6
6278,2019-09-23,25,15,-10
6279,2019-09-23,12,15,3
6280,2019-09-23,63,55,-8
6281,2019-09-23,20,14,-6
6301,2019-09-23,13,19,6
6302,2019-09-23,11,7,-4
6303,2019-09-23,11,13,2
6304,2019-09-23,10,9,-1
6305,2019-09-23,19,13,-6
6306,2019-09-23,66,17,-49
6307,2019-09-23,49,48,-1
6309,2019-09-23,11,15,4
6310,2019-09-23,64,25,-39
6311,2019-09-23,24,25,1
6312,2019-09-23,7,13,6
6313,2019-09-23,24,31,7
6314,2019-09-23,37,41,4
6315,2019-09-23,42,14,-28
6316,2019-09-23,28,15,-13
6321,2019-09-23,43,41,-2
6322,2019-09-23,15,14,-1
6323,2019-09-23,9,11,2
6324,2019-09-23,18,25,7
6327,2019-09-23,25,20,-5
6328,2019-09-23,17,27,10
6329,2019-09-23,19,20,1
6330,2019-09-23,12,21,9
6331,2019-09-23,12,15,3
6332,2019-09-23,18,29,11
6333,2019-09-23,12,13,1
6334,2019-09-23,55,53,-2
6335,2019-09-23,27,31,4
6336,2019-09-23,19,20,1
6338,2019-09-23,15,18,3
6339,2019-09-23,15,19,4
6340,2019-09-23,22,25,3
6341,2019-09-23,18,23,5
6343,2019-09-23,31,38,7
6344,2019-09-23,24,15,-9
6345,2019-09-23,16,14,-2
6346,2019-09-23,27,17,-10
6347,2019-09-23,19,19,0
6349,2019-09-23,22,23,1
6350,2019-09-23,21,28,7
6354,2019-09-23,19,24,5
6355,2019-09-23,13,28,15
6356,2019-09-23,25,21,-4
6357,2019-09-23,14,12,-2
6358,2019-09-23,14,15,1
6359,2019-09-23,101,80,-21
6360,2019-09-23,19,16,-3
6361,2019-09-23,22,26,4
6362,2019-09-23,13,22,9
6363,2019-09-23,21,17,-4
6364,2019-09-23,32,32,0
6366,2019-09-23,18,11,-7
6367,2019-09-23,14,16,2
6368,2019-09-23,31,46,15
6369,2019-09-23,35,44,9
6370,2019-09-23,30,25,-5
6371,2019-09-23,45,54,9
6372,2019-09-23,39,54,15
6373,2019-09-23,28,38,10
6374,2019-09-23,27,23,-4
6375,2019-09-23,34,43,9
6376,2019-09-23,17,19,2
6377,2019-09-23,20,21,1
6379,2019-09-23,16,22,6
6380,2019-09-23,18,13,-5
6381,2019-09-23,28,33,5
6383,2019-09-23,22,17,-5
6384,2019-09-23,12,13,1
6385,2019-09-23,27,38,11
6386,2019-09-23,27,40,13
6387,2019-09-23,52,61,9
6389,2019-09-23,24,16,-8
6391,2019-09-23,31,54,23
6393,2019-09-23,28,50,22
6394,2019-09-23,39,54,15
6395,2019-09-23,55,47,-8
6396,2019-09-23,91,69,-22
6397,2019-09-23,23,31,8
6398,2019-09-23,22,44,22
6401,2019-09-23,42,52,10
6402,2019-09-23,19,31,12
6403,2019-09-23,21,32,11
6404,2019-09-23,14,14,0
6405,2019-09-23,29,28,-1
6406,2019-09-23,43,45,2
6407,2019-09-23,5,20,15
6408,2019-09-23,45,44,-1
6409,2019-09-23,7,9,2
6410,2019-09-23,44,43,-1
6411,2019-09-23,97,85,-12
6412,2019-09-23,20,23,3
6413,2019-09-23,12,23,11
6414,2019-09-23,7,20,13
6415,2019-09-23,15,13,-2
6416,2019-09-23,10,7,-3
6417,2019-09-23,13,18,5
6418,2019-09-23,7,8,1
6419,2019-09-23,4,13,9
6420,2019-09-23,17,20,3
6421,2019-09-23,25,27,2
6422,2019-09-23,7,14,7
6423,2019-09-23,12,7,-5
6424,2019-09-23,23,50,27
6425,2019-09-23,17,17,0
6426,2019-09-23,43,51,8
6427,2019-09-23,37,39,2
6428,2019-09-23,7,8,1
6429,2019-09-23,16,27,11
6432,2019-09-23,42,43,1
6433,2019-09-23,15,17,2
6434,2019-09-23,31,34,3
6435,2019-09-23,24,28,4
6436,2019-09-23,10,8,-2
6501,2019-09-23,41,50,9
6502,2019-09-23,8,10,2
6503,2019-09-23,36,32,-4
6504,2019-09-23,5,3,-2
6700,2019-09-23,11,24,13
6701,2019-09-23,66,52,-14
6702,2019-09-23,18,10,-8
6703,2019-09-23,15,15,0
6704,2019-09-23,17,22,5
6705,2019-09-23,7,12,5
6706,2019-09-23,16,16,0
6707,2019-09-23,16,17,1
6709,2019-09-23,13,10,-3
6710,2019-09-23,10,14,4
6711,2019-09-23,15,9,-6
6712,2019-09-23,4,8,4
6713,2019-09-23,6,10,4
6714,2019-09-23,5,2,-3
6715,2019-09-23,13,10,-3
6716,2019-09-23,2,8,6
6717,2019-09-23,5,8,3
6718,2019-09-23,17,16,-1
6719,2019-09-23,9,17,8
6720,2019-09-23,19,35,16
6721,2019-09-23,12,14,2
6722,2019-09-23,7,14,7
6723,2019-09-23,10,12,2
6724,2019-09-23,22,26,4
6725,2019-09-23,13,18,5
6726,2019-09-23,5,7,2
6727,2019-09-23,59,58,-1
6728,2019-09-23,14,17,3
6729,2019-09-23,78,88,10
6730,2019-09-23,6,10,4
6731,2019-09-23,4,4,0
6732,2019-09-23,16,22,6
6733,2019-09-23,20,21,1
6734,2019-09-23,11,19,8
6735,2019-09-23,13,11,-2
6736,2019-09-23,11,17,6
6737,2019-09-23,12,17,5
6738,2019-09-23,56,60,4
6739,2019-09-23,5,7,2
6741,2019-09-23,14,19,5
6742,2019-09-23,28,24,-4
6743,2019-09-23,16,8,-8
6744,2019-09-23,17,17,0
6745,2019-09-23,11,9,-2
6746,2019-09-23,13,12,-1
6747,2019-09-23,24,26,2
6748,2019-09-23,42,59,17
6749,2019-09-23,22,24,2
6750,2019-09-23,33,28,-5
6752,2019-09-23,23,22,-1
6753,2019-09-23,18,17,-1
6754,2019-09-23,10,14,4
6901,2019-09-23,36,42,6
6902,2019-09-23,49,62,13
6903,2019-09-23,75,65,-10
6904,2019-09-23,31,27,-4
6905,2019-09-23,29,29,0
6906,2019-09-23,76,42,-34
6907,2019-09-23,48,37,-11
6908,2019-09-23,27,27,0
6910,2019-09-23,61,58,-3
6912,2019-09-23,81,61,-20
6913,2019-09-23,30,25,-5
6915,2019-09-23,57,46,-11
6916,2019-09-23,26,23,-3
6917,2019-09-23,11,14,3
6918,2019-09-23,14,18,4
6919,2019-09-23,21,15,-6
6921,2019-09-23,58,68,10
6923,2019-09-23,37,41,4
6924,2019-09-23,11,13,2
6925,2019-09-23,27,18,-9
6926,2019-09-23,43,33,-10
6927,2019-09-23,74,33,-41
6928,2019-09-23,45,16,-29
6929,2019-09-23,19,18,-1
6930,2019-09-23,10,11,1
7001,2019-09-23,24,30,6
7002,2019-09-23,11,14,3
7003,2019-09-23,65,44,-21
7004,2019-09-23,23,18,-5
7005,2019-09-23,6,7,1
7006,2019-09-23,11,16,5
7007,2019-09-23,3,6,3
7008,2019-09-23,15,19,4
7009,2019-09-23,25,36,11
7010,2019-09-23,9,7,-2
7011,2019-09-23,44,51,7
7012,2019-09-23,24,29,5
7013,2019-09-23,15,14,-1
7014,2019-09-23,59,31,-28
7015,2019-09-23,4,8,4
7016,2019-09-23,7,5,-2
7017,2019-09-23,15,23,8
7018,2019-09-23,11,30,19
7019,2019-09-23,24,49,25
7020,2019-09-23,23,27,4
7021,2019-09-23,37,37,0
7022,2019-09-23,11,15,4
7023,2019-09-23,3,1,-2
7024,2019-09-23,54,29,-25
7025,2019-09-23,31,18,-13
7026,2019-09-23,53,40,-13
7027,2019-09-23,29,31,2
7028,2019-09-23,87,69,-18
7029,2019-09-23,36,41,5
7030,2019-09-23,43,52,9
7031,2019-09-23,23,25,2
7032,2019-09-23,83,56,-27
7033,2019-09-23,63,55,-8
7034,2019-09-23,9,17,8
7035,2019-09-23,18,31,13
7036,2019-09-23,36,38,2
7037,2019-09-23,52,47,-5
7038,2019-09-23,38,36,-2
7039,2019-09-23,12,13,1
7040,2019-09-23,36,50,14
7041,2019-09-23,63,49,-14
7042,2019-09-23,24,31,7
7043,2019-09-23,14,9,-5
7044,2019-09-23,5,4,-1
7045,2019-09-23,28,31,3
7046,2019-09-23,54,82,28
7047,2019-09-23,58,108,50
7048,2019-09-23,12,17,5
7049,2019-09-23,5,15,10
7050,2019-09-23,17,22,5
7051,2019-09-23,8,9,1
7052,2019-09-23,43,42,-1
7053,2019-09-23,25,33,8
7054,2019-09-23,23,25,2
7055,2019-09-23,6,13,7
7056,2019-09-23,9,10,1
7057,2019-09-23,15,19,4
7058,2019-09-23,19,20,1
7059,2019-09-23,20,23,3
7060,2019-09-23,14,22,8
7061,2019-09-23,16,11,-5
7062,2019-09-23,35,32,-3
7063,2019-09-23,13,11,-2
7064,2019-09-23,18,22,4
7065,2019-09-23,22,30,8
7066,2019-09-23,39,56,17
7067,2019-09-23,38,36,-2
7068,2019-09-23,51,52,1
7069,2019-09-23,65,68,3
7070,2019-09-23,22,35,13
7071,2019-09-23,38,27,-11
7072,2019-09-23,34,20,-14
7073,2019-09-23,39,39,0
7074,2019-09-23,12,21,9
7075,2019-09-23,7,6,-1
7076,2019-09-23,58,28,-30
7077,2019-09-23,9,15,6
7078,2019-09-23,22,17,-5
7079,2019-09-23,25,33,8
7080,2019-09-23,57,72,15
7081,2019-09-23,53,65,12
7082,2019-09-23,52,56,4
7083,2019-09-23,39,39,0
7084,2019-09-23,41,40,-1
7087,2019-09-23,1,1,0
7090,2019-09-23,6,9,3
7091,2019-09-23,5,0,-5
7092,2019-09-23,9,5,-4
7093,2019-09-23,1,3,2
7094,2019-09-23,5,1,-4
7095,2019-09-23,8,12,4
7096,2019-09-23,35,22,-13
7097,2019-09-23,7,4,-3
7099,2019-09-23,6,6,0
7100,2019-09-23,6,9,3
7101,2019-09-23,3,4,1
7102,2019-09-23,5,24,19
7103,2019-09-23,2,4,2
7104,2019-09-23,1,0,-1
7107,2019-09-23,3,1,-2
7108,2019-09-23,1,3,2
7109,2019-09-23,17,10,-7
7110,2019-09-23,2,2,0
7111,2019-09-23,2,3,1
7112,2019-09-23,4,1,-3
7113,2019-09-23,48,49,1
7114,2019-09-23,59,63,4
7115,2019-09-23,9,10,1
7116,2019-09-23,12,3,-9
7117,2019-09-23,3,4,1
7118,2019-09-23,1,2,1
7119,2019-09-23,5,8,3
7120,2019-09-23,2,4,2
7122,2019-09-23,1,1,0
7123,2019-09-23,3,3,0
7124,2019-09-23,15,18,3
7125,2019-09-23,11,8,-3
7126,2019-09-23,5,6,1
7127,2019-09-23,16,20,4
7128,2019-09-23,13,14,1
7129,2019-09-23,10,14,4
7130,2019-09-23,13,7,-6
7131,2019-09-23,4,5,1
7132,2019-09-23,4,1,-3
7133,2019-09-23,3,6,3
7134,2019-09-23,1,2,1
7135,2019-09-23,3,1,-2
7136,2019-09-23,11,11,0
7137,2019-09-23,6,8,2
7138,2019-09-23,3,2,-1
7139,2019-09-23,3,5,2
7140,2019-09-23,15,17,2
7141,2019-09-23,18,20,2
7142,2019-09-23,3,7,4
7143,2019-09-23,9,10,1
7144,2019-09-23,33,30,-3
7145,2019-09-23,10,6,-4
7146,2019-09-23,7,15,8
7147,2019-09-23,25,28,3
7148,2019-09-23,4,5,1
7149,2019-09-23,7,12,5
10002,2019-09-23,82,92,10
4000,2019-09-24,49,68,19
4001,2019-09-24,9,8,-1
4002,2019-09-24,18,23,5
5002,2019-09-24,1,2,1
5003,2019-09-24,1,1,0
5004,2019-09-24,5,4,-1
5005,2019-09-24,2,4,2
5006,2019-09-24,9,7,-2
5007,2019-09-24,17,15,-2
6001,2019-09-24,53,86,33
6002,2019-09-24,34,54,20
6003,2019-09-24,53,67,14
6004,2019-09-24,34,41,7
6005,2019-09-24,69,70,1
6006,2019-09-24,48,28,-20
6007,2019-09-24,36,37,1
6008,2019-09-24,44,81,37
6009,2019-09-24,56,58,2
6011,2019-09-24,78,83,5
6012,2019-09-24,109,222,113
6013,2019-09-24,65,87,22
6014,2019-09-24,59,83,24
6015,2019-09-24,166,243,77
6016,2019-09-24,14,17,3
6017,2019-09-24,46,62,16
6018,2019-09-24,42,60,18
6019,2019-09-24,145,80,-65
6020,2019-09-24,95,133,38
6021,2019-09-24,104,72,-32
6022,2019-09-24,49,46,-3
6023,2019-09-24,76,101,25
6024,2019-09-24,2,3,1
6025,2019-09-24,38,39,1
6026,2019-09-24,81,101,20
6027,2019-09-24,116,120,4
6029,2019-09-24,18,28,10
6031,2019-09-24,29,47,18
6032,2019-09-24,64,143,79
6033,2019-09-24,28,26,-2
6035,2019-09-24,31,70,39
6036,2019-09-24,73,138,65
6037,2019-09-24,45,42,-3
6038,2019-09-24,85,85,0
6039,2019-09-24,78,100,22
6040,2019-09-24,79,87,8
6041,2019-09-24,69,69,0
6042,2019-09-24,93,82,-11
6043,2019-09-24,162,367,205
6044,2019-09-24,92,87,-5
6046,2019-09-24,133,124,-9
6047,2019-09-24,138,123,-15
6048,2019-09-24,56,55,-1
6049,2019-09-24,96,97,1
6050,2019-09-24,39,55,16
6051,2019-09-24,30,26,-4
6052,2019-09-24,135,194,59
6053,2019-09-24,144,167,23
6057,2019-09-24,71,71,0
6058,2019-09-24,52,55,3
6059,2019-09-24,109,59,-50
6060,2019-09-24,34,35,1
6061,2019-09-24,71,68,-3
6062,2019-09-24,61,45,-16
6063,2019-09-24,92,78,-14
6064,2019-09-24,137,148,11
6065,2019-09-24,47,39,-8
6066,2019-09-24,36,16,-20
6067,2019-09-24,27,8,-19
6068,2019-09-24,6,6,0
6070,2019-09-24,201,156,-45
6072,2019-09-24,83,86,3
6073,2019-09-24,198,224,26
6075,2019-09-24,43,18,-25
6076,2019-09-24,21,28,7
6078,2019-09-24,70,70,0
6079,2019-09-24,64,64,0
6080,2019-09-24,134,128,-6
6081,2019-09-24,44,46,2
6082,2019-09-24,25,16,-9
6083,2019-09-24,98,119,21
6084,2019-09-24,61,89,28
6085,2019-09-24,110,187,77
6086,2019-09-24,46,82,36
6087,2019-09-24,84,123,39
6088,2019-09-24,57,83,26
6089,2019-09-24,54,54,0
6090,2019-09-24,60,60,0
6091,2019-09-24,53,47,-6
6092,2019-09-24,58,56,-2
6093,2019-09-24,47,33,-14
6094,2019-09-24,26,26,0
6095,2019-09-24,110,111,1
6096,2019-09-24,41,69,28
6097,2019-09-24,72,30,-42
6098,2019-09-24,41,40,-1
6099,2019-09-24,77,151,74
6100,2019-09-24,264,241,-23
6101,2019-09-24,84,24,-60
6102,2019-09-24,29,30,1
6103,2019-09-24,13,25,12
6104,2019-09-24,90,98,8
6105,2019-09-24,43,66,23
6106,2019-09-24,23,29,6
6107,2019-09-24,82,67,-15
6108,2019-09-24,46,55,9
6109,2019-09-24,11,11,0
6110,2019-09-24,31,41,10
6111,2019-09-24,40,39,-1
6112,2019-09-24,85,95,10
6113,2019-09-24,34,44,10
6114,2019-09-24,121,165,44
6115,2019-09-24,17,24,7
6116,2019-09-24,51,67,16
6117,2019-09-24,93,66,-27
6118,2019-09-24,78,101,23
6119,2019-09-24,60,82,22
6120,2019-09-24,64,94,30
6121,2019-09-24,16,22,6
6122,2019-09-24,24,27,3
6123,2019-09-24,16,32,16
6124,2019-09-24,43,69,26
6125,2019-09-24,23,25,2
6126,2019-09-24,39,46,7
6127,2019-09-24,43,43,0
6128,2019-09-24,19,22,3
6129,2019-09-24,69,68,-1
6130,2019-09-24,29,24,-5
6131,2019-09-24,71,43,-28
6132,2019-09-24,65,85,20
6133,2019-09-24,31,34,3
6134,2019-09-24,38,32,-6
6136,2019-09-24,294,216,-78
6137,2019-09-24,84,75,-9
6138,2019-09-24,86,84,-2
6139,2019-09-24,41,30,-11
6140,2019-09-24,76,80,4
6141,2019-09-24,66,57,-9
6142,2019-09-24,84,55,-29
6143,2019-09-24,71,58,-13
6145,2019-09-24,37,37,0
6146,2019-09-24,64,34,-30
6147,2019-09-24,111,60,-51
6148,2019-09-24,143,112,-31
6149,2019-09-24,50,39,-11
6150,2019-09-24,58,67,9
6151,2019-09-24,93,83,-10
6152,2019-09-24,105,94,-11
6153,2019-09-24,66,58,-8
6154,2019-09-24,139,145,6
6155,2019-09-24,110,110,0
6156,2019-09-24,83,77,-6
6157,2019-09-24,98,90,-8
6158,2019-09-24,68,62,-6
6159,2019-09-24,35,38,3
6160,2019-09-24,48,51,3
6161,2019-09-24,43,52,9
6162,2019-09-24,14,13,-1
6163,2019-09-24,59,97,38
6164,2019-09-24,69,65,-4
6165,2019-09-24,103,99,-4
6166,2019-09-24,40,44,4
6167,2019-09-24,29,42,13
6168,2019-09-24,94,77,-17
6169,2019-09-24,114,122,8
6170,2019-09-24,80,68,-12
6171,2019-09-24,35,49,14
6173,2019-09-24,91,62,-29
6174,2019-09-24,104,75,-29
6175,2019-09-24,104,71,-33
6176,2019-09-24,87,85,-2
6177,2019-09-24,70,67,-3
6178,2019-09-24,102,93,-9
6179,2019-09-24,77,65,-12
6180,2019-09-24,48,63,15
6181,2019-09-24,131,91,-40
6182,2019-09-24,62,38,-24
6183,2019-09-24,70,65,-5
6184,2019-09-24,240,190,-50
6185,2019-09-24,21,20,-1
6187,2019-09-24,105,113,8
6188,2019-09-24,49,37,-12
6189,2019-09-24,27,23,-4
6190,2019-09-24,123,88,-35
6191,2019-09-24,55,47,-8
6192,2019-09-24,35,26,-9
6193,2019-09-24,69,80,11
6194,2019-09-24,117,95,-22
6195,2019-09-24,71,47,-24
6196,2019-09-24,136,102,-34
6197,2019-09-24,61,51,-10
6198,2019-09-24,16,11,-5
6199,2019-09-24,121,87,-34
6200,2019-09-24,72,63,-9
6201,2019-09-24,70,57,-13
6202,2019-09-24,125,114,-11
6203,2019-09-24,71,62,-9
6204,2019-09-24,115,119,4
6205,2019-09-24,103,105,2
6206,2019-09-24,160,140,-20
6207,2019-09-24,48,54,6
6208,2019-09-24,73,85,12
6209,2019-09-24,127,93,-34
6210,2019-09-24,60,53,-7
6211,2019-09-24,144,139,-5
6212,2019-09-24,97,56,-41
6213,2019-09-24,113,118,5
6214,2019-09-24,75,70,-5
6215,2019-09-24,70,71,1
6216,2019-09-24,38,15,-23
6217,2019-09-24,100,62,-38
6218,2019-09-24,58,44,-14
6219,2019-09-24,69,64,-5
6220,2019-09-24,81,63,-18
6221,2019-09-24,214,180,-34
6222,2019-09-24,68,49,-19
6223,2019-09-24,107,63,-44
6224,2019-09-24,59,53,-6
6225,2019-09-24,68,45,-23
6226,2019-09-24,25,24,-1
6227,2019-09-24,107,110,3
6228,2019-09-24,30,24,-6
6229,2019-09-24,65,59,-6
6230,2019-09-24,99,78,-21
6231,2019-09-24,119,109,-10
6232,2019-09-24,41,33,-8
6233,2019-09-24,131,99,-32
6234,2019-09-24,46,44,-2
6235,2019-09-24,69,57,-12
6236,2019-09-24,65,63,-2
6237,2019-09-24,62,67,5
6240,2019-09-24,18,22,4
6241,2019-09-24,44,39,-5
6243,2019-09-24,57,48,-9
6245,2019-09-24,41,42,1
6246,2019-09-24,76,59,-17
6247,2019-09-24,129,104,-25
6248,2019-09-24,180,136,-44
6249,2019-09-24,61,53,-8
6250,2019-09-24,66,51,-15
6251,2019-09-24,17,16,-1
6252,2019-09-24,51,40,-11
6253,2019-09-24,71,46,-25
6254,2019-09-24,74,66,-8
6255,2019-09-24,73,63,-10
6257,2019-09-24,40,37,-3
6258,2019-09-24,82,61,-21
6259,2019-09-24,32,37,5
6260,2019-09-24,50,37,-13
6261,2019-09-24,32,33,1
6262,2019-09-24,39,47,8
6263,2019-09-24,24,32,8
6264,2019-09-24,23,29,6
6265,2019-09-24,64,53,-11
6266,2019-09-24,21,20,-1
6267,2019-09-24,35,45,10
6268,2019-09-24,63,59,-4
6269,2019-09-24,20,32,12
6270,2019-09-24,30,28,-2
6271,2019-09-24,1,2,1
6272,2019-09-24,36,36,0
6273,2019-09-24,34,28,-6
6274,2019-09-24,42,46,4
6275,2019-09-24,28,28,0
6276,2019-09-24,35,33,-2
6277,2019-09-24,43,38,-5
6278,2019-09-24,22,17,-5
6279,2019-09-24,21,14,-7
6280,2019-09-24,85,79,-6
6281,2019-09-24,38,20,-18
6301,2019-09-24,31,18,-13
6302,2019-09-24,12,11,-1
6303,2019-09-24,20,11,-9
6304,2019-09-24,14,19,5
6305,2019-09-24,28,15,-13
6306,2019-09-24,91,42,-49
6307,2019-09-24,68,69,1
6309,2019-09-24,30,31,1
6310,2019-09-24,102,58,-44
6311,2019-09-24,40,32,-8
6312,2019-09-24,13,12,-1
6313,2019-09-24,32,49,17
6314,2019-09-24,52,57,5
6315,2019-09-24,90,46,-44
6316,2019-09-24,49,26,-23
6321,2019-09-24,65,48,-17
6322,2019-09-24,23,20,-3
6323,2019-09-24,20,12,-8
6324,2019-09-24,20,30,10
6327,2019-09-24,23,28,5
6328,2019-09-24,39,34,-5
6329,2019-09-24,33,26,-7
6330,2019-09-24,20,22,2
6331,2019-09-24,23,19,-4
6332,2019-09-24,33,34,1
6333,2019-09-24,22,26,4
6334,2019-09-24,56,67,11
6335,2019-09-24,34,25,-9
6336,2019-09-24,32,30,-2
6338,2019-09-24,37,31,-6
6339,2019-09-24,30,37,7
6340,2019-09-24,28,25,-3
6341,2019-09-24,35,30,-5
6343,2019-09-24,40,41,1
6344,2019-09-24,40,38,-2
6345,2019-09-24,13,16,3
6346,2019-09-24,28,19,-9
6347,2019-09-24,23,24,1
6349,2019-09-24,24,28,4
6350,2019-09-24,42,41,-1
6354,2019-09-24,30,34,4
6355,2019-09-24,27,43,16
6356,2019-09-24,24,23,-1
6357,2019-09-24,22,11,-11
6358,2019-09-24,30,29,-1
6359,2019-09-24,92,116,24
6360,2019-09-24,18,23,5
6361,2019-09-24,30,35,5
6362,2019-09-24,45,36,-9
6363,2019-09-24,29,28,-1
6364,2019-09-24,48,40,-8
6366,2019-09-24,22,20,-2
6367,2019-09-24,20,17,-3
6368,2019-09-24,56,50,-6
6369,2019-09-24,40,53,13
6370,2019-09-24,29,35,6
6371,2019-09-24,68,77,9
6372,2019-09-24,70,79,9
6373,2019-09-24,35,34,-1
6374,2019-09-24,46,43,-3
6375,2019-09-24,54,61,7
6376,2019-09-24,28,30,2
6377,2019-09-24,38,40,2
6379,2019-09-24,18,23,5
6380,2019-09-24,21,21,0
6381,2019-09-24,53,35,-18
6383,2019-09-24,23,26,3
6384,2019-09-24,19,14,-5
6385,2019-09-24,56,58,2
6386,2019-09-24,44,52,8
6387,2019-09-24,78,89,11
6388,2019-09-24,9,12,3
6389,2019-09-24,40,36,-4
6391,2019-09-24,54,78,24
6393,2019-09-24,45,67,22
6394,2019-09-24,56,86,30
6395,2019-09-24,69,66,-3
6396,2019-09-24,111,75,-36
6397,2019-09-24,28,44,16
6398,2019-09-24,36,43,7
6401,2019-09-24,58,83,25
6402,2019-09-24,42,39,-3
6403,2019-09-24,25,34,9
6404,2019-09-24,10,20,10
6405,2019-09-24,34,48,14
6406,2019-09-24,44,57,13
6407,2019-09-24,15,20,5
6408,2019-09-24,60,53,-7
6409,2019-09-24,17,25,8
6410,2019-09-24,59,57,-2
6411,2019-09-24,136,128,-8
6412,2019-09-24,31,37,6
6413,2019-09-24,30,90,60
6414,2019-09-24,9,20,11
6415,2019-09-24,27,30,3
6416,2019-09-24,21,16,-5
6417,2019-09-24,25,37,12
6418,2019-09-24,10,12,2
6419,2019-09-24,12,18,6
6420,2019-09-24,24,18,-6
6421,2019-09-24,37,40,3
6422,2019-09-24,19,19,0
6423,2019-09-24,13,6,-7
6424,2019-09-24,40,76,36
6425,2019-09-24,24,20,-4
6426,2019-09-24,73,75,2
6427,2019-09-24,46,52,6
6428,2019-09-24,11,15,4
6429,2019-09-24,19,29,10
6432,2019-09-24,77,69,-8
6433,2019-09-24,22,23,1
6434,2019-09-24,66,65,-1
6435,2019-09-24,29,28,-1
6436,2019-09-24,24,26,2
6501,2019-09-24,55,56,1
6502,2019-09-24,11,13,2
6503,2019-09-24,63,61,-2
6504,2019-09-24,6,4,-2
6700,2019-09-24,22,34,12
6701,2019-09-24,62,62,0
6702,2019-09-24,13,19,6
6703,2019-09-24,37,39,2
6704,2019-09-24,34,24,-10
6705,2019-09-24,12,17,5
6706,2019-09-24,20,29,9
6707,2019-09-24,34,23,-11
6709,2019-09-24,21,28,7
6710,2019-09-24,15,21,6
6711,2019-09-24,26,26,0
6712,2019-09-24,12,14,2
6713,2019-09-24,18,16,-2
6714,2019-09-24,5,2,-3
6715,2019-09-24,11,12,1
6716,2019-09-24,13,13,0
6717,2019-09-24,5,16,11
6718,2019-09-24,28,28,0
6719,2019-09-24,19,19,0
6720,2019-09-24,28,37,9
6721,2019-09-24,17,16,-1
6722,2019-09-24,5,8,3
6723,2019-09-24,17,14,-3
6724,2019-09-24,28,40,12
6725,2019-09-24,33,25,-8
6726,2019-09-24,9,6,-3
6727,2019-09-24,83,77,-6
6728,2019-09-24,20,17,-3
6729,2019-09-24,122,139,17
6730,2019-09-24,7,9,2
6731,2019-09-24,19,11,-8
6732,2019-09-24,22,33,11
6733,2019-09-24,31,32,1
6734,2019-09-24,38,36,-2
6735,2019-09-24,12,10,-2
6736,2019-09-24,22,18,-4
6737,2019-09-24,14,19,5
6738,2019-09-24,99,73,-26
6739,2019-09-24,8,11,3
6741,2019-09-24,22,14,-8
6742,2019-09-24,48,48,0
6743,2019-09-24,24,10,-14
6744,2019-09-24,17,25,8
6745,2019-09-24,21,23,2
6746,2019-09-24,22,21,-1
6747,2019-09-24,26,34,8
6748,2019-09-24,68,83,15
6749,2019-09-24,46,46,0
6750,2019-09-24,35,38,3
6752,2019-09-24,29,35,6
6753,2019-09-24,24,20,-4
6754,2019-09-24,11,15,4
6901,2019-09-24,42,66,24
6902,2019-09-24,80,92,12
6903,2019-09-24,111,102,-9
6904,2019-09-24,30,33,3
6905,2019-09-24,40,34,-6
6906,2019-09-24,102,67,-35
6907,2019-09-24,82,50,-32
6908,2019-09-24,49,50,1
6910,2019-09-24,106,92,-14
6912,2019-09-24,139,88,-51
6913,2019-09-24,44,33,-11
6915,2019-09-24,61,66,5
6916,2019-09-24,33,36,3
6917,2019-09-24,20,22,2
6918,2019-09-24,33,29,-4
6919,2019-09-24,21,15,-6
6921,2019-09-24,62,89,27
6923,2019-09-24,41,49,8
6924,2019-09-24,17,15,-2
6925,2019-09-24,41,38,-3
6926,2019-09-24,64,53,-11
6927,2019-09-24,88,57,-31
6928,2019-09-24,85,46,-39
6929,2019-09-24,27,25,-2
6930,2019-09-24,14,21,7
7001,2019-09-24,33,32,-1
7002,2019-09-24,15,17,2
7003,2019-09-24,106,74,-32
7004,2019-09-24,30,26,-4
7005,2019-09-24,5,7,2
7006,2019-09-24,16,20,4
7007,2019-09-24,11,14,3
7008,2019-09-24,18,13,-5
7009,2019-09-24,51,59,8
7010,2019-09-24,11,15,4
7011,2019-09-24,51,55,4
7012,2019-09-24,31,43,12
7013,2019-09-24,25,31,6
7014,2019-09-24,101,59,-42
7015,2019-09-24,8,13,5
7016,2019-09-24,3,2,-1
7017,2019-09-24,29,41,12
7018,2019-09-24,20,35,15
7019,2019-09-24,113,114,1
7020,2019-09-24,20,32,12
7021,2019-09-24,40,49,9
7022,2019-09-24,34,31,-3
7023,2019-09-24,1,4,3
7024,2019-09-24,67,30,-37
7025,2019-09-24,47,33,-14
7026,2019-09-24,60,60,0
7027,2019-09-24,31,33,2
7028,2019-09-24,87,70,-17
7029,2019-09-24,45,47,2
7030,2019-09-24,57,64,7
7031,2019-09-24,40,44,4
7032,2019-09-24,137,86,-51
7033,2019-09-24,86,81,-5
7034,2019-09-24,21,21,0
7035,2019-09-24,48,46,-2
7036,2019-09-24,41,40,-1
7037,2019-09-24,52,46,-6
7038,2019-09-24,56,57,1
7039,2019-09-24,24,24,0
7040,2019-09-24,58,71,13
7041,2019-09-24,114,106,-8
7042,2019-09-24,46,53,7
7043,2019-09-24,30,21,-9
7044,2019-09-24,10,11,1
7045,2019-09-24,51,53,2
7046,2019-09-24,117,129,12
7047,2019-09-24,101,161,60
7048,2019-09-24,18,17,-1
7049,2019-09-24,24,21,-3
7050,2019-09-24,20,22,2
7051,2019-09-24,11,10,-1
7052,2019-09-24,49,53,4
7053,2019-09-24,37,37,0
7054,2019-09-24,28,40,12
7055,2019-09-24,16,22,6
7056,2019-09-24,12,18,6
7057,2019-09-24,28,23,-5
7058,2019-09-24,31,31,0
7059,2019-09-24,33,29,-4
7060,2019-09-24,27,27,0
7061,2019-09-24,25,24,-1
7062,2019-09-24,38,45,7
7063,2019-09-24,28,24,-4
7064,2019-09-24,25,28,3
7065,2019-09-24,32,24,-8
7066,2019-09-24,58,116,58
7067,2019-09-24,58,67,9
7068,2019-09-24,67,76,9
7069,2019-09-24,86,126,40
7070,2019-09-24,38,36,-2
7071,2019-09-24,45,30,-15
7072,2019-09-24,42,28,-14
7073,2019-09-24,52,60,8
7074,2019-09-24,28,29,1
7075,2019-09-24,7,3,-4
7076,2019-09-24,64,44,-20
7077,2019-09-24,19,25,6
7078,2019-09-24,14,14,0
7079,2019-09-24,49,52,3
7080,2019-09-24,96,102,6
7081,2019-09-24,86,108,22
7082,2019-09-24,66,91,25
7083,2019-09-24,65,65,0
7084,2019-09-24,89,89,0
7086,2019-09-24,2,2,0
7087,2019-09-24,1,1,0
7088,2019-09-24,2,0,-2
7090,2019-09-24,10,12,2
7091,2019-09-24,4,6,2
7092,2019-09-24,8,7,-1
7093,2019-09-24,2,1,-1
7094,2019-09-24,2,2,0
7095,2019-09-24,12,15,3
7096,2019-09-24,24,28,4
7097,2019-09-24,4,5,1
7098,2019-09-24,3,1,-2
7099,2019-09-24,6,6,0
7100,2019-09-24,1,2,1
7101,2019-09-24,7,7,0
7102,2019-09-24,15,23,8
7103,2019-09-24,2,2,0
7104,2019-09-24,4,5,1
7105,2019-09-24,1,1,0
7107,2019-09-24,1,2,1
7108,2019-09-24,1,4,3
7109,2019-09-24,12,14,2
7110,2019-09-24,6,6,0
7111,2019-09-24,2,3,1
7112,2019-09-24,7,6,-1
7113,2019-09-24,71,65,-6
7114,2019-09-24,83,93,10
7115,2019-09-24,14,9,-5
7116,2019-09-24,4,4,0
7117,2019-09-24,3,0,-3
7118,2019-09-24,4,4,0
7119,2019-09-24,4,7,3
7120,2019-09-24,3,3,0
7121,2019-09-24,4,9,5
7122,2019-09-24,1,2,1
7123,2019-09-24,3,3,0
7124,2019-09-24,27,22,-5
7125,2019-09-24,8,9,1
7126,2019-09-24,6,6,0
7127,2019-09-24,28,31,3
7128,2019-09-24,16,15,-1
7129,2019-09-24,12,12,0
7130,2019-09-24,11,9,-2
7131,2019-09-24,6,5,-1
7132,2019-09-24,2,3,1
7133,2019-09-24,2,5,3
7134,2019-09-24,3,1,-2
7135,2019-09-24,4,7,3
7136,2019-09-24,8,10,2
7137,2019-09-24,6,10,4
7138,2019-09-24,8,7,-1
7139,2019-09-24,12,9,-3
7140,2019-09-24,27,24,-3
7141,2019-09-24,27,29,2
7142,2019-09-24,5,12,7
7143,2019-09-24,22,27,5
7144,2019-09-24,31,36,5
7145,2019-09-24,12,17,5
7146,2019-09-24,17,33,16
7147,2019-09-24,42,35,-7
7148,2019-09-24,5,8,3
7149,2019-09-24,10,10,0
10002,2019-09-24,122,125,3
4000,2019-09-25,46,63,17
4001,2019-09-25,7,8,1
4002,2019-09-25,10,22,12
5002,2019-09-25,1,3,2
5003,2019-09-25,1,1,0
5004,2019-09-25,5,4,-1
5006,2019-09-25,5,8,3
5007,2019-09-25,20,19,-1
6001,2019-09-25,60,90,30
6002,2019-09-25,42,57,15
6003,2019-09-25,61,94,33
6004,2019-09-25,45,58,13
6005,2019-09-25,75,75,0
6006,2019-09-25,42,31,-11
6007,2019-09-25,39,35,-4
6008,2019-09-25,57,91,34
6009,2019-09-25,68,62,-6
6011,2019-09-25,88,76,-12
6012,2019-09-25,130,191,61
6013,2019-09-25,78,97,19
6014,2019-09-25,69,78,9
6015,2019-09-25,181,254,73
6016,2019-09-25,9,16,7
6017,2019-09-25,51,54,3
6018,2019-09-25,53,80,27
6019,2019-09-25,165,106,-59
6020,2019-09-25,67,122,55
6021,2019-09-25,102,69,-33
6022,2019-09-25,66,68,2
6023,2019-09-25,103,137,34
6024,2019-09-25,1,3,2
6025,2019-09-25,40,39,-1
6026,2019-09-25,81,158,77
6027,2019-09-25,125,127,2
6029,2019-09-25,20,33,13
6031,2019-09-25,33,47,14
6032,2019-09-25,49,117,68
6033,2019-09-25,24,24,0
6035,2019-09-25,28,71,43
6036,2019-09-25,99,162,63
6037,2019-09-25,55,63,8
6038,2019-09-25,94,112,18
6039,2019-09-25,99,106,7
6040,2019-09-25,76,92,16
6041,2019-09-25,73,75,2
6042,2019-09-25,83,91,8
6043,2019-09-25,184,344,160
6044,2019-09-25,77,70,-7
6046,2019-09-25,148,160,12
6047,2019-09-25,114,81,-33
6048,2019-09-25,38,54,16
6049,2019-09-25,84,107,23
6050,2019-09-25,52,54,2
6051,2019-09-25,32,28,-4
6052,2019-09-25,181,221,40
6053,2019-09-25,157,158,1
6057,2019-09-25,86,66,-20
6058,2019-09-25,73,57,-16
6059,2019-09-25,88,63,-25
6060,2019-09-25,35,25,-10
6061,2019-09-25,75,57,-18
6062,2019-09-25,65,45,-20
6063,2019-09-25,109,85,-24
6064,2019-09-25,206,157,-49
6065,2019-09-25,58,45,-13
6066,2019-09-25,60,21,-39
6067,2019-09-25,26,15,-11
6068,2019-09-25,16,19,3
6070,2019-09-25,199,187,-12
6072,2019-09-25,77,77,0
6073,2019-09-25,184,194,10
6075,2019-09-25,40,31,-9
6076,2019-09-25,18,29,11
6078,2019-09-25,60,60,0
6079,2019-09-25,81,74,-7
6080,2019-09-25,157,143,-14
6081,2019-09-25,53,42,-11
6082,2019-09-25,29,21,-8
6083,2019-09-25,108,123,15
6084,2019-09-25,62,83,21
6085,2019-09-25,105,188,83
6086,2019-09-25,60,96,36
6087,2019-09-25,104,139,35
6088,2019-09-25,61,81,20
6089,2019-09-25,42,46,4
6090,2019-09-25,55,56,1
6091,2019-09-25,60,41,-19
6092,2019-09-25,60,56,-4
6093,2019-09-25,39,25,-14
6094,2019-09-25,27,27,0
6095,2019-09-25,116,88,-28
6096,2019-09-25,39,61,22
6097,2019-09-25,75,51,-24
6098,2019-09-25,47,33,-14
6099,2019-09-25,101,133,32
6100,2019-09-25,276,275,-1
6101,2019-09-25,61,27,-34
6102,2019-09-25,31,19,-12
6103,2019-09-25,17,23,6
6104,2019-09-25,76,98,22
6105,2019-09-25,34,58,24
6106,2019-09-25,28,40,12
6107,2019-09-25,100,79,-21
6108,2019-09-25,42,57,15
6109,2019-09-25,9,10,1
6110,2019-09-25,29,37,8
6111,2019-09-25,35,39,4
6112,2019-09-25,74,90,16
6113,2019-09-25,32,40,8
6114,2019-09-25,134,176,42
6115,2019-09-25,14,31,17
6116,2019-09-25,60,83,23
6117,2019-09-25,87,78,-9
6118,2019-09-25,72,102,30
6119,2019-09-25,62,88,26
6120,2019-09-25,55,90,35
6121,2019-09-25,20,23,3
6122,2019-09-25,14,25,11
6123,2019-09-25,24,40,16
6124,2019-09-25,35,70,35
6125,2019-09-25,20,19,-1
6126,2019-09-25,47,53,6
6127,2019-09-25,42,45,3
6128,2019-09-25,21,21,0
6129,2019-09-25,64,63,-1
6130,2019-09-25,22,19,-3
6131,2019-09-25,87,51,-36
6132,2019-09-25,62,74,12
6133,2019-09-25,34,35,1
6134,2019-09-25,35,42,7
6136,2019-09-25,303,240,-63
6137,2019-09-25,87,89,2
6138,2019-09-25,83,87,4
6139,2019-09-25,57,45,-12
6140,2019-09-25,75,94,19
6141,2019-09-25,65,70,5
6142,2019-09-25,100,70,-30
6143,2019-09-25,101,81,-20
6145,2019-09-25,56,45,-11
6146,2019-09-25,73,44,-29
6147,2019-09-25,103,62,-41
6148,2019-09-25,111,87,-24
6149,2019-09-25,46,44,-2
6150,2019-09-25,73,60,-13
6151,2019-09-25,79,87,8
6152,2019-09-25,123,97,-26
6153,2019-09-25,62,65,3
6154,2019-09-25,136,157,21
6155,2019-09-25,141,122,-19
6156,2019-09-25,71,72,1
6157,2019-09-25,107,94,-13
6158,2019-09-25,56,59,3
6159,2019-09-25,34,33,-1
6160,2019-09-25,58,47,-11
6161,2019-09-25,44,50,6
6162,2019-09-25,19,17,-2
6163,2019-09-25,92,113,21
6164,2019-09-25,73,70,-3
6165,2019-09-25,135,167,32
6166,2019-09-25,54,45,-9
6167,2019-09-25,35,43,8
6168,2019-09-25,124,75,-49
6169,2019-09-25,149,124,-25
6170,2019-09-25,87,73,-14
6171,2019-09-25,29,37,8
6173,2019-09-25,105,50,-55
6174,2019-09-25,111,97,-14
6175,2019-09-25,90,48,-42
6176,2019-09-25,80,71,-9
6177,2019-09-25,52,48,-4
6178,2019-09-25,120,102,-18
6179,2019-09-25,69,75,6
6180,2019-09-25,49,57,8
6181,2019-09-25,159,95,-64
6182,2019-09-25,59,48,-11
6183,2019-09-25,88,85,-3
6184,2019-09-25,235,232,-3
6185,2019-09-25,27,26,-1
6187,2019-09-25,112,95,-17
6188,2019-09-25,43,42,-1
6189,2019-09-25,17,17,0
6190,2019-09-25,127,88,-39
6191,2019-09-25,54,41,-13
6192,2019-09-25,39,33,-6
6193,2019-09-25,87,90,3
6194,2019-09-25,113,91,-22
6195,2019-09-25,96,53,-43
6196,2019-09-25,125,97,-28
6197,2019-09-25,71,63,-8
6198,2019-09-25,23,16,-7
6199,2019-09-25,101,80,-21
6200,2019-09-25,96,83,-13
6201,2019-09-25,57,49,-8
6202,2019-09-25,126,102,-24
6203,2019-09-25,67,68,1
6204,2019-09-25,129,127,-2
6205,2019-09-25,129,107,-22
6206,2019-09-25,133,123,-10
6207,2019-09-25,40,33,-7
6208,2019-09-25,61,74,13
6209,2019-09-25,134,105,-29
6210,2019-09-25,47,48,1
6211,2019-09-25,164,142,-22
6212,2019-09-25,111,62,-49
6213,2019-09-25,129,130,1
6214,2019-09-25,96,64,-32
6215,2019-09-25,72,74,2
6216,2019-09-25,31,13,-18
6217,2019-09-25,101,68,-33
6218,2019-09-25,63,47,-16
6219,2019-09-25,69,60,-9
6220,2019-09-25,81,73,-8
6221,2019-09-25,182,173,-9
6222,2019-09-25,93,82,-11
6223,2019-09-25,127,88,-39
6224,2019-09-25,79,69,-10
6225,2019-09-25,60,41,-19
6226,2019-09-25,31,31,0
6227,2019-09-25,133,123,-10
6228,2019-09-25,26,30,4
6229,2019-09-25,65,58,-7
6230,2019-09-25,91,78,-13
6231,2019-09-25,121,104,-17
6232,2019-09-25,50,36,-14
6233,2019-09-25,143,127,-16
6234,2019-09-25,78,66,-12
6235,2019-09-25,80,48,-32
6236,2019-09-25,89,79,-10
6237,2019-09-25,58,61,3
6240,2019-09-25,20,14,-6
6241,2019-09-25,30,31,1
6243,2019-09-25,73,71,-2
6245,2019-09-25,46,47,1
6246,2019-09-25,78,72,-6
6247,2019-09-25,110,97,-13
6248,2019-09-25,149,138,-11
6249,2019-09-25,67,47,-20
6250,2019-09-25,77,62,-15
6251,2019-09-25,21,19,-2
6252,2019-09-25,55,45,-10
6253,2019-09-25,77,51,-26
6254,2019-09-25,67,64,-3
6255,2019-09-25,73,66,-7
6257,2019-09-25,39,36,-3
6258,2019-09-25,68,61,-7
6259,2019-09-25,49,45,-4
6260,2019-09-25,43,44,1
6261,2019-09-25,66,60,-6
6262,2019-09-25,53,45,-8
6263,2019-09-25,27,31,4
6264,2019-09-25,30,31,1
6265,2019-09-25,54,63,9
6266,2019-09-25,22,24,2
6267,2019-09-25,48,47,-1
6268,2019-09-25,54,64,10
6269,2019-09-25,22,37,15
6270,2019-09-25,30,37,7
6271,2019-09-25,1,0,-1
6272,2019-09-25,39,33,-6
6273,2019-09-25,40,33,-7
6274,2019-09-25,50,47,-3
6275,2019-09-25,26,30,4
6276,2019-09-25,39,38,-1
6277,2019-09-25,47,52,5
6278,2019-09-25,18,24,6
6279,2019-09-25,19,17,-2
6280,2019-09-25,97,89,-8
6281,2019-09-25,29,23,-6
6301,2019-09-25,17,18,1
6302,2019-09-25,18,16,-2
6303,2019-09-25,26,21,-5
6304,2019-09-25,21,15,-6
6305,2019-09-25,34,20,-14
6306,2019-09-25,92,46,-46
6307,2019-09-25,77,80,3
6309,2019-09-25,24,28,4
6310,2019-09-25,92,47,-45
6311,2019-09-25,44,29,-15
6312,2019-09-25,25,27,2
6313,2019-09-25,39,47,8
6314,2019-09-25,58,60,2
6315,2019-09-25,88,39,-49
6316,2019-09-25,65,24,-41
6321,2019-09-25,70,49,-21
6322,2019-09-25,32,27,-5
6323,2019-09-25,17,20,3
6324,2019-09-25,29,35,6
6327,2019-09-25,38,38,0
6328,2019-09-25,32,34,2
6329,2019-09-25,32,30,-2
6330,2019-09-25,27,26,-1
6331,2019-09-25,28,29,1
6332,2019-09-25,44,52,8
6333,2019-09-25,26,24,-2
6334,2019-09-25,73,75,2
6335,2019-09-25,32,27,-5
6336,2019-09-25,37,39,2
6338,2019-09-25,25,36,11
6339,2019-09-25,39,39,0
6340,2019-09-25,26,24,-2
6341,2019-09-25,27,42,15
6343,2019-09-25,42,39,-3
6344,2019-09-25,46,37,-9
6345,2019-09-25,17,24,7
6346,2019-09-25,49,31,-18
6347,2019-09-25,30,30,0
6349,2019-09-25,44,42,-2
6350,2019-09-25,39,38,-1
6354,2019-09-25,36,32,-4
6355,2019-09-25,29,44,15
6356,2019-09-25,40,19,-21
6357,2019-09-25,23,19,-4
6358,2019-09-25,26,26,0
6359,2019-09-25,76,98,22
6360,2019-09-25,36,30,-6
6361,2019-09-25,48,34,-14
6362,2019-09-25,37,45,8
6363,2019-09-25,31,24,-7
6364,2019-09-25,48,44,-4
6366,2019-09-25,24,20,-4
6367,2019-09-25,26,25,-1
6368,2019-09-25,58,60,2
6369,2019-09-25,50,61,11
6370,2019-09-25,39,32,-7
6371,2019-09-25,69,59,-10
6372,2019-09-25,55,75,20
6373,2019-09-25,52,41,-11
6374,2019-09-25,41,41,0
6375,2019-09-25,62,80,18
6376,2019-09-25,23,17,-6
6377,2019-09-25,34,42,8
6379,2019-09-25,30,33,3
6380,2019-09-25,17,13,-4
6381,2019-09-25,57,53,-4
6383,2019-09-25,41,31,-10
6384,2019-09-25,21,22,1
6385,2019-09-25,48,60,12
6386,2019-09-25,52,61,9
6387,2019-09-25,69,76,7
6388,2019-09-25,12,20,8
6389,2019-09-25,55,36,-19
6391,2019-09-25,48,91,43
6393,2019-09-25,58,75,17
6394,2019-09-25,50,82,32
6395,2019-09-25,80,65,-15
6396,2019-09-25,138,86,-52
6397,2019-09-25,34,60,26
6398,2019-09-25,39,49,10
6401,2019-09-25,61,85,24
6402,2019-09-25,45,54,9
6403,2019-09-25,28,37,9
6404,2019-09-25,20,28,8
6405,2019-09-25,37,42,5
6406,2019-09-25,47,86,39
6407,2019-09-25,26,37,11
6408,2019-09-25,57,56,-1
6409,2019-09-25,15,20,5
6410,2019-09-25,45,48,3
6411,2019-09-25,154,135,-19
6412,2019-09-25,27,39,12
6413,2019-09-25,25,61,36
6414,2019-09-25,15,24,9
6415,2019-09-25,23,31,8
6416,2019-09-25,14,10,-4
6417,2019-09-25,25,36,11
6418,2019-09-25,9,14,5
6419,2019-09-25,14,17,3
6420,2019-09-25,17,18,1
6421,2019-09-25,47,48,1
6422,2019-09-25,12,18,6
6423,2019-09-25,18,13,-5
6424,2019-09-25,49,81,32
6425,2019-09-25,31,31,0
6426,2019-09-25,78,71,-7
6427,2019-09-25,55,49,-6
6428,2019-09-25,12,20,8
6429,2019-09-25,26,40,14
6432,2019-09-25,74,73,-1
6433,2019-09-25,27,29,2
6434,2019-09-25,70,75,5
6435,2019-09-25,33,30,-3
6436,2019-09-25,29,31,2
6501,2019-09-25,63,68,5
6502,2019-09-25,26,27,1
6503,2019-09-25,62,50,-12
6504,2019-09-25,13,15,2
6700,2019-09-25,22,54,32
6701,2019-09-25,78,58,-20
6702,2019-09-25,20,21,1
6703,2019-09-25,47,45,-2
6704,2019-09-25,30,22,-8
6705,2019-09-25,10,22,12
6706,2019-09-25,21,24,3
6707,2019-09-25,30,28,-2
6709,2019-09-25,26,19,-7
6710,2019-09-25,17,17,0
6711,2019-09-25,25,30,5
6712,2019-09-25,13,17,4
6713,2019-09-25,17,13,-4
6714,2019-09-25,3,3,0
6715,2019-09-25,17,22,5
6716,2019-09-25,10,15,5
6717,2019-09-25,11,23,12
6718,2019-09-25,26,26,0
6719,2019-09-25,20,30,10
6720,2019-09-25,32,47,15
6721,2019-09-25,20,15,-5
6722,2019-09-25,9,17,8
6723,2019-09-25,26,19,-7
6724,2019-09-25,35,47,12
6725,2019-09-25,26,27,1
6726,2019-09-25,12,13,1
6727,2019-09-25,72,77,5
6728,2019-09-25,18,14,-4
6729,2019-09-25,131,150,19
6730,2019-09-25,7,12,5
6731,2019-09-25,10,9,-1
6732,2019-09-25,26,34,8
6733,2019-09-25,32,33,1
6734,2019-09-25,51,41,-10
6735,2019-09-25,11,15,4
6736,2019-09-25,22,21,-1
6737,2019-09-25,28,27,-1
6738,2019-09-25,112,79,-33
6739,2019-09-25,6,10,4
6741,2019-09-25,14,26,12
6742,2019-09-25,42,46,4
6743,2019-09-25,31,20,-11
6744,2019-09-25,21,27,6
6745,2019-09-25,26,25,-1
6746,2019-09-25,17,21,4
6747,2019-09-25,35,53,18
6748,2019-09-25,56,74,18
6749,2019-09-25,45,45,0
6750,2019-09-25,53,43,-10
6752,2019-09-25,48,48,0
6753,2019-09-25,25,25,0
6754,2019-09-25,13,18,5
6901,2019-09-25,48,67,19
6902,2019-09-25,68,79,11
6903,2019-09-25,99,88,-11
6904,2019-09-25,27,30,3
6905,2019-09-25,40,40,0
6906,2019-09-25,112,62,-50
6907,2019-09-25,98,55,-43
6908,2019-09-25,57,49,-8
6910,2019-09-25,104,81,-23
6912,2019-09-25,130,104,-26
6913,2019-09-25,48,28,-20
6915,2019-09-25,75,61,-14
6916,2019-09-25,37,41,4
6917,2019-09-25,23,25,2
6918,2019-09-25,31,25,-6
6919,2019-09-25,22,26,4
6921,2019-09-25,87,95,8
6923,2019-09-25,56,49,-7
6924,2019-09-25,12,19,7
6925,2019-09-25,45,48,3
6926,2019-09-25,67,78,11
6927,2019-09-25,85,55,-30
6928,2019-09-25,81,44,-37
6929,2019-09-25,31,24,-7
6930,2019-09-25,17,20,3
7001,2019-09-25,35,42,7
7002,2019-09-25,14,22,8
7003,2019-09-25,100,87,-13
7004,2019-09-25,17,19,2
7005,2019-09-25,7,15,8
7006,2019-09-25,23,24,1
7007,2019-09-25,8,9,1
7008,2019-09-25,18,22,4
7009,2019-09-25,49,54,5
7010,2019-09-25,25,14,-11
7011,2019-09-25,63,72,9
7012,2019-09-25,28,34,6
7013,2019-09-25,20,18,-2
7014,2019-09-25,107,62,-45
7015,2019-09-25,14,20,6
7016,2019-09-25,11,11,0
7017,2019-09-25,33,51,18
7018,2019-09-25,21,38,17
7019,2019-09-25,111,113,2
7020,2019-09-25,27,35,8
7021,2019-09-25,46,38,-8
7022,2019-09-25,32,43,11
7023,2019-09-25,3,4,1
7024,2019-09-25,60,40,-20
7025,2019-09-25,47,43,-4
7026,2019-09-25,62,61,-1
7027,2019-09-25,51,41,-10
7028,2019-09-25,104,95,-9
7029,2019-09-25,49,50,1
7030,2019-09-25,46,53,7
7031,2019-09-25,45,47,2
7032,2019-09-25,127,98,-29
7033,2019-09-25,79,73,-6
7034,2019-09-25,14,30,16
7035,2019-09-25,45,48,3
7036,2019-09-25,57,52,-5
7037,2019-09-25,61,45,-16
7038,2019-09-25,63,63,0
7039,2019-09-25,34,29,-5
7040,2019-09-25,69,77,8
7041,2019-09-25,110,91,-19
7042,2019-09-25,53,57,4
7043,2019-09-25,22,26,4
7044,2019-09-25,14,11,-3
7045,2019-09-25,50,57,7
7046,2019-09-25,98,111,13
7047,2019-09-25,120,177,57
7048,2019-09-25,15,22,7
7049,2019-09-25,21,22,1
7050,2019-09-25,25,26,1
7051,2019-09-25,12,13,1
7052,2019-09-25,54,59,5
7053,2019-09-25,44,46,2
7054,2019-09-25,43,49,6
7055,2019-09-25,12,17,5
7056,2019-09-25,10,24,14
7057,2019-09-25,24,34,10
7058,2019-09-25,27,26,-1
7059,2019-09-25,29,27,-2
7060,2019-09-25,31,22,-9
7061,2019-09-25,15,21,6
7062,2019-09-25,59,53,-6
7063,2019-09-25,31,24,-7
7064,2019-09-25,28,35,7
7065,2019-09-25,28,38,10
7066,2019-09-25,81,133,52
7067,2019-09-25,58,57,-1
7068,2019-09-25,73,77,4
7069,2019-09-25,87,109,22
7070,2019-09-25,40,48,8
7071,2019-09-25,63,40,-23
7072,2019-09-25,36,23,-13
7073,2019-09-25,63,64,1
7074,2019-09-25,37,41,4
7075,2019-09-25,7,8,1
7076,2019-09-25,70,42,-28
7077,2019-09-25,20,23,3
7078,2019-09-25,18,26,8
7079,2019-09-25,39,47,8
7080,2019-09-25,88,113,25
7081,2019-09-25,74,108,34
7082,2019-09-25,69,85,16
7083,2019-09-25,71,64,-7
7084,2019-09-25,82,83,1
7086,2019-09-25,1,1,0
7087,2019-09-25,2,3,1
7088,2019-09-25,1,2,1
7090,2019-09-25,14,20,6
7091,2019-09-25,8,5,-3
7092,2019-09-25,8,7,-1
7093,2019-09-25,4,4,0
7094,2019-09-25,2,3,1
7095,2019-09-25,12,13,1
7096,2019-09-25,28,30,2
7097,2019-09-25,7,6,-1
7099,2019-09-25,10,16,6
7100,2019-09-25,8,10,2
7101,2019-09-25,9,8,-1
7102,2019-09-25,14,32,18
7103,2019-09-25,6,6,0
7104,2019-09-25,1,2,1
7107,2019-09-25,5,3,-2
7108,2019-09-25,5,6,1
7109,2019-09-25,16,15,-1
7110,2019-09-25,1,1,0
7111,2019-09-25,4,4,0
7112,2019-09-25,4,3,-1
7113,2019-09-25,64,64,0
7114,2019-09-25,103,108,5
7115,2019-09-25,15,14,-1
7116,2019-09-25,13,5,-8
7117,2019-09-25,7,4,-3
7118,2019-09-25,1,4,3
7119,2019-09-25,5,10,5
7120,2019-09-25,2,6,4
7121,2019-09-25,8,6,-2
7122,2019-09-25,3,4,1
7123,2019-09-25,3,1,-2
7124,2019-09-25,34,32,-2
7125,2019-09-25,17,8,-9
7126,2019-09-25,12,14,2
7127,2019-09-25,34,39,5
7128,2019-09-25,23,14,-9
7129,2019-09-25,17,17,0
7130,2019-09-25,21,19,-2
7131,2019-09-25,7,8,1
7133,2019-09-25,5,7,2
7134,2019-09-25,6,7,1
7135,2019-09-25,6,6,0
7136,2019-09-25,10,7,-3
7137,2019-09-25,4,6,2
7138,2019-09-25,4,8,4
7139,2019-09-25,31,34,3
7140,2019-09-25,23,28,5
7141,2019-09-25,21,20,-1
7142,2019-09-25,6,12,6
7143,2019-09-25,20,26,6
7144,2019-09-25,43,40,-3
7145,2019-09-25,9,11,2
7146,2019-09-25,19,29,10
7147,2019-09-25,44,50,6
7148,2019-09-25,5,13,8
7149,2019-09-25,11,7,-4
10002,2019-09-25,118,140,22
4000,2019-09-26,3,8,5
4002,2019-09-26,2,1,-1
5004,2019-09-26,2,0,-2
5007,2019-09-26,3,4,1
6001,2019-09-26,4,20,16
6002,2019-09-26,5,8,3
6003,2019-09-26,5,4,-1
6004,2019-09-26,2,1,-1
6005,2019-09-26,2,20,18
6006,2019-09-26,9,3,-6
6007,2019-09-26,3,3,0
6008,2019-09-26,1,14,13
6009,2019-09-26,1,3,2
6011,2019-09-26,8,4,-4
6012,2019-09-26,3,16,13
6013,2019-09-26,2,3,1
6014,2019-09-26,6,21,15
6015,2019-09-26,9,9,0
6016,2019-09-26,1,1,0
6017,2019-09-26,5,4,-1
6018,2019-09-26,6,10,4
6019,2019-09-26,11,15,4
6020,2019-09-26,2,4,2
6021,2019-09-26,10,3,-7
6022,2019-09-26,3,4,1
6023,2019-09-26,5,9,4
6025,2019-09-26,1,4,3
6027,2019-09-26,1,7,6
6029,2019-09-26,5,3,-2
6031,2019-09-26,1,8,7
6032,2019-09-26,2,8,6
6033,2019-09-26,2,7,5
6035,2019-09-26,4,19,15
6036,2019-09-26,1,9,8
6037,2019-09-26,2,3,1
6038,2019-09-26,2,7,5
6039,2019-09-26,3,8,5
6041,2019-09-26,4,10,6
6042,2019-09-26,11,12,1
6043,2019-09-26,9,46,37
6044,2019-09-26,9,6,-3
6046,2019-09-26,9,12,3
6047,2019-09-26,1,2,1
6048,2019-09-26,5,14,9
6049,2019-09-26,7,18,11
6050,2019-09-26,3,2,-1
6051,2019-09-26,3,5,2
6052,2019-09-26,4,3,-1
6053,2019-09-26,5,24,19
6057,2019-09-26,6,9,3
6059,2019-09-26,2,5,3
6060,2019-09-26,1,3,2
6061,2019-09-26,1,5,4
6063,2019-09-26,2,3,1
6064,2019-09-26,5,27,22
6065,2019-09-26,3,1,-2
6066,2019-09-26,2,2,0
6070,2019-09-26,9,5,-4
6072,2019-09-26,1,9,8
6073,2019-09-26,10,22,12
6076,2019-09-26,6,2,-4
6078,2019-09-26,2,5,3
6079,2019-09-26,6,7,1
6080,2019-09-26,11,21,10
6081,2019-09-26,2,3,1
6082,2019-09-26,2,6,4
6084,2019-09-26,3,14,11
6085,2019-09-26,2,11,9
6086,2019-09-26,11,3,-8
6087,2019-09-26,6,6,0
6088,2019-09-26,6,8,2
6089,2019-09-26,2,4,2
6090,2019-09-26,6,7,1
6091,2019-09-26,8,0,-8
6092,2019-09-26,6,6,0
6093,2019-09-26,3,2,-1
6095,2019-09-26,11,6,-5
6096,2019-09-26,3,9,6
6097,2019-09-26,5,1,-4
6099,2019-09-26,6,17,11
6100,2019-09-26,10,13,3
6101,2019-09-26,6,5,-1
6102,2019-09-26,3,0,-3
6103,2019-09-26,4,1,-3
6104,2019-09-26,7,13,6
6105,2019-09-26,9,8,-1
6106,2019-09-26,1,7,6
6107,2019-09-26,4,2,-2
6108,2019-09-26,3,6,3
6110,2019-09-26,5,2,-3
6111,2019-09-26,3,5,2
6112,2019-09-26,9,5,-4
6113,2019-09-26,9,6,-3
6114,2019-09-26,12,21,9
6115,2019-09-26,2,1,-1
6116,2019-09-26,5,4,-1
6118,2019-09-26,12,6,-6
6119,2019-09-26,13,5,-8
6120,2019-09-26,3,20,17
6121,2019-09-26,2,3,1
6122,2019-09-26,2,3,1
6123,2019-09-26,3,2,-1
6124,2019-09-26,1,10,9
6125,2019-09-26,3,4,1
6126,2019-09-26,10,4,-6
6127,2019-09-26,4,5,1
6128,2019-09-26,1,0,-1
6129,2019-09-26,9,9,0
6130,2019-09-26,5,3,-2
6131,2019-09-26,14,3,-11
6132,2019-09-26,8,9,1
6133,2019-09-26,4,1,-3
6134,2019-09-26,5,7,2
6136,2019-09-26,22,22,0
6137,2019-09-26,13,5,-8
6138,2019-09-26,9,1,-8
6139,2019-09-26,5,6,1
6140,2019-09-26,12,3,-9
6141,2019-09-26,15,5,-10
6142,2019-09-26,4,5,1
6143,2019-09-26,6,3,-3
6145,2019-09-26,2,3,1
6146,2019-09-26,4,2,-2
6147,2019-09-26,8,10,2
6148,2019-09-26,17,10,-7
6149,2019-09-26,3,8,5
6150,2019-09-26,5,5,0
6151,2019-09-26,11,9,-2
6152,2019-09-26,11,4,-7
6153,2019-09-26,2,2,0
6154,2019-09-26,16,12,-4
6155,2019-09-26,12,11,-1
6156,2019-09-26,8,3,-5
6157,2019-09-26,7,7,0
6158,2019-09-26,13,7,-6
6159,2019-09-26,2,3,1
6160,2019-09-26,6,5,-1
6161,2019-09-26,6,4,-2
6163,2019-09-26,14,4,-10
6164,2019-09-26,8,1,-7
6165,2019-09-26,8,1,-7
6166,2019-09-26,9,1,-8
6167,2019-09-26,10,3,-7
6168,2019-09-26,3,8,5
6169,2019-09-26,11,7,-4
6170,2019-09-26,10,3,-7
6171,2019-09-26,2,0,-2
6173,2019-09-26,5,6,1
6174,2019-09-26,8,6,-2
6175,2019-09-26,10,8,-2
6176,2019-09-26,8,4,-4
6177,2019-09-26,15,3,-12
6178,2019-09-26,7,3,-4
6179,2019-09-26,6,2,-4
6180,2019-09-26,2,5,3
6181,2019-09-26,8,4,-4
6182,2019-09-26,2,1,-1
6183,2019-09-26,14,3,-11
6184,2019-09-26,21,28,7
6185,2019-09-26,4,3,-1
6187,2019-09-26,7,10,3
6188,2019-09-26,7,1,-6
6189,2019-09-26,3,1,-2
6190,2019-09-26,8,15,7
6191,2019-09-26,8,7,-1
6192,2019-09-26,7,1,-6
6193,2019-09-26,6,6,0
6194,2019-09-26,7,4,-3
6195,2019-09-26,13,5,-8
6196,2019-09-26,13,14,1
6197,2019-09-26,4,7,3
6198,2019-09-26,2,2,0
6199,2019-09-26,10,7,-3
6200,2019-09-26,2,2,0
6201,2019-09-26,14,5,-9
6202,2019-09-26,8,6,-2
6203,2019-09-26,2,3,1
6204,2019-09-26,6,9,3
6205,2019-09-26,9,7,-2
6206,2019-09-26,3,3,0
6207,2019-09-26,3,5,2
6208,2019-09-26,3,8,5
6209,2019-09-26,18,6,-12
6210,2019-09-26,1,5,4
6211,2019-09-26,15,7,-8
6212,2019-09-26,7,3,-4
6213,2019-09-26,6,10,4
6214,2019-09-26,5,5,0
6217,2019-09-26,14,2,-12
6218,2019-09-26,3,2,-1
6219,2019-09-26,3,4,1
6220,2019-09-26,4,4,0
6221,2019-09-26,19,9,-10
6222,2019-09-26,7,1,-6
6223,2019-09-26,5,5,0
6224,2019-09-26,9,6,-3
6225,2019-09-26,11,1,-10
6226,2019-09-26,1,7,6
6227,2019-09-26,11,12,1
6228,2019-09-26,4,0,-4
6229,2019-09-26,10,7,-3
6230,2019-09-26,6,4,-2
6231,2019-09-26,20,9,-11
6232,2019-09-26,1,2,1
6233,2019-09-26,31,13,-18
6234,2019-09-26,4,6,2
6235,2019-09-26,1,10,9
6236,2019-09-26,4,6,2
6237,2019-09-26,6,6,0
6240,2019-09-26,2,3,1
6241,2019-09-26,6,1,-5
6243,2019-09-26,5,3,-2
6245,2019-09-26,11,2,-9
6246,2019-09-26,8,11,3
6247,2019-09-26,7,5,-2
6248,2019-09-26,9,2,-7
6249,2019-09-26,5,10,5
6250,2019-09-26,7,6,-1
6251,2019-09-26,4,3,-1
6252,2019-09-26,7,4,-3
6253,2019-09-26,3,7,4
6254,2019-09-26,5,3,-2
6255,2019-09-26,2,3,1
6257,2019-09-26,3,0,-3
6258,2019-09-26,11,10,-1
6259,2019-09-26,2,2,0
6260,2019-09-26,2,2,0
6261,2019-09-26,3,4,1
6262,2019-09-26,5,4,-1
6263,2019-09-26,4,4,0
6264,2019-09-26,7,3,-4
6265,2019-09-26,2,8,6
6266,2019-09-26,5,1,-4
6267,2019-09-26,6,4,-2
6268,2019-09-26,6,2,-4
6269,2019-09-26,2,1,-1
6270,2019-09-26,8,1,-7
6272,2019-09-26,3,1,-2
6273,2019-09-26,6,5,-1
6274,2019-09-26,3,2,-1
6275,2019-09-26,1,3,2
6276,2019-09-26,3,1,-2
6277,2019-09-26,7,2,-5
6279,2019-09-26,3,2,-1
6280,2019-09-26,1,1,0
6281,2019-09-26,2,2,0
6301,2019-09-26,2,1,-1
6302,2019-09-26,3,0,-3
6303,2019-09-26,2,0,-2
6304,2019-09-26,1,1,0
6305,2019-09-26,3,1,-2
6306,2019-09-26,3,2,-1
6307,2019-09-26,8,7,-1
6309,2019-09-26,2,2,0
6310,2019-09-26,2,4,2
6311,2019-09-26,2,3,1
6312,2019-09-26,4,3,-1
6313,2019-09-26,1,2,1
6314,2019-09-26,5,2,-3
6315,2019-09-26,7,6,-1
6316,2019-09-26,5,2,-3
6321,2019-09-26,3,3,0
6322,2019-09-26,3,2,-1
6323,2019-09-26,1,2,1
6324,2019-09-26,5,2,-3
6327,2019-09-26,5,4,-1
6328,2019-09-26,7,2,-5
6329,2019-09-26,8,2,-6
6330,2019-09-26,3,6,3
6331,2019-09-26,4,1,-3
6332,2019-09-26,2,5,3
6334,2019-09-26,5,6,1
6335,2019-09-26,6,1,-5
6336,2019-09-26,4,2,-2
6338,2019-09-26,4,1,-3
6339,2019-09-26,3,2,-1
6340,2019-09-26,6,3,-3
6341,2019-09-26,5,3,-2
6343,2019-09-26,6,4,-2
6344,2019-09-26,6,3,-3
6345,2019-09-26,4,2,-2
6346,2019-09-26,1,2,1
6347,2019-09-26,6,9,3
6349,2019-09-26,9,1,-8
6350,2019-09-26,5,0,-5
6354,2019-09-26,4,0,-4
6355,2019-09-26,3,3,0
6356,2019-09-26,9,1,-8
6357,2019-09-26,4,2,-2
6358,2019-09-26,3,0,-3
6359,2019-09-26,2,16,14
6360,2019-09-26,2,3,1
6361,2019-09-26,10,0,-10
6362,2019-09-26,4,1,-3
6363,2019-09-26,2,0,-2
6364,2019-09-26,6,5,-1
6366,2019-09-26,2,2,0
6367,2019-09-26,6,3,-3
6368,2019-09-26,7,4,-3
6369,2019-09-26,2,5,3
6370,2019-09-26,3,3,0
6371,2019-09-26,5,6,1
6372,2019-09-26,9,3,-6
6373,2019-09-26,6,3,-3
6374,2019-09-26,6,5,-1
6375,2019-09-26,5,6,1
6376,2019-09-26,3,2,-1
6379,2019-09-26,5,2,-3
6380,2019-09-26,7,3,-4
6381,2019-09-26,2,3,1
6383,2019-09-26,7,1,-6
6384,2019-09-26,1,2,1
6385,2019-09-26,10,2,-8
6386,2019-09-26,1,16,15
6387,2019-09-26,2,14,12
6388,2019-09-26,2,1,-1
6389,2019-09-26,6,3,-3
6391,2019-09-26,8,6,-2
6393,2019-09-26,5,8,3
6394,2019-09-26,9,3,-6
6395,2019-09-26,2,10,8
6396,2019-09-26,8,17,9
6397,2019-09-26,8,2,-6
6398,2019-09-26,6,7,1
6401,2019-09-26,12,5,-7
6402,2019-09-26,6,1,-5
6403,2019-09-26,5,1,-4
6404,2019-09-26,1,4,3
6405,2019-09-26,3,4,1
6407,2019-09-26,2,3,1
6408,2019-09-26,4,11,7
6409,2019-09-26,1,0,-1
6410,2019-09-26,2,11,9
6411,2019-09-26,8,8,0
6412,2019-09-26,1,3,2
6414,2019-09-26,1,1,0
6415,2019-09-26,6,0,-6
6416,2019-09-26,4,0,-4
6417,2019-09-26,4,6,2
6419,2019-09-26,2,1,-1
6420,2019-09-26,1,3,2
6421,2019-09-26,7,6,-1
6422,2019-09-26,2,1,-1
6424,2019-09-26,4,11,7
6425,2019-09-26,1,4,3
6426,2019-09-26,3,19,16
6427,2019-09-26,7,8,1
6428,2019-09-26,6,1,-5
6429,2019-09-26,1,4,3
6432,2019-09-26,3,3,0
6433,2019-09-26,4,1,-3
6434,2019-09-26,7,5,-2
6435,2019-09-26,1,1,0
6436,2019-09-26,2,2,0
6501,2019-09-26,1,1,0
6502,2019-09-26,2,3,1
6503,2019-09-26,5,3,-2
6700,2019-09-26,1,2,1
6701,2019-09-26,4,5,1
6702,2019-09-26,4,4,0
6704,2019-09-26,6,0,-6
6705,2019-09-26,1,0,-1
6706,2019-09-26,10,0,-10
6709,2019-09-26,3,2,-1
6711,2019-09-26,1,0,-1
6712,2019-09-26,3,0,-3
6713,2019-09-26,2,2,0
6715,2019-09-26,3,1,-2
6716,2019-09-26,1,1,0
6718,2019-09-26,6,1,-5
6719,2019-09-26,6,0,-6
6720,2019-09-26,5,2,-3
6721,2019-09-26,2,2,0
6722,2019-09-26,2,1,-1
6723,2019-09-26,5,2,-3
6724,2019-09-26,3,4,1
6725,2019-09-26,2,7,5
6726,2019-09-26,2,2,0
6727,2019-09-26,3,10,7
6728,2019-09-26,1,1,0
6729,2019-09-26,5,12,7
6730,2019-09-26,5,1,-4
6731,2019-09-26,1,3,2
6732,2019-09-26,2,5,3
6733,2019-09-26,1,4,3
6734,2019-09-26,9,3,-6
6737,2019-09-26,3,2,-1
6738,2019-09-26,1,20,19
6739,2019-09-26,3,1,-2
6741,2019-09-26,1,0,-1
6742,2019-09-26,4,5,1
6743,2019-09-26,2,1,-1
6744,2019-09-26,7,0,-7
6745,2019-09-26,4,10,6
6746,2019-09-26,2,5,3
6747,2019-09-26,2,5,3
6748,2019-09-26,8,5,-3
6749,2019-09-26,1,3,2
6750,2019-09-26,2,3,1
6753,2019-09-26,3,5,2
6754,2019-09-26,1,3,2
6901,2019-09-26,3,3,0
6902,2019-09-26,5,6,1
6903,2019-09-26,7,5,-2
6904,2019-09-26,2,2,0
6905,2019-09-26,2,1,-1
6906,2019-09-26,7,9,2
6907,2019-09-26,7,7,0
6908,2019-09-26,1,2,1
6910,2019-09-26,11,8,-3
6912,2019-09-26,7,8,1
6913,2019-09-26,3,2,-1
6915,2019-09-26,11,5,-6
6916,2019-09-26,6,4,-2
6917,2019-09-26,3,1,-2
6918,2019-09-26,2,2,0
6919,2019-09-26,5,0,-5
6921,2019-09-26,4,16,12
6923,2019-09-26,1,3,2
6924,2019-09-26,1,2,1
6925,2019-09-26,6,7,1
6926,2019-09-26,3,2,-1
6927,2019-09-26,4,4,0
6928,2019-09-26,1,2,1
6929,2019-09-26,1,0,-1
7001,2019-09-26,3,3,0
7002,2019-09-26,2,0,-2
7003,2019-09-26,4,5,1
7004,2019-09-26,2,1,-1
7005,2019-09-26,2,0,-2
7006,2019-09-26,2,2,0
7007,2019-09-26,2,1,-1
7008,2019-09-26,1,3,2
7009,2019-09-26,2,5,3
7011,2019-09-26,9,2,-7
7012,2019-09-26,6,4,-2
7013,2019-09-26,2,0,-2
7014,2019-09-26,4,2,-2
7016,2019-09-26,2,2,0
7017,2019-09-26,4,1,-3
7018,2019-09-26,3,2,-1
7019,2019-09-26,1,3,2
7020,2019-09-26,8,1,-7
7021,2019-09-26,3,4,1
7022,2019-09-26,6,2,-4
7024,2019-09-26,3,6,3
7025,2019-09-26,1,1,0
7026,2019-09-26,1,1,0
7027,2019-09-26,1,3,2
7028,2019-09-26,2,19,17
7029,2019-09-26,13,1,-12
7030,2019-09-26,5,0,-5
7031,2019-09-26,3,2,-1
7032,2019-09-26,13,7,-6
7033,2019-09-26,2,4,2
7034,2019-09-26,1,1,0
7035,2019-09-26,2,3,1
7036,2019-09-26,10,7,-3
7037,2019-09-26,3,3,0
7038,2019-09-26,7,3,-4
7039,2019-09-26,4,1,-3
7040,2019-09-26,6,11,5
7041,2019-09-26,1,11,10
7042,2019-09-26,6,6,0
7043,2019-09-26,4,2,-2
7044,2019-09-26,3,4,1
7045,2019-09-26,4,2,-2
7046,2019-09-26,6,19,13
7047,2019-09-26,11,9,-2
7048,2019-09-26,4,0,-4
7049,2019-09-26,1,5,4
7050,2019-09-26,11,1,-10
7051,2019-09-26,1,2,1
7052,2019-09-26,4,7,3
7053,2019-09-26,4,2,-2
7054,2019-09-26,4,2,-2
7055,2019-09-26,2,3,1
7056,2019-09-26,7,0,-7
7057,2019-09-26,4,0,-4
7058,2019-09-26,2,2,0
7059,2019-09-26,4,2,-2
7060,2019-09-26,3,1,-2
7061,2019-09-26,3,0,-3
7062,2019-09-26,6,3,-3
7063,2019-09-26,1,3,2
7064,2019-09-26,1,7,6
7065,2019-09-26,5,2,-3
7066,2019-09-26,1,11,10
7067,2019-09-26,2,6,4
7068,2019-09-26,15,6,-9
7069,2019-09-26,3,11,8
7070,2019-09-26,5,0,-5
7071,2019-09-26,9,2,-7
7072,2019-09-26,5,1,-4
7073,2019-09-26,5,5,0
7074,2019-09-26,3,4,1
7075,2019-09-26,1,0,-1
7076,2019-09-26,4,2,-2
7077,2019-09-26,1,2,1
7078,2019-09-26,5,3,-2
7080,2019-09-26,3,18,15
7081,2019-09-26,3,10,7
7082,2019-09-26,1,14,13
7083,2019-09-26,7,3,-4
7084,2019-09-26,4,9,5
7090,2019-09-26,1,2,1
7092,2019-09-26,1,1,0
7095,2019-09-26,1,1,0
7096,2019-09-26,1,3,2
7102,2019-09-26,2,3,1
7103,2019-09-26,1,0,-1
7111,2019-09-26,2,0,-2
7114,2019-09-26,5,6,1
7115,2019-09-26,1,2,1
7119,2019-09-26,3,2,-1
7121,2019-09-26,1,1,0
7122,2019-09-26,1,0,-1
7124,2019-09-26,2,0,-2
7125,2019-09-26,1,1,0
7126,2019-09-26,1,2,1
7127,2019-09-26,3,3,0
7128,2019-09-26,1,6,5
7129,2019-09-26,1,1,0
7130,2019-09-26,3,2,-1
7132,2019-09-26,1,0,-1
7135,2019-09-26,1,1,0
7136,2019-09-26,1,1,0
7138,2019-09-26,1,0,-1
7140,2019-09-26,1,1,0
7141,2019-09-26,1,0,-1
7144,2019-09-26,3,3,0
7145,2019-09-26,2,2,0
7147,2019-09-26,7,3,-4
7148,2019-09-26,1,0,-1
7149,2019-09-26,2,0,-2
10002,2019-09-26,11,13,2
10002,2019-09-26,84,85,1
4000,2019-09-26,21,37,16
4001,2019-09-26,5,8,3
4002,2019-09-26,9,13,4
5002,2019-09-26,3,5,2
5003,2019-09-26,1,1,0
5004,2019-09-26,1,1,0
5005,2019-09-26,1,2,1
5006,2019-09-26,7,7,0
5007,2019-09-26,17,12,-5
6001,2019-09-26,36,36,0
6002,2019-09-26,31,31,0
6003,2019-09-26,49,60,11
6004,2019-09-26,35,39,4
6005,2019-09-26,68,46,-22
6006,2019-09-26,24,15,-9
6007,2019-09-26,25,27,2
6008,2019-09-26,34,54,20
6009,2019-09-26,44,42,-2
6011,2019-09-26,39,64,25
6012,2019-09-26,98,144,46
6013,2019-09-26,50,77,27
6014,2019-09-26,35,41,6
6015,2019-09-26,97,153,56
6016,2019-09-26,7,14,7
6017,2019-09-26,34,42,8
6018,2019-09-26,33,56,23
6019,2019-09-26,102,47,-55
6020,2019-09-26,48,67,19
6021,2019-09-26,54,46,-8
6022,2019-09-26,32,40,8
6023,2019-09-26,49,69,20
6025,2019-09-26,18,17,-1
6026,2019-09-26,35,41,6
6027,2019-09-26,81,84,3
6029,2019-09-26,14,24,10
6031,2019-09-26,22,31,9
6032,2019-09-26,43,83,40
6033,2019-09-26,12,11,-1
6035,2019-09-26,34,47,13
6036,2019-09-26,48,74,26
6037,2019-09-26,40,35,-5
6038,2019-09-26,66,61,-5
6039,2019-09-26,46,70,24
6040,2019-09-26,39,49,10
6041,2019-09-26,60,55,-5
6042,2019-09-26,70,64,-6
6043,2019-09-26,104,223,119
6044,2019-09-26,73,65,-8
6046,2019-09-26,96,89,-7
6047,2019-09-26,93,68,-25
6048,2019-09-26,32,21,-11
6049,2019-09-26,79,68,-11
6050,2019-09-26,27,28,1
6051,2019-09-26,27,16,-11
6052,2019-09-26,101,142,41
6053,2019-09-26,95,94,-1
6057,2019-09-26,46,43,-3
6058,2019-09-26,68,37,-31
6059,2019-09-26,62,27,-35
6060,2019-09-26,22,20,-2
6061,2019-09-26,48,44,-4
6062,2019-09-26,27,22,-5
6063,2019-09-26,75,40,-35
6064,2019-09-26,139,82,-57
6065,2019-09-26,38,23,-15
6066,2019-09-26,19,10,-9
6067,2019-09-26,14,13,-1
6068,2019-09-26,7,7,0
6070,2019-09-26,149,128,-21
6072,2019-09-26,67,48,-19
6073,2019-09-26,123,101,-22
6075,2019-09-26,23,18,-5
6076,2019-09-26,7,19,12
6078,2019-09-26,52,50,-2
6079,2019-09-26,44,43,-1
6080,2019-09-26,105,86,-19
6081,2019-09-26,26,18,-8
6082,2019-09-26,14,12,-2
6083,2019-09-26,47,101,54
6084,2019-09-26,47,50,3
6085,2019-09-26,76,144,68
6086,2019-09-26,42,69,27
6087,2019-09-26,65,85,20
6088,2019-09-26,34,54,20
6089,2019-09-26,38,49,11
6090,2019-09-26,37,37,0
6091,2019-09-26,31,23,-8
6092,2019-09-26,34,32,-2
6093,2019-09-26,27,20,-7
6094,2019-09-26,24,25,1
6095,2019-09-26,72,73,1
6096,2019-09-26,34,48,14
6097,2019-09-26,48,30,-18
6098,2019-09-26,25,12,-13
6099,2019-09-26,64,99,35
6100,2019-09-26,150,147,-3
6101,2019-09-26,59,23,-36
6102,2019-09-26,28,23,-5
6103,2019-09-26,13,17,4
6104,2019-09-26,52,55,3
6105,2019-09-26,32,37,5
6106,2019-09-26,15,19,4
6107,2019-09-26,66,48,-18
6108,2019-09-26,34,41,7
6109,2019-09-26,4,1,-3
6110,2019-09-26,21,23,2
6111,2019-09-26,23,34,11
6112,2019-09-26,48,69,21
6113,2019-09-26,24,32,8
6114,2019-09-26,78,118,40
6115,2019-09-26,9,22,13
6116,2019-09-26,39,65,26
6117,2019-09-26,42,39,-3
6118,2019-09-26,51,67,16
6119,2019-09-26,48,63,15
6120,2019-09-26,34,44,10
6121,2019-09-26,12,26,14
6122,2019-09-26,14,16,2
6123,2019-09-26,20,27,7
6124,2019-09-26,22,40,18
6125,2019-09-26,16,15,-1
6126,2019-09-26,30,48,18
6127,2019-09-26,37,25,-12
6128,2019-09-26,14,13,-1
6129,2019-09-26,49,46,-3
6130,2019-09-26,10,20,10
6131,2019-09-26,52,36,-16
6132,2019-09-26,38,50,12
6133,2019-09-26,16,13,-3
6134,2019-09-26,32,29,-3
6136,2019-09-26,254,200,-54
6137,2019-09-26,53,54,1
6138,2019-09-26,52,45,-7
6139,2019-09-26,27,24,-3
6140,2019-09-26,40,48,8
6141,2019-09-26,39,42,3
6142,2019-09-26,72,41,-31
6143,2019-09-26,48,40,-8
6145,2019-09-26,25,28,3
6146,2019-09-26,34,27,-7
6147,2019-09-26,73,36,-37
6148,2019-09-26,86,70,-16
6149,2019-09-26,41,23,-18
6150,2019-09-26,43,57,14
6151,2019-09-26,55,55,0
6152,2019-09-26,93,86,-7
6153,2019-09-26,65,69,4
6154,2019-09-26,115,127,12
6155,2019-09-26,83,98,15
6156,2019-09-26,68,60,-8
6157,2019-09-26,76,81,5
6158,2019-09-26,38,53,15
6159,2019-09-26,20,23,3
6160,2019-09-26,49,61,12
6161,2019-09-26,38,42,4
6162,2019-09-26,13,3,-10
6163,2019-09-26,85,92,7
6164,2019-09-26,67,59,-8
6165,2019-09-26,77,110,33
6166,2019-09-26,38,31,-7
6167,2019-09-26,34,37,3
6168,2019-09-26,102,49,-53
6169,2019-09-26,99,103,4
6170,2019-09-26,55,49,-6
6171,2019-09-26,28,35,7
6173,2019-09-26,74,53,-21
6174,2019-09-26,95,79,-16
6175,2019-09-26,68,47,-21
6176,2019-09-26,49,55,6
6177,2019-09-26,53,48,-5
6178,2019-09-26,75,77,2
6179,2019-09-26,50,51,1
6180,2019-09-26,29,40,11
6181,2019-09-26,119,82,-37
6182,2019-09-26,44,29,-15
6183,2019-09-26,39,40,1
6184,2019-09-26,205,159,-46
6185,2019-09-26,8,12,4
6187,2019-09-26,68,56,-12
6188,2019-09-26,35,24,-11
6189,2019-09-26,15,14,-1
6190,2019-09-26,98,69,-29
6191,2019-09-26,59,32,-27
6192,2019-09-26,32,28,-4
6193,2019-09-26,57,47,-10
6194,2019-09-26,71,59,-12
6195,2019-09-26,73,39,-34
6196,2019-09-26,95,72,-23
6197,2019-09-26,39,40,1
6198,2019-09-26,25,15,-10
6199,2019-09-26,87,55,-32
6200,2019-09-26,80,67,-13
6201,2019-09-26,49,49,0
6202,2019-09-26,84,71,-13
6203,2019-09-26,41,36,-5
6204,2019-09-26,88,88,0
6205,2019-09-26,76,55,-21
6206,2019-09-26,102,87,-15
6207,2019-09-26,30,25,-5
6208,2019-09-26,55,56,1
6209,2019-09-26,92,76,-16
6210,2019-09-26,40,36,-4
6211,2019-09-26,105,108,3
6212,2019-09-26,72,36,-36
6213,2019-09-26,78,74,-4
6214,2019-09-26,54,52,-2
6215,2019-09-26,51,35,-16
6216,2019-09-26,10,15,5
6217,2019-09-26,78,45,-33
6218,2019-09-26,46,32,-14
6219,2019-09-26,51,41,-10
6220,2019-09-26,62,64,2
6221,2019-09-26,144,125,-19
6222,2019-09-26,39,34,-5
6223,2019-09-26,77,32,-45
6224,2019-09-26,59,60,1
6225,2019-09-26,54,48,-6
6226,2019-09-26,15,8,-7
6227,2019-09-26,86,90,4
6228,2019-09-26,21,20,-1
6229,2019-09-26,51,54,3
6230,2019-09-26,53,45,-8
6231,2019-09-26,86,82,-4
6232,2019-09-26,19,24,5
6233,2019-09-26,104,80,-24
6234,2019-09-26,45,39,-6
6235,2019-09-26,75,46,-29
6236,2019-09-26,53,50,-3
6237,2019-09-26,54,56,2
6240,2019-09-26,13,13,0
6241,2019-09-26,27,20,-7
6243,2019-09-26,44,52,8
6245,2019-09-26,29,34,5
6246,2019-09-26,61,52,-9
6247,2019-09-26,84,84,0
6248,2019-09-26,113,104,-9
6249,2019-09-26,37,46,9
6250,2019-09-26,45,37,-8
6251,2019-09-26,16,14,-2
6252,2019-09-26,35,35,0
6253,2019-09-26,41,45,4
6254,2019-09-26,50,47,-3
6255,2019-09-26,59,61,2
6257,2019-09-26,28,21,-7
6258,2019-09-26,59,49,-10
6259,2019-09-26,25,29,4
6260,2019-09-26,38,35,-3
6261,2019-09-26,28,31,3
6262,2019-09-26,36,39,3
6263,2019-09-26,11,19,8
6264,2019-09-26,24,27,3
6265,2019-09-26,47,44,-3
6266,2019-09-26,12,11,-1
6267,2019-09-26,30,31,1
6268,2019-09-26,46,36,-10
6269,2019-09-26,14,21,7
6270,2019-09-26,27,30,3
6272,2019-09-26,29,30,1
6273,2019-09-26,12,25,13
6274,2019-09-26,33,27,-6
6275,2019-09-26,28,21,-7
6276,2019-09-26,26,23,-3
6277,2019-09-26,33,34,1
6278,2019-09-26,19,12,-7
6279,2019-09-26,22,17,-5
6280,2019-09-26,60,60,0
6281,2019-09-26,32,17,-15
6301,2019-09-26,19,19,0
6302,2019-09-26,13,6,-7
6303,2019-09-26,22,13,-9
6304,2019-09-26,7,5,-2
6305,2019-09-26,21,13,-8
6306,2019-09-26,54,19,-35
6307,2019-09-26,66,60,-6
6309,2019-09-26,16,20,4
6310,2019-09-26,63,26,-37
6311,2019-09-26,30,25,-5
6312,2019-09-26,24,29,5
6313,2019-09-26,34,46,12
6314,2019-09-26,41,46,5
6315,2019-09-26,64,29,-35
6316,2019-09-26,39,16,-23
6321,2019-09-26,46,34,-12
6322,2019-09-26,18,16,-2
6323,2019-09-26,8,9,1
6324,2019-09-26,16,19,3
6327,2019-09-26,18,16,-2
6328,2019-09-26,32,24,-8
6329,2019-09-26,19,18,-1
6330,2019-09-26,16,16,0
6331,2019-09-26,17,14,-3
6332,2019-09-26,28,27,-1
6333,2019-09-26,11,10,-1
6334,2019-09-26,43,44,1
6335,2019-09-26,23,28,5
6336,2019-09-26,23,24,1
6338,2019-09-26,19,17,-2
6339,2019-09-26,14,16,2
6340,2019-09-26,15,21,6
6341,2019-09-26,23,33,10
6343,2019-09-26,22,28,6
6344,2019-09-26,31,22,-9
6345,2019-09-26,8,13,5
6346,2019-09-26,12,11,-1
6347,2019-09-26,20,16,-4
6349,2019-09-26,19,24,5
6350,2019-09-26,22,33,11
6354,2019-09-26,15,16,1
6355,2019-09-26,15,29,14
6356,2019-09-26,20,15,-5
6357,2019-09-26,18,9,-9
6358,2019-09-26,14,16,2
6359,2019-09-26,61,72,11
6360,2019-09-26,16,16,0
6361,2019-09-26,23,37,14
6362,2019-09-26,26,23,-3
6363,2019-09-26,18,20,2
6364,2019-09-26,26,29,3
6366,2019-09-26,30,24,-6
6367,2019-09-26,16,19,3
6368,2019-09-26,37,32,-5
6369,2019-09-26,32,45,13
6370,2019-09-26,20,26,6
6371,2019-09-26,43,51,8
6372,2019-09-26,46,62,16
6373,2019-09-26,19,21,2
6374,2019-09-26,22,34,12
6375,2019-09-26,41,48,7
6376,2019-09-26,23,25,2
6377,2019-09-26,26,36,10
6379,2019-09-26,14,23,9
6380,2019-09-26,13,10,-3
6381,2019-09-26,36,30,-6
6383,2019-09-26,14,10,-4
6384,2019-09-26,15,9,-6
6385,2019-09-26,27,38,11
6386,2019-09-26,36,32,-4
6387,2019-09-26,48,41,-7
6388,2019-09-26,9,15,6
6389,2019-09-26,41,43,2
6391,2019-09-26,41,58,17
6393,2019-09-26,32,43,11
6394,2019-09-26,33,64,31
6395,2019-09-26,53,43,-10
6396,2019-09-26,82,55,-27
6397,2019-09-26,22,39,17
6398,2019-09-26,22,37,15
6401,2019-09-26,37,55,18
6402,2019-09-26,25,34,9
6403,2019-09-26,13,25,12
6404,2019-09-26,4,19,15
6405,2019-09-26,22,33,11
6406,2019-09-26,27,30,3
6407,2019-09-26,14,26,12
6408,2019-09-26,52,56,4
6409,2019-09-26,16,18,2
6410,2019-09-26,43,36,-7
6411,2019-09-26,109,105,-4
6412,2019-09-26,14,25,11
6413,2019-09-26,15,43,28
6414,2019-09-26,7,12,5
6415,2019-09-26,11,13,2
6416,2019-09-26,14,15,1
6417,2019-09-26,23,26,3
6418,2019-09-26,8,6,-2
6419,2019-09-26,7,15,8
6420,2019-09-26,30,14,-16
6421,2019-09-26,30,27,-3
6422,2019-09-26,8,7,-1
6423,2019-09-26,16,8,-8
6424,2019-09-26,26,44,18
6425,2019-09-26,18,10,-8
6426,2019-09-26,56,40,-16
6427,2019-09-26,35,30,-5
6428,2019-09-26,4,9,5
6429,2019-09-26,21,22,1
6432,2019-09-26,46,51,5
6433,2019-09-26,26,23,-3
6434,2019-09-26,42,40,-2
6435,2019-09-26,18,18,0
6436,2019-09-26,16,15,-1
6501,2019-09-26,27,23,-4
6502,2019-09-26,4,6,2
6503,2019-09-26,48,46,-2
6504,2019-09-26,3,3,0
6700,2019-09-26,11,34,23
6701,2019-09-26,46,44,-2
6702,2019-09-26,10,13,3
6703,2019-09-26,22,23,1
6704,2019-09-26,18,13,-5
6705,2019-09-26,13,22,9
6706,2019-09-26,4,17,13
6707,2019-09-26,21,22,1
6709,2019-09-26,21,20,-1
6710,2019-09-26,7,9,2
6711,2019-09-26,20,19,-1
6713,2019-09-26,11,11,0
6714,2019-09-26,1,0,-1
6715,2019-09-26,9,10,1
6716,2019-09-26,4,8,4
6717,2019-09-26,10,11,1
6718,2019-09-26,11,21,10
6719,2019-09-26,19,23,4
6720,2019-09-26,19,34,15
6721,2019-09-26,13,7,-6
6722,2019-09-26,5,13,8
6723,2019-09-26,6,5,-1
6724,2019-09-26,26,28,2
6725,2019-09-26,19,12,-7
6726,2019-09-26,7,10,3
6727,2019-09-26,63,55,-8
6728,2019-09-26,15,11,-4
6729,2019-09-26,81,86,5
6730,2019-09-26,6,9,3
6731,2019-09-26,6,4,-2
6732,2019-09-26,13,15,2
6733,2019-09-26,21,27,6
6734,2019-09-26,24,26,2
6735,2019-09-26,13,13,0
6736,2019-09-26,9,9,0
6737,2019-09-26,15,18,3
6738,2019-09-26,55,45,-10
6739,2019-09-26,5,6,1
6741,2019-09-26,16,22,6
6742,2019-09-26,33,30,-3
6743,2019-09-26,12,7,-5
6744,2019-09-26,8,14,6
6745,2019-09-26,21,14,-7
6746,2019-09-26,14,16,2
6747,2019-09-26,40,38,-2
6748,2019-09-26,41,62,21
6749,2019-09-26,25,23,-2
6750,2019-09-26,31,28,-3
6752,2019-09-26,42,39,-3
6753,2019-09-26,17,14,-3
6754,2019-09-26,9,11,2
6901,2019-09-26,26,33,7
6902,2019-09-26,53,74,21
6903,2019-09-26,83,72,-11
6904,2019-09-26,28,30,2
6905,2019-09-26,34,29,-5
6906,2019-09-26,79,57,-22
6907,2019-09-26,60,43,-17
6908,2019-09-26,24,29,5
6910,2019-09-26,71,66,-5
6912,2019-09-26,107,68,-39
6913,2019-09-26,22,24,2
6915,2019-09-26,72,57,-15
6916,2019-09-26,33,31,-2
6917,2019-09-26,17,15,-2
6918,2019-09-26,14,16,2
6919,2019-09-26,16,17,1
6921,2019-09-26,53,47,-6
6923,2019-09-26,33,31,-2
6924,2019-09-26,13,9,-4
6925,2019-09-26,37,33,-4
6926,2019-09-26,46,60,14
6927,2019-09-26,57,36,-21
6928,2019-09-26,42,19,-23
6929,2019-09-26,23,17,-6
6930,2019-09-26,17,16,-1
7001,2019-09-26,29,24,-5
7002,2019-09-26,10,9,-1
7003,2019-09-26,75,48,-27
7004,2019-09-26,7,12,5
7005,2019-09-26,3,6,3
7006,2019-09-26,7,10,3
7007,2019-09-26,8,12,4
7008,2019-09-26,16,11,-5
7009,2019-09-26,28,36,8
7010,2019-09-26,9,8,-1
7011,2019-09-26,33,52,19
7012,2019-09-26,19,26,7
7013,2019-09-26,16,11,-5
7014,2019-09-26,78,34,-44
7015,2019-09-26,4,9,5
7016,2019-09-26,8,7,-1
7017,2019-09-26,14,22,8
7018,2019-09-26,20,25,5
7019,2019-09-26,43,82,39
7020,2019-09-26,27,31,4
7021,2019-09-26,34,30,-4
7022,2019-09-26,14,26,12
7023,2019-09-26,5,4,-1
7024,2019-09-26,42,18,-24
7025,2019-09-26,33,28,-5
7026,2019-09-26,42,44,2
7027,2019-09-26,33,23,-10
7028,2019-09-26,77,39,-38
7029,2019-09-26,27,40,13
7030,2019-09-26,35,39,4
7031,2019-09-26,32,38,6
7032,2019-09-26,93,63,-30
7033,2019-09-26,68,61,-7
7034,2019-09-26,10,19,9
7035,2019-09-26,30,39,9
7036,2019-09-26,31,36,5
7037,2019-09-26,40,36,-4
7038,2019-09-26,43,48,5
7039,2019-09-26,19,21,2
7040,2019-09-26,53,44,-9
7041,2019-09-26,78,68,-10
7042,2019-09-26,39,34,-5
7043,2019-09-26,14,12,-2
7044,2019-09-26,7,2,-5
7045,2019-09-26,29,30,1
7046,2019-09-26,82,77,-5
7047,2019-09-26,76,122,46
7048,2019-09-26,10,12,2
7049,2019-09-26,15,19,4
7050,2019-09-26,18,30,12
7051,2019-09-26,4,7,3
7052,2019-09-26,41,37,-4
7053,2019-09-26,26,23,-3
7054,2019-09-26,19,34,15
7055,2019-09-26,14,19,5
7056,2019-09-26,7,20,13
7057,2019-09-26,9,14,5
7058,2019-09-26,18,18,0
7059,2019-09-26,20,23,3
7060,2019-09-26,15,19,4
7061,2019-09-26,16,14,-2
7062,2019-09-26,23,36,13
7063,2019-09-26,15,20,5
7064,2019-09-26,23,23,0
7065,2019-09-26,25,27,2
7066,2019-09-26,40,54,14
7067,2019-09-26,50,60,10
7068,2019-09-26,45,66,21
7069,2019-09-26,55,58,3
7070,2019-09-26,35,40,5
7071,2019-09-26,28,29,1
7072,2019-09-26,31,19,-12
7073,2019-09-26,26,44,18
7074,2019-09-26,23,26,3
7075,2019-09-26,7,7,0
7076,2019-09-26,52,38,-14
7077,2019-09-26,9,19,10
7078,2019-09-26,6,21,15
7079,2019-09-26,37,44,7
7080,2019-09-26,69,58,-11
7081,2019-09-26,38,54,16
7082,2019-09-26,52,48,-4
7083,2019-09-26,49,49,0
7084,2019-09-26,56,50,-6
7087,2019-09-26,1,1,0
7090,2019-09-26,4,11,7
7091,2019-09-26,3,0,-3
7092,2019-09-26,1,1,0
7093,2019-09-26,1,2,1
7094,2019-09-26,1,1,0
7095,2019-09-26,12,14,2
7096,2019-09-26,15,23,8
7097,2019-09-26,5,3,-2
7099,2019-09-26,3,5,2
7100,2019-09-26,3,3,0
7101,2019-09-26,4,2,-2
7102,2019-09-26,5,20,15
7103,2019-09-26,2,1,-1
7106,2019-09-26,1,1,0
7107,2019-09-26,1,1,0
7108,2019-09-26,1,3,2
7109,2019-09-26,11,7,-4
7111,2019-09-26,1,2,1
7112,2019-09-26,6,4,-2
7113,2019-09-26,53,43,-10
7114,2019-09-26,59,64,5
7115,2019-09-26,7,11,4
7116,2019-09-26,7,3,-4
7117,2019-09-26,6,5,-1
7118,2019-09-26,3,2,-1
7119,2019-09-26,1,4,3
7121,2019-09-26,1,4,3
7122,2019-09-26,1,2,1
7124,2019-09-26,24,16,-8
7125,2019-09-26,11,5,-6
7126,2019-09-26,10,5,-5
7127,2019-09-26,34,43,9
7128,2019-09-26,14,7,-7
7129,2019-09-26,6,9,3
7130,2019-09-26,10,11,1
7131,2019-09-26,3,2,-1
7133,2019-09-26,4,6,2
7134,2019-09-26,2,2,0
7135,2019-09-26,3,3,0
7136,2019-09-26,7,7,0
7137,2019-09-26,1,3,2
7139,2019-09-26,3,4,1
7140,2019-09-26,17,19,2
7141,2019-09-26,15,21,6
7142,2019-09-26,5,7,2
7143,2019-09-26,15,13,-2
7144,2019-09-26,29,31,2
7145,2019-09-26,11,9,-2
7146,2019-09-26,12,17,5
7147,2019-09-26,32,34,2
7148,2019-09-26,3,6,3
7149,2019-09-26,8,11,3
10002,2019-09-27,152,170,18
4000,2019-09-27,60,85,25
4001,2019-09-27,24,28,4
4002,2019-09-27,16,33,17
5002,2019-09-27,2,6,4
5003,2019-09-27,7,10,3
5004,2019-09-27,7,10,3
5005,2019-09-27,5,10,5
5006,2019-09-27,5,4,-1
5007,2019-09-27,30,29,-1
6001,2019-09-27,100,111,11
6002,2019-09-27,39,71,32
6003,2019-09-27,76,72,-4
6004,2019-09-27,39,62,23
6005,2019-09-27,105,90,-15
6006,2019-09-27,38,28,-10
6007,2019-09-27,41,41,0
6008,2019-09-27,50,74,24
6009,2019-09-27,87,89,2
6011,2019-09-27,83,83,0
6012,2019-09-27,308,342,34
6013,2019-09-27,83,95,12
6014,2019-09-27,77,89,12
6015,2019-09-27,228,263,35
6016,2019-09-27,15,18,3
6017,2019-09-27,53,60,7
6018,2019-09-27,78,77,-1
6019,2019-09-27,237,131,-106
6020,2019-09-27,111,120,9
6021,2019-09-27,129,84,-45
6022,2019-09-27,68,78,10
6023,2019-09-27,160,183,23
6024,2019-09-27,1,2,1
6025,2019-09-27,50,54,4
6026,2019-09-27,159,179,20
6027,2019-09-27,103,120,17
6029,2019-09-27,37,48,11
6031,2019-09-27,41,51,10
6032,2019-09-27,91,147,56
6033,2019-09-27,20,17,-3
6035,2019-09-27,49,89,40
6036,2019-09-27,175,221,46
6037,2019-09-27,72,82,10
6038,2019-09-27,10,8,-2
6039,2019-09-27,9,7,-2
6040,2019-09-27,101,136,35
6041,2019-09-27,6,2,-4
6042,2019-09-27,112,86,-26
6043,2019-09-27,445,371,-74
6044,2019-09-27,142,110,-32
6046,2019-09-27,103,103,0
6047,2019-09-27,99,72,-27
6048,2019-09-27,39,50,11
6049,2019-09-27,120,137,17
6050,2019-09-27,67,80,13
6051,2019-09-27,49,45,-4
6052,2019-09-27,408,336,-72
6053,2019-09-27,217,218,1
6057,2019-09-27,88,84,-4
6058,2019-09-27,74,76,2
6059,2019-09-27,91,71,-20
6060,2019-09-27,31,30,-1
6061,2019-09-27,101,83,-18
6062,2019-09-27,75,71,-4
6063,2019-09-27,93,93,0
6064,2019-09-27,197,159,-38
6065,2019-09-27,70,60,-10
6066,2019-09-27,23,24,1
6067,2019-09-27,69,115,46
6068,2019-09-27,13,16,3
6070,2019-09-27,178,183,5
6072,2019-09-27,80,69,-11
6073,2019-09-27,235,179,-56
6075,2019-09-27,70,43,-27
6076,2019-09-27,27,41,14
6078,2019-09-27,72,88,16
6079,2019-09-27,148,113,-35
6080,2019-09-27,151,167,16
6081,2019-09-27,43,24,-19
6082,2019-09-27,41,24,-17
6083,2019-09-27,129,173,44
6084,2019-09-27,61,87,26
6085,2019-09-27,118,155,37
6086,2019-09-27,114,102,-12
6087,2019-09-27,177,169,-8
6088,2019-09-27,97,88,-9
6089,2019-09-27,53,56,3
6090,2019-09-27,55,56,1
6091,2019-09-27,59,39,-20
6092,2019-09-27,75,80,5
6093,2019-09-27,49,35,-14
6094,2019-09-27,41,36,-5
6095,2019-09-27,107,87,-20
6096,2019-09-27,55,67,12
6097,2019-09-27,96,43,-53
6098,2019-09-27,49,37,-12
6099,2019-09-27,143,153,10
6100,2019-09-27,288,309,21
6101,2019-09-27,64,39,-25
6102,2019-09-27,34,24,-10
6103,2019-09-27,22,24,2
6104,2019-09-27,89,110,21
6105,2019-09-27,41,65,24
6106,2019-09-27,29,38,9
6107,2019-09-27,92,75,-17
6108,2019-09-27,49,58,9
6109,2019-09-27,26,32,6
6110,2019-09-27,34,41,7
6111,2019-09-27,40,57,17
6112,2019-09-27,124,120,-4
6113,2019-09-27,53,64,11
6114,2019-09-27,141,187,46
6115,2019-09-27,26,34,8
6116,2019-09-27,76,75,-1
6117,2019-09-27,103,115,12
6118,2019-09-27,95,119,24
6119,2019-09-27,93,96,3
6120,2019-09-27,71,122,51
6121,2019-09-27,32,61,29
6122,2019-09-27,25,27,2
6123,2019-09-27,27,31,4
6124,2019-09-27,39,80,41
6125,2019-09-27,36,20,-16
6126,2019-09-27,54,60,6
6127,2019-09-27,47,61,14
6128,2019-09-27,20,27,7
6129,2019-09-27,81,91,10
6130,2019-09-27,36,30,-6
6131,2019-09-27,81,46,-35
6132,2019-09-27,54,88,34
6133,2019-09-27,42,31,-11
6134,2019-09-27,44,41,-3
6136,2019-09-27,380,342,-38
6137,2019-09-27,132,129,-3
6138,2019-09-27,88,86,-2
6139,2019-09-27,55,38,-17
6140,2019-09-27,104,96,-8
6141,2019-09-27,88,69,-19
6142,2019-09-27,140,73,-67
6143,2019-09-27,124,112,-12
6145,2019-09-27,95,78,-17
6146,2019-09-27,109,69,-40
6147,2019-09-27,118,73,-45
6148,2019-09-27,196,140,-56
6149,2019-09-27,57,50,-7
6150,2019-09-27,64,67,3
6151,2019-09-27,95,86,-9
6152,2019-09-27,134,143,9
6153,2019-09-27,69,65,-4
6154,2019-09-27,179,184,5
6155,2019-09-27,168,138,-30
6156,2019-09-27,89,73,-16
6157,2019-09-27,131,124,-7
6158,2019-09-27,97,99,2
6159,2019-09-27,58,55,-3
6160,2019-09-27,67,46,-21
6161,2019-09-27,63,60,-3
6162,2019-09-27,7,10,3
6163,2019-09-27,132,143,11
6164,2019-09-27,104,110,6
6165,2019-09-27,157,192,35
6166,2019-09-27,80,45,-35
6167,2019-09-27,45,57,12
6168,2019-09-27,111,81,-30
6169,2019-09-27,212,227,15
6170,2019-09-27,106,93,-13
6171,2019-09-27,44,59,15
6173,2019-09-27,147,100,-47
6174,2019-09-27,157,99,-58
6175,2019-09-27,138,65,-73
6176,2019-09-27,150,139,-11
6177,2019-09-27,101,79,-22
6178,2019-09-27,162,168,6
6179,2019-09-27,122,115,-7
6180,2019-09-27,100,96,-4
6181,2019-09-27,169,160,-9
6182,2019-09-27,97,87,-10
6183,2019-09-27,131,118,-13
6184,2019-09-27,337,333,-4
6185,2019-09-27,34,25,-9
6187,2019-09-27,137,159,22
6188,2019-09-27,76,68,-8
6189,2019-09-27,21,25,4
6190,2019-09-27,167,140,-27
6191,2019-09-27,60,62,2
6192,2019-09-27,52,36,-16
6193,2019-09-27,127,131,4
6194,2019-09-27,137,128,-9
6195,2019-09-27,91,80,-11
6196,2019-09-27,177,165,-12
6197,2019-09-27,65,66,1
6198,2019-09-27,50,24,-26
6199,2019-09-27,173,158,-15
6200,2019-09-27,132,123,-9
6201,2019-09-27,115,103,-12
6202,2019-09-27,143,140,-3
6203,2019-09-27,64,71,7
6204,2019-09-27,117,129,12
6205,2019-09-27,141,135,-6
6206,2019-09-27,198,167,-31
6207,2019-09-27,98,96,-2
6208,2019-09-27,123,120,-3
6209,2019-09-27,178,162,-16
6210,2019-09-27,75,82,7
6211,2019-09-27,213,214,1
6212,2019-09-27,158,166,8
6213,2019-09-27,159,158,-1
6214,2019-09-27,128,120,-8
6215,2019-09-27,113,78,-35
6216,2019-09-27,142,773,631
6217,2019-09-27,121,114,-7
6218,2019-09-27,112,93,-19
6219,2019-09-27,91,78,-13
6220,2019-09-27,141,106,-35
6221,2019-09-27,190,198,8
6222,2019-09-27,114,123,9
6223,2019-09-27,215,187,-28
6224,2019-09-27,126,128,2
6225,2019-09-27,88,88,0
6226,2019-09-27,20,23,3
6227,2019-09-27,157,152,-5
6228,2019-09-27,52,47,-5
6229,2019-09-27,84,68,-16
6230,2019-09-27,125,119,-6
6231,2019-09-27,150,142,-8
6232,2019-09-27,58,40,-18
6233,2019-09-27,194,145,-49
6234,2019-09-27,100,91,-9
6235,2019-09-27,99,86,-13
6236,2019-09-27,73,76,3
6237,2019-09-27,61,61,0
6240,2019-09-27,33,28,-5
6241,2019-09-27,78,82,4
6243,2019-09-27,72,74,2
6245,2019-09-27,49,58,9
6246,2019-09-27,93,65,-28
6247,2019-09-27,138,137,-1
6248,2019-09-27,176,188,12
6249,2019-09-27,82,60,-22
6250,2019-09-27,101,102,1
6251,2019-09-27,28,30,2
6252,2019-09-27,67,53,-14
6253,2019-09-27,91,67,-24
6254,2019-09-27,86,73,-13
6255,2019-09-27,67,73,6
6257,2019-09-27,44,35,-9
6258,2019-09-27,105,82,-23
6259,2019-09-27,49,55,6
6260,2019-09-27,55,46,-9
6261,2019-09-27,57,58,1
6262,2019-09-27,57,52,-5
6263,2019-09-27,32,26,-6
6264,2019-09-27,34,32,-2
6265,2019-09-27,70,69,-1
6266,2019-09-27,35,36,1
6267,2019-09-27,60,50,-10
6268,2019-09-27,72,68,-4
6269,2019-09-27,31,33,2
6270,2019-09-27,44,44,0
6271,2019-09-27,3,2,-1
6272,2019-09-27,43,36,-7
6273,2019-09-27,37,27,-10
6274,2019-09-27,51,59,8
6275,2019-09-27,35,35,0
6276,2019-09-27,54,56,2
6277,2019-09-27,67,49,-18
6278,2019-09-27,37,30,-7
6279,2019-09-27,27,34,7
6280,2019-09-27,111,114,3
6281,2019-09-27,43,37,-6
6301,2019-09-27,56,63,7
6302,2019-09-27,22,34,12
6303,2019-09-27,18,19,1
6304,2019-09-27,18,16,-2
6305,2019-09-27,28,19,-9
6306,2019-09-27,70,32,-38
6307,2019-09-27,150,141,-9
6309,2019-09-27,27,28,1
6310,2019-09-27,81,48,-33
6311,2019-09-27,49,40,-9
6312,2019-09-27,20,34,14
6313,2019-09-27,53,74,21
6314,2019-09-27,61,71,10
6315,2019-09-27,85,48,-37
6316,2019-09-27,45,24,-21
6321,2019-09-27,76,49,-27
6322,2019-09-27,31,25,-6
6323,2019-09-27,26,24,-2
6324,2019-09-27,24,30,6
6327,2019-09-27,37,31,-6
6328,2019-09-27,43,41,-2
6329,2019-09-27,34,31,-3
6330,2019-09-27,33,29,-4
6331,2019-09-27,33,24,-9
6332,2019-09-27,47,45,-2
6333,2019-09-27,20,29,9
6334,2019-09-27,103,91,-12
6335,2019-09-27,42,33,-9
6336,2019-09-27,39,37,-2
6338,2019-09-27,41,31,-10
6339,2019-09-27,38,38,0
6340,2019-09-27,34,33,-1
6341,2019-09-27,37,59,22
6343,2019-09-27,47,48,1
6344,2019-09-27,66,51,-15
6345,2019-09-27,25,30,5
6346,2019-09-27,17,15,-2
6347,2019-09-27,22,26,4
6349,2019-09-27,36,45,9
6350,2019-09-27,44,32,-12
6354,2019-09-27,44,45,1
6355,2019-09-27,25,45,20
6356,2019-09-27,50,29,-21
6357,2019-09-27,30,26,-4
6358,2019-09-27,30,28,-2
6359,2019-09-27,100,123,23
6360,2019-09-27,22,18,-4
6361,2019-09-27,62,57,-5
6362,2019-09-27,47,36,-11
6363,2019-09-27,32,23,-9
6364,2019-09-27,43,37,-6
6366,2019-09-27,26,22,-4
6367,2019-09-27,28,33,5
6368,2019-09-27,71,78,7
6369,2019-09-27,42,53,11
6370,2019-09-27,53,49,-4
6371,2019-09-27,105,88,-17
6372,2019-09-27,94,107,13
6373,2019-09-27,51,51,0
6374,2019-09-27,56,47,-9
6375,2019-09-27,73,89,16
6376,2019-09-27,35,32,-3
6377,2019-09-27,58,56,-2
6379,2019-09-27,30,38,8
6380,2019-09-27,24,25,1
6381,2019-09-27,39,52,13
6383,2019-09-27,42,32,-10
6384,2019-09-27,25,24,-1
6385,2019-09-27,57,57,0
6386,2019-09-27,60,70,10
6387,2019-09-27,99,123,24
6388,2019-09-27,21,29,8
6389,2019-09-27,67,53,-14
6391,2019-09-27,63,93,30
6393,2019-09-27,59,95,36
6394,2019-09-27,47,88,41
6395,2019-09-27,54,68,14
6396,2019-09-27,89,89,0
6397,2019-09-27,46,54,8
6398,2019-09-27,42,58,16
6401,2019-09-27,98,84,-14
6402,2019-09-27,41,63,22
6403,2019-09-27,42,36,-6
6404,2019-09-27,21,27,6
6405,2019-09-27,56,53,-3
6406,2019-09-27,140,185,45
6407,2019-09-27,12,29,17
6408,2019-09-27,56,60,4
6409,2019-09-27,23,26,3
6410,2019-09-27,55,54,-1
6411,2019-09-27,206,181,-25
6412,2019-09-27,26,22,-4
6413,2019-09-27,88,43,-45
6414,2019-09-27,20,32,12
6415,2019-09-27,18,22,4
6416,2019-09-27,38,21,-17
6417,2019-09-27,28,31,3
6418,2019-09-27,13,11,-2
6419,2019-09-27,19,17,-2
6420,2019-09-27,36,29,-7
6421,2019-09-27,58,31,-27
6422,2019-09-27,15,20,5
6423,2019-09-27,22,10,-12
6424,2019-09-27,68,92,24
6425,2019-09-27,55,66,11
6426,2019-09-27,89,99,10
6427,2019-09-27,66,79,13
6428,2019-09-27,15,31,16
6429,2019-09-27,33,57,24
6432,2019-09-27,93,94,1
6433,2019-09-27,38,39,1
6434,2019-09-27,70,74,4
6435,2019-09-27,44,49,5
6436,2019-09-27,44,43,-1
6501,2019-09-27,109,131,22
6502,2019-09-27,19,19,0
6503,2019-09-27,79,50,-29
6504,2019-09-27,24,16,-8
6700,2019-09-27,19,59,40
6701,2019-09-27,78,77,-1
6702,2019-09-27,17,26,9
6703,2019-09-27,59,56,-3
6704,2019-09-27,43,42,-1
6705,2019-09-27,14,24,10
6706,2019-09-27,31,43,12
6707,2019-09-27,24,33,9
6709,2019-09-27,38,33,-5
6710,2019-09-27,19,27,8
6711,2019-09-27,26,24,-2
6712,2019-09-27,15,20,5
6713,2019-09-27,21,27,6
6714,2019-09-27,9,7,-2
6715,2019-09-27,26,20,-6
6716,2019-09-27,10,10,0
6717,2019-09-27,10,13,3
6718,2019-09-27,31,26,-5
6719,2019-09-27,27,29,2
6720,2019-09-27,29,45,16
6721,2019-09-27,17,26,9
6722,2019-09-27,14,19,5
6723,2019-09-27,13,19,6
6724,2019-09-27,50,81,31
6725,2019-09-27,28,38,10
6726,2019-09-27,11,14,3
6727,2019-09-27,96,104,8
6728,2019-09-27,23,18,-5
6729,2019-09-27,115,120,5
6730,2019-09-27,14,14,0
6731,2019-09-27,20,11,-9
6732,2019-09-27,50,46,-4
6733,2019-09-27,40,43,3
6734,2019-09-27,54,49,-5
6735,2019-09-27,4,9,5
6736,2019-09-27,10,26,16
6737,2019-09-27,26,32,6
6738,2019-09-27,79,97,18
6739,2019-09-27,7,10,3
6741,2019-09-27,26,10,-16
6742,2019-09-27,61,75,14
6743,2019-09-27,25,9,-16
6744,2019-09-27,25,23,-2
6745,2019-09-27,27,27,0
6746,2019-09-27,40,40,0
6747,2019-09-27,62,58,-4
6748,2019-09-27,77,76,-1
6749,2019-09-27,58,59,1
6750,2019-09-27,77,81,4
6752,2019-09-27,28,36,8
6753,2019-09-27,20,15,-5
6754,2019-09-27,27,30,3
6901,2019-09-27,69,81,12
6902,2019-09-27,91,100,9
6903,2019-09-27,127,134,7
6904,2019-09-27,67,50,-17
6905,2019-09-27,56,54,-2
6906,2019-09-27,145,82,-63
6907,2019-09-27,119,74,-45
6908,2019-09-27,79,66,-13
6910,2019-09-27,164,124,-40
6912,2019-09-27,151,117,-34
6913,2019-09-27,65,47,-18
6915,2019-09-27,105,92,-13
6916,2019-09-27,48,39,-9
6917,2019-09-27,18,21,3
6918,2019-09-27,34,29,-5
6919,2019-09-27,32,33,1
6921,2019-09-27,111,105,-6
6923,2019-09-27,49,53,4
6924,2019-09-27,18,16,-2
6925,2019-09-27,36,36,0
6926,2019-09-27,96,108,12
6927,2019-09-27,53,50,-3
6928,2019-09-27,36,19,-17
6929,2019-09-27,36,29,-7
6930,2019-09-27,11,13,2
7001,2019-09-27,37,44,7
7002,2019-09-27,20,22,2
7003,2019-09-27,104,92,-12
7004,2019-09-27,15,27,12
7005,2019-09-27,9,16,7
7006,2019-09-27,24,27,3
7007,2019-09-27,29,23,-6
7008,2019-09-27,25,28,3
7009,2019-09-27,65,64,-1
7010,2019-09-27,27,20,-7
7011,2019-09-27,78,75,-3
7012,2019-09-27,44,46,2
7013,2019-09-27,20,24,4
7014,2019-09-27,65,41,-24
7015,2019-09-27,30,31,1
7016,2019-09-27,18,17,-1
7017,2019-09-27,34,33,-1
7018,2019-09-27,32,57,25
7019,2019-09-27,89,111,22
7020,2019-09-27,22,33,11
7021,2019-09-27,54,61,7
7022,2019-09-27,36,40,4
7023,2019-09-27,6,5,-1
7024,2019-09-27,98,59,-39
7025,2019-09-27,107,97,-10
7026,2019-09-27,97,94,-3
7027,2019-09-27,66,57,-9
7028,2019-09-27,106,113,7
7029,2019-09-27,68,60,-8
7030,2019-09-27,72,64,-8
7031,2019-09-27,63,73,10
7032,2019-09-27,136,104,-32
7033,2019-09-27,92,76,-16
7034,2019-09-27,43,84,41
7035,2019-09-27,54,60,6
7036,2019-09-27,80,82,2
7037,2019-09-27,87,83,-4
7038,2019-09-27,103,105,2
7039,2019-09-27,41,23,-18
7040,2019-09-27,93,101,8
7041,2019-09-27,121,122,1
7042,2019-09-27,53,50,-3
7043,2019-09-27,36,20,-16
7044,2019-09-27,13,14,1
7045,2019-09-27,73,65,-8
7046,2019-09-27,84,117,33
7047,2019-09-27,185,179,-6
7048,2019-09-27,30,31,1
7049,2019-09-27,28,26,-2
7050,2019-09-27,31,23,-8
7051,2019-09-27,9,20,11
7052,2019-09-27,66,66,0
7053,2019-09-27,58,60,2
7054,2019-09-27,61,88,27
7055,2019-09-27,19,62,43
7056,2019-09-27,20,29,9
7057,2019-09-27,42,58,16
7058,2019-09-27,37,43,6
7059,2019-09-27,29,33,4
7060,2019-09-27,17,20,3
7061,2019-09-27,23,21,-2
7062,2019-09-27,75,65,-10
7063,2019-09-27,28,21,-7
7064,2019-09-27,23,30,7
7065,2019-09-27,64,48,-16
7066,2019-09-27,133,176,43
7067,2019-09-27,99,102,3
7068,2019-09-27,99,92,-7
7069,2019-09-27,98,119,21
7070,2019-09-27,53,59,6
7071,2019-09-27,59,43,-16
7072,2019-09-27,50,37,-13
7073,2019-09-27,55,66,11
7074,2019-09-27,41,37,-4
7075,2019-09-27,5,11,6
7076,2019-09-27,66,49,-17
7077,2019-09-27,30,28,-2
7078,2019-09-27,36,24,-12
7079,2019-09-27,73,90,17
7080,2019-09-27,118,122,4
7081,2019-09-27,95,103,8
7082,2019-09-27,86,109,23
7083,2019-09-27,92,90,-2
7084,2019-09-27,109,118,9
7087,2019-09-27,2,1,-1
7088,2019-09-27,1,0,-1
7090,2019-09-27,19,15,-4
7091,2019-09-27,10,9,-1
7092,2019-09-27,6,5,-1
7093,2019-09-27,7,2,-5
7094,2019-09-27,4,1,-3
7095,2019-09-27,19,18,-1
7096,2019-09-27,25,29,4
7097,2019-09-27,9,8,-1
7098,2019-09-27,4,4,0
7099,2019-09-27,5,12,7
7100,2019-09-27,9,11,2
7101,2019-09-27,12,10,-2
7102,2019-09-27,29,25,-4
7103,2019-09-27,15,18,3
7104,2019-09-27,4,5,1
7105,2019-09-27,7,12,5
7106,2019-09-27,5,4,-1
7107,2019-09-27,2,2,0
7108,2019-09-27,11,12,1
7109,2019-09-27,12,13,1
7110,2019-09-27,17,14,-3
7111,2019-09-27,9,7,-2
7112,2019-09-27,5,9,4
7113,2019-09-27,106,119,13
7114,2019-09-27,114,105,-9
7115,2019-09-27,11,7,-4
7116,2019-09-27,11,11,0
7117,2019-09-27,9,5,-4
7118,2019-09-27,3,2,-1
7119,2019-09-27,9,17,8
7120,2019-09-27,2,2,0
7121,2019-09-27,10,6,-4
7122,2019-09-27,6,7,1
7123,2019-09-27,9,7,-2
7124,2019-09-27,31,31,0
7125,2019-09-27,15,14,-1
7126,2019-09-27,15,5,-10
7127,2019-09-27,58,61,3
7128,2019-09-27,16,17,1
7129,2019-09-27,16,16,0
7130,2019-09-27,12,13,1
7131,2019-09-27,6,7,1
7132,2019-09-27,3,2,-1
7133,2019-09-27,5,11,6
7134,2019-09-27,8,7,-1
7135,2019-09-27,5,5,0
7136,2019-09-27,11,11,0
7137,2019-09-27,9,5,-4
7138,2019-09-27,6,7,1
7139,2019-09-27,20,16,-4
7140,2019-09-27,31,27,-4
7141,2019-09-27,21,33,12
7142,2019-09-27,8,19,11
7143,2019-09-27,15,26,11
7144,2019-09-27,35,52,17
7145,2019-09-27,12,15,3
7146,2019-09-27,36,27,-9
7147,2019-09-27,52,33,-19
7148,2019-09-27,7,12,5
7149,2019-09-27,22,19,-3
10002,2019-09-28,37,41,4
4000,2019-09-28,26,31,5
4001,2019-09-28,2,6,4
4002,2019-09-28,6,2,-4
5002,2019-09-28,3,2,-1
5003,2019-09-28,1,0,-1
5004,2019-09-28,1,1,0
5007,2019-09-28,3,7,4
6001,2019-09-28,19,16,-3
6002,2019-09-28,40,40,0
6003,2019-09-28,25,26,1
6004,2019-09-28,19,24,5
6005,2019-09-28,17,17,0
6006,2019-09-28,19,15,-4
6007,2019-09-28,10,12,2
6008,2019-09-28,18,22,4
6009,2019-09-28,31,29,-2
6011,2019-09-28,21,30,9
6012,2019-09-28,49,91,42
6013,2019-09-28,22,18,-4
6014,2019-09-28,26,24,-2
6015,2019-09-28,65,107,42
6017,2019-09-28,24,37,13
6018,2019-09-28,42,51,9
6019,2019-09-28,84,57,-27
6020,2019-09-28,38,78,40
6021,2019-09-28,59,47,-12
6022,2019-09-28,20,30,10
6023,2019-09-28,34,62,28
6025,2019-09-28,14,9,-5
6026,2019-09-28,49,60,11
6027,2019-09-28,29,41,12
6029,2019-09-28,9,17,8
6031,2019-09-28,10,12,2
6032,2019-09-28,14,44,30
6033,2019-09-28,10,8,-2
6035,2019-09-28,11,21,10
6036,2019-09-28,63,72,9
6037,2019-09-28,17,30,13
6038,2019-09-28,31,30,-1
6039,2019-09-28,21,25,4
6040,2019-09-28,14,20,6
6041,2019-09-28,13,17,4
6042,2019-09-28,8,16,8
6043,2019-09-28,22,29,7
6044,2019-09-28,53,54,1
6046,2019-09-28,27,22,-5
6047,2019-09-28,27,23,-4
6048,2019-09-28,9,10,1
6049,2019-09-28,14,17,3
6050,2019-09-28,12,13,1
6051,2019-09-28,23,17,-6
6052,2019-09-28,51,64,13
6053,2019-09-28,43,81,38
6057,2019-09-28,30,23,-7
6058,2019-09-28,12,12,0
6059,2019-09-28,18,9,-9
6060,2019-09-28,4,8,4
6061,2019-09-28,22,13,-9
6062,2019-09-28,41,30,-11
6063,2019-09-28,28,37,9
6064,2019-09-28,59,55,-4
6065,2019-09-28,31,17,-14
6066,2019-09-28,3,3,0
6067,2019-09-28,7,7,0
6068,2019-09-28,5,2,-3
6070,2019-09-28,43,43,0
6072,2019-09-28,21,19,-2
6073,2019-09-28,36,44,8
6075,2019-09-28,11,6,-5
6076,2019-09-28,10,12,2
6078,2019-09-28,27,29,2
6079,2019-09-28,31,23,-8
6080,2019-09-28,47,45,-2
6081,2019-09-28,18,20,2
6082,2019-09-28,18,11,-7
6083,2019-09-28,20,26,6
6084,2019-09-28,9,21,12
6085,2019-09-28,26,36,10
6086,2019-09-28,24,40,16
6087,2019-09-28,35,67,32
6088,2019-09-28,23,31,8
6089,2019-09-28,8,13,5
6090,2019-09-28,25,25,0
6091,2019-09-28,28,17,-11
6092,2019-09-28,20,20,0
6093,2019-09-28,11,11,0
6094,2019-09-28,20,11,-9
6095,2019-09-28,41,56,15
6096,2019-09-28,13,22,9
6097,2019-09-28,33,28,-5
6098,2019-09-28,21,13,-8
6099,2019-09-28,44,81,37
6100,2019-09-28,93,72,-21
6101,2019-09-28,33,12,-21
6102,2019-09-28,13,12,-1
6103,2019-09-28,9,12,3
6104,2019-09-28,22,30,8
6105,2019-09-28,18,18,0
6106,2019-09-28,15,14,-1
6107,2019-09-28,38,50,12
6108,2019-09-28,20,16,-4
6109,2019-09-28,1,1,0
6110,2019-09-28,18,25,7
6111,2019-09-28,10,21,11
6112,2019-09-28,52,66,14
6113,2019-09-28,19,29,10
6114,2019-09-28,86,106,20
6115,2019-09-28,3,8,5
6116,2019-09-28,34,37,3
6117,2019-09-28,17,18,1
6118,2019-09-28,44,59,15
6119,2019-09-28,40,35,-5
6120,2019-09-28,43,60,17
6121,2019-09-28,12,16,4
6122,2019-09-28,14,15,1
6123,2019-09-28,16,14,-2
6124,2019-09-28,18,31,13
6125,2019-09-28,9,8,-1
6126,2019-09-28,24,28,4
6127,2019-09-28,15,18,3
6128,2019-09-28,7,8,1
6129,2019-09-28,47,38,-9
6130,2019-09-28,18,17,-1
6131,2019-09-28,43,36,-7
6132,2019-09-28,24,46,22
6133,2019-09-28,11,21,10
6134,2019-09-28,24,25,1
6136,2019-09-28,170,144,-26
6137,2019-09-28,69,54,-15
6138,2019-09-28,42,41,-1
6139,2019-09-28,41,29,-12
6140,2019-09-28,67,67,0
6141,2019-09-28,40,32,-8
6142,2019-09-28,42,24,-18
6143,2019-09-28,42,36,-6
6145,2019-09-28,25,28,3
6146,2019-09-28,41,25,-16
6147,2019-09-28,33,33,0
6148,2019-09-28,46,29,-17
6149,2019-09-28,20,16,-4
6150,2019-09-28,42,36,-6
6151,2019-09-28,42,44,2
6152,2019-09-28,68,66,-2
6153,2019-09-28,35,35,0
6154,2019-09-28,120,105,-15
6155,2019-09-28,67,82,15
6156,2019-09-28,39,37,-2
6157,2019-09-28,82,85,3
6158,2019-09-28,40,41,1
6159,2019-09-28,9,16,7
6160,2019-09-28,33,25,-8
6161,2019-09-28,30,27,-3
6162,2019-09-28,7,10,3
6163,2019-09-28,61,64,3
6164,2019-09-28,46,53,7
6165,2019-09-28,75,99,24
6166,2019-09-28,18,25,7
6167,2019-09-28,34,25,-9
6168,2019-09-28,40,32,-8
6169,2019-09-28,116,104,-12
6170,2019-09-28,40,40,0
6171,2019-09-28,17,27,10
6173,2019-09-28,58,47,-11
6174,2019-09-28,67,55,-12
6175,2019-09-28,34,44,10
6176,2019-09-28,80,72,-8
6177,2019-09-28,54,44,-10
6178,2019-09-28,81,84,3
6179,2019-09-28,44,33,-11
6180,2019-09-28,18,22,4
6181,2019-09-28,90,63,-27
6182,2019-09-28,42,29,-13
6183,2019-09-28,69,66,-3
6184,2019-09-28,181,158,-23
6185,2019-09-28,12,13,1
6187,2019-09-28,77,78,1
6188,2019-09-28,34,36,2
6189,2019-09-28,18,14,-4
6190,2019-09-28,69,41,-28
6191,2019-09-28,37,36,-1
6192,2019-09-28,18,17,-1
6193,2019-09-28,83,77,-6
6194,2019-09-28,60,43,-17
6195,2019-09-28,43,27,-16
6196,2019-09-28,86,64,-22
6197,2019-09-28,26,25,-1
6198,2019-09-28,14,7,-7
6199,2019-09-28,41,44,3
6200,2019-09-28,55,49,-6
6201,2019-09-28,50,34,-16
6202,2019-09-28,71,59,-12
6203,2019-09-28,20,14,-6
6204,2019-09-28,66,54,-12
6205,2019-09-28,58,52,-6
6206,2019-09-28,75,81,6
6207,2019-09-28,15,11,-4
6208,2019-09-28,35,41,6
6209,2019-09-28,62,46,-16
6210,2019-09-28,15,8,-7
6211,2019-09-28,107,92,-15
6212,2019-09-28,44,16,-28
6213,2019-09-28,78,79,1
6214,2019-09-28,46,28,-18
6215,2019-09-28,46,20,-26
6216,2019-09-28,8,13,5
6217,2019-09-28,58,32,-26
6218,2019-09-28,29,21,-8
6219,2019-09-28,46,38,-8
6220,2019-09-28,63,47,-16
6221,2019-09-28,105,86,-19
6222,2019-09-28,38,22,-16
6223,2019-09-28,53,33,-20
6224,2019-09-28,52,31,-21
6225,2019-09-28,63,37,-26
6226,2019-09-28,3,5,2
6227,2019-09-28,76,79,3
6228,2019-09-28,21,16,-5
6229,2019-09-28,49,34,-15
6230,2019-09-28,71,58,-13
6231,2019-09-28,77,65,-12
6232,2019-09-28,14,13,-1
6233,2019-09-28,122,93,-29
6234,2019-09-28,37,34,-3
6235,2019-09-28,25,26,1
6236,2019-09-28,37,46,9
6237,2019-09-28,49,51,2
6240,2019-09-28,6,6,0
6241,2019-09-28,30,20,-10
6243,2019-09-28,31,31,0
6245,2019-09-28,27,18,-9
6246,2019-09-28,28,23,-5
6247,2019-09-28,72,59,-13
6248,2019-09-28,89,65,-24
6249,2019-09-28,41,25,-16
6250,2019-09-28,44,53,9
6251,2019-09-28,8,12,4
6252,2019-09-28,28,30,2
6253,2019-09-28,28,32,4
6254,2019-09-28,25,30,5
6255,2019-09-28,53,53,0
6257,2019-09-28,25,25,0
6258,2019-09-28,45,38,-7
6259,2019-09-28,15,10,-5
6260,2019-09-28,24,19,-5
6261,2019-09-28,29,23,-6
6262,2019-09-28,28,26,-2
6263,2019-09-28,9,12,3
6264,2019-09-28,17,18,1
6265,2019-09-28,29,29,0
6266,2019-09-28,4,10,6
6267,2019-09-28,25,30,5
6268,2019-09-28,41,32,-9
6269,2019-09-28,12,20,8
6270,2019-09-28,19,10,-9
6271,2019-09-28,2,0,-2
6272,2019-09-28,17,17,0
6273,2019-09-28,17,18,1
6274,2019-09-28,24,14,-10
6275,2019-09-28,18,20,2
6276,2019-09-28,25,28,3
6277,2019-09-28,39,38,-1
6278,2019-09-28,12,8,-4
6279,2019-09-28,15,10,-5
6280,2019-09-28,41,44,3
6281,2019-09-28,15,11,-4
6301,2019-09-28,3,7,4
6302,2019-09-28,8,13,5
6303,2019-09-28,6,5,-1
6304,2019-09-28,5,4,-1
6305,2019-09-28,6,6,0
6306,2019-09-28,14,9,-5
6307,2019-09-28,50,50,0
6309,2019-09-28,11,14,3
6310,2019-09-28,27,10,-17
6311,2019-09-28,20,21,1
6312,2019-09-28,7,12,5
6313,2019-09-28,29,35,6
6314,2019-09-28,27,20,-7
6315,2019-09-28,22,14,-8
6316,2019-09-28,14,7,-7
6321,2019-09-28,23,26,3
6322,2019-09-28,23,12,-11
6323,2019-09-28,6,5,-1
6324,2019-09-28,15,15,0
6327,2019-09-28,21,18,-3
6328,2019-09-28,32,39,7
6329,2019-09-28,8,12,4
6330,2019-09-28,8,11,3
6331,2019-09-28,12,12,0
6332,2019-09-28,16,24,8
6333,2019-09-28,12,7,-5
6334,2019-09-28,29,51,22
6335,2019-09-28,16,11,-5
6336,2019-09-28,15,12,-3
6338,2019-09-28,25,31,6
6339,2019-09-28,15,12,-3
6340,2019-09-28,20,15,-5
6341,2019-09-28,18,14,-4
6343,2019-09-28,31,27,-4
6344,2019-09-28,12,18,6
6345,2019-09-28,9,11,2
6346,2019-09-28,8,3,-5
6347,2019-09-28,8,9,1
6349,2019-09-28,13,14,1
6350,2019-09-28,18,20,2
6354,2019-09-28,17,19,2
6355,2019-09-28,12,18,6
6356,2019-09-28,19,14,-5
6357,2019-09-28,11,10,-1
6358,2019-09-28,10,9,-1
6359,2019-09-28,28,50,22
6360,2019-09-28,14,14,0
6361,2019-09-28,25,20,-5
6362,2019-09-28,23,20,-3
6363,2019-09-28,10,9,-1
6364,2019-09-28,18,20,2
6366,2019-09-28,12,5,-7
6367,2019-09-28,21,19,-2
6368,2019-09-28,36,39,3
6369,2019-09-28,3,16,13
6370,2019-09-28,16,9,-7
6371,2019-09-28,30,42,12
6372,2019-09-28,54,71,17
6373,2019-09-28,21,21,0
6374,2019-09-28,20,31,11
6375,2019-09-28,20,34,14
6376,2019-09-28,20,13,-7
6377,2019-09-28,11,16,5
6379,2019-09-28,11,15,4
6380,2019-09-28,9,8,-1
6381,2019-09-28,21,19,-2
6383,2019-09-28,17,17,0
6384,2019-09-28,8,15,7
6385,2019-09-28,32,33,1
6386,2019-09-28,19,25,6
6387,2019-09-28,47,57,10
6388,2019-09-28,14,14,0
6389,2019-09-28,26,25,-1
6391,2019-09-28,34,46,12
6393,2019-09-28,20,31,11
6394,2019-09-28,44,60,16
6395,2019-09-28,27,31,4
6396,2019-09-28,36,24,-12
6397,2019-09-28,14,20,6
6398,2019-09-28,15,24,9
6401,2019-09-28,32,48,16
6402,2019-09-28,19,21,2
6403,2019-09-28,7,11,4
6404,2019-09-28,9,7,-2
6405,2019-09-28,20,28,8
6406,2019-09-28,47,48,1
6407,2019-09-28,7,10,3
6408,2019-09-28,21,21,0
6409,2019-09-28,13,11,-2
6410,2019-09-28,11,25,14
6411,2019-09-28,91,58,-33
6412,2019-09-28,5,11,6
6413,2019-09-28,7,10,3
6414,2019-09-28,10,13,3
6415,2019-09-28,12,10,-2
6416,2019-09-28,11,11,0
6417,2019-09-28,13,18,5
6419,2019-09-28,1,4,3
6420,2019-09-28,20,14,-6
6421,2019-09-28,26,31,5
6422,2019-09-28,2,7,5
6423,2019-09-28,3,2,-1
6424,2019-09-28,14,19,5
6425,2019-09-28,9,10,1
6426,2019-09-28,29,34,5
6427,2019-09-28,29,26,-3
6428,2019-09-28,5,8,3
6429,2019-09-28,4,8,4
6432,2019-09-28,25,27,2
6433,2019-09-28,6,7,1
6434,2019-09-28,19,20,1
6435,2019-09-28,17,13,-4
6436,2019-09-28,9,11,2
6501,2019-09-28,19,17,-2
6502,2019-09-28,4,6,2
6503,2019-09-28,25,22,-3
6504,2019-09-28,3,4,1
6700,2019-09-28,9,15,6
6701,2019-09-28,33,18,-15
6702,2019-09-28,3,5,2
6703,2019-09-28,13,20,7
6704,2019-09-28,13,9,-4
6705,2019-09-28,7,4,-3
6706,2019-09-28,4,10,6
6707,2019-09-28,10,14,4
6709,2019-09-28,19,17,-2
6710,2019-09-28,2,4,2
6711,2019-09-28,7,7,0
6712,2019-09-28,3,6,3
6713,2019-09-28,1,1,0
6714,2019-09-28,3,2,-1
6715,2019-09-28,4,6,2
6716,2019-09-28,4,5,1
6717,2019-09-28,1,5,4
6718,2019-09-28,15,21,6
6719,2019-09-28,6,11,5
6720,2019-09-28,10,21,11
6721,2019-09-28,11,5,-6
6722,2019-09-28,4,8,4
6723,2019-09-28,8,14,6
6724,2019-09-28,7,21,14
6725,2019-09-28,7,13,6
6726,2019-09-28,2,4,2
6727,2019-09-28,25,23,-2
6728,2019-09-28,10,16,6
6729,2019-09-28,60,73,13
6730,2019-09-28,9,10,1
6731,2019-09-28,1,6,5
6732,2019-09-28,12,10,-2
6733,2019-09-28,13,19,6
6734,2019-09-28,35,28,-7
6735,2019-09-28,7,6,-1
6736,2019-09-28,6,8,2
6737,2019-09-28,9,8,-1
6738,2019-09-28,8,8,0
6739,2019-09-28,5,4,-1
6741,2019-09-28,1,3,2
6742,2019-09-28,5,9,4
6743,2019-09-28,17,15,-2
6744,2019-09-28,6,7,1
6745,2019-09-28,10,11,1
6746,2019-09-28,10,6,-4
6747,2019-09-28,20,22,2
6748,2019-09-28,20,29,9
6749,2019-09-28,13,9,-4
6750,2019-09-28,35,32,-3
6752,2019-09-28,8,9,1
6753,2019-09-28,7,6,-1
6754,2019-09-28,5,7,2
6901,2019-09-28,23,34,11
6902,2019-09-28,35,53,18
6903,2019-09-28,61,59,-2
6904,2019-09-28,21,24,3
6905,2019-09-28,23,22,-1
6906,2019-09-28,56,33,-23
6907,2019-09-28,56,41,-15
6908,2019-09-28,42,34,-8
6910,2019-09-28,65,61,-4
6912,2019-09-28,59,47,-12
6913,2019-09-28,21,30,9
6915,2019-09-28,56,46,-10
6916,2019-09-28,15,12,-3
6917,2019-09-28,10,13,3
6918,2019-09-28,18,13,-5
6919,2019-09-28,15,12,-3
6921,2019-09-28,14,21,7
6923,2019-09-28,22,26,4
6924,2019-09-28,21,16,-5
6925,2019-09-28,12,19,7
6926,2019-09-28,43,39,-4
6927,2019-09-28,24,15,-9
6928,2019-09-28,9,3,-6
6929,2019-09-28,14,11,-3
6930,2019-09-28,9,11,2
7001,2019-09-28,20,29,9
7002,2019-09-28,1,6,5
7003,2019-09-28,53,40,-13
7004,2019-09-28,4,5,1
7005,2019-09-28,3,3,0
7006,2019-09-28,8,5,-3
7007,2019-09-28,3,7,4
7008,2019-09-28,10,11,1
7009,2019-09-28,14,18,4
7010,2019-09-28,8,8,0
7011,2019-09-28,32,53,21
7012,2019-09-28,21,17,-4
7013,2019-09-28,16,13,-3
7014,2019-09-28,22,16,-6
7015,2019-09-28,9,8,-1
7016,2019-09-28,4,3,-1
7017,2019-09-28,14,18,4
7018,2019-09-28,16,30,14
7019,2019-09-28,16,18,2
7020,2019-09-28,11,14,3
7021,2019-09-28,21,21,0
7022,2019-09-28,22,18,-4
7023,2019-09-28,4,7,3
7024,2019-09-28,35,25,-10
7025,2019-09-28,24,26,2
7026,2019-09-28,24,24,0
7027,2019-09-28,16,21,5
7028,2019-09-28,33,38,5
7029,2019-09-28,41,35,-6
7030,2019-09-28,28,25,-3
7031,2019-09-28,37,29,-8
7032,2019-09-28,69,55,-14
7033,2019-09-28,52,53,1
7034,2019-09-28,14,11,-3
7035,2019-09-28,12,11,-1
7036,2019-09-28,41,34,-7
7037,2019-09-28,27,19,-8
7038,2019-09-28,45,46,1
7039,2019-09-28,7,11,4
7040,2019-09-28,38,35,-3
7041,2019-09-28,34,40,6
7042,2019-09-28,18,14,-4
7043,2019-09-28,12,4,-8
7044,2019-09-28,5,4,-1
7045,2019-09-28,20,32,12
7046,2019-09-28,22,22,0
7047,2019-09-28,58,93,35
7048,2019-09-28,4,6,2
7049,2019-09-28,2,9,7
7050,2019-09-28,14,15,1
7051,2019-09-28,4,3,-1
7052,2019-09-28,13,17,4
7053,2019-09-28,10,11,1
7054,2019-09-28,15,18,3
7055,2019-09-28,12,15,3
7056,2019-09-28,5,4,-1
7057,2019-09-28,16,12,-4
7058,2019-09-28,16,15,-1
7059,2019-09-28,6,10,4
7060,2019-09-28,10,17,7
7061,2019-09-28,11,11,0
7062,2019-09-28,16,12,-4
7063,2019-09-28,13,14,1
7064,2019-09-28,10,10,0
7065,2019-09-28,34,23,-11
7066,2019-09-28,26,36,10
7067,2019-09-28,13,20,7
7068,2019-09-28,42,40,-2
7069,2019-09-28,14,25,11
7070,2019-09-28,24,20,-4
7071,2019-09-28,21,13,-8
7072,2019-09-28,24,15,-9
7073,2019-09-28,32,38,6
7074,2019-09-28,18,18,0
7075,2019-09-28,1,1,0
7076,2019-09-28,32,17,-15
7077,2019-09-28,2,8,6
7078,2019-09-28,11,13,2
7079,2019-09-28,5,9,4
7080,2019-09-28,40,29,-11
7081,2019-09-28,45,64,19
7082,2019-09-28,31,45,14
7083,2019-09-28,41,26,-15
7084,2019-09-28,49,49,0
7089,2019-09-28,1,0,-1
7090,2019-09-28,3,4,1
7091,2019-09-28,3,5,2
7092,2019-09-28,3,2,-1
7095,2019-09-28,1,1,0
7096,2019-09-28,7,9,2
7097,2019-09-28,6,3,-3
7098,2019-09-28,1,2,1
7099,2019-09-28,2,4,2
7100,2019-09-28,3,4,1
7101,2019-09-28,1,0,-1
7102,2019-09-28,5,10,5
7103,2019-09-28,3,2,-1
7104,2019-09-28,1,0,-1
7108,2019-09-28,3,3,0
7109,2019-09-28,1,3,2
7110,2019-09-28,1,2,1
7112,2019-09-28,4,2,-2
7113,2019-09-28,29,31,2
7114,2019-09-28,28,41,13
7115,2019-09-28,4,7,3
7116,2019-09-28,5,0,-5
7119,2019-09-28,3,4,1
7120,2019-09-28,2,3,1
7121,2019-09-28,2,2,0
7122,2019-09-28,2,0,-2
7123,2019-09-28,2,1,-1
7124,2019-09-28,7,9,2
7125,2019-09-28,5,6,1
7126,2019-09-28,10,6,-4
7127,2019-09-28,12,17,5
7128,2019-09-28,2,5,3
7130,2019-09-28,3,3,0
7131,2019-09-28,3,2,-1
7132,2019-09-28,1,2,1
7133,2019-09-28,1,0,-1
7134,2019-09-28,1,2,1
7135,2019-09-28,1,1,0
7136,2019-09-28,1,1,0
7137,2019-09-28,2,4,2
7139,2019-09-28,4,2,-2
7140,2019-09-28,7,9,2
7141,2019-09-28,11,12,1
7142,2019-09-28,2,5,3
7143,2019-09-28,11,10,-1
7144,2019-09-28,14,31,17
7145,2019-09-28,6,12,6
7146,2019-09-28,8,8,0
7147,2019-09-28,7,12,5
7148,2019-09-28,7,7,0
7149,2019-09-28,8,8,0
10002,2019-09-29,65,75,10
4000,2019-09-29,33,55,22
4001,2019-09-29,7,8,1
4002,2019-09-29,14,17,3
5002,2019-09-29,7,3,-4
5003,2019-09-29,6,5,-1
5004,2019-09-29,4,3,-1
5005,2019-09-29,4,4,0
5006,2019-09-29,6,5,-1
5007,2019-09-29,18,25,7
6001,2019-09-29,34,37,3
6002,2019-09-29,54,60,6
6003,2019-09-29,27,42,15
6004,2019-09-29,37,39,2
6005,2019-09-29,44,36,-8
6006,2019-09-29,21,29,8
6007,2019-09-29,28,27,-1
6008,2019-09-29,28,33,5
6009,2019-09-29,79,77,-2
6011,2019-09-29,18,22,4
6012,2019-09-29,87,104,17
6013,2019-09-29,39,50,11
6014,2019-09-29,40,48,8
6015,2019-09-29,149,208,59
6016,2019-09-29,2,3,1
6017,2019-09-29,36,42,6
6018,2019-09-29,50,45,-5
6019,2019-09-29,101,56,-45
6020,2019-09-29,60,100,40
6021,2019-09-29,99,81,-18
6022,2019-09-29,73,76,3
6023,2019-09-29,161,253,92
6024,2019-09-29,2,8,6
6025,2019-09-29,13,24,11
6026,2019-09-29,227,314,87
6027,2019-09-29,54,64,10
6029,2019-09-29,16,20,4
6031,2019-09-29,13,27,14
6032,2019-09-29,58,100,42
6033,2019-09-29,16,13,-3
6035,2019-09-29,20,21,1
6036,2019-09-29,238,309,71
6037,2019-09-29,56,54,-2
6038,2019-09-29,46,43,-3
6039,2019-09-29,51,60,9
6040,2019-09-29,35,43,8
6041,2019-09-29,27,27,0
6042,2019-09-29,28,24,-4
6043,2019-09-29,44,75,31
6044,2019-09-29,67,69,2
6046,2019-09-29,27,24,-3
6047,2019-09-29,52,37,-15
6048,2019-09-29,14,12,-2
6049,2019-09-29,26,25,-1
6050,2019-09-29,21,15,-6
6051,2019-09-29,27,18,-9
6052,2019-09-29,209,238,29
6053,2019-09-29,83,95,12
6057,2019-09-29,23,22,-1
6058,2019-09-29,37,39,2
6059,2019-09-29,34,12,-22
6060,2019-09-29,12,8,-4
6061,2019-09-29,47,40,-7
6062,2019-09-29,37,30,-7
6063,2019-09-29,63,58,-5
6064,2019-09-29,97,98,1
6065,2019-09-29,54,39,-15
6066,2019-09-29,43,33,-10
6067,2019-09-29,31,28,-3
6068,2019-09-29,12,9,-3
6070,2019-09-29,101,92,-9
6072,2019-09-29,25,34,9
6073,2019-09-29,94,103,9
6075,2019-09-29,34,24,-10
6076,2019-09-29,25,32,7
6078,2019-09-29,48,41,-7
6079,2019-09-29,45,43,-2
6080,2019-09-29,90,88,-2
6081,2019-09-29,33,26,-7
6082,2019-09-29,16,15,-1
6083,2019-09-29,64,69,5
6084,2019-09-29,31,27,-4
6085,2019-09-29,48,68,20
6086,2019-09-29,73,93,20
6087,2019-09-29,85,107,22
6088,2019-09-29,44,51,7
6089,2019-09-29,13,8,-5
6090,2019-09-29,37,34,-3
6091,2019-09-29,30,23,-7
6092,2019-09-29,65,56,-9
6093,2019-09-29,34,26,-8
6094,2019-09-29,14,14,0
6095,2019-09-29,83,77,-6
6096,2019-09-29,28,30,2
6097,2019-09-29,76,54,-22
6098,2019-09-29,44,29,-15
6099,2019-09-29,74,118,44
6100,2019-09-29,198,205,7
6101,2019-09-29,45,10,-35
6102,2019-09-29,31,18,-13
6103,2019-09-29,20,18,-2
6104,2019-09-29,45,62,17
6105,2019-09-29,22,33,11
6106,2019-09-29,28,36,8
6107,2019-09-29,84,68,-16
6108,2019-09-29,31,42,11
6109,2019-09-29,62,78,16
6110,2019-09-29,21,31,10
6111,2019-09-29,40,42,2
6112,2019-09-29,98,100,2
6113,2019-09-29,30,43,13
6114,2019-09-29,133,177,44
6115,2019-09-29,14,21,7
6116,2019-09-29,52,71,19
6117,2019-09-29,55,61,6
6118,2019-09-29,63,78,15
6119,2019-09-29,57,97,40
6120,2019-09-29,52,59,7
6121,2019-09-29,25,27,2
6122,2019-09-29,15,13,-2
6123,2019-09-29,18,30,12
6124,2019-09-29,27,47,20
6125,2019-09-29,16,12,-4
6126,2019-09-29,28,36,8
6127,2019-09-29,51,38,-13
6128,2019-09-29,16,25,9
6129,2019-09-29,46,46,0
6130,2019-09-29,26,18,-8
6131,2019-09-29,64,50,-14
6132,2019-09-29,36,45,9
6133,2019-09-29,27,16,-11
6134,2019-09-29,36,32,-4
6136,2019-09-29,289,230,-59
6137,2019-09-29,85,105,20
6138,2019-09-29,59,55,-4
6139,2019-09-29,33,32,-1
6140,2019-09-29,90,90,0
6141,2019-09-29,67,57,-10
6142,2019-09-29,115,92,-23
6143,2019-09-29,112,110,-2
6145,2019-09-29,86,73,-13
6146,2019-09-29,69,46,-23
6147,2019-09-29,80,46,-34
6148,2019-09-29,112,97,-15
6149,2019-09-29,20,12,-8
6150,2019-09-29,64,66,2
6151,2019-09-29,75,64,-11
6152,2019-09-29,125,116,-9
6153,2019-09-29,37,27,-10
6154,2019-09-29,149,149,0
6155,2019-09-29,127,108,-19
6156,2019-09-29,56,64,8
6157,2019-09-29,131,131,0
6158,2019-09-29,72,63,-9
6159,2019-09-29,26,32,6
6160,2019-09-29,49,44,-5
6161,2019-09-29,52,58,6
6162,2019-09-29,6,12,6
6163,2019-09-29,133,124,-9
6164,2019-09-29,79,96,17
6165,2019-09-29,155,183,28
6166,2019-09-29,62,50,-12
6167,2019-09-29,51,52,1
6168,2019-09-29,61,43,-18
6169,2019-09-29,154,124,-30
6170,2019-09-29,95,84,-11
6171,2019-09-29,37,34,-3
6173,2019-09-29,88,65,-23
6174,2019-09-29,103,83,-20
6175,2019-09-29,70,51,-19
6176,2019-09-29,106,105,-1
6177,2019-09-29,75,66,-9
6178,2019-09-29,104,91,-13
6179,2019-09-29,61,57,-4
6180,2019-09-29,29,47,18
6181,2019-09-29,129,113,-16
6182,2019-09-29,55,48,-7
6183,2019-09-29,77,71,-6
6184,2019-09-29,233,212,-21
6185,2019-09-29,21,21,0
6187,2019-09-29,131,122,-9
6188,2019-09-29,44,43,-1
6189,2019-09-29,24,26,2
6190,2019-09-29,79,67,-12
6191,2019-09-29,63,52,-11
6192,2019-09-29,35,22,-13
6193,2019-09-29,107,110,3
6194,2019-09-29,107,110,3
6195,2019-09-29,75,46,-29
6196,2019-09-29,114,110,-4
6197,2019-09-29,46,41,-5
6198,2019-09-29,19,18,-1
6199,2019-09-29,83,65,-18
6200,2019-09-29,82,78,-4
6201,2019-09-29,63,60,-3
6202,2019-09-29,65,61,-4
6203,2019-09-29,49,27,-22
6204,2019-09-29,101,93,-8
6205,2019-09-29,97,93,-4
6206,2019-09-29,123,121,-2
6207,2019-09-29,28,18,-10
6208,2019-09-29,55,68,13
6209,2019-09-29,92,69,-23
6210,2019-09-29,38,25,-13
6211,2019-09-29,133,141,8
6212,2019-09-29,150,133,-17
6213,2019-09-29,109,113,4
6214,2019-09-29,73,64,-9
6215,2019-09-29,63,45,-18
6216,2019-09-29,43,33,-10
6217,2019-09-29,81,76,-5
6218,2019-09-29,68,65,-3
6219,2019-09-29,48,45,-3
6220,2019-09-29,74,59,-15
6221,2019-09-29,209,186,-23
6222,2019-09-29,69,56,-13
6223,2019-09-29,162,136,-26
6224,2019-09-29,76,71,-5
6225,2019-09-29,53,45,-8
6226,2019-09-29,10,9,-1
6227,2019-09-29,126,122,-4
6228,2019-09-29,35,21,-14
6229,2019-09-29,65,50,-15
6230,2019-09-29,105,116,11
6231,2019-09-29,136,126,-10
6232,2019-09-29,30,33,3
6233,2019-09-29,152,137,-15
6234,2019-09-29,81,76,-5
6235,2019-09-29,43,20,-23
6236,2019-09-29,66,64,-2
6237,2019-09-29,52,51,-1
6240,2019-09-29,14,11,-3
6241,2019-09-29,53,41,-12
6243,2019-09-29,53,51,-2
6245,2019-09-29,38,34,-4
6246,2019-09-29,41,41,0
6247,2019-09-29,92,97,5
6248,2019-09-29,134,138,4
6249,2019-09-29,77,68,-9
6250,2019-09-29,144,129,-15
6251,2019-09-29,28,23,-5
6252,2019-09-29,57,54,-3
6253,2019-09-29,66,46,-20
6254,2019-09-29,60,59,-1
6255,2019-09-29,86,79,-7
6257,2019-09-29,43,33,-10
6258,2019-09-29,82,83,1
6259,2019-09-29,35,43,8
6260,2019-09-29,32,34,2
6261,2019-09-29,36,41,5
6262,2019-09-29,47,43,-4
6263,2019-09-29,18,21,3
6264,2019-09-29,23,17,-6
6265,2019-09-29,74,79,5
6266,2019-09-29,26,26,0
6267,2019-09-29,53,45,-8
6268,2019-09-29,48,52,4
6269,2019-09-29,14,20,6
6270,2019-09-29,40,33,-7
6272,2019-09-29,30,27,-3
6273,2019-09-29,39,28,-11
6274,2019-09-29,54,47,-7
6275,2019-09-29,25,20,-5
6276,2019-09-29,44,41,-3
6277,2019-09-29,65,63,-2
6278,2019-09-29,16,19,3
6279,2019-09-29,10,15,5
6280,2019-09-29,74,69,-5
6281,2019-09-29,28,20,-8
6301,2019-09-29,11,6,-5
6302,2019-09-29,18,16,-2
6303,2019-09-29,24,17,-7
6304,2019-09-29,10,10,0
6305,2019-09-29,15,12,-3
6306,2019-09-29,38,19,-19
6307,2019-09-29,88,98,10
6309,2019-09-29,29,29,0
6310,2019-09-29,44,27,-17
6311,2019-09-29,36,29,-7
6312,2019-09-29,23,38,15
6313,2019-09-29,42,45,3
6314,2019-09-29,49,44,-5
6315,2019-09-29,66,47,-19
6316,2019-09-29,54,35,-19
6321,2019-09-29,82,62,-20
6322,2019-09-29,22,20,-2
6323,2019-09-29,17,14,-3
6324,2019-09-29,17,13,-4
6327,2019-09-29,37,34,-3
6328,2019-09-29,43,40,-3
6329,2019-09-29,34,21,-13
6330,2019-09-29,22,24,2
6331,2019-09-29,15,20,5
6332,2019-09-29,31,38,7
6333,2019-09-29,24,35,11
6334,2019-09-29,73,52,-21
6335,2019-09-29,35,39,4
6336,2019-09-29,35,31,-4
6338,2019-09-29,39,43,4
6339,2019-09-29,23,18,-5
6340,2019-09-29,33,29,-4
6341,2019-09-29,18,28,10
6343,2019-09-29,29,28,-1
6344,2019-09-29,47,48,1
6345,2019-09-29,9,14,5
6346,2019-09-29,24,20,-4
6347,2019-09-29,19,14,-5
6349,2019-09-29,24,31,7
6350,2019-09-29,23,24,1
6354,2019-09-29,19,27,8
6355,2019-09-29,23,29,6
6356,2019-09-29,29,21,-8
6357,2019-09-29,17,15,-2
6358,2019-09-29,27,27,0
6359,2019-09-29,87,73,-14
6360,2019-09-29,21,16,-5
6361,2019-09-29,52,38,-14
6362,2019-09-29,35,45,10
6363,2019-09-29,17,17,0
6364,2019-09-29,39,26,-13
6366,2019-09-29,28,26,-2
6367,2019-09-29,26,19,-7
6368,2019-09-29,59,45,-14
6369,2019-09-29,29,46,17
6370,2019-09-29,28,25,-3
6371,2019-09-29,64,76,12
6372,2019-09-29,71,92,21
6373,2019-09-29,33,37,4
6374,2019-09-29,29,34,5
6375,2019-09-29,45,47,2
6376,2019-09-29,21,20,-1
6377,2019-09-29,23,20,-3
6379,2019-09-29,28,24,-4
6380,2019-09-29,19,18,-1
6381,2019-09-29,46,52,6
6383,2019-09-29,29,30,1
6384,2019-09-29,23,23,0
6385,2019-09-29,44,44,0
6386,2019-09-29,37,30,-7
6387,2019-09-29,60,71,11
6388,2019-09-29,25,27,2
6389,2019-09-29,39,30,-9
6391,2019-09-29,55,77,22
6393,2019-09-29,43,49,6
6394,2019-09-29,70,84,14
6395,2019-09-29,61,64,3
6396,2019-09-29,94,101,7
6397,2019-09-29,52,64,12
6398,2019-09-29,20,33,13
6401,2019-09-29,61,71,10
6402,2019-09-29,38,35,-3
6403,2019-09-29,28,25,-3
6404,2019-09-29,13,22,9
6405,2019-09-29,46,61,15
6406,2019-09-29,221,283,62
6407,2019-09-29,14,26,12
6408,2019-09-29,35,30,-5
6409,2019-09-29,12,11,-1
6410,2019-09-29,30,32,2
6411,2019-09-29,124,96,-28
6412,2019-09-29,16,16,0
6413,2019-09-29,18,20,2
6414,2019-09-29,17,18,1
6415,2019-09-29,34,28,-6
6416,2019-09-29,12,6,-6
6417,2019-09-29,24,32,8
6418,2019-09-29,10,12,2
6419,2019-09-29,12,12,0
6420,2019-09-29,26,25,-1
6421,2019-09-29,39,23,-16
6422,2019-09-29,12,12,0
6423,2019-09-29,15,13,-2
6424,2019-09-29,26,35,9
6425,2019-09-29,43,40,-3
6426,2019-09-29,46,40,-6
6427,2019-09-29,62,61,-1
6428,2019-09-29,12,12,0
6429,2019-09-29,28,32,4
6432,2019-09-29,64,64,0
6433,2019-09-29,24,18,-6
6434,2019-09-29,43,43,0
6435,2019-09-29,32,31,-1
6436,2019-09-29,24,18,-6
6501,2019-09-29,241,302,61
6502,2019-09-29,30,34,4
6503,2019-09-29,37,43,6
6504,2019-09-29,40,45,5
6700,2019-09-29,22,30,8
6701,2019-09-29,48,52,4
6702,2019-09-29,21,20,-1
6703,2019-09-29,87,87,0
6704,2019-09-29,24,27,3
6705,2019-09-29,13,16,3
6706,2019-09-29,12,20,8
6707,2019-09-29,18,24,6
6709,2019-09-29,26,25,-1
6710,2019-09-29,23,23,0
6711,2019-09-29,16,8,-8
6712,2019-09-29,30,26,-4
6713,2019-09-29,12,9,-3
6714,2019-09-29,15,18,3
6715,2019-09-29,13,11,-2
6716,2019-09-29,10,12,2
6717,2019-09-29,7,13,6
6718,2019-09-29,31,31,0
6719,2019-09-29,24,23,-1
6720,2019-09-29,18,15,-3
6721,2019-09-29,14,10,-4
6722,2019-09-29,14,18,4
6723,2019-09-29,18,20,2
6724,2019-09-29,65,67,2
6725,2019-09-29,31,30,-1
6726,2019-09-29,11,15,4
6727,2019-09-29,39,64,25
6728,2019-09-29,13,14,1
6729,2019-09-29,111,126,15
6730,2019-09-29,14,12,-2
6731,2019-09-29,14,22,8
6732,2019-09-29,26,31,5
6733,2019-09-29,32,23,-9
6734,2019-09-29,37,38,1
6735,2019-09-29,9,11,2
6736,2019-09-29,24,24,0
6737,2019-09-29,16,19,3
6738,2019-09-29,17,11,-6
6739,2019-09-29,6,6,0
6741,2019-09-29,9,6,-3
6742,2019-09-29,60,61,1
6743,2019-09-29,17,15,-2
6744,2019-09-29,12,13,1
6745,2019-09-29,16,22,6
6746,2019-09-29,16,20,4
6747,2019-09-29,24,13,-11
6748,2019-09-29,50,49,-1
6749,2019-09-29,36,39,3
6750,2019-09-29,50,46,-4
6752,2019-09-29,14,5,-9
6753,2019-09-29,14,10,-4
6754,2019-09-29,15,13,-2
6901,2019-09-29,73,64,-9
6902,2019-09-29,51,78,27
6903,2019-09-29,85,85,0
6904,2019-09-29,49,37,-12
6905,2019-09-29,29,21,-8
6906,2019-09-29,80,54,-26
6907,2019-09-29,106,62,-44
6908,2019-09-29,53,46,-7
6910,2019-09-29,101,103,2
6912,2019-09-29,102,91,-11
6913,2019-09-29,50,42,-8
6915,2019-09-29,84,69,-15
6916,2019-09-29,30,25,-5
6917,2019-09-29,10,15,5
6918,2019-09-29,25,21,-4
6919,2019-09-29,26,21,-5
6921,2019-09-29,27,32,5
6923,2019-09-29,27,23,-4
6924,2019-09-29,22,18,-4
6925,2019-09-29,27,24,-3
6926,2019-09-29,65,60,-5
6927,2019-09-29,44,29,-15
6928,2019-09-29,15,5,-10
6929,2019-09-29,25,25,0
6930,2019-09-29,9,12,3
7001,2019-09-29,34,39,5
7002,2019-09-29,13,9,-4
7003,2019-09-29,75,60,-15
7004,2019-09-29,14,14,0
7005,2019-09-29,10,14,4
7006,2019-09-29,16,18,2
7007,2019-09-29,15,19,4
7008,2019-09-29,17,18,1
7009,2019-09-29,45,55,10
7010,2019-09-29,11,15,4
7011,2019-09-29,67,92,25
7012,2019-09-29,27,37,10
7013,2019-09-29,22,14,-8
7014,2019-09-29,43,25,-18
7015,2019-09-29,51,51,0
7016,2019-09-29,10,12,2
7017,2019-09-29,18,32,14
7018,2019-09-29,16,23,7
7019,2019-09-29,19,13,-6
7020,2019-09-29,15,26,11
7021,2019-09-29,28,37,9
7022,2019-09-29,48,55,7
7023,2019-09-29,2,6,4
7024,2019-09-29,66,40,-26
7025,2019-09-29,33,36,3
7026,2019-09-29,42,38,-4
7027,2019-09-29,39,32,-7
7028,2019-09-29,25,23,-2
7029,2019-09-29,34,36,2
7030,2019-09-29,72,72,0
7031,2019-09-29,47,41,-6
7032,2019-09-29,104,83,-21
7033,2019-09-29,55,46,-9
7034,2019-09-29,49,95,46
7035,2019-09-29,21,15,-6
7036,2019-09-29,60,62,2
7037,2019-09-29,39,40,1
7038,2019-09-29,66,51,-15
7039,2019-09-29,25,25,0
7040,2019-09-29,44,38,-6
7041,2019-09-29,67,74,7
7042,2019-09-29,26,28,2
7043,2019-09-29,26,24,-2
7044,2019-09-29,7,7,0
7045,2019-09-29,100,95,-5
7046,2019-09-29,31,43,12
7047,2019-09-29,117,142,25
7048,2019-09-29,20,32,12
7049,2019-09-29,10,12,2
7050,2019-09-29,26,28,2
7051,2019-09-29,24,21,-3
7052,2019-09-29,19,20,1
7053,2019-09-29,33,45,12
7054,2019-09-29,44,54,10
7055,2019-09-29,18,31,13
7056,2019-09-29,11,8,-3
7057,2019-09-29,47,47,0
7058,2019-09-29,40,42,2
7059,2019-09-29,28,34,6
7060,2019-09-29,22,23,1
7061,2019-09-29,19,16,-3
7062,2019-09-29,20,24,4
7063,2019-09-29,24,21,-3
7064,2019-09-29,22,16,-6
7065,2019-09-29,31,32,1
7066,2019-09-29,68,108,40
7067,2019-09-29,30,25,-5
7068,2019-09-29,88,127,39
7069,2019-09-29,66,77,11
7070,2019-09-29,33,41,8
7071,2019-09-29,43,41,-2
7072,2019-09-29,28,18,-10
7073,2019-09-29,57,45,-12
7074,2019-09-29,22,35,13
7075,2019-09-29,3,3,0
7076,2019-09-29,56,49,-7
7077,2019-09-29,20,24,4
7078,2019-09-29,15,17,2
7079,2019-09-29,8,4,-4
7080,2019-09-29,40,38,-2
7081,2019-09-29,62,58,-4
7082,2019-09-29,63,94,31
7083,2019-09-29,35,54,19
7084,2019-09-29,85,85,0
7085,2019-09-29,1,1,0
7086,2019-09-29,3,3,0
7088,2019-09-29,4,4,0
7089,2019-09-29,2,2,0
7090,2019-09-29,9,8,-1
7091,2019-09-29,7,15,8
7092,2019-09-29,5,5,0
7093,2019-09-29,5,5,0
7094,2019-09-29,3,2,-1
7095,2019-09-29,8,5,-3
7096,2019-09-29,20,15,-5
7097,2019-09-29,7,14,7
7098,2019-09-29,3,5,2
7099,2019-09-29,5,7,2
7100,2019-09-29,4,7,3
7101,2019-09-29,1,3,2
7102,2019-09-29,15,20,5
7103,2019-09-29,53,59,6
7104,2019-09-29,10,5,-5
7105,2019-09-29,24,26,2
7106,2019-09-29,2,1,-1
7107,2019-09-29,3,12,9
7108,2019-09-29,30,39,9
7109,2019-09-29,10,8,-2
7110,2019-09-29,33,35,2
7111,2019-09-29,5,2,-3
7112,2019-09-29,19,23,4
7113,2019-09-29,39,40,1
7114,2019-09-29,89,104,15
7115,2019-09-29,15,10,-5
7116,2019-09-29,10,7,-3
7117,2019-09-29,3,1,-2
7119,2019-09-29,11,9,-2
7120,2019-09-29,3,2,-1
7121,2019-09-29,6,9,3
7122,2019-09-29,2,4,2
7123,2019-09-29,1,2,1
7124,2019-09-29,21,14,-7
7125,2019-09-29,46,39,-7
7126,2019-09-29,8,6,-2
7127,2019-09-29,34,23,-11
7128,2019-09-29,12,9,-3
7129,2019-09-29,10,7,-3
7130,2019-09-29,6,6,0
7131,2019-09-29,8,9,1
7132,2019-09-29,7,11,4
7133,2019-09-29,10,10,0
7134,2019-09-29,8,11,3
7135,2019-09-29,1,3,2
7136,2019-09-29,4,4,0
7137,2019-09-29,5,5,0
7138,2019-09-29,9,9,0
7139,2019-09-29,35,36,1
7140,2019-09-29,6,8,2
7141,2019-09-29,22,23,1
7142,2019-09-29,15,20,5
7143,2019-09-29,22,29,7
7144,2019-09-29,37,47,10
7145,2019-09-29,13,14,1
7146,2019-09-29,8,21,13
7147,2019-09-29,25,24,-1
7148,2019-09-29,14,15,1
7149,2019-09-29,17,20,3
10002,2019-09-30,107,122,15
4000,2019-09-30,56,62,6
4001,2019-09-30,9,9,0
4002,2019-09-30,12,23,11
5002,2019-09-30,1,3,2
5003,2019-09-30,2,2,0
5004,2019-09-30,4,4,0
5005,2019-09-30,3,4,1
5006,2019-09-30,7,8,1
5007,2019-09-30,15,14,-1
6001,2019-09-30,52,82,30
6002,2019-09-30,26,48,22
6003,2019-09-30,48,65,17
6004,2019-09-30,38,35,-3
6005,2019-09-30,62,65,3
6006,2019-09-30,43,22,-21
6007,2019-09-30,28,39,11
6008,2019-09-30,45,78,33
6009,2019-09-30,63,63,0
6011,2019-09-30,46,59,13
6012,2019-09-30,95,150,55
6013,2019-09-30,52,66,14
6014,2019-09-30,69,77,8
6015,2019-09-30,91,133,42
6016,2019-09-30,8,16,8
6017,2019-09-30,29,45,16
6018,2019-09-30,53,64,11
6019,2019-09-30,112,66,-46
6020,2019-09-30,69,98,29
6021,2019-09-30,93,62,-31
6022,2019-09-30,50,56,6
6023,2019-09-30,78,102,24
6025,2019-09-30,25,24,-1
6026,2019-09-30,60,91,31
6027,2019-09-30,119,104,-15
6029,2019-09-30,23,29,6
6031,2019-09-30,21,39,18
6032,2019-09-30,41,92,51
6033,2019-09-30,25,25,0
6035,2019-09-30,26,62,36
6036,2019-09-30,59,117,58
6037,2019-09-30,52,53,1
6038,2019-09-30,87,96,9
6039,2019-09-30,62,78,16
6040,2019-09-30,72,76,4
6041,2019-09-30,68,66,-2
6042,2019-09-30,79,78,-1
6043,2019-09-30,159,315,156
6044,2019-09-30,66,62,-4
6046,2019-09-30,115,131,16
6047,2019-09-30,115,117,2
6048,2019-09-30,40,47,7
6049,2019-09-30,85,100,15
6050,2019-09-30,44,48,4
6051,2019-09-30,27,28,1
6052,2019-09-30,151,188,37
6053,2019-09-30,103,123,20
6057,2019-09-30,71,63,-8
6058,2019-09-30,66,67,1
6059,2019-09-30,73,47,-26
6060,2019-09-30,38,17,-21
6061,2019-09-30,73,51,-22
6062,2019-09-30,50,43,-7
6063,2019-09-30,65,40,-25
6064,2019-09-30,156,163,7
6065,2019-09-30,28,28,0
6066,2019-09-30,58,15,-43
6067,2019-09-30,24,17,-7
6068,2019-09-30,12,13,1
6070,2019-09-30,217,179,-38
6072,2019-09-30,65,65,0
6073,2019-09-30,194,164,-30
6075,2019-09-30,53,21,-32
6076,2019-09-30,14,32,18
6078,2019-09-30,62,65,3
6079,2019-09-30,45,48,3
6080,2019-09-30,128,122,-6
6081,2019-09-30,30,28,-2
6082,2019-09-30,22,17,-5
6083,2019-09-30,93,137,44
6084,2019-09-30,51,65,14
6085,2019-09-30,80,156,76
6086,2019-09-30,44,76,32
6087,2019-09-30,95,134,39
6088,2019-09-30,61,66,5
6089,2019-09-30,43,40,-3
6090,2019-09-30,40,45,5
6091,2019-09-30,51,42,-9
6092,2019-09-30,58,69,11
6093,2019-09-30,37,25,-12
6094,2019-09-30,36,35,-1
6095,2019-09-30,79,82,3
6096,2019-09-30,29,60,31
6097,2019-09-30,55,17,-38
6098,2019-09-30,44,28,-16
6099,2019-09-30,90,135,45
6100,2019-09-30,210,231,21
6101,2019-09-30,69,28,-41
6102,2019-09-30,33,29,-4
6103,2019-09-30,21,26,5
6104,2019-09-30,71,91,20
6105,2019-09-30,38,58,20
6106,2019-09-30,21,23,2
6107,2019-09-30,68,51,-17
6108,2019-09-30,39,62,23
6109,2019-09-30,5,7,2
6110,2019-09-30,31,28,-3
6111,2019-09-30,32,53,21
6112,2019-09-30,60,74,14
6113,2019-09-30,31,24,-7
6114,2019-09-30,110,148,38
6115,2019-09-30,17,24,7
6116,2019-09-30,41,58,17
6117,2019-09-30,65,90,25
6118,2019-09-30,65,103,38
6119,2019-09-30,64,80,16
6120,2019-09-30,46,69,23
6121,2019-09-30,16,20,4
6122,2019-09-30,14,18,4
6123,2019-09-30,32,33,1
6124,2019-09-30,35,63,28
6125,2019-09-30,16,16,0
6126,2019-09-30,37,51,14
6127,2019-09-30,45,36,-9
6128,2019-09-30,21,17,-4
6129,2019-09-30,61,51,-10
6130,2019-09-30,31,13,-18
6131,2019-09-30,85,34,-51
6132,2019-09-30,62,64,2
6133,2019-09-30,25,22,-3
6134,2019-09-30,30,41,11
6136,2019-09-30,306,222,-84
6137,2019-09-30,68,81,13
6138,2019-09-30,65,68,3
6139,2019-09-30,34,31,-3
6140,2019-09-30,82,87,5
6141,2019-09-30,53,49,-4
6142,2019-09-30,63,30,-33
6143,2019-09-30,68,45,-23
6145,2019-09-30,44,36,-8
6146,2019-09-30,35,26,-9
6147,2019-09-30,95,43,-52
6148,2019-09-30,97,79,-18
6149,2019-09-30,33,38,5
6150,2019-09-30,59,54,-5
6151,2019-09-30,62,66,4
6152,2019-09-30,99,98,-1
6153,2019-09-30,65,72,7
6154,2019-09-30,151,158,7
6155,2019-09-30,117,108,-9
6156,2019-09-30,53,54,1
6157,2019-09-30,86,85,-1
6158,2019-09-30,40,55,15
6159,2019-09-30,27,35,8
6160,2019-09-30,42,30,-12
6161,2019-09-30,31,43,12
6162,2019-09-30,7,7,0
6163,2019-09-30,83,93,10
6164,2019-09-30,44,69,25
6165,2019-09-30,106,121,15
6166,2019-09-30,47,42,-5
6167,2019-09-30,34,36,2
6168,2019-09-30,95,64,-31
6169,2019-09-30,113,119,6
6170,2019-09-30,50,49,-1
6171,2019-09-30,35,34,-1
6173,2019-09-30,83,58,-25
6174,2019-09-30,84,77,-7
6175,2019-09-30,95,55,-40
6176,2019-09-30,66,76,10
6177,2019-09-30,73,67,-6
6178,2019-09-30,72,86,14
6179,2019-09-30,56,54,-2
6180,2019-09-30,47,45,-2
6181,2019-09-30,138,100,-38
6182,2019-09-30,36,34,-2
6183,2019-09-30,66,58,-8
6184,2019-09-30,252,205,-47
6185,2019-09-30,24,19,-5
6187,2019-09-30,81,89,8
6188,2019-09-30,37,34,-3
6189,2019-09-30,15,17,2
6190,2019-09-30,116,71,-45
6191,2019-09-30,79,73,-6
6192,2019-09-30,35,30,-5
6193,2019-09-30,74,74,0
6194,2019-09-30,95,82,-13
6195,2019-09-30,65,49,-16
6196,2019-09-30,116,85,-31
6197,2019-09-30,60,53,-7
6198,2019-09-30,24,13,-11
6199,2019-09-30,106,83,-23
6200,2019-09-30,69,64,-5
6201,2019-09-30,67,46,-21
6202,2019-09-30,114,93,-21
6203,2019-09-30,65,57,-8
6204,2019-09-30,107,97,-10
6205,2019-09-30,81,86,5
6206,2019-09-30,128,118,-10
6207,2019-09-30,37,36,-1
6208,2019-09-30,46,59,13
6209,2019-09-30,108,90,-18
6210,2019-09-30,33,28,-5
6211,2019-09-30,136,146,10
6212,2019-09-30,90,59,-31
6213,2019-09-30,140,117,-23
6214,2019-09-30,80,64,-16
6215,2019-09-30,71,50,-21
6216,2019-09-30,15,19,4
6217,2019-09-30,101,80,-21
6218,2019-09-30,52,46,-6
6219,2019-09-30,50,53,3
6220,2019-09-30,92,73,-19
6221,2019-09-30,199,156,-43
6222,2019-09-30,62,41,-21
6223,2019-09-30,98,58,-40
6224,2019-09-30,71,63,-8
6225,2019-09-30,51,36,-15
6226,2019-09-30,17,27,10
6227,2019-09-30,107,99,-8
6228,2019-09-30,30,21,-9
6229,2019-09-30,63,55,-8
6230,2019-09-30,65,57,-8
6231,2019-09-30,86,79,-7
6232,2019-09-30,37,31,-6
6233,2019-09-30,115,98,-17
6234,2019-09-30,51,42,-9
6235,2019-09-30,97,56,-41
6236,2019-09-30,75,66,-9
6237,2019-09-30,44,55,11
6240,2019-09-30,17,22,5
6241,2019-09-30,41,31,-10
6243,2019-09-30,59,54,-5
6245,2019-09-30,29,32,3
6246,2019-09-30,64,51,-13
6247,2019-09-30,38,30,-8
6248,2019-09-30,131,92,-39
6249,2019-09-30,52,48,-4
6250,2019-09-30,60,52,-8
6251,2019-09-30,16,19,3
6252,2019-09-30,48,39,-9
6253,2019-09-30,60,48,-12
6254,2019-09-30,63,63,0
6255,2019-09-30,76,76,0
6257,2019-09-30,38,34,-4
6258,2019-09-30,59,56,-3
6259,2019-09-30,35,28,-7
6260,2019-09-30,39,39,0
6261,2019-09-30,38,36,-2
6262,2019-09-30,38,38,0
6263,2019-09-30,26,29,3
6264,2019-09-30,23,27,4
6265,2019-09-30,62,61,-1
6266,2019-09-30,26,13,-13
6267,2019-09-30,36,38,2
6268,2019-09-30,48,37,-11
6269,2019-09-30,15,25,10
6270,2019-09-30,30,30,0
6272,2019-09-30,20,29,9
6273,2019-09-30,24,23,-1
6274,2019-09-30,37,35,-2
6275,2019-09-30,26,28,2
6276,2019-09-30,31,34,3
6277,2019-09-30,59,52,-7
6278,2019-09-30,29,22,-7
6279,2019-09-30,23,17,-6
6280,2019-09-30,91,87,-4
6281,2019-09-30,25,17,-8
6301,2019-09-30,19,14,-5
6302,2019-09-30,15,8,-7
6303,2019-09-30,21,20,-1
6304,2019-09-30,10,10,0
6305,2019-09-30,20,11,-9
6306,2019-09-30,65,30,-35
6307,2019-09-30,87,80,-7
6309,2019-09-30,26,19,-7
6310,2019-09-30,76,30,-46
6311,2019-09-30,45,37,-8
6312,2019-09-30,18,18,0
6313,2019-09-30,25,35,10
6314,2019-09-30,51,46,-5
6315,2019-09-30,58,42,-16
6316,2019-09-30,53,18,-35
6321,2019-09-30,78,58,-20
6322,2019-09-30,27,23,-4
6323,2019-09-30,15,10,-5
6324,2019-09-30,28,31,3
6327,2019-09-30,31,24,-7
6328,2019-09-30,26,27,1
6329,2019-09-30,26,22,-4
6330,2019-09-30,21,22,1
6331,2019-09-30,20,15,-5
6332,2019-09-30,29,30,1
6333,2019-09-30,20,22,2
6334,2019-09-30,48,58,10
6335,2019-09-30,33,27,-6
6336,2019-09-30,28,28,0
6338,2019-09-30,22,24,2
6339,2019-09-30,17,26,9
6340,2019-09-30,28,30,2
6341,2019-09-30,27,29,2
6343,2019-09-30,20,21,1
6344,2019-09-30,42,31,-11
6345,2019-09-30,10,12,2
6346,2019-09-30,33,21,-12
6347,2019-09-30,31,28,-3
6349,2019-09-30,24,31,7
6350,2019-09-30,30,29,-1
6354,2019-09-30,26,26,0
6355,2019-09-30,14,32,18
6356,2019-09-30,38,26,-12
6357,2019-09-30,19,13,-6
6358,2019-09-30,21,21,0
6359,2019-09-30,83,102,19
6360,2019-09-30,17,23,6
6361,2019-09-30,27,34,7
6362,2019-09-30,37,32,-5
6363,2019-09-30,25,22,-3
6364,2019-09-30,40,34,-6
6366,2019-09-30,20,17,-3
6367,2019-09-30,23,20,-3
6368,2019-09-30,41,52,11
6369,2019-09-30,36,38,2
6370,2019-09-30,22,28,6
6371,2019-09-30,66,59,-7
6372,2019-09-30,64,85,21
6373,2019-09-30,29,41,12
6374,2019-09-30,38,33,-5
6375,2019-09-30,34,56,22
6376,2019-09-30,22,20,-2
6377,2019-09-30,25,39,14
6379,2019-09-30,14,33,19
6380,2019-09-30,24,23,-1
6381,2019-09-30,44,40,-4
6383,2019-09-30,31,21,-10
6384,2019-09-30,15,10,-5
6385,2019-09-30,45,54,9
6386,2019-09-30,37,47,10
6387,2019-09-30,64,75,11
6388,2019-09-30,14,12,-2
6389,2019-09-30,47,33,-14
6391,2019-09-30,53,76,23
6393,2019-09-30,51,65,14
6394,2019-09-30,32,56,24
6395,2019-09-30,54,48,-6
6396,2019-09-30,94,69,-25
6397,2019-09-30,27,40,13
6398,2019-09-30,35,50,15
6401,2019-09-30,56,66,10
6402,2019-09-30,29,34,5
6403,2019-09-30,20,32,12
6404,2019-09-30,11,25,14
6405,2019-09-30,28,29,1
6406,2019-09-30,40,45,5
6407,2019-09-30,17,24,7
6408,2019-09-30,52,53,1
6409,2019-09-30,13,19,6
6410,2019-09-30,52,57,5
6411,2019-09-30,127,123,-4
6412,2019-09-30,29,31,2
6413,2019-09-30,28,21,-7
6414,2019-09-30,11,16,5
6415,2019-09-30,31,26,-5
6416,2019-09-30,19,8,-11
6417,2019-09-30,22,27,5
6418,2019-09-30,5,11,6
6419,2019-09-30,6,8,2
6420,2019-09-30,23,23,0
6421,2019-09-30,45,35,-10
6422,2019-09-30,9,13,4
6423,2019-09-30,14,10,-4
6424,2019-09-30,38,86,48
6425,2019-09-30,27,22,-5
6426,2019-09-30,60,65,5
6427,2019-09-30,48,50,2
6428,2019-09-30,14,13,-1
6429,2019-09-30,23,27,4
6432,2019-09-30,61,57,-4
6433,2019-09-30,25,24,-1
6434,2019-09-30,44,47,3
6435,2019-09-30,31,34,3
6436,2019-09-30,19,23,4
6501,2019-09-30,40,52,12
6502,2019-09-30,11,5,-6
6503,2019-09-30,65,54,-11
6504,2019-09-30,8,9,1
6700,2019-09-30,9,29,20
6701,2019-09-30,72,64,-8
6702,2019-09-30,21,17,-4
6703,2019-09-30,30,30,0
6704,2019-09-30,23,18,-5
6705,2019-09-30,12,20,8
6706,2019-09-30,25,28,3
6707,2019-09-30,25,22,-3
6709,2019-09-30,24,25,1
6710,2019-09-30,7,14,7
6711,2019-09-30,20,22,2
6712,2019-09-30,10,12,2
6713,2019-09-30,14,20,6
6714,2019-09-30,2,3,1
6715,2019-09-30,9,8,-1
6716,2019-09-30,6,13,7
6717,2019-09-30,6,11,5
6718,2019-09-30,19,19,0
6719,2019-09-30,24,27,3
6720,2019-09-30,14,25,11
6721,2019-09-30,10,15,5
6722,2019-09-30,10,11,1
6723,2019-09-30,15,16,1
6724,2019-09-30,38,49,11
6725,2019-09-30,27,24,-3
6726,2019-09-30,10,12,2
6727,2019-09-30,70,68,-2
6728,2019-09-30,16,18,2
6729,2019-09-30,118,133,15
6730,2019-09-30,7,10,3
6731,2019-09-30,14,9,-5
6732,2019-09-30,26,30,4
6733,2019-09-30,30,29,-1
6734,2019-09-30,37,33,-4
6735,2019-09-30,8,8,0
6736,2019-09-30,10,16,6
6737,2019-09-30,18,25,7
6738,2019-09-30,71,68,-3
6739,2019-09-30,7,12,5
6741,2019-09-30,13,17,4
6742,2019-09-30,36,43,7
6743,2019-09-30,26,15,-11
6744,2019-09-30,11,22,11
6745,2019-09-30,18,17,-1
6746,2019-09-30,16,22,6
6747,2019-09-30,37,52,15
6748,2019-09-30,41,56,15
6749,2019-09-30,24,23,-1
6750,2019-09-30,43,35,-8
6752,2019-09-30,24,30,6
6753,2019-09-30,18,15,-3
6754,2019-09-30,9,15,6
6901,2019-09-30,40,45,5
6902,2019-09-30,55,68,13
6903,2019-09-30,88,98,10
6904,2019-09-30,46,30,-16
6905,2019-09-30,37,32,-5
6906,2019-09-30,91,78,-13
6907,2019-09-30,63,43,-20
6908,2019-09-30,37,39,2
6910,2019-09-30,107,98,-9
6912,2019-09-30,95,75,-20
6913,2019-09-30,46,31,-15
6915,2019-09-30,68,60,-8
6916,2019-09-30,26,20,-6
6917,2019-09-30,9,17,8
6918,2019-09-30,19,19,0
6919,2019-09-30,26,25,-1
6921,2019-09-30,84,83,-1
6923,2019-09-30,48,45,-3
6924,2019-09-30,17,8,-9
6925,2019-09-30,41,39,-2
6926,2019-09-30,47,52,5
6927,2019-09-30,87,56,-31
6928,2019-09-30,71,25,-46
6929,2019-09-30,35,25,-10
6930,2019-09-30,14,16,2
7001,2019-09-30,30,41,11
7002,2019-09-30,17,12,-5
7003,2019-09-30,87,77,-10
7004,2019-09-30,21,20,-1
7005,2019-09-30,8,8,0
7006,2019-09-30,12,17,5
7007,2019-09-30,7,14,7
7008,2019-09-30,21,20,-1
7009,2019-09-30,44,33,-11
7010,2019-09-30,19,15,-4
7011,2019-09-30,51,54,3
7012,2019-09-30,29,39,10
7013,2019-09-30,26,27,1
7014,2019-09-30,98,47,-51
7015,2019-09-30,11,9,-2
7016,2019-09-30,14,12,-2
7017,2019-09-30,21,36,15
7018,2019-09-30,32,41,9
7019,2019-09-30,97,91,-6
7020,2019-09-30,23,30,7
7021,2019-09-30,36,26,-10
7022,2019-09-30,34,27,-7
7023,2019-09-30,1,4,3
7024,2019-09-30,54,33,-21
7025,2019-09-30,37,25,-12
7026,2019-09-30,63,64,1
7027,2019-09-30,41,43,2
7028,2019-09-30,109,90,-19
7029,2019-09-30,33,39,6
7030,2019-09-30,45,44,-1
7031,2019-09-30,25,36,11
7032,2019-09-30,97,82,-15
7033,2019-09-30,64,57,-7
7034,2019-09-30,17,33,16
7035,2019-09-30,42,46,4
7036,2019-09-30,53,55,2
7037,2019-09-30,55,58,3
7038,2019-09-30,60,62,2
7039,2019-09-30,23,19,-4
7040,2019-09-30,51,62,11
7041,2019-09-30,106,82,-24
7042,2019-09-30,49,46,-3
7043,2019-09-30,20,13,-7
7044,2019-09-30,10,7,-3
7045,2019-09-30,40,42,2
7046,2019-09-30,90,96,6
7047,2019-09-30,104,148,44
7048,2019-09-30,17,25,8
7049,2019-09-30,27,25,-2
7050,2019-09-30,24,29,5
7051,2019-09-30,7,7,0
7052,2019-09-30,50,54,4
7053,2019-09-30,34,36,2
7054,2019-09-30,30,41,11
7055,2019-09-30,15,11,-4
7056,2019-09-30,10,15,5
7057,2019-09-30,24,25,1
7058,2019-09-30,25,29,4
7059,2019-09-30,27,18,-9
7060,2019-09-30,22,24,2
7061,2019-09-30,24,17,-7
7062,2019-09-30,45,48,3
7063,2019-09-30,23,25,2
7064,2019-09-30,24,32,8
7065,2019-09-30,30,28,-2
7066,2019-09-30,45,88,43
7067,2019-09-30,53,58,5
7068,2019-09-30,45,63,18
7069,2019-09-30,74,101,27
7070,2019-09-30,27,40,13
7071,2019-09-30,51,31,-20
7072,2019-09-30,44,24,-20
7073,2019-09-30,40,55,15
7074,2019-09-30,30,32,2
7075,2019-09-30,2,5,3
7076,2019-09-30,64,38,-26
7077,2019-09-30,24,21,-3
7078,2019-09-30,17,20,3
7079,2019-09-30,39,42,3
7080,2019-09-30,68,79,11
7081,2019-09-30,66,75,9
7082,2019-09-30,71,77,6
7083,2019-09-30,59,51,-8
7084,2019-09-30,69,69,0
7086,2019-09-30,1,0,-1
7087,2019-09-30,2,1,-1
7090,2019-09-30,7,6,-1
7091,2019-09-30,6,9,3
7092,2019-09-30,5,5,0
7093,2019-09-30,1,2,1
7094,2019-09-30,2,1,-1
7095,2019-09-30,12,14,2
7096,2019-09-30,30,31,1
7097,2019-09-30,4,4,0
7098,2019-09-30,1,1,0
7099,2019-09-30,7,9,2
7100,2019-09-30,6,7,1
7101,2019-09-30,9,8,-1
7102,2019-09-30,16,27,11
7105,2019-09-30,2,2,0
7107,2019-09-30,1,1,0
7108,2019-09-30,6,8,2
7109,2019-09-30,17,15,-2
7110,2019-09-30,5,2,-3
7111,2019-09-30,2,2,0
7112,2019-09-30,7,4,-3
7113,2019-09-30,61,63,2
7114,2019-09-30,69,80,11
7115,2019-09-30,8,4,-4
7116,2019-09-30,5,4,-1
7117,2019-09-30,1,4,3
7119,2019-09-30,3,7,4
7121,2019-09-30,1,4,3
7122,2019-09-30,4,4,0
7123,2019-09-30,3,3,0
7124,2019-09-30,18,24,6
7125,2019-09-30,10,8,-2
7126,2019-09-30,16,9,-7
7127,2019-09-30,30,32,2
7128,2019-09-30,17,16,-1
7129,2019-09-30,12,16,4
7130,2019-09-30,14,11,-3
7131,2019-09-30,5,3,-2
7132,2019-09-30,1,3,2
7133,2019-09-30,3,4,1
7134,2019-09-30,2,4,2
7135,2019-09-30,4,4,0
7136,2019-09-30,8,9,1
7137,2019-09-30,9,10,1
7138,2019-09-30,3,1,-2
7139,2019-09-30,10,8,-2
7140,2019-09-30,19,22,3
7141,2019-09-30,18,22,4
7142,2019-09-30,5,10,5
7143,2019-09-30,20,22,2
7144,2019-09-30,32,34,2
7145,2019-09-30,11,13,2
7146,2019-09-30,14,26,12
7147,2019-09-30,36,35,-1
7148,2019-09-30,4,9,5
7149,2019-09-30,10,12,2
4000,2019-10-01,21,26,5
4001,2019-10-01,4,3,-1
4002,2019-10-01,7,5,-2
5002,2019-10-01,1,0,-1
5004,2019-10-01,1,0,-1
5006,2019-10-01,1,2,1
5007,2019-10-01,3,7,4
6001,2019-10-01,23,61,38
6002,2019-10-01,17,19,2
6003,2019-10-01,28,43,15
6004,2019-10-01,8,22,14
6005,2019-10-01,22,54,32
6006,2019-10-01,27,15,-12
6007,2019-10-01,13,20,7
6008,2019-10-01,24,61,37
6009,2019-10-01,26,32,6
6011,2019-10-01,45,43,-2
6012,2019-10-01,30,87,57
6013,2019-10-01,16,41,25
6014,2019-10-01,28,55,27
6015,2019-10-01,44,88,44
6016,2019-10-01,2,5,3
6017,2019-10-01,27,21,-6
6018,2019-10-01,34,24,-10
6019,2019-10-01,76,40,-36
6020,2019-10-01,36,54,18
6021,2019-10-01,69,40,-29
6022,2019-10-01,26,33,7
6023,2019-10-01,40,50,10
6025,2019-10-01,13,17,4
6026,2019-10-01,11,24,13
6027,2019-10-01,26,73,47
6029,2019-10-01,11,13,2
6031,2019-10-01,9,22,13
6032,2019-10-01,11,63,52
6033,2019-10-01,11,11,0
6035,2019-10-01,9,56,47
6036,2019-10-01,21,65,44
6037,2019-10-01,14,28,14
6038,2019-10-01,28,47,19
6039,2019-10-01,24,53,29
6040,2019-10-01,22,56,34
6041,2019-10-01,17,46,29
6042,2019-10-01,35,56,21
6043,2019-10-01,58,228,170
6044,2019-10-01,45,29,-16
6046,2019-10-01,42,69,27
6047,2019-10-01,57,77,20
6048,2019-10-01,21,36,15
6049,2019-10-01,58,74,16
6050,2019-10-01,21,37,16
6051,2019-10-01,9,20,11
6052,2019-10-01,32,113,81
6053,2019-10-01,62,94,32
6057,2019-10-01,41,35,-6
6058,2019-10-01,17,37,20
6059,2019-10-01,23,23,0
6060,2019-10-01,7,17,10
6061,2019-10-01,30,41,11
6062,2019-10-01,27,24,-3
6063,2019-10-01,28,40,12
6064,2019-10-01,43,75,32
6065,2019-10-01,25,21,-4
6066,2019-10-01,23,8,-15
6067,2019-10-01,3,2,-1
6068,2019-10-01,2,8,6
6070,2019-10-01,101,119,18
6072,2019-10-01,15,67,52
6073,2019-10-01,41,94,53
6075,2019-10-01,19,19,0
6076,2019-10-01,10,8,-2
6078,2019-10-01,37,41,4
6079,2019-10-01,33,33,0
6080,2019-10-01,45,61,16
6081,2019-10-01,9,14,5
6082,2019-10-01,14,7,-7
6083,2019-10-01,24,102,78
6084,2019-10-01,31,63,32
6085,2019-10-01,51,76,25
6086,2019-10-01,32,23,-9
6087,2019-10-01,42,57,15
6088,2019-10-01,28,36,8
6089,2019-10-01,27,29,2
6090,2019-10-01,30,29,-1
6091,2019-10-01,27,15,-12
6092,2019-10-01,17,31,14
6093,2019-10-01,19,9,-10
6094,2019-10-01,24,29,5
6095,2019-10-01,50,33,-17
6096,2019-10-01,20,28,8
6097,2019-10-01,44,8,-36
6098,2019-10-01,10,17,7
6099,2019-10-01,33,57,24
6100,2019-10-01,88,104,16
6101,2019-10-01,42,16,-26
6102,2019-10-01,15,5,-10
6103,2019-10-01,12,7,-5
6104,2019-10-01,33,51,18
6105,2019-10-01,22,33,11
6106,2019-10-01,11,12,1
6107,2019-10-01,30,26,-4
6108,2019-10-01,26,31,5
6109,2019-10-01,3,2,-1
6110,2019-10-01,22,22,0
6111,2019-10-01,19,21,2
6112,2019-10-01,45,35,-10
6113,2019-10-01,7,11,4
6114,2019-10-01,77,87,10
6115,2019-10-01,7,10,3
6116,2019-10-01,30,23,-7
6117,2019-10-01,34,40,6
6118,2019-10-01,37,42,5
6119,2019-10-01,36,37,1
6120,2019-10-01,17,42,25
6121,2019-10-01,14,11,-3
6122,2019-10-01,5,9,4
6123,2019-10-01,9,17,8
6124,2019-10-01,20,39,19
6125,2019-10-01,9,8,-1
6126,2019-10-01,32,22,-10
6127,2019-10-01,23,16,-7
6128,2019-10-01,9,9,0
6129,2019-10-01,46,33,-13
6130,2019-10-01,11,4,-7
6131,2019-10-01,45,18,-27
6132,2019-10-01,35,34,-1
6133,2019-10-01,17,11,-6
6134,2019-10-01,25,25,0
6136,2019-10-01,185,109,-76
6137,2019-10-01,46,40,-6
6138,2019-10-01,32,30,-2
6139,2019-10-01,31,15,-16
6140,2019-10-01,44,39,-5
6141,2019-10-01,37,25,-12
6142,2019-10-01,51,23,-28
6143,2019-10-01,37,24,-13
6145,2019-10-01,19,16,-3
6146,2019-10-01,22,16,-6
6147,2019-10-01,47,34,-13
6148,2019-10-01,58,39,-19
6149,2019-10-01,30,21,-9
6150,2019-10-01,24,21,-3
6151,2019-10-01,43,33,-10
6152,2019-10-01,51,41,-10
6153,2019-10-01,50,39,-11
6154,2019-10-01,78,56,-22
6155,2019-10-01,73,48,-25
6156,2019-10-01,45,28,-17
6157,2019-10-01,47,21,-26
6158,2019-10-01,37,25,-12
6159,2019-10-01,17,17,0
6160,2019-10-01,26,20,-6
6161,2019-10-01,24,19,-5
6162,2019-10-01,5,6,1
6163,2019-10-01,64,55,-9
6164,2019-10-01,33,29,-4
6165,2019-10-01,66,46,-20
6166,2019-10-01,29,13,-16
6167,2019-10-01,22,21,-1
6168,2019-10-01,56,38,-18
6169,2019-10-01,60,46,-14
6170,2019-10-01,34,23,-11
6171,2019-10-01,22,13,-9
6173,2019-10-01,41,29,-12
6174,2019-10-01,75,41,-34
6175,2019-10-01,42,25,-17
6176,2019-10-01,33,27,-6
6177,2019-10-01,38,26,-12
6178,2019-10-01,53,35,-18
6179,2019-10-01,37,30,-7
6180,2019-10-01,23,31,8
6181,2019-10-01,70,47,-23
6182,2019-10-01,27,14,-13
6183,2019-10-01,35,32,-3
6184,2019-10-01,104,120,16
6185,2019-10-01,6,4,-2
6187,2019-10-01,54,53,-1
6188,2019-10-01,29,14,-15
6189,2019-10-01,14,7,-7
6190,2019-10-01,83,51,-32
6191,2019-10-01,44,42,-2
6192,2019-10-01,12,8,-4
6193,2019-10-01,49,43,-6
6194,2019-10-01,47,26,-21
6195,2019-10-01,44,26,-18
6196,2019-10-01,61,42,-19
6197,2019-10-01,27,25,-2
6198,2019-10-01,8,7,-1
6199,2019-10-01,57,53,-4
6200,2019-10-01,35,40,5
6201,2019-10-01,43,27,-16
6202,2019-10-01,78,64,-14
6203,2019-10-01,23,38,15
6204,2019-10-01,49,78,29
6205,2019-10-01,51,56,5
6206,2019-10-01,48,64,16
6207,2019-10-01,25,27,2
6208,2019-10-01,45,53,8
6209,2019-10-01,52,32,-20
6210,2019-10-01,20,26,6
6211,2019-10-01,74,68,-6
6212,2019-10-01,67,25,-42
6213,2019-10-01,51,42,-9
6214,2019-10-01,43,36,-7
6215,2019-10-01,9,28,19
6216,2019-10-01,18,14,-4
6217,2019-10-01,64,35,-29
6218,2019-10-01,41,20,-21
6219,2019-10-01,45,33,-12
6220,2019-10-01,55,34,-21
6221,2019-10-01,86,62,-24
6222,2019-10-01,41,20,-21
6223,2019-10-01,41,11,-30
6224,2019-10-01,28,17,-11
6225,2019-10-01,41,27,-14
6226,2019-10-01,10,17,7
6227,2019-10-01,62,48,-14
6228,2019-10-01,19,17,-2
6229,2019-10-01,34,27,-7
6230,2019-10-01,39,30,-9
6231,2019-10-01,56,30,-26
6232,2019-10-01,18,14,-4
6233,2019-10-01,68,48,-20
6234,2019-10-01,29,22,-7
6235,2019-10-01,44,40,-4
6236,2019-10-01,32,29,-3
6237,2019-10-01,28,23,-5
6240,2019-10-01,16,10,-6
6241,2019-10-01,25,12,-13
6243,2019-10-01,41,33,-8
6245,2019-10-01,18,8,-10
6246,2019-10-01,45,41,-4
6248,2019-10-01,91,70,-21
6249,2019-10-01,22,23,1
6250,2019-10-01,24,22,-2
6251,2019-10-01,9,3,-6
6252,2019-10-01,24,14,-10
6253,2019-10-01,23,25,2
6254,2019-10-01,42,29,-13
6255,2019-10-01,28,18,-10
6257,2019-10-01,15,17,2
6258,2019-10-01,48,20,-28
6259,2019-10-01,23,13,-10
6260,2019-10-01,22,13,-9
6261,2019-10-01,20,12,-8
6262,2019-10-01,22,26,4
6263,2019-10-01,16,16,0
6264,2019-10-01,17,15,-2
6265,2019-10-01,40,34,-6
6266,2019-10-01,14,9,-5
6267,2019-10-01,19,14,-5
6268,2019-10-01,21,10,-11
6269,2019-10-01,8,10,2
6270,2019-10-01,16,16,0
6272,2019-10-01,19,13,-6
6273,2019-10-01,17,10,-7
6274,2019-10-01,23,17,-6
6275,2019-10-01,5,13,8
6276,2019-10-01,23,13,-10
6277,2019-10-01,24,21,-3
6278,2019-10-01,9,9,0
6279,2019-10-01,12,9,-3
6280,2019-10-01,40,33,-7
6281,2019-10-01,13,7,-6
6301,2019-10-01,13,5,-8
6302,2019-10-01,6,3,-3
6303,2019-10-01,9,7,-2
6304,2019-10-01,8,4,-4
6305,2019-10-01,16,5,-11
6306,2019-10-01,32,19,-13
6307,2019-10-01,40,31,-9
6309,2019-10-01,9,9,0
6310,2019-10-01,27,22,-5
6311,2019-10-01,22,11,-11
6312,2019-10-01,7,6,-1
6313,2019-10-01,20,17,-3
6314,2019-10-01,37,25,-12
6315,2019-10-01,28,17,-11
6316,2019-10-01,14,5,-9
6321,2019-10-01,23,18,-5
6322,2019-10-01,11,12,1
6323,2019-10-01,7,7,0
6324,2019-10-01,11,12,1
6327,2019-10-01,16,7,-9
6328,2019-10-01,23,15,-8
6329,2019-10-01,21,10,-11
6330,2019-10-01,12,9,-3
6331,2019-10-01,12,7,-5
6332,2019-10-01,15,17,2
6333,2019-10-01,12,7,-5
6334,2019-10-01,34,30,-4
6335,2019-10-01,18,4,-14
6336,2019-10-01,9,5,-4
6338,2019-10-01,10,7,-3
6339,2019-10-01,15,10,-5
6340,2019-10-01,10,5,-5
6341,2019-10-01,16,10,-6
6343,2019-10-01,16,19,3
6344,2019-10-01,12,10,-2
6345,2019-10-01,5,6,1
6346,2019-10-01,14,20,6
6347,2019-10-01,12,15,3
6349,2019-10-01,19,8,-11
6350,2019-10-01,16,9,-7
6354,2019-10-01,17,4,-13
6355,2019-10-01,15,16,1
6356,2019-10-01,19,12,-7
6357,2019-10-01,10,3,-7
6358,2019-10-01,9,13,4
6359,2019-10-01,26,63,37
6360,2019-10-01,16,9,-7
6361,2019-10-01,12,11,-1
6362,2019-10-01,21,12,-9
6363,2019-10-01,15,8,-7
6364,2019-10-01,29,13,-16
6366,2019-10-01,8,8,0
6367,2019-10-01,14,12,-2
6368,2019-10-01,23,26,3
6369,2019-10-01,18,23,5
6370,2019-10-01,19,11,-8
6371,2019-10-01,33,18,-15
6372,2019-10-01,31,26,-5
6373,2019-10-01,25,13,-12
6374,2019-10-01,17,12,-5
6375,2019-10-01,26,23,-3
6376,2019-10-01,13,7,-6
6377,2019-10-01,24,13,-11
6379,2019-10-01,11,6,-5
6380,2019-10-01,15,10,-5
6381,2019-10-01,16,14,-2
6383,2019-10-01,18,10,-8
6384,2019-10-01,11,6,-5
6385,2019-10-01,29,32,3
6386,2019-10-01,15,29,14
6387,2019-10-01,22,31,9
6388,2019-10-01,10,7,-3
6389,2019-10-01,19,12,-7
6391,2019-10-01,16,25,9
6393,2019-10-01,31,26,-5
6394,2019-10-01,14,11,-3
6395,2019-10-01,26,36,10
6396,2019-10-01,40,37,-3
6397,2019-10-01,15,13,-2
6398,2019-10-01,13,14,1
6401,2019-10-01,25,25,0
6402,2019-10-01,10,9,-1
6403,2019-10-01,11,14,3
6404,2019-10-01,6,7,1
6405,2019-10-01,14,15,1
6406,2019-10-01,13,17,4
6407,2019-10-01,8,13,5
6408,2019-10-01,34,36,2
6409,2019-10-01,10,9,-1
6410,2019-10-01,34,34,0
6411,2019-10-01,64,61,-3
6412,2019-10-01,15,16,1
6413,2019-10-01,12,12,0
6414,2019-10-01,4,4,0
6415,2019-10-01,10,5,-5
6416,2019-10-01,10,5,-5
6417,2019-10-01,10,14,4
6418,2019-10-01,2,6,4
6419,2019-10-01,2,2,0
6420,2019-10-01,8,7,-1
6421,2019-10-01,19,14,-5
6422,2019-10-01,1,3,2
6423,2019-10-01,4,3,-1
6424,2019-10-01,23,47,24
6425,2019-10-01,8,8,0
6426,2019-10-01,26,32,6
6427,2019-10-01,26,23,-3
6428,2019-10-01,8,3,-5
6429,2019-10-01,7,12,5
6432,2019-10-01,33,30,-3
6433,2019-10-01,11,11,0
6434,2019-10-01,24,22,-2
6435,2019-10-01,14,7,-7
6436,2019-10-01,18,11,-7
6501,2019-10-01,11,20,9
6502,2019-10-01,2,1,-1
6503,2019-10-01,28,28,0
6700,2019-10-01,11,11,0
6701,2019-10-01,22,33,11
6702,2019-10-01,3,6,3
6703,2019-10-01,3,12,9
6704,2019-10-01,12,4,-8
6705,2019-10-01,9,3,-6
6706,2019-10-01,14,9,-5
6707,2019-10-01,8,16,8
6709,2019-10-01,16,7,-9
6710,2019-10-01,3,1,-2
6711,2019-10-01,7,11,4
6712,2019-10-01,1,1,0
6713,2019-10-01,7,7,0
6715,2019-10-01,7,7,0
6716,2019-10-01,5,4,-1
6717,2019-10-01,2,12,10
6718,2019-10-01,17,7,-10
6719,2019-10-01,11,9,-2
6720,2019-10-01,13,11,-2
6721,2019-10-01,5,4,-1
6722,2019-10-01,5,8,3
6723,2019-10-01,9,5,-4
6724,2019-10-01,15,23,8
6725,2019-10-01,17,18,1
6726,2019-10-01,5,3,-2
6727,2019-10-01,34,55,21
6728,2019-10-01,9,7,-2
6729,2019-10-01,58,62,4
6730,2019-10-01,9,6,-3
6731,2019-10-01,5,3,-2
6732,2019-10-01,21,20,-1
6733,2019-10-01,17,17,0
6734,2019-10-01,19,13,-6
6735,2019-10-01,6,1,-5
6736,2019-10-01,4,6,2
6737,2019-10-01,13,8,-5
6738,2019-10-01,27,52,25
6739,2019-10-01,7,4,-3
6741,2019-10-01,11,8,-3
6742,2019-10-01,20,28,8
6743,2019-10-01,14,10,-4
6744,2019-10-01,12,14,2
6745,2019-10-01,10,9,-1
6746,2019-10-01,10,12,2
6747,2019-10-01,18,33,15
6748,2019-10-01,31,32,1
6749,2019-10-01,23,23,0
6750,2019-10-01,26,19,-7
6752,2019-10-01,15,28,13
6753,2019-10-01,5,10,5
6754,2019-10-01,7,1,-6
6901,2019-10-01,12,18,6
6902,2019-10-01,35,36,1
6903,2019-10-01,59,47,-12
6904,2019-10-01,19,14,-5
6905,2019-10-01,17,17,0
6906,2019-10-01,56,43,-13
6907,2019-10-01,42,22,-20
6908,2019-10-01,18,22,4
6910,2019-10-01,46,34,-12
6912,2019-10-01,58,38,-20
6913,2019-10-01,26,15,-11
6915,2019-10-01,42,30,-12
6916,2019-10-01,18,15,-3
6917,2019-10-01,9,15,6
6918,2019-10-01,12,3,-9
6919,2019-10-01,15,11,-4
6921,2019-10-01,40,60,20
6923,2019-10-01,23,24,1
6924,2019-10-01,7,4,-3
6925,2019-10-01,26,27,1
6926,2019-10-01,40,27,-13
6927,2019-10-01,28,26,-2
6928,2019-10-01,35,19,-16
6929,2019-10-01,16,8,-8
6930,2019-10-01,1,16,15
7001,2019-10-01,15,15,0
7002,2019-10-01,11,11,0
7003,2019-10-01,46,49,3
7004,2019-10-01,11,12,1
7005,2019-10-01,3,1,-2
7006,2019-10-01,12,13,1
7007,2019-10-01,3,6,3
7008,2019-10-01,13,9,-4
7009,2019-10-01,16,35,19
7010,2019-10-01,4,3,-1
7011,2019-10-01,30,27,-3
7012,2019-10-01,13,15,2
7013,2019-10-01,14,3,-11
7014,2019-10-01,43,29,-14
7015,2019-10-01,2,2,0
7016,2019-10-01,4,5,1
7017,2019-10-01,11,13,2
7018,2019-10-01,12,8,-4
7019,2019-10-01,37,91,54
7020,2019-10-01,11,15,4
7021,2019-10-01,25,17,-8
7022,2019-10-01,19,16,-3
7024,2019-10-01,32,18,-14
7025,2019-10-01,10,30,20
7026,2019-10-01,43,42,-1
7027,2019-10-01,26,13,-13
7028,2019-10-01,42,41,-1
7029,2019-10-01,26,24,-2
7030,2019-10-01,22,19,-3
7031,2019-10-01,23,19,-4
7032,2019-10-01,43,38,-5
7033,2019-10-01,35,42,7
7034,2019-10-01,7,10,3
7035,2019-10-01,24,18,-6
7036,2019-10-01,25,18,-7
7037,2019-10-01,39,26,-13
7038,2019-10-01,38,34,-4
7039,2019-10-01,7,4,-3
7040,2019-10-01,31,50,19
7041,2019-10-01,37,53,16
7042,2019-10-01,16,21,5
7043,2019-10-01,15,6,-9
7044,2019-10-01,2,4,2
7045,2019-10-01,18,20,2
7046,2019-10-01,24,69,45
7047,2019-10-01,52,63,11
7048,2019-10-01,7,5,-2
7049,2019-10-01,9,8,-1
7050,2019-10-01,15,8,-7
7051,2019-10-01,3,3,0
7052,2019-10-01,23,32,9
7053,2019-10-01,21,12,-9
7054,2019-10-01,24,17,-7
7055,2019-10-01,4,4,0
7056,2019-10-01,11,7,-4
7057,2019-10-01,13,9,-4
7058,2019-10-01,10,11,1
7059,2019-10-01,18,8,-10
7060,2019-10-01,13,9,-4
7061,2019-10-01,12,9,-3
7062,2019-10-01,24,25,1
7063,2019-10-01,5,8,3
7064,2019-10-01,10,19,9
7065,2019-10-01,18,8,-10
7066,2019-10-01,15,50,35
7067,2019-10-01,28,41,13
7068,2019-10-01,35,17,-18
7069,2019-10-01,28,63,35
7070,2019-10-01,19,18,-1
7071,2019-10-01,27,7,-20
7072,2019-10-01,16,12,-4
7073,2019-10-01,34,35,1
7074,2019-10-01,13,12,-1
7075,2019-10-01,3,1,-2
7076,2019-10-01,37,16,-21
7077,2019-10-01,9,16,7
7078,2019-10-01,4,4,0
7079,2019-10-01,11,27,16
7080,2019-10-01,37,61,24
7081,2019-10-01,25,50,25
7082,2019-10-01,32,45,13
7083,2019-10-01,34,30,-4
7084,2019-10-01,45,55,10
7087,2019-10-01,2,1,-1
7090,2019-10-01,4,4,0
7092,2019-10-01,4,4,0
7095,2019-10-01,8,11,3
7096,2019-10-01,9,26,17
7097,2019-10-01,2,2,0
7099,2019-10-01,2,2,0
7100,2019-10-01,2,3,1
7102,2019-10-01,11,8,-3
7105,2019-10-01,1,1,0
7106,2019-10-01,1,0,-1
7107,2019-10-01,1,1,0
7108,2019-10-01,1,0,-1
7109,2019-10-01,4,5,1
7111,2019-10-01,1,1,0
7112,2019-10-01,3,2,-1
7113,2019-10-01,38,41,3
7114,2019-10-01,37,29,-8
7115,2019-10-01,4,3,-1
7116,2019-10-01,6,1,-5
7117,2019-10-01,3,3,0
7118,2019-10-01,1,2,1
7119,2019-10-01,3,0,-3
7121,2019-10-01,2,4,2
7122,2019-10-01,1,0,-1
7123,2019-10-01,1,0,-1
7124,2019-10-01,8,8,0
7125,2019-10-01,10,5,-5
7126,2019-10-01,9,5,-4
7127,2019-10-01,11,20,9
7128,2019-10-01,7,6,-1
7129,2019-10-01,5,8,3
7130,2019-10-01,6,6,0
7131,2019-10-01,2,2,0
7133,2019-10-01,2,0,-2
7134,2019-10-01,1,1,0
7135,2019-10-01,1,3,2
7136,2019-10-01,5,4,-1
7137,2019-10-01,4,4,0
7140,2019-10-01,10,8,-2
7141,2019-10-01,5,7,2
7142,2019-10-01,4,1,-3
7143,2019-10-01,6,10,4
7144,2019-10-01,11,13,2
7145,2019-10-01,8,5,-3
7146,2019-10-01,9,9,0
7147,2019-10-01,14,23,9
7148,2019-10-01,2,2,0
7149,2019-10-01,7,3,-4
10002,2019-10-01,68,62,-6
6013,2019-10-01,1,0,-1
6021,2019-10-01,1,0,-1
6033,2019-10-01,1,0,-1
6046,2019-10-01,1,0,-1
6052,2019-10-01,1,1,0
6080,2019-10-01,1,1,0
6095,2019-10-01,1,1,0
6100,2019-10-01,1,0,-1
6111,2019-10-01,1,0,-1
6114,2019-10-01,1,0,-1
6118,2019-10-01,1,0,-1
6120,2019-10-01,1,1,0
6128,2019-10-01,1,0,-1
6130,2019-10-01,1,0,-1
6136,2019-10-01,2,1,-1
6146,2019-10-01,1,0,-1
6148,2019-10-01,1,0,-1
6149,2019-10-01,1,0,-1
6152,2019-10-01,1,0,-1
6163,2019-10-01,1,1,0
6165,2019-10-01,1,1,0
6168,2019-10-01,1,0,-1
6174,2019-10-01,1,0,-1
6175,2019-10-01,1,1,0
6176,2019-10-01,1,1,0
6181,2019-10-01,1,0,-1
6182,2019-10-01,1,0,-1
6183,2019-10-01,1,0,-1
6184,2019-10-01,1,0,-1
6187,2019-10-01,1,1,0
6195,2019-10-01,1,0,-1
6196,2019-10-01,1,1,0
6204,2019-10-01,2,0,-2
6209,2019-10-01,1,0,-1
6213,2019-10-01,1,0,-1
6225,2019-10-01,1,0,-1
6226,2019-10-01,1,1,0
6227,2019-10-01,1,0,-1
6229,2019-10-01,1,0,-1
6236,2019-10-01,1,0,-1
6254,2019-10-01,1,0,-1
6255,2019-10-01,1,0,-1
6275,2019-10-01,1,0,-1
6277,2019-10-01,1,0,-1
6338,2019-10-01,1,0,-1
6374,2019-10-01,1,1,0
6386,2019-10-01,1,1,0
6387,2019-10-01,2,1,-1
6389,2019-10-01,1,0,-1
6391,2019-10-01,1,1,0
6394,2019-10-01,1,1,0
6395,2019-10-01,1,0,-1
6396,2019-10-01,2,0,-2
6404,2019-10-01,1,1,0
6427,2019-10-01,1,0,-1
6432,2019-10-01,1,0,-1
6435,2019-10-01,1,0,-1
6721,2019-10-01,2,0,-2
6723,2019-10-01,1,1,0
6747,2019-10-01,1,0,-1
6753,2019-10-01,1,0,-1
6903,2019-10-01,1,0,-1
6906,2019-10-01,1,0,-1
6907,2019-10-01,1,0,-1
6912,2019-10-01,1,0,-1
6913,2019-10-01,1,0,-1
7003,2019-10-01,1,0,-1
7023,2019-10-01,1,0,-1
7032,2019-10-01,1,0,-1
7061,2019-10-01,1,0,-1
7063,2019-10-01,1,0,-1
7065,2019-10-01,2,0,-2
7083,2019-10-01,1,0,-1
7112,2019-10-01,1,0,-1
4000,2019-10-02,46,61,15
4001,2019-10-02,10,10,0
4002,2019-10-02,10,22,12
5002,2019-10-02,3,2,-1
5003,2019-10-02,1,3,2
5004,2019-10-02,2,1,-1
5005,2019-10-02,2,6,4
5006,2019-10-02,2,5,3
5007,2019-10-02,19,9,-10
6001,2019-10-02,39,63,24
6002,2019-10-02,42,52,10
6003,2019-10-02,41,70,29
6004,2019-10-02,23,54,31
6005,2019-10-02,63,76,13
6006,2019-10-02,37,24,-13
6007,2019-10-02,32,32,0
6008,2019-10-02,52,100,48
6009,2019-10-02,58,60,2
6011,2019-10-02,57,65,8
6012,2019-10-02,101,184,83
6013,2019-10-02,41,61,20
6014,2019-10-02,56,82,26
6015,2019-10-02,112,206,94
6016,2019-10-02,6,9,3
6017,2019-10-02,28,46,18
6018,2019-10-02,44,55,11
6019,2019-10-02,129,83,-46
6020,2019-10-02,64,100,36
6021,2019-10-02,104,81,-23
6022,2019-10-02,47,46,-1
6023,2019-10-02,54,76,22
6024,2019-10-02,1,2,1
6025,2019-10-02,27,25,-2
6026,2019-10-02,35,53,18
6027,2019-10-02,106,103,-3
6029,2019-10-02,19,31,12
6031,2019-10-02,2,21,19
6032,2019-10-02,44,104,60
6033,2019-10-02,20,21,1
6035,2019-10-02,26,70,44
6036,2019-10-02,59,87,28
6037,2019-10-02,35,33,-2
6038,2019-10-02,72,90,18
6039,2019-10-02,66,85,19
6040,2019-10-02,63,67,4
6041,2019-10-02,58,65,7
6042,2019-10-02,85,83,-2
6043,2019-10-02,153,304,151
6044,2019-10-02,66,68,2
6046,2019-10-02,117,132,15
6047,2019-10-02,104,81,-23
6048,2019-10-02,45,44,-1
6049,2019-10-02,93,93,0
6050,2019-10-02,60,61,1
6051,2019-10-02,28,23,-5
6052,2019-10-02,124,202,78
6053,2019-10-02,107,123,16
6057,2019-10-02,73,65,-8
6058,2019-10-02,55,66,11
6059,2019-10-02,41,11,-30
6060,2019-10-02,37,40,3
6061,2019-10-02,73,58,-15
6062,2019-10-02,49,42,-7
6063,2019-10-02,77,74,-3
6064,2019-10-02,128,137,9
6065,2019-10-02,44,45,1
6066,2019-10-02,45,19,-26
6067,2019-10-02,6,8,2
6068,2019-10-02,8,10,2
6070,2019-10-02,186,170,-16
6072,2019-10-02,72,72,0
6073,2019-10-02,173,163,-10
6075,2019-10-02,47,24,-23
6076,2019-10-02,15,26,11
6078,2019-10-02,64,69,5
6079,2019-10-02,63,69,6
6080,2019-10-02,123,125,2
6081,2019-10-02,31,31,0
6082,2019-10-02,28,18,-10
6083,2019-10-02,95,84,-11
6084,2019-10-02,46,66,20
6085,2019-10-02,80,143,63
6086,2019-10-02,25,56,31
6087,2019-10-02,95,136,41
6088,2019-10-02,77,76,-1
6089,2019-10-02,49,45,-4
6090,2019-10-02,48,53,5
6091,2019-10-02,47,35,-12
6092,2019-10-02,42,38,-4
6093,2019-10-02,33,32,-1
6094,2019-10-02,51,46,-5
6095,2019-10-02,78,63,-15
6096,2019-10-02,37,62,25
6097,2019-10-02,55,27,-28
6098,2019-10-02,38,27,-11
6099,2019-10-02,57,106,49
6100,2019-10-02,208,214,6
6101,2019-10-02,75,24,-51
6102,2019-10-02,31,17,-14
6103,2019-10-02,13,21,8
6104,2019-10-02,68,87,19
6105,2019-10-02,34,56,22
6106,2019-10-02,34,33,-1
6107,2019-10-02,63,63,0
6108,2019-10-02,41,48,7
6109,2019-10-02,1,4,3
6110,2019-10-02,22,23,1
6111,2019-10-02,34,43,9
6112,2019-10-02,65,72,7
6113,2019-10-02,23,22,-1
6114,2019-10-02,111,159,48
6115,2019-10-02,15,27,12
6116,2019-10-02,41,61,20
6117,2019-10-02,69,67,-2
6118,2019-10-02,74,94,20
6119,2019-10-02,66,81,15
6120,2019-10-02,53,86,33
6121,2019-10-02,16,31,15
6122,2019-10-02,19,18,-1
6123,2019-10-02,20,24,4
6124,2019-10-02,35,50,15
6125,2019-10-02,20,21,1
6126,2019-10-02,44,56,12
6127,2019-10-02,37,28,-9
6128,2019-10-02,10,22,12
6129,2019-10-02,56,56,0
6130,2019-10-02,35,21,-14
6131,2019-10-02,75,36,-39
6132,2019-10-02,54,58,4
6133,2019-10-02,30,24,-6
6134,2019-10-02,41,41,0
6136,2019-10-02,301,214,-87
6137,2019-10-02,81,77,-4
6138,2019-10-02,76,74,-2
6139,2019-10-02,38,28,-10
6140,2019-10-02,81,72,-9
6141,2019-10-02,58,48,-10
6142,2019-10-02,72,54,-18
6143,2019-10-02,54,52,-2
6145,2019-10-02,47,37,-10
6146,2019-10-02,36,18,-18
6147,2019-10-02,83,41,-42
6148,2019-10-02,116,81,-35
6149,2019-10-02,45,27,-18
6150,2019-10-02,57,62,5
6151,2019-10-02,72,77,5
6152,2019-10-02,106,96,-10
6153,2019-10-02,68,75,7
6154,2019-10-02,149,157,8
6155,2019-10-02,108,95,-13
6156,2019-10-02,74,65,-9
6157,2019-10-02,85,92,7
6158,2019-10-02,41,40,-1
6159,2019-10-02,23,29,6
6160,2019-10-02,47,35,-12
6161,2019-10-02,34,36,2
6162,2019-10-02,15,9,-6
6163,2019-10-02,87,91,4
6164,2019-10-02,45,69,24
6165,2019-10-02,110,118,8
6166,2019-10-02,54,41,-13
6167,2019-10-02,36,39,3
6168,2019-10-02,81,81,0
6169,2019-10-02,113,118,5
6170,2019-10-02,65,53,-12
6171,2019-10-02,29,33,4
6173,2019-10-02,86,47,-39
6174,2019-10-02,85,80,-5
6175,2019-10-02,84,43,-41
6176,2019-10-02,65,74,9
6177,2019-10-02,71,66,-5
6178,2019-10-02,101,96,-5
6179,2019-10-02,65,70,5
6180,2019-10-02,38,46,8
6181,2019-10-02,124,70,-54
6182,2019-10-02,41,38,-3
6183,2019-10-02,61,62,1
6184,2019-10-02,233,202,-31
6185,2019-10-02,17,16,-1
6186,2019-10-02,14,5,-9
6187,2019-10-02,102,103,1
6188,2019-10-02,41,40,-1
6189,2019-10-02,10,12,2
6190,2019-10-02,122,83,-39
6191,2019-10-02,79,76,-3
6192,2019-10-02,34,31,-3
6193,2019-10-02,60,70,10
6194,2019-10-02,96,86,-10
6195,2019-10-02,76,50,-26
6196,2019-10-02,108,90,-18
6197,2019-10-02,66,57,-9
6198,2019-10-02,17,13,-4
6199,2019-10-02,110,87,-23
6200,2019-10-02,84,68,-16
6201,2019-10-02,83,66,-17
6202,2019-10-02,108,95,-13
6203,2019-10-02,64,44,-20
6204,2019-10-02,99,107,8
6205,2019-10-02,98,79,-19
6206,2019-10-02,134,122,-12
6207,2019-10-02,52,41,-11
6208,2019-10-02,62,82,20
6209,2019-10-02,121,92,-29
6210,2019-10-02,42,33,-9
6211,2019-10-02,149,117,-32
6212,2019-10-02,84,66,-18
6213,2019-10-02,105,102,-3
6214,2019-10-02,75,51,-24
6215,2019-10-02,43,61,18
6216,2019-10-02,77,31,-46
6217,2019-10-02,101,77,-24
6218,2019-10-02,62,44,-18
6219,2019-10-02,57,58,1
6220,2019-10-02,70,66,-4
6221,2019-10-02,183,150,-33
6222,2019-10-02,76,47,-29
6223,2019-10-02,62,41,-21
6224,2019-10-02,55,54,-1
6225,2019-10-02,36,38,2
6226,2019-10-02,26,23,-3
6227,2019-10-02,99,106,7
6228,2019-10-02,24,16,-8
6229,2019-10-02,63,58,-5
6230,2019-10-02,85,67,-18
6231,2019-10-02,94,80,-14
6232,2019-10-02,29,26,-3
6233,2019-10-02,112,82,-30
6234,2019-10-02,63,47,-16
6235,2019-10-02,77,57,-20
6236,2019-10-02,57,56,-1
6237,2019-10-02,56,59,3
6240,2019-10-02,17,16,-1
6241,2019-10-02,41,37,-4
6243,2019-10-02,63,62,-1
6245,2019-10-02,29,26,-3
6246,2019-10-02,68,70,2
6248,2019-10-02,144,119,-25
6249,2019-10-02,53,43,-10
6250,2019-10-02,55,57,2
6251,2019-10-02,17,25,8
6252,2019-10-02,51,41,-10
6253,2019-10-02,55,43,-12
6254,2019-10-02,65,55,-10
6255,2019-10-02,66,66,0
6257,2019-10-02,44,36,-8
6258,2019-10-02,71,59,-12
6259,2019-10-02,35,35,0
6260,2019-10-02,41,39,-2
6261,2019-10-02,37,39,2
6262,2019-10-02,42,45,3
6263,2019-10-02,25,32,7
6264,2019-10-02,27,32,5
6265,2019-10-02,67,59,-8
6266,2019-10-02,36,21,-15
6267,2019-10-02,37,39,2
6268,2019-10-02,47,43,-4
6269,2019-10-02,22,30,8
6270,2019-10-02,29,30,1
6272,2019-10-02,24,31,7
6273,2019-10-02,23,20,-3
6274,2019-10-02,37,29,-8
6275,2019-10-02,25,24,-1
6276,2019-10-02,32,29,-3
6277,2019-10-02,37,36,-1
6278,2019-10-02,20,18,-2
6279,2019-10-02,21,22,1
6280,2019-10-02,90,80,-10
6281,2019-10-02,27,20,-7
6301,2019-10-02,20,17,-3
6302,2019-10-02,26,21,-5
6303,2019-10-02,16,18,2
6304,2019-10-02,8,7,-1
6305,2019-10-02,18,9,-9
6306,2019-10-02,64,28,-36
6307,2019-10-02,78,69,-9
6309,2019-10-02,23,24,1
6310,2019-10-02,70,37,-33
6311,2019-10-02,46,28,-18
6312,2019-10-02,19,15,-4
6313,2019-10-02,28,30,2
6314,2019-10-02,55,51,-4
6315,2019-10-02,54,28,-26
6316,2019-10-02,33,15,-18
6321,2019-10-02,60,47,-13
6322,2019-10-02,21,23,2
6323,2019-10-02,17,14,-3
6324,2019-10-02,25,31,6
6327,2019-10-02,23,16,-7
6328,2019-10-02,34,31,-3
6329,2019-10-02,26,24,-2
6330,2019-10-02,21,25,4
6331,2019-10-02,24,16,-8
6332,2019-10-02,31,34,3
6333,2019-10-02,10,16,6
6334,2019-10-02,67,67,0
6335,2019-10-02,32,32,0
6336,2019-10-02,22,23,1
6338,2019-10-02,35,26,-9
6339,2019-10-02,26,24,-2
6340,2019-10-02,21,21,0
6341,2019-10-02,23,30,7
6343,2019-10-02,38,41,3
6344,2019-10-02,28,23,-5
6345,2019-10-02,18,14,-4
6346,2019-10-02,34,21,-13
6347,2019-10-02,27,27,0
6349,2019-10-02,24,19,-5
6350,2019-10-02,35,17,-18
6354,2019-10-02,29,27,-2
6355,2019-10-02,20,34,14
6356,2019-10-02,33,20,-13
6357,2019-10-02,25,15,-10
6358,2019-10-02,24,22,-2
6359,2019-10-02,73,82,9
6360,2019-10-02,21,21,0
6361,2019-10-02,31,31,0
6362,2019-10-02,27,25,-2
6363,2019-10-02,32,32,0
6364,2019-10-02,44,37,-7
6366,2019-10-02,32,29,-3
6367,2019-10-02,20,20,0
6368,2019-10-02,48,54,6
6369,2019-10-02,35,45,10
6370,2019-10-02,26,24,-2
6371,2019-10-02,59,67,8
6372,2019-10-02,76,76,0
6373,2019-10-02,34,34,0
6374,2019-10-02,40,32,-8
6375,2019-10-02,38,52,14
6376,2019-10-02,19,20,1
6377,2019-10-02,26,30,4
6379,2019-10-02,26,32,6
6380,2019-10-02,20,22,2
6381,2019-10-02,41,52,11
6383,2019-10-02,25,17,-8
6384,2019-10-02,22,15,-7
6385,2019-10-02,40,49,9
6386,2019-10-02,37,46,9
6387,2019-10-02,65,76,11
6388,2019-10-02,11,19,8
6389,2019-10-02,48,38,-10
6391,2019-10-02,58,82,24
6393,2019-10-02,54,67,13
6394,2019-10-02,36,53,17
6395,2019-10-02,58,62,4
6396,2019-10-02,98,70,-28
6397,2019-10-02,26,43,17
6398,2019-10-02,31,47,16
6401,2019-10-02,45,69,24
6402,2019-10-02,26,29,3
6403,2019-10-02,27,32,5
6404,2019-10-02,12,16,4
6405,2019-10-02,26,48,22
6406,2019-10-02,49,56,7
6407,2019-10-02,12,30,18
6408,2019-10-02,51,49,-2
6409,2019-10-02,18,22,4
6410,2019-10-02,48,47,-1
6411,2019-10-02,131,110,-21
6412,2019-10-02,26,39,13
6413,2019-10-02,20,27,7
6414,2019-10-02,13,15,2
6415,2019-10-02,12,20,8
6416,2019-10-02,23,11,-12
6417,2019-10-02,19,34,15
6418,2019-10-02,5,5,0
6419,2019-10-02,1,12,11
6420,2019-10-02,29,18,-11
6421,2019-10-02,48,30,-18
6422,2019-10-02,9,12,3
6423,2019-10-02,19,14,-5
6424,2019-10-02,38,74,36
6425,2019-10-02,29,24,-5
6426,2019-10-02,63,57,-6
6427,2019-10-02,38,42,4
6428,2019-10-02,12,11,-1
6429,2019-10-02,13,29,16
6432,2019-10-02,69,69,0
6433,2019-10-02,31,23,-8
6434,2019-10-02,48,44,-4
6435,2019-10-02,19,19,0
6436,2019-10-02,26,21,-5
6501,2019-10-02,32,40,8
6502,2019-10-02,8,10,2
6503,2019-10-02,65,50,-15
6504,2019-10-02,5,4,-1
6700,2019-10-02,17,27,10
6701,2019-10-02,63,53,-10
6702,2019-10-02,14,12,-2
6703,2019-10-02,31,32,1
6704,2019-10-02,28,19,-9
6705,2019-10-02,8,14,6
6706,2019-10-02,19,22,3
6707,2019-10-02,24,15,-9
6709,2019-10-02,22,23,1
6710,2019-10-02,10,14,4
6711,2019-10-02,19,18,-1
6712,2019-10-02,7,11,4
6713,2019-10-02,9,16,7
6714,2019-10-02,1,0,-1
6715,2019-10-02,8,8,0
6716,2019-10-02,10,13,3
6717,2019-10-02,6,16,10
6718,2019-10-02,21,21,0
6719,2019-10-02,17,26,9
6720,2019-10-02,13,22,9
6721,2019-10-02,6,16,10
6722,2019-10-02,14,8,-6
6723,2019-10-02,16,10,-6
6724,2019-10-02,28,26,-2
6725,2019-10-02,21,22,1
6726,2019-10-02,11,9,-2
6727,2019-10-02,77,77,0
6728,2019-10-02,14,15,1
6729,2019-10-02,113,118,5
6730,2019-10-02,13,11,-2
6731,2019-10-02,11,12,1
6732,2019-10-02,29,24,-5
6733,2019-10-02,25,24,-1
6734,2019-10-02,43,31,-12
6735,2019-10-02,10,11,1
6736,2019-10-02,9,12,3
6737,2019-10-02,17,20,3
6738,2019-10-02,75,71,-4
6739,2019-10-02,9,5,-4
6741,2019-10-02,15,8,-7
6742,2019-10-02,28,30,2
6743,2019-10-02,22,14,-8
6744,2019-10-02,15,17,2
6745,2019-10-02,14,14,0
6746,2019-10-02,16,14,-2
6747,2019-10-02,34,37,3
6748,2019-10-02,66,79,13
6749,2019-10-02,34,50,16
6750,2019-10-02,39,33,-6
6752,2019-10-02,28,35,7
6753,2019-10-02,21,23,2
6754,2019-10-02,8,11,3
6901,2019-10-02,46,49,3
6902,2019-10-02,71,83,12
6903,2019-10-02,123,121,-2
6904,2019-10-02,41,36,-5
6905,2019-10-02,30,35,5
6906,2019-10-02,96,61,-35
6907,2019-10-02,88,51,-37
6908,2019-10-02,40,41,1
6910,2019-10-02,88,74,-14
6912,2019-10-02,105,84,-21
6913,2019-10-02,46,40,-6
6915,2019-10-02,62,58,-4
6916,2019-10-02,29,27,-2
6917,2019-10-02,14,15,1
6918,2019-10-02,18,9,-9
6919,2019-10-02,23,22,-1
6921,2019-10-02,75,73,-2
6923,2019-10-02,42,44,2
6924,2019-10-02,23,21,-2
6925,2019-10-02,35,42,7
6926,2019-10-02,59,59,0
6927,2019-10-02,69,42,-27
6928,2019-10-02,83,35,-48
6929,2019-10-02,28,23,-5
6930,2019-10-02,13,16,3
7001,2019-10-02,25,37,12
7002,2019-10-02,9,13,4
7003,2019-10-02,83,63,-20
7004,2019-10-02,19,18,-1
7005,2019-10-02,8,10,2
7006,2019-10-02,15,19,4
7007,2019-10-02,10,12,2
7008,2019-10-02,17,20,3
7009,2019-10-02,45,41,-4
7010,2019-10-02,13,14,1
7011,2019-10-02,49,55,6
7012,2019-10-02,33,42,9
7013,2019-10-02,22,17,-5
7014,2019-10-02,91,56,-35
7015,2019-10-02,8,13,5
7016,2019-10-02,8,4,-4
7017,2019-10-02,28,38,10
7018,2019-10-02,21,35,14
7019,2019-10-02,125,108,-17
7020,2019-10-02,25,26,1
7021,2019-10-02,31,36,5
7022,2019-10-02,38,29,-9
7023,2019-10-02,5,4,-1
7024,2019-10-02,55,40,-15
7025,2019-10-02,36,29,-7
7026,2019-10-02,58,55,-3
7027,2019-10-02,44,37,-7
7028,2019-10-02,107,84,-23
7029,2019-10-02,35,34,-1
7030,2019-10-02,50,53,3
7031,2019-10-02,30,37,7
7032,2019-10-02,105,62,-43
7033,2019-10-02,57,59,2
7034,2019-10-02,10,15,5
7035,2019-10-02,38,40,2
7036,2019-10-02,41,47,6
7037,2019-10-02,48,46,-2
7038,2019-10-02,70,60,-10
7039,2019-10-02,16,20,4
7040,2019-10-02,55,54,-1
7041,2019-10-02,92,82,-10
7042,2019-10-02,36,35,-1
7043,2019-10-02,25,16,-9
7044,2019-10-02,8,10,2
7045,2019-10-02,29,36,7
7046,2019-10-02,100,100,0
7047,2019-10-02,96,152,56
7048,2019-10-02,8,12,4
7049,2019-10-02,12,16,4
7050,2019-10-02,11,18,7
7051,2019-10-02,9,12,3
7052,2019-10-02,30,39,9
7053,2019-10-02,28,27,-1
7054,2019-10-02,38,37,-1
7055,2019-10-02,7,19,12
7056,2019-10-02,8,17,9
7057,2019-10-02,19,21,2
7058,2019-10-02,26,23,-3
7059,2019-10-02,25,23,-2
7060,2019-10-02,16,22,6
7061,2019-10-02,16,10,-6
7062,2019-10-02,44,45,1
7063,2019-10-02,17,16,-1
7064,2019-10-02,25,27,2
7065,2019-10-02,30,40,10
7066,2019-10-02,47,104,57
7067,2019-10-02,60,61,1
7068,2019-10-02,39,56,17
7069,2019-10-02,78,88,10
7070,2019-10-02,32,35,3
7071,2019-10-02,41,23,-18
7072,2019-10-02,40,22,-18
7073,2019-10-02,48,57,9
7074,2019-10-02,29,32,3
7075,2019-10-02,6,11,5
7076,2019-10-02,60,44,-16
7077,2019-10-02,22,21,-1
7078,2019-10-02,11,23,12
7079,2019-10-02,24,33,9
7080,2019-10-02,80,82,2
7081,2019-10-02,63,96,33
7082,2019-10-02,59,79,20
7083,2019-10-02,62,55,-7
7084,2019-10-02,97,89,-8
7086,2019-10-02,1,1,0
7087,2019-10-02,1,1,0
7090,2019-10-02,10,7,-3
7091,2019-10-02,4,3,-1
7092,2019-10-02,4,2,-2
7093,2019-10-02,2,0,-2
7094,2019-10-02,3,1,-2
7095,2019-10-02,9,16,7
7096,2019-10-02,17,29,12
7097,2019-10-02,4,6,2
7098,2019-10-02,2,0,-2
7099,2019-10-02,5,4,-1
7100,2019-10-02,3,7,4
7101,2019-10-02,4,2,-2
7102,2019-10-02,14,16,2
7106,2019-10-02,1,1,0
7107,2019-10-02,2,1,-1
7108,2019-10-02,4,3,-1
7109,2019-10-02,6,5,-1
7110,2019-10-02,2,3,1
7111,2019-10-02,1,2,1
7112,2019-10-02,8,7,-1
7113,2019-10-02,58,59,1
7114,2019-10-02,60,81,21
7115,2019-10-02,10,3,-7
7116,2019-10-02,9,5,-4
7118,2019-10-02,2,4,2
7119,2019-10-02,4,5,1
7120,2019-10-02,1,2,1
7121,2019-10-02,4,9,5
7122,2019-10-02,2,8,6
7123,2019-10-02,2,1,-1
7124,2019-10-02,28,22,-6
7125,2019-10-02,13,9,-4
7126,2019-10-02,7,5,-2
7127,2019-10-02,31,31,0
7128,2019-10-02,13,14,1
7129,2019-10-02,9,8,-1
7130,2019-10-02,10,9,-1
7131,2019-10-02,4,6,2
7132,2019-10-02,3,4,1
7133,2019-10-02,2,5,3
7134,2019-10-02,3,3,0
7135,2019-10-02,2,2,0
7136,2019-10-02,7,6,-1
7137,2019-10-02,4,4,0
7138,2019-10-02,4,3,-1
7139,2019-10-02,9,6,-3
7140,2019-10-02,20,22,2
7141,2019-10-02,23,24,1
7142,2019-10-02,7,3,-4
7143,2019-10-02,19,19,0
7144,2019-10-02,26,38,12
7145,2019-10-02,6,8,2
7146,2019-10-02,15,23,8
7147,2019-10-02,36,35,-1
7148,2019-10-02,5,6,1
7149,2019-10-02,6,9,3
10002,2019-10-02,68,96,28
4000,2019-10-03,44,55,11
4001,2019-10-03,11,9,-2
4002,2019-10-03,14,19,5
5002,2019-10-03,4,3,-1
5003,2019-10-03,1,3,2
5004,2019-10-03,3,2,-1
5005,2019-10-03,4,5,1
5006,2019-10-03,6,5,-1
5007,2019-10-03,11,13,2
6001,2019-10-03,43,74,31
6002,2019-10-03,31,54,23
6003,2019-10-03,43,64,21
6004,2019-10-03,28,39,11
6005,2019-10-03,62,62,0
6006,2019-10-03,33,20,-13
6007,2019-10-03,34,37,3
6008,2019-10-03,35,70,35
6009,2019-10-03,57,57,0
6011,2019-10-03,57,53,-4
6012,2019-10-03,87,155,68
6013,2019-10-03,57,73,16
6014,2019-10-03,34,55,21
6015,2019-10-03,123,190,67
6016,2019-10-03,6,7,1
6017,2019-10-03,38,43,5
6018,2019-10-03,41,51,10
6019,2019-10-03,141,88,-53
6020,2019-10-03,67,103,36
6021,2019-10-03,81,70,-11
6022,2019-10-03,47,47,0
6023,2019-10-03,55,74,19
6025,2019-10-03,28,27,-1
6026,2019-10-03,36,60,24
6027,2019-10-03,109,108,-1
6029,2019-10-03,24,24,0
6032,2019-10-03,60,111,51
6033,2019-10-03,21,20,-1
6035,2019-10-03,33,67,34
6036,2019-10-03,64,112,48
6037,2019-10-03,36,42,6
6038,2019-10-03,77,79,2
6039,2019-10-03,58,87,29
6040,2019-10-03,49,77,28
6041,2019-10-03,64,65,1
6042,2019-10-03,75,74,-1
6043,2019-10-03,145,291,146
6044,2019-10-03,59,64,5
6046,2019-10-03,98,107,9
6047,2019-10-03,76,72,-4
6048,2019-10-03,30,42,12
6049,2019-10-03,66,86,20
6050,2019-10-03,30,55,25
6051,2019-10-03,27,26,-1
6052,2019-10-03,96,177,81
6053,2019-10-03,129,117,-12
6057,2019-10-03,75,65,-10
6058,2019-10-03,44,56,12
6059,2019-10-03,56,47,-9
6060,2019-10-03,27,25,-2
6061,2019-10-03,63,39,-24
6062,2019-10-03,48,39,-9
6063,2019-10-03,76,48,-28
6064,2019-10-03,108,124,16
6065,2019-10-03,49,28,-21
6066,2019-10-03,42,20,-22
6067,2019-10-03,11,14,3
6068,2019-10-03,7,12,5
6070,2019-10-03,160,180,20
6072,2019-10-03,73,63,-10
6073,2019-10-03,189,153,-36
6075,2019-10-03,48,20,-28
6076,2019-10-03,12,23,11
6078,2019-10-03,51,57,6
6079,2019-10-03,42,39,-3
6080,2019-10-03,96,121,25
6081,2019-10-03,38,28,-10
6082,2019-10-03,15,13,-2
6083,2019-10-03,74,125,51
6084,2019-10-03,48,56,8
6085,2019-10-03,58,136,78
6086,2019-10-03,53,76,23
6087,2019-10-03,78,113,35
6088,2019-10-03,45,65,20
6089,2019-10-03,33,42,9
6090,2019-10-03,56,54,-2
6091,2019-10-03,39,22,-17
6092,2019-10-03,53,39,-14
6093,2019-10-03,36,22,-14
6094,2019-10-03,20,20,0
6095,2019-10-03,80,63,-17
6096,2019-10-03,29,53,24
6097,2019-10-03,55,22,-33
6098,2019-10-03,31,25,-6
6099,2019-10-03,90,112,22
6100,2019-10-03,193,181,-12
6101,2019-10-03,66,16,-50
6102,2019-10-03,30,11,-19
6103,2019-10-03,10,12,2
6104,2019-10-03,61,73,12
6105,2019-10-03,40,50,10
6106,2019-10-03,16,27,11
6107,2019-10-03,65,48,-17
6108,2019-10-03,29,41,12
6109,2019-10-03,7,3,-4
6110,2019-10-03,19,23,4
6111,2019-10-03,33,46,13
6112,2019-10-03,59,69,10
6113,2019-10-03,14,30,16
6114,2019-10-03,93,127,34
6115,2019-10-03,11,19,8
6116,2019-10-03,41,55,14
6117,2019-10-03,60,64,4
6118,2019-10-03,62,83,21
6119,2019-10-03,54,74,20
6120,2019-10-03,41,85,44
6121,2019-10-03,14,18,4
6122,2019-10-03,17,18,1
6123,2019-10-03,13,25,12
6124,2019-10-03,25,53,28
6125,2019-10-03,24,19,-5
6126,2019-10-03,33,42,9
6127,2019-10-03,32,36,4
6128,2019-10-03,16,18,2
6129,2019-10-03,53,45,-8
6130,2019-10-03,16,16,0
6131,2019-10-03,78,31,-47
6132,2019-10-03,52,65,13
6133,2019-10-03,22,16,-6
6134,2019-10-03,37,38,1
6136,2019-10-03,248,199,-49
6137,2019-10-03,72,58,-14
6138,2019-10-03,71,72,1
6139,2019-10-03,32,27,-5
6140,2019-10-03,73,81,8
6141,2019-10-03,44,38,-6
6142,2019-10-03,63,43,-20
6143,2019-10-03,45,32,-13
6145,2019-10-03,31,39,8
6146,2019-10-03,58,45,-13
6147,2019-10-03,78,41,-37
6148,2019-10-03,119,72,-47
6149,2019-10-03,49,38,-11
6150,2019-10-03,56,52,-4
6151,2019-10-03,53,70,17
6152,2019-10-03,115,104,-11
6153,2019-10-03,65,52,-13
6154,2019-10-03,117,99,-18
6155,2019-10-03,105,105,0
6156,2019-10-03,51,52,1
6157,2019-10-03,90,85,-5
6158,2019-10-03,62,60,-2
6159,2019-10-03,24,25,1
6160,2019-10-03,60,43,-17
6161,2019-10-03,36,33,-3
6162,2019-10-03,3,11,8
6163,2019-10-03,82,83,1
6164,2019-10-03,56,54,-2
6165,2019-10-03,80,84,4
6166,2019-10-03,38,28,-10
6167,2019-10-03,26,29,3
6168,2019-10-03,95,65,-30
6169,2019-10-03,118,114,-4
6170,2019-10-03,44,40,-4
6171,2019-10-03,33,35,2
6173,2019-10-03,83,67,-16
6174,2019-10-03,90,75,-15
6175,2019-10-03,72,45,-27
6176,2019-10-03,68,62,-6
6177,2019-10-03,54,55,1
6178,2019-10-03,74,78,4
6179,2019-10-03,60,59,-1
6180,2019-10-03,27,35,8
6181,2019-10-03,138,74,-64
6182,2019-10-03,39,32,-7
6183,2019-10-03,62,50,-12
6184,2019-10-03,208,190,-18
6185,2019-10-03,17,19,2
6186,2019-10-03,38,26,-12
6187,2019-10-03,92,88,-4
6188,2019-10-03,37,31,-6
6189,2019-10-03,20,11,-9
6190,2019-10-03,94,82,-12
6191,2019-10-03,80,77,-3
6192,2019-10-03,25,22,-3
6193,2019-10-03,70,63,-7
6194,2019-10-03,84,57,-27
6195,2019-10-03,71,45,-26
6196,2019-10-03,109,90,-19
6197,2019-10-03,49,48,-1
6198,2019-10-03,15,18,3
6199,2019-10-03,108,76,-32
6200,2019-10-03,69,74,5
6201,2019-10-03,68,53,-15
6202,2019-10-03,109,88,-21
6203,2019-10-03,47,43,-4
6204,2019-10-03,88,96,8
6205,2019-10-03,100,84,-16
6206,2019-10-03,111,117,6
6207,2019-10-03,45,36,-9
6208,2019-10-03,73,90,17
6209,2019-10-03,91,78,-13
6210,2019-10-03,38,38,0
6211,2019-10-03,143,129,-14
6212,2019-10-03,80,35,-45
6213,2019-10-03,87,92,5
6214,2019-10-03,69,56,-13
6215,2019-10-03,45,48,3
6216,2019-10-03,69,22,-47
6217,2019-10-03,99,60,-39
6218,2019-10-03,47,31,-16
6219,2019-10-03,56,54,-2
6220,2019-10-03,81,62,-19
6221,2019-10-03,167,146,-21
6222,2019-10-03,65,43,-22
6223,2019-10-03,77,48,-29
6224,2019-10-03,61,52,-9
6225,2019-10-03,53,32,-21
6226,2019-10-03,22,25,3
6227,2019-10-03,91,91,0
6228,2019-10-03,20,20,0
6229,2019-10-03,57,46,-11
6230,2019-10-03,58,56,-2
6231,2019-10-03,87,68,-19
6232,2019-10-03,34,20,-14
6233,2019-10-03,92,76,-16
6234,2019-10-03,54,42,-12
6235,2019-10-03,47,41,-6
6236,2019-10-03,64,53,-11
6237,2019-10-03,47,48,1
6240,2019-10-03,19,19,0
6241,2019-10-03,33,35,2
6243,2019-10-03,55,51,-4
6245,2019-10-03,22,28,6
6246,2019-10-03,66,71,5
6248,2019-10-03,132,113,-19
6249,2019-10-03,42,36,-6
6250,2019-10-03,49,54,5
6251,2019-10-03,14,18,4
6252,2019-10-03,48,47,-1
6253,2019-10-03,56,45,-11
6254,2019-10-03,62,60,-2
6255,2019-10-03,58,48,-10
6257,2019-10-03,32,27,-5
6258,2019-10-03,75,46,-29
6259,2019-10-03,32,24,-8
6260,2019-10-03,35,35,0
6261,2019-10-03,40,27,-13
6262,2019-10-03,32,36,4
6263,2019-10-03,18,28,10
6264,2019-10-03,32,26,-6
6265,2019-10-03,48,41,-7
6266,2019-10-03,27,26,-1
6267,2019-10-03,37,40,3
6268,2019-10-03,41,43,2
6269,2019-10-03,18,22,4
6270,2019-10-03,33,31,-2
6272,2019-10-03,23,20,-3
6273,2019-10-03,22,19,-3
6274,2019-10-03,40,34,-6
6275,2019-10-03,29,31,2
6276,2019-10-03,28,22,-6
6277,2019-10-03,42,37,-5
6278,2019-10-03,17,15,-2
6279,2019-10-03,24,17,-7
6280,2019-10-03,82,64,-18
6281,2019-10-03,30,20,-10
6301,2019-10-03,18,18,0
6302,2019-10-03,9,13,4
6303,2019-10-03,10,8,-2
6304,2019-10-03,12,10,-2
6305,2019-10-03,19,12,-7
6306,2019-10-03,69,23,-46
6307,2019-10-03,58,58,0
6309,2019-10-03,28,21,-7
6310,2019-10-03,61,31,-30
6311,2019-10-03,42,33,-9
6312,2019-10-03,14,17,3
6313,2019-10-03,28,33,5
6314,2019-10-03,49,50,1
6315,2019-10-03,64,47,-17
6316,2019-10-03,34,19,-15
6321,2019-10-03,54,36,-18
6322,2019-10-03,27,24,-3
6323,2019-10-03,13,16,3
6324,2019-10-03,13,19,6
6327,2019-10-03,26,17,-9
6328,2019-10-03,26,26,0
6329,2019-10-03,31,25,-6
6330,2019-10-03,23,16,-7
6331,2019-10-03,14,13,-1
6332,2019-10-03,27,28,1
6333,2019-10-03,13,11,-2
6334,2019-10-03,40,49,9
6335,2019-10-03,34,28,-6
6336,2019-10-03,25,23,-2
6338,2019-10-03,22,15,-7
6339,2019-10-03,16,21,5
6340,2019-10-03,21,21,0
6341,2019-10-03,21,28,7
6343,2019-10-03,37,35,-2
6344,2019-10-03,39,32,-7
6345,2019-10-03,12,10,-2
6346,2019-10-03,29,22,-7
6347,2019-10-03,20,23,3
6349,2019-10-03,28,21,-7
6350,2019-10-03,30,26,-4
6354,2019-10-03,25,19,-6
6355,2019-10-03,18,32,14
6356,2019-10-03,32,20,-12
6357,2019-10-03,22,8,-14
6358,2019-10-03,22,17,-5
6359,2019-10-03,55,78,23
6360,2019-10-03,24,27,3
6361,2019-10-03,30,36,6
6362,2019-10-03,40,32,-8
6363,2019-10-03,12,17,5
6364,2019-10-03,31,31,0
6366,2019-10-03,27,19,-8
6367,2019-10-03,20,17,-3
6368,2019-10-03,55,50,-5
6369,2019-10-03,41,44,3
6370,2019-10-03,28,31,3
6371,2019-10-03,56,49,-7
6372,2019-10-03,53,62,9
6373,2019-10-03,23,24,1
6374,2019-10-03,29,26,-3
6375,2019-10-03,38,42,4
6376,2019-10-03,21,23,2
6377,2019-10-03,25,32,7
6379,2019-10-03,24,30,6
6380,2019-10-03,22,18,-4
6381,2019-10-03,35,28,-7
6383,2019-10-03,23,15,-8
6384,2019-10-03,15,14,-1
6385,2019-10-03,47,50,3
6386,2019-10-03,35,40,5
6387,2019-10-03,64,76,12
6388,2019-10-03,12,8,-4
6389,2019-10-03,37,37,0
6391,2019-10-03,32,68,36
6393,2019-10-03,39,63,24
6394,2019-10-03,32,46,14
6395,2019-10-03,64,65,1
6396,2019-10-03,82,60,-22
6397,2019-10-03,30,41,11
6398,2019-10-03,23,43,20
6401,2019-10-03,42,57,15
6402,2019-10-03,26,28,2
6403,2019-10-03,22,23,1
6404,2019-10-03,8,15,7
6405,2019-10-03,33,41,8
6406,2019-10-03,33,39,6
6407,2019-10-03,13,12,-1
6408,2019-10-03,36,39,3
6409,2019-10-03,18,18,0
6410,2019-10-03,52,50,-2
6411,2019-10-03,141,131,-10
6412,2019-10-03,25,32,7
6413,2019-10-03,17,9,-8
6414,2019-10-03,7,10,3
6415,2019-10-03,19,19,0
6416,2019-10-03,20,12,-8
6417,2019-10-03,22,27,5
6418,2019-10-03,3,6,3
6419,2019-10-03,6,10,4
6420,2019-10-03,17,11,-6
6421,2019-10-03,34,25,-9
6422,2019-10-03,8,10,2
6423,2019-10-03,16,17,1
6424,2019-10-03,31,66,35
6425,2019-10-03,37,39,2
6426,2019-10-03,61,58,-3
6427,2019-10-03,46,39,-7
6428,2019-10-03,7,5,-2
6429,2019-10-03,10,15,5
6432,2019-10-03,46,48,2
6433,2019-10-03,31,26,-5
6434,2019-10-03,41,45,4
6435,2019-10-03,22,28,6
6436,2019-10-03,17,11,-6
6501,2019-10-03,18,22,4
6502,2019-10-03,5,6,1
6503,2019-10-03,63,51,-12
6504,2019-10-03,1,1,0
6700,2019-10-03,14,34,20
6701,2019-10-03,66,52,-14
6702,2019-10-03,13,20,7
6703,2019-10-03,29,16,-13
6704,2019-10-03,17,17,0
6705,2019-10-03,11,16,5
6706,2019-10-03,14,21,7
6707,2019-10-03,24,29,5
6709,2019-10-03,25,28,3
6710,2019-10-03,14,11,-3
6711,2019-10-03,19,23,4
6712,2019-10-03,13,18,5
6713,2019-10-03,9,13,4
6714,2019-10-03,1,1,0
6715,2019-10-03,12,9,-3
6716,2019-10-03,7,7,0
6717,2019-10-03,5,12,7
6718,2019-10-03,15,17,2
6719,2019-10-03,18,21,3
6720,2019-10-03,22,29,7
6721,2019-10-03,17,12,-5
6722,2019-10-03,14,18,4
6723,2019-10-03,13,18,5
6724,2019-10-03,12,21,9
6725,2019-10-03,22,34,12
6726,2019-10-03,7,4,-3
6727,2019-10-03,64,78,14
6728,2019-10-03,18,13,-5
6729,2019-10-03,102,110,8
6730,2019-10-03,8,8,0
6731,2019-10-03,9,6,-3
6732,2019-10-03,29,26,-3
6733,2019-10-03,28,28,0
6734,2019-10-03,38,39,1
6735,2019-10-03,13,14,1
6736,2019-10-03,21,12,-9
6737,2019-10-03,16,20,4
6738,2019-10-03,69,57,-12
6739,2019-10-03,4,11,7
6741,2019-10-03,16,13,-3
6742,2019-10-03,35,37,2
6743,2019-10-03,13,12,-1
6744,2019-10-03,17,19,2
6745,2019-10-03,16,14,-2
6746,2019-10-03,18,15,-3
6747,2019-10-03,40,45,5
6748,2019-10-03,47,61,14
6749,2019-10-03,35,36,1
6750,2019-10-03,50,49,-1
6752,2019-10-03,32,36,4
6753,2019-10-03,19,21,2
6754,2019-10-03,7,16,9
6901,2019-10-03,43,60,17
6902,2019-10-03,63,86,23
6903,2019-10-03,94,72,-22
6904,2019-10-03,40,33,-7
6905,2019-10-03,29,28,-1
6906,2019-10-03,74,62,-12
6907,2019-10-03,60,43,-17
6908,2019-10-03,29,36,7
6910,2019-10-03,92,81,-11
6912,2019-10-03,101,85,-16
6913,2019-10-03,38,23,-15
6915,2019-10-03,79,61,-18
6916,2019-10-03,38,28,-10
6917,2019-10-03,11,15,4
6918,2019-10-03,20,10,-10
6919,2019-10-03,31,20,-11
6921,2019-10-03,67,64,-3
6923,2019-10-03,35,37,2
6924,2019-10-03,22,25,3
6925,2019-10-03,29,23,-6
6926,2019-10-03,53,65,12
6927,2019-10-03,66,36,-30
6928,2019-10-03,66,39,-27
6929,2019-10-03,23,16,-7
6930,2019-10-03,9,20,11
7001,2019-10-03,29,36,7
7002,2019-10-03,14,19,5
7003,2019-10-03,63,51,-12
7004,2019-10-03,23,24,1
7005,2019-10-03,6,8,2
7006,2019-10-03,11,10,-1
7007,2019-10-03,12,16,4
7008,2019-10-03,20,18,-2
7009,2019-10-03,35,37,2
7010,2019-10-03,13,8,-5
7011,2019-10-03,44,46,2
7012,2019-10-03,32,28,-4
7013,2019-10-03,17,12,-5
7014,2019-10-03,72,48,-24
7015,2019-10-03,11,14,3
7016,2019-10-03,15,8,-7
7017,2019-10-03,24,33,9
7018,2019-10-03,26,39,13
7019,2019-10-03,94,88,-6
7020,2019-10-03,16,23,7
7021,2019-10-03,42,29,-13
7022,2019-10-03,27,30,3
7023,2019-10-03,3,2,-1
7024,2019-10-03,67,42,-25
7025,2019-10-03,34,38,4
7026,2019-10-03,58,59,1
7027,2019-10-03,38,28,-10
7028,2019-10-03,73,67,-6
7029,2019-10-03,39,36,-3
7030,2019-10-03,48,46,-2
7031,2019-10-03,40,38,-2
7032,2019-10-03,70,55,-15
7033,2019-10-03,52,54,2
7034,2019-10-03,21,22,1
7035,2019-10-03,34,32,-2
7036,2019-10-03,37,33,-4
7037,2019-10-03,42,44,2
7038,2019-10-03,53,55,2
7039,2019-10-03,18,19,1
7040,2019-10-03,60,67,7
7041,2019-10-03,94,75,-19
7042,2019-10-03,39,38,-1
7043,2019-10-03,21,14,-7
7044,2019-10-03,10,10,0
7045,2019-10-03,25,36,11
7046,2019-10-03,66,109,43
7047,2019-10-03,103,152,49
7048,2019-10-03,15,21,6
7049,2019-10-03,12,16,4
7050,2019-10-03,22,21,-1
7051,2019-10-03,10,15,5
7052,2019-10-03,53,59,6
7053,2019-10-03,25,22,-3
7054,2019-10-03,32,34,2
7055,2019-10-03,11,17,6
7056,2019-10-03,16,19,3
7057,2019-10-03,30,28,-2
7058,2019-10-03,20,28,8
7059,2019-10-03,23,29,6
7060,2019-10-03,24,28,4
7061,2019-10-03,22,20,-2
7062,2019-10-03,42,41,-1
7063,2019-10-03,16,16,0
7064,2019-10-03,22,26,4
7065,2019-10-03,29,27,-2
7066,2019-10-03,46,105,59
7067,2019-10-03,54,69,15
7068,2019-10-03,53,55,2
7069,2019-10-03,69,87,18
7070,2019-10-03,24,33,9
7071,2019-10-03,41,24,-17
7072,2019-10-03,21,15,-6
7073,2019-10-03,51,50,-1
7074,2019-10-03,30,28,-2
7075,2019-10-03,6,8,2
7076,2019-10-03,53,36,-17
7077,2019-10-03,17,17,0
7078,2019-10-03,14,22,8
7079,2019-10-03,26,37,11
7080,2019-10-03,55,64,9
7081,2019-10-03,42,85,43
7082,2019-10-03,66,79,13
7083,2019-10-03,54,44,-10
7084,2019-10-03,76,66,-10
7087,2019-10-03,1,2,1
7090,2019-10-03,8,11,3
7091,2019-10-03,5,5,0
7092,2019-10-03,2,2,0
7093,2019-10-03,3,3,0
7094,2019-10-03,1,1,0
7095,2019-10-03,9,15,6
7096,2019-10-03,23,27,4
7097,2019-10-03,2,4,2
7098,2019-10-03,1,2,1
7099,2019-10-03,4,6,2
7100,2019-10-03,2,4,2
7101,2019-10-03,6,6,0
7102,2019-10-03,14,18,4
7103,2019-10-03,2,2,0
7104,2019-10-03,1,1,0
7106,2019-10-03,1,1,0
7108,2019-10-03,2,1,-1
7109,2019-10-03,15,14,-1
7110,2019-10-03,1,1,0
7111,2019-10-03,3,2,-1
7112,2019-10-03,8,8,0
7113,2019-10-03,67,60,-7
7114,2019-10-03,56,66,10
7115,2019-10-03,9,5,-4
7116,2019-10-03,10,6,-4
7117,2019-10-03,3,4,1
7118,2019-10-03,3,4,1
7119,2019-10-03,2,4,2
7121,2019-10-03,3,5,2
7122,2019-10-03,1,2,1
7123,2019-10-03,1,2,1
7124,2019-10-03,15,15,0
7125,2019-10-03,14,6,-8
7126,2019-10-03,4,9,5
7127,2019-10-03,19,30,11
7128,2019-10-03,14,11,-3
7129,2019-10-03,13,16,3
7130,2019-10-03,12,7,-5
7131,2019-10-03,5,4,-1
7132,2019-10-03,1,0,-1
7133,2019-10-03,2,7,5
7134,2019-10-03,3,2,-1
7136,2019-10-03,6,7,1
7137,2019-10-03,4,4,0
7138,2019-10-03,4,2,-2
7139,2019-10-03,4,6,2
7140,2019-10-03,18,14,-4
7141,2019-10-03,16,22,6
7142,2019-10-03,2,2,0
7143,2019-10-03,20,20,0
7144,2019-10-03,34,41,7
7145,2019-10-03,8,12,4
7146,2019-10-03,15,21,6
7147,2019-10-03,26,34,8
7148,2019-10-03,3,8,5
7149,2019-10-03,16,13,-3
7151,2019-10-03,1,1,0
10002,2019-10-03,107,105,-2
4000,2019-10-04,36,46,10
4001,2019-10-04,10,7,-3
4002,2019-10-04,17,13,-4
5002,2019-10-04,2,3,1
5003,2019-10-04,1,0,-1
5004,2019-10-04,1,3,2
5005,2019-10-04,5,7,2
5006,2019-10-04,4,3,-1
5007,2019-10-04,18,15,-3
6001,2019-10-04,38,60,22
6002,2019-10-04,25,37,12
6003,2019-10-04,46,68,22
6004,2019-10-04,24,39,15
6005,2019-10-04,63,65,2
6006,2019-10-04,32,16,-16
6007,2019-10-04,25,24,-1
6008,2019-10-04,29,58,29
6009,2019-10-04,59,60,1
6011,2019-10-04,47,56,9
6012,2019-10-04,91,159,68
6013,2019-10-04,30,73,43
6014,2019-10-04,48,59,11
6015,2019-10-04,107,169,62
6016,2019-10-04,2,7,5
6017,2019-10-04,35,33,-2
6018,2019-10-04,47,56,9
6019,2019-10-04,101,67,-34
6020,2019-10-04,50,88,38
6021,2019-10-04,73,63,-10
6022,2019-10-04,61,61,0
6023,2019-10-04,55,58,3
6024,2019-10-04,2,2,0
6025,2019-10-04,21,29,8
6026,2019-10-04,33,64,31
6027,2019-10-04,81,108,27
6029,2019-10-04,20,21,1
6032,2019-10-04,42,136,94
6033,2019-10-04,15,15,0
6035,2019-10-04,25,54,29
6036,2019-10-04,82,130,48
6037,2019-10-04,38,55,17
6038,2019-10-04,73,78,5
6039,2019-10-04,53,72,19
6040,2019-10-04,54,76,22
6041,2019-10-04,53,53,0
6042,2019-10-04,83,68,-15
6043,2019-10-04,121,241,120
6044,2019-10-04,72,64,-8
6046,2019-10-04,96,83,-13
6047,2019-10-04,82,63,-19
6048,2019-10-04,32,39,7
6049,2019-10-04,82,98,16
6050,2019-10-04,33,36,3
6051,2019-10-04,29,29,0
6052,2019-10-04,123,172,49
6053,2019-10-04,118,151,33
6057,2019-10-04,65,61,-4
6058,2019-10-04,60,60,0
6059,2019-10-04,50,46,-4
6060,2019-10-04,41,23,-18
6061,2019-10-04,38,39,1
6062,2019-10-04,38,28,-10
6063,2019-10-04,54,37,-17
6064,2019-10-04,131,125,-6
6065,2019-10-04,45,39,-6
6066,2019-10-04,16,15,-1
6067,2019-10-04,21,23,2
6068,2019-10-04,7,8,1
6070,2019-10-04,139,155,16
6072,2019-10-04,64,54,-10
6073,2019-10-04,122,119,-3
6075,2019-10-04,40,20,-20
6076,2019-10-04,14,16,2
6078,2019-10-04,63,59,-4
6079,2019-10-04,70,61,-9
6080,2019-10-04,98,108,10
6081,2019-10-04,25,28,3
6082,2019-10-04,21,17,-4
6083,2019-10-04,82,85,3
6084,2019-10-04,37,68,31
6085,2019-10-04,71,131,60
6086,2019-10-04,28,54,26
6087,2019-10-04,68,111,43
6088,2019-10-04,41,62,21
6089,2019-10-04,51,55,4
6090,2019-10-04,46,47,1
6091,2019-10-04,44,32,-12
6092,2019-10-04,45,49,4
6093,2019-10-04,28,16,-12
6094,2019-10-04,27,25,-2
6095,2019-10-04,81,61,-20
6096,2019-10-04,29,56,27
6097,2019-10-04,45,22,-23
6098,2019-10-04,32,16,-16
6099,2019-10-04,63,100,37
6100,2019-10-04,168,176,8
6101,2019-10-04,43,14,-29
6102,2019-10-04,22,16,-6
6103,2019-10-04,19,17,-2
6104,2019-10-04,50,69,19
6105,2019-10-04,35,56,21
6106,2019-10-04,15,14,-1
6107,2019-10-04,61,44,-17
6108,2019-10-04,34,46,12
6110,2019-10-04,20,21,1
6111,2019-10-04,36,38,2
6112,2019-10-04,68,75,7
6113,2019-10-04,27,43,16
6114,2019-10-04,88,131,43
6115,2019-10-04,7,20,13
6116,2019-10-04,52,56,4
6117,2019-10-04,71,66,-5
6118,2019-10-04,61,82,21
6119,2019-10-04,58,74,16
6120,2019-10-04,47,82,35
6121,2019-10-04,13,23,10
6122,2019-10-04,14,18,4
6123,2019-10-04,30,25,-5
6124,2019-10-04,20,41,21
6125,2019-10-04,29,23,-6
6126,2019-10-04,33,33,0
6127,2019-10-04,8,7,-1
6128,2019-10-04,15,16,1
6129,2019-10-04,64,52,-12
6130,2019-10-04,22,13,-9
6131,2019-10-04,64,34,-30
6132,2019-10-04,44,46,2
6133,2019-10-04,20,24,4
6134,2019-10-04,34,33,-1
6136,2019-10-04,251,186,-65
6137,2019-10-04,78,59,-19
6138,2019-10-04,66,60,-6
6139,2019-10-04,38,29,-9
6140,2019-10-04,73,75,2
6141,2019-10-04,57,47,-10
6142,2019-10-04,38,9,-29
6143,2019-10-04,65,50,-15
6145,2019-10-04,44,31,-13
6146,2019-10-04,40,34,-6
6147,2019-10-04,81,51,-30
6148,2019-10-04,114,62,-52
6149,2019-10-04,47,42,-5
6150,2019-10-04,51,63,12
6151,2019-10-04,67,59,-8
6152,2019-10-04,86,88,2
6153,2019-10-04,62,56,-6
6154,2019-10-04,117,141,24
6155,2019-10-04,102,94,-8
6156,2019-10-04,64,55,-9
6157,2019-10-04,87,77,-10
6158,2019-10-04,57,56,-1
6159,2019-10-04,27,34,7
6160,2019-10-04,37,29,-8
6161,2019-10-04,42,37,-5
6162,2019-10-04,6,6,0
6163,2019-10-04,97,113,16
6164,2019-10-04,61,65,4
6165,2019-10-04,107,122,15
6166,2019-10-04,48,27,-21
6167,2019-10-04,49,40,-9
6168,2019-10-04,81,68,-13
6169,2019-10-04,120,113,-7
6170,2019-10-04,51,36,-15
6171,2019-10-04,24,27,3
6173,2019-10-04,83,47,-36
6174,2019-10-04,71,47,-24
6175,2019-10-04,78,39,-39
6176,2019-10-04,82,80,-2
6177,2019-10-04,74,56,-18
6178,2019-10-04,76,73,-3
6179,2019-10-04,64,70,6
6180,2019-10-04,38,39,1
6181,2019-10-04,136,72,-64
6182,2019-10-04,49,34,-15
6183,2019-10-04,69,54,-15
6184,2019-10-04,194,187,-7
6185,2019-10-04,18,20,2
6186,2019-10-04,31,12,-19
6187,2019-10-04,88,99,11
6188,2019-10-04,36,27,-9
6189,2019-10-04,21,25,4
6190,2019-10-04,87,70,-17
6191,2019-10-04,80,79,-1
6192,2019-10-04,40,31,-9
6193,2019-10-04,86,85,-1
6194,2019-10-04,94,81,-13
6195,2019-10-04,79,43,-36
6196,2019-10-04,117,70,-47
6197,2019-10-04,50,44,-6
6198,2019-10-04,21,11,-10
6199,2019-10-04,85,70,-15
6200,2019-10-04,79,77,-2
6201,2019-10-04,64,49,-15
6202,2019-10-04,93,82,-11
6203,2019-10-04,49,47,-2
6204,2019-10-04,101,97,-4
6205,2019-10-04,89,71,-18
6206,2019-10-04,129,103,-26
6207,2019-10-04,25,30,5
6208,2019-10-04,59,65,6
6209,2019-10-04,90,81,-9
6210,2019-10-04,30,30,0
6211,2019-10-04,123,113,-10
6212,2019-10-04,72,40,-32
6213,2019-10-04,99,86,-13
6214,2019-10-04,60,66,6
6215,2019-10-04,28,56,28
6216,2019-10-04,74,38,-36
6217,2019-10-04,39,15,-24
6218,2019-10-04,45,41,-4
6219,2019-10-04,50,49,-1
6220,2019-10-04,89,65,-24
6221,2019-10-04,168,136,-32
6222,2019-10-04,66,36,-30
6223,2019-10-04,58,39,-19
6224,2019-10-04,45,31,-14
6225,2019-10-04,79,52,-27
6226,2019-10-04,19,20,1
6227,2019-10-04,106,100,-6
6228,2019-10-04,19,24,5
6229,2019-10-04,71,45,-26
6230,2019-10-04,73,56,-17
6231,2019-10-04,98,83,-15
6232,2019-10-04,21,21,0
6233,2019-10-04,106,70,-36
6234,2019-10-04,46,47,1
6235,2019-10-04,69,65,-4
6236,2019-10-04,68,48,-20
6237,2019-10-04,78,66,-12
6240,2019-10-04,21,18,-3
6241,2019-10-04,34,34,0
6243,2019-10-04,57,57,0
6245,2019-10-04,32,22,-10
6246,2019-10-04,63,48,-15
6248,2019-10-04,126,102,-24
6249,2019-10-04,50,41,-9
6250,2019-10-04,64,56,-8
6251,2019-10-04,22,22,0
6252,2019-10-04,60,56,-4
6253,2019-10-04,52,47,-5
6254,2019-10-04,52,44,-8
6255,2019-10-04,58,54,-4
6257,2019-10-04,32,24,-8
6258,2019-10-04,62,51,-11
6259,2019-10-04,25,28,3
6260,2019-10-04,30,21,-9
6261,2019-10-04,31,44,13
6262,2019-10-04,42,43,1
6263,2019-10-04,19,17,-2
6264,2019-10-04,22,26,4
6265,2019-10-04,45,39,-6
6266,2019-10-04,24,23,-1
6267,2019-10-04,45,40,-5
6268,2019-10-04,63,50,-13
6269,2019-10-04,23,32,9
6270,2019-10-04,28,21,-7
6271,2019-10-04,1,0,-1
6272,2019-10-04,19,20,1
6273,2019-10-04,18,13,-5
6274,2019-10-04,27,27,0
6275,2019-10-04,26,27,1
6276,2019-10-04,27,26,-1
6277,2019-10-04,49,46,-3
6278,2019-10-04,15,17,2
6279,2019-10-04,17,14,-3
6280,2019-10-04,71,69,-2
6281,2019-10-04,22,10,-12
6301,2019-10-04,20,14,-6
6302,2019-10-04,14,15,1
6303,2019-10-04,17,8,-9
6304,2019-10-04,7,10,3
6305,2019-10-04,21,16,-5
6306,2019-10-04,54,35,-19
6307,2019-10-04,54,58,4
6309,2019-10-04,16,17,1
6310,2019-10-04,52,28,-24
6311,2019-10-04,46,33,-13
6312,2019-10-04,17,21,4
6313,2019-10-04,25,35,10
6314,2019-10-04,56,55,-1
6315,2019-10-04,51,28,-23
6316,2019-10-04,23,9,-14
6321,2019-10-04,50,40,-10
6322,2019-10-04,26,22,-4
6323,2019-10-04,9,11,2
6324,2019-10-04,16,18,2
6327,2019-10-04,18,15,-3
6328,2019-10-04,49,39,-10
6329,2019-10-04,16,16,0
6330,2019-10-04,18,17,-1
6331,2019-10-04,20,10,-10
6332,2019-10-04,27,35,8
6333,2019-10-04,17,16,-1
6334,2019-10-04,55,58,3
6335,2019-10-04,34,28,-6
6336,2019-10-04,19,22,3
6338,2019-10-04,16,15,-1
6339,2019-10-04,18,19,1
6340,2019-10-04,17,15,-2
6341,2019-10-04,20,25,5
6343,2019-10-04,33,29,-4
6344,2019-10-04,39,46,7
6345,2019-10-04,11,6,-5
6346,2019-10-04,21,15,-6
6347,2019-10-04,22,22,0
6349,2019-10-04,31,23,-8
6350,2019-10-04,22,24,2
6354,2019-10-04,23,20,-3
6355,2019-10-04,23,30,7
6356,2019-10-04,30,18,-12
6357,2019-10-04,16,12,-4
6358,2019-10-04,22,20,-2
6359,2019-10-04,65,70,5
6360,2019-10-04,21,14,-7
6361,2019-10-04,45,35,-10
6362,2019-10-04,26,19,-7
6363,2019-10-04,13,10,-3
6364,2019-10-04,40,23,-17
6366,2019-10-04,13,13,0
6367,2019-10-04,23,19,-4
6368,2019-10-04,47,53,6
6369,2019-10-04,22,37,15
6370,2019-10-04,26,25,-1
6371,2019-10-04,58,57,-1
6372,2019-10-04,52,60,8
6373,2019-10-04,34,30,-4
6374,2019-10-04,33,23,-10
6375,2019-10-04,30,35,5
6376,2019-10-04,23,13,-10
6377,2019-10-04,31,31,0
6379,2019-10-04,28,31,3
6380,2019-10-04,21,14,-7
6381,2019-10-04,36,32,-4
6383,2019-10-04,27,19,-8
6384,2019-10-04,22,16,-6
6385,2019-10-04,41,47,6
6386,2019-10-04,36,45,9
6387,2019-10-04,62,63,1
6388,2019-10-04,11,17,6
6389,2019-10-04,39,31,-8
6391,2019-10-04,40,48,8
6393,2019-10-04,40,53,13
6394,2019-10-04,44,57,13
6395,2019-10-04,55,66,11
6396,2019-10-04,82,70,-12
6397,2019-10-04,33,49,16
6398,2019-10-04,17,42,25
6401,2019-10-04,36,47,11
6402,2019-10-04,17,21,4
6403,2019-10-04,26,23,-3
6404,2019-10-04,13,15,2
6405,2019-10-04,26,30,4
6406,2019-10-04,67,87,20
6407,2019-10-04,3,15,12
6408,2019-10-04,46,50,4
6409,2019-10-04,19,21,2
6410,2019-10-04,47,53,6
6411,2019-10-04,112,100,-12
6412,2019-10-04,19,26,7
6413,2019-10-04,20,46,26
6414,2019-10-04,12,16,4
6415,2019-10-04,21,18,-3
6416,2019-10-04,17,12,-5
6417,2019-10-04,15,20,5
6418,2019-10-04,6,9,3
6419,2019-10-04,6,9,3
6420,2019-10-04,22,19,-3
6421,2019-10-04,37,24,-13
6422,2019-10-04,10,7,-3
6423,2019-10-04,14,6,-8
6424,2019-10-04,31,72,41
6425,2019-10-04,27,30,3
6426,2019-10-04,56,53,-3
6427,2019-10-04,25,34,9
6428,2019-10-04,6,7,1
6429,2019-10-04,8,14,6
6432,2019-10-04,57,51,-6
6433,2019-10-04,25,24,-1
6434,2019-10-04,40,33,-7
6435,2019-10-04,24,23,-1
6436,2019-10-04,19,14,-5
6501,2019-10-04,39,51,12
6502,2019-10-04,12,16,4
6503,2019-10-04,49,45,-4
6504,2019-10-04,5,3,-2
6700,2019-10-04,16,26,10
6701,2019-10-04,59,46,-13
6702,2019-10-04,12,15,3
6703,2019-10-04,29,33,4
6704,2019-10-04,28,21,-7
6705,2019-10-04,12,13,1
6706,2019-10-04,22,22,0
6707,2019-10-04,18,17,-1
6709,2019-10-04,20,19,-1
6710,2019-10-04,10,16,6
6711,2019-10-04,15,24,9
6712,2019-10-04,8,9,1
6713,2019-10-04,17,20,3
6714,2019-10-04,1,1,0
6715,2019-10-04,9,9,0
6716,2019-10-04,6,15,9
6717,2019-10-04,9,13,4
6718,2019-10-04,17,15,-2
6719,2019-10-04,18,16,-2
6720,2019-10-04,14,24,10
6721,2019-10-04,12,7,-5
6722,2019-10-04,9,13,4
6723,2019-10-04,15,15,0
6724,2019-10-04,29,35,6
6725,2019-10-04,21,16,-5
6726,2019-10-04,1,6,5
6727,2019-10-04,61,62,1
6728,2019-10-04,14,7,-7
6729,2019-10-04,90,106,16
6730,2019-10-04,8,8,0
6731,2019-10-04,14,5,-9
6732,2019-10-04,18,34,16
6733,2019-10-04,29,22,-7
6734,2019-10-04,34,30,-4
6735,2019-10-04,7,6,-1
6736,2019-10-04,9,8,-1
6737,2019-10-04,17,17,0
6738,2019-10-04,59,72,13
6739,2019-10-04,4,4,0
6741,2019-10-04,11,20,9
6742,2019-10-04,22,28,6
6743,2019-10-04,27,17,-10
6744,2019-10-04,19,19,0
6745,2019-10-04,14,17,3
6746,2019-10-04,17,16,-1
6747,2019-10-04,43,40,-3
6748,2019-10-04,45,56,11
6749,2019-10-04,39,39,0
6750,2019-10-04,50,35,-15
6752,2019-10-04,22,38,16
6753,2019-10-04,17,14,-3
6754,2019-10-04,9,7,-2
6901,2019-10-04,39,61,22
6902,2019-10-04,46,59,13
6903,2019-10-04,80,81,1
6904,2019-10-04,37,37,0
6905,2019-10-04,35,34,-1
6906,2019-10-04,78,60,-18
6907,2019-10-04,69,34,-35
6908,2019-10-04,52,49,-3
6910,2019-10-04,84,87,3
6912,2019-10-04,111,99,-12
6913,2019-10-04,40,26,-14
6915,2019-10-04,70,60,-10
6916,2019-10-04,29,27,-2
6917,2019-10-04,14,18,4
6918,2019-10-04,18,14,-4
6919,2019-10-04,15,16,1
6921,2019-10-04,60,73,13
6923,2019-10-04,25,27,2
6924,2019-10-04,23,20,-3
6925,2019-10-04,22,24,2
6926,2019-10-04,53,57,4
6927,2019-10-04,80,45,-35
6928,2019-10-04,37,30,-7
6929,2019-10-04,16,14,-2
6930,2019-10-04,7,17,10
7001,2019-10-04,26,17,-9
7002,2019-10-04,6,12,6
7003,2019-10-04,68,67,-1
7004,2019-10-04,18,23,5
7005,2019-10-04,5,3,-2
7006,2019-10-04,9,9,0
7007,2019-10-04,7,13,6
7008,2019-10-04,22,21,-1
7009,2019-10-04,25,36,11
7010,2019-10-04,8,5,-3
7011,2019-10-04,46,60,14
7012,2019-10-04,23,31,8
7013,2019-10-04,15,12,-3
7014,2019-10-04,58,30,-28
7015,2019-10-04,1,4,3
7016,2019-10-04,2,2,0
7017,2019-10-04,15,19,4
7018,2019-10-04,19,25,6
7019,2019-10-04,86,45,-41
7020,2019-10-04,19,29,10
7021,2019-10-04,39,42,3
7022,2019-10-04,16,23,7
7023,2019-10-04,3,2,-1
7024,2019-10-04,67,55,-12
7025,2019-10-04,38,34,-4
7026,2019-10-04,46,43,-3
7027,2019-10-04,31,25,-6
7028,2019-10-04,73,62,-11
7029,2019-10-04,48,48,0
7030,2019-10-04,44,48,4
7031,2019-10-04,38,38,0
7032,2019-10-04,91,60,-31
7033,2019-10-04,57,51,-6
7034,2019-10-04,14,34,20
7035,2019-10-04,41,38,-3
7036,2019-10-04,48,45,-3
7037,2019-10-04,35,38,3
7038,2019-10-04,61,55,-6
7039,2019-10-04,21,18,-3
7040,2019-10-04,37,49,12
7041,2019-10-04,95,77,-18
7042,2019-10-04,29,38,9
7043,2019-10-04,10,11,1
7044,2019-10-04,10,7,-3
7045,2019-10-04,39,48,9
7046,2019-10-04,73,104,31
7047,2019-10-04,97,142,45
7048,2019-10-04,13,18,5
7049,2019-10-04,17,12,-5
7050,2019-10-04,24,24,0
7051,2019-10-04,8,9,1
7052,2019-10-04,33,39,6
7053,2019-10-04,32,21,-11
7054,2019-10-04,26,33,7
7055,2019-10-04,12,23,11
7056,2019-10-04,11,17,6
7057,2019-10-04,18,26,8
7058,2019-10-04,14,25,11
7059,2019-10-04,23,11,-12
7060,2019-10-04,16,13,-3
7061,2019-10-04,20,18,-2
7062,2019-10-04,36,38,2
7063,2019-10-04,15,19,4
7064,2019-10-04,22,24,2
7065,2019-10-04,30,25,-5
7066,2019-10-04,40,109,69
7067,2019-10-04,47,45,-2
7068,2019-10-04,49,54,5
7069,2019-10-04,63,72,9
7070,2019-10-04,29,27,-2
7071,2019-10-04,34,28,-6
7072,2019-10-04,34,25,-9
7073,2019-10-04,39,50,11
7074,2019-10-04,28,23,-5
7075,2019-10-04,5,6,1
7076,2019-10-04,54,31,-23
7077,2019-10-04,13,15,2
7078,2019-10-04,19,23,4
7079,2019-10-04,30,34,4
7080,2019-10-04,59,77,18
7081,2019-10-04,42,75,33
7082,2019-10-04,54,72,18
7083,2019-10-04,44,47,3
7084,2019-10-04,82,101,19
7087,2019-10-04,2,1,-1
7090,2019-10-04,13,10,-3
7091,2019-10-04,5,5,0
7092,2019-10-04,2,3,1
7093,2019-10-04,1,1,0
7094,2019-10-04,3,0,-3
7095,2019-10-04,9,12,3
7096,2019-10-04,16,25,9
7097,2019-10-04,5,5,0
7099,2019-10-04,5,8,3
7100,2019-10-04,7,5,-2
7101,2019-10-04,6,3,-3
7102,2019-10-04,12,16,4
7103,2019-10-04,4,4,0
7106,2019-10-04,1,1,0
7107,2019-10-04,1,2,1
7108,2019-10-04,5,7,2
7109,2019-10-04,9,6,-3
7110,2019-10-04,4,2,-2
7111,2019-10-04,5,4,-1
7112,2019-10-04,5,4,-1
7113,2019-10-04,45,52,7
7114,2019-10-04,56,55,-1
7115,2019-10-04,12,6,-6
7116,2019-10-04,9,5,-4
7117,2019-10-04,1,2,1
7118,2019-10-04,3,2,-1
7119,2019-10-04,3,7,4
7121,2019-10-04,3,7,4
7122,2019-10-04,4,4,0
7123,2019-10-04,2,2,0
7124,2019-10-04,13,14,1
7125,2019-10-04,6,10,4
7126,2019-10-04,10,7,-3
7127,2019-10-04,26,19,-7
7128,2019-10-04,20,10,-10
7129,2019-10-04,7,8,1
7130,2019-10-04,8,13,5
7131,2019-10-04,3,4,1
7132,2019-10-04,1,0,-1
7133,2019-10-04,3,6,3
7134,2019-10-04,2,4,2
7135,2019-10-04,2,4,2
7136,2019-10-04,7,7,0
7137,2019-10-04,10,7,-3
7138,2019-10-04,5,7,2
7139,2019-10-04,25,26,1
7140,2019-10-04,19,19,0
7141,2019-10-04,20,23,3
7142,2019-10-04,3,4,1
7143,2019-10-04,15,16,1
7144,2019-10-04,19,24,5
7145,2019-10-04,10,7,-3
7146,2019-10-04,14,19,5
7147,2019-10-04,31,33,2
7148,2019-10-04,4,8,4
7149,2019-10-04,7,4,-3
7150,2019-10-04,2,2,0
7152,2019-10-04,3,3,0
7153,2019-10-04,3,3,0
10002,2019-10-04,95,102,7
4000,2019-10-05,37,41,4
4001,2019-10-05,7,8,1
4002,2019-10-05,9,15,6
5002,2019-10-05,2,3,1
5003,2019-10-05,1,0,-1
5004,2019-10-05,4,3,-1
5005,2019-10-05,5,3,-2
5006,2019-10-05,2,3,1
5007,2019-10-05,6,11,5
6001,2019-10-05,26,28,2
6002,2019-10-05,30,40,10
6003,2019-10-05,28,35,7
6004,2019-10-05,10,20,10
6005,2019-10-05,27,27,0
6006,2019-10-05,24,16,-8
6007,2019-10-05,13,9,-4
6008,2019-10-05,25,30,5
6009,2019-10-05,50,63,13
6011,2019-10-05,28,33,5
6012,2019-10-05,72,118,46
6013,2019-10-05,14,24,10
6014,2019-10-05,35,42,7
6015,2019-10-05,75,168,93
6016,2019-10-05,6,4,-2
6017,2019-10-05,20,38,18
6018,2019-10-05,49,46,-3
6019,2019-10-05,101,67,-34
6020,2019-10-05,35,72,37
6021,2019-10-05,72,49,-23
6022,2019-10-05,38,35,-3
6023,2019-10-05,89,98,9
6024,2019-10-05,5,3,-2
6025,2019-10-05,11,15,4
6026,2019-10-05,99,154,55
6027,2019-10-05,40,56,16
6029,2019-10-05,7,11,4
6032,2019-10-05,28,75,47
6033,2019-10-05,11,11,0
6035,2019-10-05,13,13,0
6036,2019-10-05,82,164,82
6037,2019-10-05,26,25,-1
6038,2019-10-05,49,64,15
6039,2019-10-05,39,48,9
6040,2019-10-05,43,48,5
6041,2019-10-05,16,25,9
6042,2019-10-05,12,14,2
6043,2019-10-05,38,57,19
6044,2019-10-05,57,58,1
6046,2019-10-05,35,29,-6
6047,2019-10-05,43,34,-9
6048,2019-10-05,3,6,3
6049,2019-10-05,19,19,0
6050,2019-10-05,20,28,8
6051,2019-10-05,10,17,7
6052,2019-10-05,78,118,40
6053,2019-10-05,49,64,15
6057,2019-10-05,32,27,-5
6058,2019-10-05,22,19,-3
6059,2019-10-05,21,17,-4
6060,2019-10-05,7,3,-4
6061,2019-10-05,45,41,-4
6062,2019-10-05,45,26,-19
6063,2019-10-05,48,54,6
6064,2019-10-05,55,58,3
6065,2019-10-05,33,30,-3
6066,2019-10-05,23,23,0
6067,2019-10-05,14,13,-1
6068,2019-10-05,3,3,0
6070,2019-10-05,59,62,3
6072,2019-10-05,10,30,20
6073,2019-10-05,62,91,29
6075,2019-10-05,31,22,-9
6076,2019-10-05,13,15,2
6078,2019-10-05,32,26,-6
6079,2019-10-05,42,35,-7
6080,2019-10-05,51,48,-3
6081,2019-10-05,16,29,13
6082,2019-10-05,20,11,-9
6083,2019-10-05,30,36,6
6084,2019-10-05,8,15,7
6085,2019-10-05,30,55,25
6086,2019-10-05,61,72,11
6087,2019-10-05,57,66,9
6088,2019-10-05,29,45,16
6089,2019-10-05,14,11,-3
6090,2019-10-05,33,32,-1
6091,2019-10-05,40,30,-10
6092,2019-10-05,33,19,-14
6093,2019-10-05,18,20,2
6094,2019-10-05,18,13,-5
6095,2019-10-05,69,52,-17
6096,2019-10-05,17,20,3
6097,2019-10-05,43,16,-27
6098,2019-10-05,27,24,-3
6099,2019-10-05,49,78,29
6100,2019-10-05,97,133,36
6101,2019-10-05,26,5,-21
6102,2019-10-05,18,9,-9
6103,2019-10-05,17,13,-4
6104,2019-10-05,31,32,1
6105,2019-10-05,19,25,6
6106,2019-10-05,14,18,4
6107,2019-10-05,53,26,-27
6108,2019-10-05,27,22,-5
6109,2019-10-05,9,13,4
6110,2019-10-05,21,21,0
6111,2019-10-05,18,32,14
6112,2019-10-05,48,65,17
6113,2019-10-05,24,31,7
6114,2019-10-05,73,105,32
6115,2019-10-05,9,9,0
6116,2019-10-05,47,55,8
6117,2019-10-05,32,43,11
6118,2019-10-05,53,57,4
6119,2019-10-05,60,64,4
6120,2019-10-05,35,64,29
6121,2019-10-05,15,25,10
6122,2019-10-05,14,11,-3
6123,2019-10-05,9,13,4
6124,2019-10-05,28,44,16
6125,2019-10-05,7,7,0
6126,2019-10-05,28,31,3
6128,2019-10-05,19,23,4
6129,2019-10-05,50,40,-10
6130,2019-10-05,28,17,-11
6131,2019-10-05,59,39,-20
6132,2019-10-05,32,31,-1
6133,2019-10-05,19,19,0
6134,2019-10-05,29,20,-9
6136,2019-10-05,190,144,-46
6137,2019-10-05,71,62,-9
6138,2019-10-05,46,44,-2
6139,2019-10-05,38,34,-4
6140,2019-10-05,79,65,-14
6141,2019-10-05,29,23,-6
6143,2019-10-05,100,76,-24
6145,2019-10-05,39,42,3
6146,2019-10-05,43,33,-10
6147,2019-10-05,35,35,0
6148,2019-10-05,83,55,-28
6149,2019-10-05,28,19,-9
6150,2019-10-05,55,48,-7
6151,2019-10-05,61,62,1
6152,2019-10-05,81,102,21
6153,2019-10-05,27,30,3
6154,2019-10-05,133,141,8
6155,2019-10-05,102,98,-4
6156,2019-10-05,54,52,-2
6157,2019-10-05,71,81,10
6158,2019-10-05,50,36,-14
6159,2019-10-05,14,14,0
6160,2019-10-05,45,32,-13
6161,2019-10-05,28,28,0
6162,2019-10-05,7,8,1
6163,2019-10-05,113,113,0
6164,2019-10-05,81,79,-2
6165,2019-10-05,109,138,29
6166,2019-10-05,30,25,-5
6167,2019-10-05,32,27,-5
6168,2019-10-05,43,32,-11
6169,2019-10-05,108,98,-10
6170,2019-10-05,45,61,16
6171,2019-10-05,28,31,3
6173,2019-10-05,45,37,-8
6174,2019-10-05,61,57,-4
6175,2019-10-05,63,47,-16
6176,2019-10-05,81,71,-10
6177,2019-10-05,60,55,-5
6178,2019-10-05,84,75,-9
6179,2019-10-05,60,66,6
6180,2019-10-05,22,29,7
6181,2019-10-05,92,70,-22
6182,2019-10-05,47,46,-1
6183,2019-10-05,70,61,-9
6184,2019-10-05,196,168,-28
6185,2019-10-05,17,15,-2
6186,2019-10-05,22,17,-5
6187,2019-10-05,87,98,11
6188,2019-10-05,26,39,13
6189,2019-10-05,19,13,-6
6190,2019-10-05,59,55,-4
6191,2019-10-05,72,66,-6
6192,2019-10-05,30,17,-13
6193,2019-10-05,87,90,3
6194,2019-10-05,73,84,11
6195,2019-10-05,57,40,-17
6196,2019-10-05,94,87,-7
6197,2019-10-05,33,36,3
6198,2019-10-05,27,16,-11
6199,2019-10-05,73,59,-14
6200,2019-10-05,78,84,6
6201,2019-10-05,56,53,-3
6202,2019-10-05,67,47,-20
6203,2019-10-05,31,21,-10
6204,2019-10-05,65,51,-14
6205,2019-10-05,79,65,-14
6206,2019-10-05,98,86,-12
6207,2019-10-05,24,25,1
6208,2019-10-05,41,57,16
6209,2019-10-05,82,67,-15
6210,2019-10-05,21,22,1
6211,2019-10-05,108,99,-9
6212,2019-10-05,79,57,-22
6213,2019-10-05,93,87,-6
6214,2019-10-05,58,59,1
6215,2019-10-05,49,44,-5
6216,2019-10-05,154,106,-48
6217,2019-10-05,77,61,-16
6218,2019-10-05,29,22,-7
6219,2019-10-05,34,26,-8
6220,2019-10-05,71,57,-14
6221,2019-10-05,145,112,-33
6222,2019-10-05,51,55,4
6223,2019-10-05,90,57,-33
6224,2019-10-05,66,54,-12
6225,2019-10-05,48,26,-22
6226,2019-10-05,3,5,2
6227,2019-10-05,99,109,10
6228,2019-10-05,28,12,-16
6229,2019-10-05,52,45,-7
6230,2019-10-05,86,73,-13
6231,2019-10-05,92,87,-5
6232,2019-10-05,20,23,3
6233,2019-10-05,97,85,-12
6234,2019-10-05,48,53,5
6235,2019-10-05,31,29,-2
6236,2019-10-05,61,41,-20
6237,2019-10-05,55,45,-10
6240,2019-10-05,12,11,-1
6241,2019-10-05,25,33,8
6243,2019-10-05,44,44,0
6245,2019-10-05,23,20,-3
6246,2019-10-05,35,36,1
6248,2019-10-05,124,108,-16
6249,2019-10-05,64,48,-16
6250,2019-10-05,102,100,-2
6251,2019-10-05,17,21,4
6252,2019-10-05,41,41,0
6253,2019-10-05,44,49,5
6254,2019-10-05,59,66,7
6255,2019-10-05,73,68,-5
6257,2019-10-05,34,22,-12
6258,2019-10-05,57,54,-3
6259,2019-10-05,38,36,-2
6260,2019-10-05,34,26,-8
6261,2019-10-05,47,43,-4
6262,2019-10-05,46,51,5
6263,2019-10-05,14,16,2
6264,2019-10-05,24,20,-4
6265,2019-10-05,37,34,-3
6266,2019-10-05,18,16,-2
6267,2019-10-05,56,43,-13
6268,2019-10-05,43,35,-8
6269,2019-10-05,35,30,-5
6270,2019-10-05,32,24,-8
6271,2019-10-05,4,3,-1
6272,2019-10-05,30,26,-4
6273,2019-10-05,21,20,-1
6274,2019-10-05,32,45,13
6275,2019-10-05,22,28,6
6276,2019-10-05,35,36,1
6277,2019-10-05,36,44,8
6278,2019-10-05,15,11,-4
6279,2019-10-05,9,11,2
6280,2019-10-05,76,72,-4
6281,2019-10-05,14,19,5
6301,2019-10-05,13,16,3
6302,2019-10-05,11,15,4
6303,2019-10-05,7,12,5
6304,2019-10-05,6,7,1
6305,2019-10-05,13,8,-5
6306,2019-10-05,31,11,-20
6307,2019-10-05,71,65,-6
6309,2019-10-05,17,13,-4
6310,2019-10-05,26,14,-12
6311,2019-10-05,34,38,4
6312,2019-10-05,17,18,1
6313,2019-10-05,28,37,9
6314,2019-10-05,43,37,-6
6315,2019-10-05,56,27,-29
6316,2019-10-05,19,15,-4
6321,2019-10-05,57,54,-3
6322,2019-10-05,19,14,-5
6323,2019-10-05,11,15,4
6324,2019-10-05,22,23,1
6327,2019-10-05,31,19,-12
6328,2019-10-05,34,27,-7
6329,2019-10-05,20,13,-7
6330,2019-10-05,21,19,-2
6331,2019-10-05,18,14,-4
6332,2019-10-05,23,28,5
6333,2019-10-05,18,23,5
6334,2019-10-05,49,46,-3
6335,2019-10-05,28,18,-10
6336,2019-10-05,26,21,-5
6338,2019-10-05,30,29,-1
6339,2019-10-05,14,17,3
6340,2019-10-05,27,28,1
6341,2019-10-05,25,25,0
6343,2019-10-05,24,23,-1
6344,2019-10-05,53,60,7
6345,2019-10-05,8,8,0
6346,2019-10-05,12,13,1
6347,2019-10-05,14,10,-4
6349,2019-10-05,14,15,1
6350,2019-10-05,15,24,9
6354,2019-10-05,15,26,11
6355,2019-10-05,25,25,0
6356,2019-10-05,18,14,-4
6357,2019-10-05,5,10,5
6358,2019-10-05,22,13,-9
6359,2019-10-05,43,55,12
6360,2019-10-05,24,22,-2
6361,2019-10-05,37,29,-8
6362,2019-10-05,25,15,-10
6363,2019-10-05,17,9,-8
6364,2019-10-05,29,17,-12
6366,2019-10-05,15,11,-4
6367,2019-10-05,27,15,-12
6368,2019-10-05,47,49,2
6369,2019-10-05,22,27,5
6370,2019-10-05,25,23,-2
6371,2019-10-05,52,66,14
6372,2019-10-05,67,74,7
6373,2019-10-05,21,26,5
6374,2019-10-05,23,18,-5
6375,2019-10-05,39,29,-10
6376,2019-10-05,9,11,2
6377,2019-10-05,29,20,-9
6379,2019-10-05,22,22,0
6380,2019-10-05,16,16,0
6381,2019-10-05,40,44,4
6383,2019-10-05,17,14,-3
6384,2019-10-05,22,15,-7
6385,2019-10-05,39,33,-6
6386,2019-10-05,19,31,12
6387,2019-10-05,36,45,9
6388,2019-10-05,14,8,-6
6389,2019-10-05,37,22,-15
6391,2019-10-05,35,62,27
6393,2019-10-05,24,34,10
6394,2019-10-05,54,65,11
6395,2019-10-05,40,50,10
6396,2019-10-05,56,59,3
6397,2019-10-05,27,50,23
6398,2019-10-05,19,21,2
6401,2019-10-05,28,43,15
6402,2019-10-05,31,21,-10
6403,2019-10-05,17,17,0
6404,2019-10-05,9,15,6
6405,2019-10-05,27,36,9
6406,2019-10-05,112,136,24
6407,2019-10-05,7,20,13
6408,2019-10-05,16,29,13
6409,2019-10-05,12,13,1
6410,2019-10-05,18,19,1
6411,2019-10-05,96,80,-16
6412,2019-10-05,13,20,7
6413,2019-10-05,14,14,0
6414,2019-10-05,8,9,1
6415,2019-10-05,11,12,1
6416,2019-10-05,14,4,-10
6417,2019-10-05,18,13,-5
6418,2019-10-05,2,3,1
6419,2019-10-05,4,11,7
6420,2019-10-05,17,19,2
6421,2019-10-05,39,26,-13
6422,2019-10-05,13,11,-2
6423,2019-10-05,8,8,0
6424,2019-10-05,11,29,18
6425,2019-10-05,21,24,3
6426,2019-10-05,29,29,0
6427,2019-10-05,36,43,7
6428,2019-10-05,3,8,5
6429,2019-10-05,13,13,0
6432,2019-10-05,44,40,-4
6433,2019-10-05,16,11,-5
6434,2019-10-05,27,28,1
6435,2019-10-05,24,26,2
6436,2019-10-05,11,10,-1
6501,2019-10-05,65,87,22
6502,2019-10-05,20,12,-8
6503,2019-10-05,35,36,1
6504,2019-10-05,33,40,7
6700,2019-10-05,9,20,11
6701,2019-10-05,37,27,-10
6702,2019-10-05,10,13,3
6703,2019-10-05,49,46,-3
6704,2019-10-05,14,13,-1
6705,2019-10-05,9,8,-1
6706,2019-10-05,14,15,1
6707,2019-10-05,19,11,-8
6709,2019-10-05,14,15,1
6710,2019-10-05,20,22,2
6711,2019-10-05,8,6,-2
6712,2019-10-05,13,13,0
6713,2019-10-05,5,7,2
6714,2019-10-05,3,6,3
6715,2019-10-05,11,11,0
6716,2019-10-05,3,12,9
6717,2019-10-05,2,4,2
6718,2019-10-05,12,11,-1
6719,2019-10-05,14,17,3
6720,2019-10-05,13,15,2
6721,2019-10-05,8,5,-3
6722,2019-10-05,5,9,4
6723,2019-10-05,14,10,-4
6724,2019-10-05,35,46,11
6725,2019-10-05,14,17,3
6726,2019-10-05,4,8,4
6727,2019-10-05,38,46,8
6728,2019-10-05,16,15,-1
6729,2019-10-05,113,115,2
6730,2019-10-05,10,4,-6
6731,2019-10-05,15,11,-4
6732,2019-10-05,21,30,9
6733,2019-10-05,30,28,-2
6734,2019-10-05,40,29,-11
6735,2019-10-05,1,8,7
6736,2019-10-05,21,13,-8
6737,2019-10-05,17,17,0
6738,2019-10-05,18,15,-3
6739,2019-10-05,3,4,1
6741,2019-10-05,5,18,13
6742,2019-10-05,22,25,3
6743,2019-10-05,16,9,-7
6744,2019-10-05,11,7,-4
6745,2019-10-05,14,16,2
6746,2019-10-05,12,15,3
6747,2019-10-05,18,12,-6
6748,2019-10-05,36,42,6
6749,2019-10-05,35,25,-10
6750,2019-10-05,37,49,12
6752,2019-10-05,12,7,-5
6753,2019-10-05,12,9,-3
6754,2019-10-05,10,11,1
6901,2019-10-05,26,37,11
6902,2019-10-05,55,68,13
6903,2019-10-05,65,68,3
6904,2019-10-05,35,28,-7
6905,2019-10-05,32,31,-1
6906,2019-10-05,62,56,-6
6907,2019-10-05,83,53,-30
6908,2019-10-05,43,36,-7
6910,2019-10-05,99,84,-15
6912,2019-10-05,86,68,-18
6913,2019-10-05,46,29,-17
6915,2019-10-05,70,62,-8
6916,2019-10-05,24,8,-16
6917,2019-10-05,7,9,2
6918,2019-10-05,16,18,2
6919,2019-10-05,14,10,-4
6921,2019-10-05,24,25,1
6923,2019-10-05,16,24,8
6924,2019-10-05,11,14,3
6925,2019-10-05,19,24,5
6926,2019-10-05,47,54,7
6927,2019-10-05,38,17,-21
6928,2019-10-05,18,8,-10
6929,2019-10-05,26,17,-9
6930,2019-10-05,14,15,1
7001,2019-10-05,32,39,7
7002,2019-10-05,7,11,4
7003,2019-10-05,53,43,-10
7004,2019-10-05,16,13,-3
7005,2019-10-05,15,10,-5
7006,2019-10-05,9,14,5
7007,2019-10-05,4,4,0
7008,2019-10-05,13,15,2
7009,2019-10-05,23,26,3
7010,2019-10-05,11,12,1
7011,2019-10-05,43,50,7
7012,2019-10-05,21,22,1
7013,2019-10-05,19,13,-6
7014,2019-10-05,33,13,-20
7015,2019-10-05,14,10,-4
7016,2019-10-05,5,9,4
7017,2019-10-05,19,30,11
7018,2019-10-05,16,20,4
7019,2019-10-05,21,17,-4
7020,2019-10-05,22,15,-7
7021,2019-10-05,27,25,-2
7022,2019-10-05,23,7,-16
7023,2019-10-05,1,4,3
7024,2019-10-05,47,37,-10
7025,2019-10-05,22,23,1
7026,2019-10-05,31,27,-4
7027,2019-10-05,23,22,-1
7028,2019-10-05,35,28,-7
7029,2019-10-05,42,37,-5
7030,2019-10-05,36,33,-3
7031,2019-10-05,47,40,-7
7032,2019-10-05,56,49,-7
7033,2019-10-05,62,60,-2
7034,2019-10-05,29,39,10
7035,2019-10-05,29,20,-9
7036,2019-10-05,32,38,6
7037,2019-10-05,30,24,-6
7038,2019-10-05,58,46,-12
7039,2019-10-05,19,18,-1
7040,2019-10-05,31,25,-6
7041,2019-10-05,44,49,5
7042,2019-10-05,24,17,-7
7043,2019-10-05,16,12,-4
7044,2019-10-05,3,3,0
7045,2019-10-05,68,80,12
7046,2019-10-05,27,41,14
7047,2019-10-05,98,122,24
7048,2019-10-05,13,11,-2
7049,2019-10-05,7,9,2
7050,2019-10-05,19,19,0
7051,2019-10-05,12,12,0
7052,2019-10-05,7,14,7
7053,2019-10-05,19,19,0
7054,2019-10-05,31,40,9
7055,2019-10-05,16,27,11
7056,2019-10-05,9,8,-1
7057,2019-10-05,19,16,-3
7058,2019-10-05,22,31,9
7059,2019-10-05,7,11,4
7060,2019-10-05,14,20,6
7061,2019-10-05,24,25,1
7062,2019-10-05,18,9,-9
7063,2019-10-05,26,19,-7
7064,2019-10-05,13,13,0
7065,2019-10-05,18,19,1
7066,2019-10-05,29,85,56
7067,2019-10-05,20,27,7
7068,2019-10-05,58,54,-4
7069,2019-10-05,46,59,13
7070,2019-10-05,32,26,-6
7071,2019-10-05,34,24,-10
7072,2019-10-05,24,21,-3
7073,2019-10-05,45,45,0
7074,2019-10-05,18,22,4
7076,2019-10-05,46,28,-18
7077,2019-10-05,13,12,-1
7078,2019-10-05,10,13,3
7079,2019-10-05,12,15,3
7080,2019-10-05,39,43,4
7081,2019-10-05,43,72,29
7082,2019-10-05,32,42,10
7083,2019-10-05,36,31,-5
7084,2019-10-05,70,70,0
7086,2019-10-05,1,0,-1
7090,2019-10-05,11,11,0
7091,2019-10-05,4,5,1
7092,2019-10-05,1,1,0
7093,2019-10-05,1,2,1
7094,2019-10-05,1,1,0
7096,2019-10-05,13,8,-5
7097,2019-10-05,5,6,1
7098,2019-10-05,1,1,0
7099,2019-10-05,4,3,-1
7100,2019-10-05,10,11,1
7101,2019-10-05,1,2,1
7102,2019-10-05,12,23,11
7103,2019-10-05,7,4,-3
7104,2019-10-05,1,2,1
7105,2019-10-05,14,10,-4
7106,2019-10-05,10,10,0
7107,2019-10-05,1,1,0
7108,2019-10-05,10,7,-3
7109,2019-10-05,3,1,-2
7110,2019-10-05,2,2,0
7111,2019-10-05,1,2,1
7112,2019-10-05,5,7,2
7113,2019-10-05,26,28,2
7114,2019-10-05,71,71,0
7115,2019-10-05,7,2,-5
7116,2019-10-05,6,4,-2
7118,2019-10-05,1,1,0
7119,2019-10-05,5,8,3
7120,2019-10-05,1,6,5
7121,2019-10-05,2,2,0
7122,2019-10-05,3,4,1
7123,2019-10-05,3,1,-2
7124,2019-10-05,4,4,0
7125,2019-10-05,13,18,5
7126,2019-10-05,9,7,-2
7127,2019-10-05,12,25,13
7128,2019-10-05,5,8,3
7129,2019-10-05,5,6,1
7130,2019-10-05,6,2,-4
7131,2019-10-05,6,6,0
7132,2019-10-05,1,1,0
7133,2019-10-05,2,3,1
7134,2019-10-05,3,2,-1
7135,2019-10-05,1,2,1
7137,2019-10-05,4,7,3
7138,2019-10-05,2,4,2
7139,2019-10-05,41,37,-4
7140,2019-10-05,9,2,-7
7141,2019-10-05,17,17,0
7142,2019-10-05,4,6,2
7143,2019-10-05,11,15,4
7144,2019-10-05,22,26,4
7145,2019-10-05,5,5,0
7146,2019-10-05,11,15,4
7147,2019-10-05,24,24,0
7148,2019-10-05,23,18,-5
7149,2019-10-05,10,11,1
7150,2019-10-05,2,3,1
7151,2019-10-05,2,1,-1
7152,2019-10-05,3,3,0
7153,2019-10-05,3,3,0
10002,2019-10-05,60,47,-13
4000,2019-10-06,30,28,-2
4001,2019-10-06,4,5,1
4002,2019-10-06,4,13,9
5002,2019-10-06,2,4,2
5004,2019-10-06,1,0,-1
5006,2019-10-06,1,1,0
5007,2019-10-06,4,5,1
6001,2019-10-06,11,21,10
6002,2019-10-06,33,37,4
6003,2019-10-06,24,34,10
6004,2019-10-06,8,12,4
6005,2019-10-06,17,15,-2
6006,2019-10-06,24,12,-12
6007,2019-10-06,18,23,5
6008,2019-10-06,21,26,5
6009,2019-10-06,45,39,-6
6011,2019-10-06,21,27,6
6012,2019-10-06,36,77,41
6013,2019-10-06,20,20,0
6014,2019-10-06,24,42,18
6015,2019-10-06,72,111,39
6016,2019-10-06,1,1,0
6017,2019-10-06,23,30,7
6018,2019-10-06,38,42,4
6019,2019-10-06,70,53,-17
6020,2019-10-06,54,72,18
6021,2019-10-06,48,33,-15
6022,2019-10-06,6,25,19
6023,2019-10-06,49,64,15
6024,2019-10-06,2,3,1
6025,2019-10-06,16,11,-5
6026,2019-10-06,55,57,2
6027,2019-10-06,37,63,26
6029,2019-10-06,7,10,3
6032,2019-10-06,17,43,26
6033,2019-10-06,3,1,-2
6035,2019-10-06,8,15,7
6036,2019-10-06,53,80,27
6037,2019-10-06,15,27,12
6038,2019-10-06,29,39,10
6039,2019-10-06,13,28,15
6040,2019-10-06,31,23,-8
6041,2019-10-06,19,17,-2
6042,2019-10-06,14,18,4
6043,2019-10-06,30,41,11
6044,2019-10-06,48,53,5
6046,2019-10-06,24,24,0
6047,2019-10-06,34,24,-10
6048,2019-10-06,5,4,-1
6049,2019-10-06,16,18,2
6050,2019-10-06,10,9,-1
6051,2019-10-06,11,15,4
6052,2019-10-06,56,70,14
6053,2019-10-06,53,67,14
6057,2019-10-06,19,14,-5
6058,2019-10-06,24,19,-5
6059,2019-10-06,33,20,-13
6060,2019-10-06,3,2,-1
6061,2019-10-06,25,22,-3
6062,2019-10-06,21,20,-1
6063,2019-10-06,34,30,-4
6064,2019-10-06,46,49,3
6065,2019-10-06,35,37,2
6066,2019-10-06,26,6,-20
6067,2019-10-06,8,6,-2
6068,2019-10-06,7,1,-6
6070,2019-10-06,60,86,26
6072,2019-10-06,10,23,13
6073,2019-10-06,57,77,20
6075,2019-10-06,14,9,-5
6076,2019-10-06,9,13,4
6078,2019-10-06,30,25,-5
6079,2019-10-06,39,29,-10
6080,2019-10-06,44,45,1
6081,2019-10-06,21,13,-8
6082,2019-10-06,12,12,0
6083,2019-10-06,22,22,0
6084,2019-10-06,10,9,-1
6085,2019-10-06,16,48,32
6086,2019-10-06,36,54,18
6087,2019-10-06,59,78,19
6088,2019-10-06,26,29,3
6089,2019-10-06,19,10,-9
6090,2019-10-06,15,16,1
6091,2019-10-06,23,26,3
6092,2019-10-06,28,17,-11
6093,2019-10-06,17,12,-5
6094,2019-10-06,11,13,2
6095,2019-10-06,56,58,2
6096,2019-10-06,11,17,6
6097,2019-10-06,46,15,-31
6098,2019-10-06,20,16,-4
6099,2019-10-06,54,77,23
6100,2019-10-06,78,78,0
6101,2019-10-06,36,5,-31
6102,2019-10-06,17,16,-1
6103,2019-10-06,14,13,-1
6104,2019-10-06,25,28,3
6105,2019-10-06,9,29,20
6106,2019-10-06,9,14,5
6107,2019-10-06,36,32,-4
6108,2019-10-06,17,23,6
6109,2019-10-06,4,4,0
6110,2019-10-06,14,19,5
6111,2019-10-06,25,31,6
6112,2019-10-06,53,58,5
6113,2019-10-06,24,37,13
6114,2019-10-06,69,97,28
6115,2019-10-06,5,13,8
6116,2019-10-06,42,43,1
6117,2019-10-06,28,25,-3
6118,2019-10-06,49,67,18
6119,2019-10-06,55,74,19
6120,2019-10-06,28,36,8
6121,2019-10-06,12,19,7
6122,2019-10-06,16,12,-4
6123,2019-10-06,14,18,4
6124,2019-10-06,10,30,20
6125,2019-10-06,8,7,-1
6126,2019-10-06,19,22,3
6128,2019-10-06,14,10,-4
6129,2019-10-06,46,36,-10
6130,2019-10-06,14,7,-7
6131,2019-10-06,46,23,-23
6132,2019-10-06,26,30,4
6133,2019-10-06,9,14,5
6134,2019-10-06,27,30,3
6136,2019-10-06,157,111,-46
6137,2019-10-06,56,51,-5
6138,2019-10-06,48,52,4
6139,2019-10-06,23,22,-1
6140,2019-10-06,60,54,-6
6141,2019-10-06,31,36,5
6143,2019-10-06,57,69,12
6145,2019-10-06,29,33,4
6146,2019-10-06,29,35,6
6147,2019-10-06,37,27,-10
6148,2019-10-06,58,35,-23
6149,2019-10-06,23,20,-3
6150,2019-10-06,55,48,-7
6151,2019-10-06,52,56,4
6152,2019-10-06,77,78,1
6153,2019-10-06,26,32,6
6154,2019-10-06,129,123,-6
6155,2019-10-06,83,82,-1
6156,2019-10-06,40,35,-5
6157,2019-10-06,79,80,1
6158,2019-10-06,38,37,-1
6159,2019-10-06,16,17,1
6160,2019-10-06,34,21,-13
6161,2019-10-06,32,25,-7
6162,2019-10-06,2,3,1
6163,2019-10-06,83,73,-10
6164,2019-10-06,58,68,10
6165,2019-10-06,89,112,23
6166,2019-10-06,35,18,-17
6167,2019-10-06,29,30,1
6168,2019-10-06,45,34,-11
6169,2019-10-06,100,84,-16
6170,2019-10-06,36,33,-3
6171,2019-10-06,14,21,7
6173,2019-10-06,59,33,-26
6174,2019-10-06,49,46,-3
6175,2019-10-06,59,40,-19
6176,2019-10-06,88,82,-6
6177,2019-10-06,52,51,-1
6178,2019-10-06,55,56,1
6179,2019-10-06,64,60,-4
6180,2019-10-06,15,20,5
6181,2019-10-06,77,57,-20
6182,2019-10-06,26,30,4
6183,2019-10-06,61,56,-5
6184,2019-10-06,139,149,10
6185,2019-10-06,16,10,-6
6186,2019-10-06,27,18,-9
6187,2019-10-06,78,70,-8
6188,2019-10-06,24,19,-5
6189,2019-10-06,17,16,-1
6190,2019-10-06,61,46,-15
6191,2019-10-06,44,42,-2
6192,2019-10-06,22,25,3
6193,2019-10-06,80,80,0
6194,2019-10-06,61,43,-18
6195,2019-10-06,26,24,-2
6196,2019-10-06,78,68,-10
6197,2019-10-06,27,27,0
6198,2019-10-06,7,9,2
6199,2019-10-06,43,29,-14
6200,2019-10-06,61,61,0
6201,2019-10-06,43,39,-4
6202,2019-10-06,60,51,-9
6203,2019-10-06,25,21,-4
6204,2019-10-06,68,46,-22
6205,2019-10-06,64,52,-12
6206,2019-10-06,84,86,2
6207,2019-10-06,23,26,3
6208,2019-10-06,40,49,9
6209,2019-10-06,73,56,-17
6210,2019-10-06,17,8,-9
6211,2019-10-06,115,105,-10
6212,2019-10-06,55,34,-21
6213,2019-10-06,85,72,-13
6214,2019-10-06,60,47,-13
6215,2019-10-06,59,39,-20
6216,2019-10-06,77,44,-33
6217,2019-10-06,68,46,-22
6218,2019-10-06,31,30,-1
6219,2019-10-06,27,39,12
6220,2019-10-06,40,41,1
6221,2019-10-06,120,106,-14
6222,2019-10-06,43,29,-14
6223,2019-10-06,47,40,-7
6224,2019-10-06,57,41,-16
6225,2019-10-06,43,35,-8
6226,2019-10-06,10,13,3
6227,2019-10-06,87,92,5
6228,2019-10-06,22,22,0
6229,2019-10-06,67,47,-20
6230,2019-10-06,58,49,-9
6231,2019-10-06,80,72,-8
6232,2019-10-06,10,13,3
6233,2019-10-06,95,74,-21
6234,2019-10-06,30,35,5
6235,2019-10-06,15,15,0
6236,2019-10-06,54,52,-2
6237,2019-10-06,47,42,-5
6240,2019-10-06,8,8,0
6241,2019-10-06,26,13,-13
6243,2019-10-06,36,40,4
6245,2019-10-06,20,19,-1
6246,2019-10-06,31,30,-1
6248,2019-10-06,80,75,-5
6249,2019-10-06,52,58,6
6250,2019-10-06,97,93,-4
6251,2019-10-06,21,23,2
6252,2019-10-06,28,34,6
6253,2019-10-06,44,32,-12
6254,2019-10-06,31,26,-5
6255,2019-10-06,57,57,0
6257,2019-10-06,22,20,-2
6258,2019-10-06,52,39,-13
6259,2019-10-06,25,19,-6
6260,2019-10-06,26,21,-5
6261,2019-10-06,32,24,-8
6262,2019-10-06,30,20,-10
6263,2019-10-06,12,15,3
6264,2019-10-06,24,22,-2
6265,2019-10-06,59,57,-2
6266,2019-10-06,9,12,3
6267,2019-10-06,30,24,-6
6268,2019-10-06,35,31,-4
6269,2019-10-06,13,19,6
6270,2019-10-06,25,22,-3
6271,2019-10-06,1,0,-1
6272,2019-10-06,15,10,-5
6273,2019-10-06,14,20,6
6274,2019-10-06,14,14,0
6275,2019-10-06,13,19,6
6276,2019-10-06,30,25,-5
6277,2019-10-06,28,34,6
6278,2019-10-06,8,11,3
6279,2019-10-06,19,17,-2
6280,2019-10-06,56,54,-2
6281,2019-10-06,17,16,-1
6301,2019-10-06,4,11,7
6302,2019-10-06,7,9,2
6303,2019-10-06,9,10,1
6304,2019-10-06,11,9,-2
6305,2019-10-06,12,13,1
6306,2019-10-06,28,9,-19
6307,2019-10-06,50,49,-1
6309,2019-10-06,11,8,-3
6310,2019-10-06,32,12,-20
6311,2019-10-06,26,22,-4
6312,2019-10-06,15,26,11
6313,2019-10-06,27,26,-1
6314,2019-10-06,29,30,1
6315,2019-10-06,30,22,-8
6316,2019-10-06,17,6,-11
6321,2019-10-06,40,32,-8
6322,2019-10-06,12,10,-2
6323,2019-10-06,13,8,-5
6324,2019-10-06,11,8,-3
6327,2019-10-06,22,17,-5
6328,2019-10-06,34,27,-7
6329,2019-10-06,21,13,-8
6330,2019-10-06,16,15,-1
6331,2019-10-06,16,11,-5
6332,2019-10-06,18,24,6
6333,2019-10-06,13,16,3
6334,2019-10-06,47,45,-2
6335,2019-10-06,15,16,1
6336,2019-10-06,25,25,0
6338,2019-10-06,13,28,15
6339,2019-10-06,8,14,6
6340,2019-10-06,22,22,0
6341,2019-10-06,12,18,6
6343,2019-10-06,22,19,-3
6344,2019-10-06,26,37,11
6345,2019-10-06,5,16,11
6346,2019-10-06,10,12,2
6347,2019-10-06,9,13,4
6349,2019-10-06,16,14,-2
6350,2019-10-06,17,16,-1
6354,2019-10-06,10,6,-4
6355,2019-10-06,24,26,2
6356,2019-10-06,27,17,-10
6357,2019-10-06,10,11,1
6358,2019-10-06,18,12,-6
6359,2019-10-06,37,34,-3
6360,2019-10-06,19,16,-3
6361,2019-10-06,17,30,13
6362,2019-10-06,21,16,-5
6363,2019-10-06,11,13,2
6364,2019-10-06,17,19,2
6366,2019-10-06,16,22,6
6367,2019-10-06,17,20,3
6368,2019-10-06,37,36,-1
6369,2019-10-06,14,24,10
6370,2019-10-06,21,22,1
6371,2019-10-06,42,47,5
6372,2019-10-06,54,59,5
6373,2019-10-06,17,16,-1
6374,2019-10-06,18,18,0
6375,2019-10-06,23,27,4
6376,2019-10-06,12,19,7
6377,2019-10-06,17,20,3
6379,2019-10-06,19,14,-5
6380,2019-10-06,11,8,-3
6381,2019-10-06,31,34,3
6383,2019-10-06,24,13,-11
6384,2019-10-06,8,16,8
6385,2019-10-06,38,34,-4
6386,2019-10-06,16,11,-5
6387,2019-10-06,52,51,-1
6388,2019-10-06,11,14,3
6389,2019-10-06,30,24,-6
6391,2019-10-06,40,58,18
6393,2019-10-06,33,42,9
6394,2019-10-06,37,47,10
6395,2019-10-06,35,35,0
6396,2019-10-06,46,44,-2
6397,2019-10-06,25,25,0
6398,2019-10-06,12,30,18
6401,2019-10-06,32,39,7
6402,2019-10-06,20,20,0
6403,2019-10-06,7,8,1
6404,2019-10-06,6,12,6
6405,2019-10-06,28,24,-4
6406,2019-10-06,59,76,17
6407,2019-10-06,5,6,1
6408,2019-10-06,16,12,-4
6409,2019-10-06,7,9,2
6410,2019-10-06,15,14,-1
6411,2019-10-06,78,69,-9
6412,2019-10-06,10,17,7
6413,2019-10-06,17,17,0
6414,2019-10-06,6,8,2
6415,2019-10-06,13,13,0
6416,2019-10-06,7,5,-2
6417,2019-10-06,8,13,5
6419,2019-10-06,6,9,3
6420,2019-10-06,10,8,-2
6421,2019-10-06,27,19,-8
6422,2019-10-06,3,5,2
6423,2019-10-06,5,4,-1
6424,2019-10-06,15,17,2
6425,2019-10-06,16,12,-4
6426,2019-10-06,23,19,-4
6427,2019-10-06,14,18,4
6428,2019-10-06,3,3,0
6429,2019-10-06,10,10,0
6432,2019-10-06,15,11,-4
6433,2019-10-06,11,13,2
6434,2019-10-06,18,22,4
6435,2019-10-06,22,19,-3
6436,2019-10-06,10,7,-3
6501,2019-10-06,52,52,0
6502,2019-10-06,17,12,-5
6503,2019-10-06,40,32,-8
6504,2019-10-06,2,10,8
6700,2019-10-06,9,17,8
6701,2019-10-06,35,26,-9
6702,2019-10-06,12,12,0
6703,2019-10-06,36,36,0
6704,2019-10-06,10,11,1
6705,2019-10-06,12,12,0
6706,2019-10-06,5,8,3
6707,2019-10-06,13,6,-7
6709,2019-10-06,11,19,8
6710,2019-10-06,9,11,2
6711,2019-10-06,9,4,-5
6712,2019-10-06,9,9,0
6713,2019-10-06,5,6,1
6714,2019-10-06,4,3,-1
6715,2019-10-06,3,2,-1
6716,2019-10-06,5,8,3
6717,2019-10-06,2,6,4
6718,2019-10-06,9,7,-2
6719,2019-10-06,11,12,1
6720,2019-10-06,16,11,-5
6721,2019-10-06,8,11,3
6722,2019-10-06,7,10,3
6723,2019-10-06,7,7,0
6724,2019-10-06,14,22,8
6725,2019-10-06,21,22,1
6726,2019-10-06,7,6,-1
6727,2019-10-06,21,28,7
6728,2019-10-06,9,10,1
6729,2019-10-06,78,92,14
6730,2019-10-06,5,9,4
6731,2019-10-06,17,13,-4
6732,2019-10-06,17,7,-10
6733,2019-10-06,20,21,1
6734,2019-10-06,33,29,-4
6735,2019-10-06,9,6,-3
6736,2019-10-06,6,5,-1
6737,2019-10-06,11,10,-1
6738,2019-10-06,15,15,0
6739,2019-10-06,4,3,-1
6741,2019-10-06,9,3,-6
6742,2019-10-06,10,17,7
6743,2019-10-06,7,6,-1
6744,2019-10-06,10,11,1
6745,2019-10-06,17,9,-8
6746,2019-10-06,9,7,-2
6747,2019-10-06,9,9,0
6748,2019-10-06,18,39,21
6749,2019-10-06,25,23,-2
6750,2019-10-06,27,24,-3
6752,2019-10-06,8,5,-3
6753,2019-10-06,5,10,5
6754,2019-10-06,6,8,2
6901,2019-10-06,26,28,2
6902,2019-10-06,57,62,5
6903,2019-10-06,63,73,10
6904,2019-10-06,18,21,3
6905,2019-10-06,21,18,-3
6906,2019-10-06,53,37,-16
6907,2019-10-06,57,49,-8
6908,2019-10-06,46,45,-1
6910,2019-10-06,70,60,-10
6912,2019-10-06,52,51,-1
6913,2019-10-06,27,26,-1
6915,2019-10-06,57,48,-9
6916,2019-10-06,12,23,11
6917,2019-10-06,10,13,3
6918,2019-10-06,13,15,2
6919,2019-10-06,14,8,-6
6921,2019-10-06,10,16,6
6923,2019-10-06,16,12,-4
6924,2019-10-06,11,12,1
6925,2019-10-06,15,13,-2
6926,2019-10-06,53,52,-1
6927,2019-10-06,39,12,-27
6928,2019-10-06,11,4,-7
6929,2019-10-06,16,14,-2
6930,2019-10-06,5,3,-2
7001,2019-10-06,30,27,-3
7002,2019-10-06,5,7,2
7003,2019-10-06,50,43,-7
7004,2019-10-06,8,5,-3
7005,2019-10-06,9,10,1
7006,2019-10-06,9,6,-3
7007,2019-10-06,3,6,3
7008,2019-10-06,14,14,0
7009,2019-10-06,13,17,4
7010,2019-10-06,7,6,-1
7011,2019-10-06,41,50,9
7012,2019-10-06,12,17,5
7013,2019-10-06,8,7,-1
7014,2019-10-06,23,18,-5
7015,2019-10-06,6,4,-2
7016,2019-10-06,4,8,4
7017,2019-10-06,8,19,11
7018,2019-10-06,20,23,3
7019,2019-10-06,8,5,-3
7020,2019-10-06,9,13,4
7021,2019-10-06,21,14,-7
7022,2019-10-06,22,9,-13
7023,2019-10-06,2,1,-1
7024,2019-10-06,31,23,-8
7025,2019-10-06,20,16,-4
7026,2019-10-06,23,24,1
7027,2019-10-06,24,15,-9
7028,2019-10-06,35,31,-4
7029,2019-10-06,35,44,9
7030,2019-10-06,44,41,-3
7031,2019-10-06,31,43,12
7032,2019-10-06,63,37,-26
7033,2019-10-06,47,50,3
7034,2019-10-06,7,24,17
7035,2019-10-06,22,20,-2
7036,2019-10-06,41,35,-6
7037,2019-10-06,39,25,-14
7038,2019-10-06,35,38,3
7039,2019-10-06,16,18,2
7040,2019-10-06,22,27,5
7041,2019-10-06,50,48,-2
7042,2019-10-06,15,17,2
7043,2019-10-06,13,12,-1
7044,2019-10-06,6,6,0
7045,2019-10-06,39,38,-1
7046,2019-10-06,23,16,-7
7047,2019-10-06,65,89,24
7048,2019-10-06,6,11,5
7049,2019-10-06,7,4,-3
7050,2019-10-06,13,15,2
7051,2019-10-06,9,8,-1
7052,2019-10-06,6,16,10
7053,2019-10-06,9,16,7
7054,2019-10-06,11,11,0
7055,2019-10-06,10,19,9
7056,2019-10-06,6,13,7
7057,2019-10-06,14,14,0
7058,2019-10-06,13,17,4
7059,2019-10-06,15,11,-4
7060,2019-10-06,13,9,-4
7061,2019-10-06,22,18,-4
7062,2019-10-06,8,17,9
7063,2019-10-06,20,20,0
7064,2019-10-06,7,9,2
7065,2019-10-06,18,18,0
7066,2019-10-06,29,76,47
7067,2019-10-06,19,15,-4
7068,2019-10-06,40,50,10
7069,2019-10-06,32,38,6
7070,2019-10-06,21,30,9
7071,2019-10-06,19,10,-9
7072,2019-10-06,21,13,-8
7073,2019-10-06,30,28,-2
7074,2019-10-06,15,18,3
7075,2019-10-06,2,3,1
7076,2019-10-06,40,30,-10
7077,2019-10-06,3,6,3
7078,2019-10-06,14,17,3
7079,2019-10-06,9,11,2
7080,2019-10-06,24,38,14
7081,2019-10-06,40,51,11
7082,2019-10-06,26,36,10
7083,2019-10-06,24,24,0
7084,2019-10-06,57,61,4
7088,2019-10-06,1,2,1
7089,2019-10-06,3,3,0
7090,2019-10-06,5,1,-4
7091,2019-10-06,6,3,-3
7092,2019-10-06,2,3,1
7095,2019-10-06,3,5,2
7096,2019-10-06,6,6,0
7097,2019-10-06,4,5,1
7099,2019-10-06,5,9,4
7100,2019-10-06,3,7,4
7102,2019-10-06,11,16,5
7103,2019-10-06,5,5,0
7105,2019-10-06,1,2,1
7107,2019-10-06,4,4,0
7108,2019-10-06,4,6,2
7109,2019-10-06,1,2,1
7110,2019-10-06,5,4,-1
7111,2019-10-06,3,2,-1
7112,2019-10-06,6,6,0
7113,2019-10-06,20,23,3
7114,2019-10-06,36,52,16
7115,2019-10-06,5,1,-4
7116,2019-10-06,5,2,-3
7119,2019-10-06,4,4,0
7120,2019-10-06,1,0,-1
7121,2019-10-06,2,4,2
7122,2019-10-06,3,3,0
7123,2019-10-06,1,1,0
7124,2019-10-06,11,11,0
7125,2019-10-06,15,12,-3
7126,2019-10-06,3,5,2
7127,2019-10-06,17,15,-2
7128,2019-10-06,6,2,-4
7129,2019-10-06,1,2,1
7130,2019-10-06,4,1,-3
7131,2019-10-06,3,4,1
7133,2019-10-06,1,3,2
7137,2019-10-06,3,4,1
7138,2019-10-06,4,3,-1
7139,2019-10-06,14,16,2
7140,2019-10-06,8,20,12
7141,2019-10-06,19,15,-4
7142,2019-10-06,5,8,3
7143,2019-10-06,8,16,8
7144,2019-10-06,17,23,6
7145,2019-10-06,3,2,-1
7146,2019-10-06,6,14,8
7147,2019-10-06,11,9,-2
7148,2019-10-06,4,8,4
7149,2019-10-06,4,4,0
7151,2019-10-06,1,0,-1
7152,2019-10-06,1,1,0
7153,2019-10-06,1,1,0
10002,2019-10-06,38,43,5
4000,2019-10-07,38,50,12
4001,2019-10-07,5,15,10
4002,2019-10-07,5,12,7
5002,2019-10-07,1,2,1
5004,2019-10-07,3,5,2
5006,2019-10-07,3,4,1
5007,2019-10-07,10,3,-7
6001,2019-10-07,29,30,1
6002,2019-10-07,25,35,10
6003,2019-10-07,33,42,9
6004,2019-10-07,21,27,6
6005,2019-10-07,62,39,-23
6006,2019-10-07,18,18,0
6007,2019-10-07,27,26,-1
6008,2019-10-07,38,42,4
6009,2019-10-07,41,34,-7
6011,2019-10-07,30,41,11
6012,2019-10-07,91,110,19
6013,2019-10-07,42,42,0
6014,2019-10-07,34,48,14
6015,2019-10-07,64,97,33
6016,2019-10-07,6,2,-4
6017,2019-10-07,27,34,7
6018,2019-10-07,36,48,12
6019,2019-10-07,96,55,-41
6020,2019-10-07,47,67,20
6021,2019-10-07,61,53,-8
6022,2019-10-07,24,22,-2
6023,2019-10-07,41,42,1
6025,2019-10-07,18,10,-8
6026,2019-10-07,37,35,-2
6027,2019-10-07,76,55,-21
6029,2019-10-07,9,20,11
6032,2019-10-07,35,64,29
6033,2019-10-07,16,14,-2
6035,2019-10-07,28,33,5
6036,2019-10-07,58,59,1
6037,2019-10-07,33,34,1
6038,2019-10-07,51,50,-1
6039,2019-10-07,42,44,2
6040,2019-10-07,38,38,0
6041,2019-10-07,38,37,-1
6042,2019-10-07,52,45,-7
6043,2019-10-07,95,98,3
6044,2019-10-07,58,63,5
6046,2019-10-07,73,83,10
6047,2019-10-07,103,62,-41
6048,2019-10-07,30,22,-8
6049,2019-10-07,69,67,-2
6050,2019-10-07,30,25,-5
6051,2019-10-07,22,19,-3
6052,2019-10-07,96,71,-25
6053,2019-10-07,89,94,5
6057,2019-10-07,59,42,-17
6058,2019-10-07,41,24,-17
6059,2019-10-07,46,16,-30
6060,2019-10-07,33,12,-21
6061,2019-10-07,46,31,-15
6062,2019-10-07,50,37,-13
6063,2019-10-07,54,35,-19
6064,2019-10-07,129,62,-67
6065,2019-10-07,31,26,-5
6066,2019-10-07,29,9,-20
6067,2019-10-07,11,14,3
6068,2019-10-07,10,6,-4
6070,2019-10-07,183,138,-45
6072,2019-10-07,53,29,-24
6073,2019-10-07,170,63,-107
6075,2019-10-07,38,26,-12
6076,2019-10-07,4,28,24
6078,2019-10-07,46,42,-4
6079,2019-10-07,41,44,3
6080,2019-10-07,80,73,-7
6081,2019-10-07,22,16,-6
6082,2019-10-07,6,10,4
6083,2019-10-07,67,36,-31
6084,2019-10-07,34,32,-2
6085,2019-10-07,63,105,42
6086,2019-10-07,25,56,31
6087,2019-10-07,49,85,36
6088,2019-10-07,30,46,16
6089,2019-10-07,35,34,-1
6090,2019-10-07,34,36,2
6091,2019-10-07,31,31,0
6092,2019-10-07,47,44,-3
6093,2019-10-07,15,9,-6
6094,2019-10-07,20,20,0
6095,2019-10-07,48,50,2
6096,2019-10-07,24,45,21
6097,2019-10-07,49,31,-18
6098,2019-10-07,34,19,-15
6099,2019-10-07,54,62,8
6100,2019-10-07,154,145,-9
6101,2019-10-07,31,11,-20
6102,2019-10-07,20,21,1
6103,2019-10-07,12,20,8
6104,2019-10-07,31,48,17
6105,2019-10-07,25,37,12
6106,2019-10-07,10,20,10
6107,2019-10-07,38,48,10
6108,2019-10-07,26,32,6
6109,2019-10-07,11,5,-6
6110,2019-10-07,16,19,3
6111,2019-10-07,17,30,13
6112,2019-10-07,58,65,7
6113,2019-10-07,12,19,7
6114,2019-10-07,77,95,18
6115,2019-10-07,11,15,4
6116,2019-10-07,36,58,22
6117,2019-10-07,33,25,-8
6118,2019-10-07,47,74,27
6119,2019-10-07,37,65,28
6120,2019-10-07,42,71,29
6121,2019-10-07,7,16,9
6122,2019-10-07,8,15,7
6123,2019-10-07,20,24,4
6124,2019-10-07,24,34,10
6125,2019-10-07,12,9,-3
6126,2019-10-07,28,37,9
6128,2019-10-07,8,9,1
6129,2019-10-07,51,52,1
6130,2019-10-07,18,13,-5
6131,2019-10-07,38,35,-3
6132,2019-10-07,33,40,7
6133,2019-10-07,18,19,1
6134,2019-10-07,27,29,2
6136,2019-10-07,204,142,-62
6137,2019-10-07,59,61,2
6138,2019-10-07,29,52,23
6139,2019-10-07,19,28,9
6140,2019-10-07,48,51,3
6141,2019-10-07,26,31,5
6143,2019-10-07,60,65,5
6145,2019-10-07,28,27,-1
6146,2019-10-07,19,27,8
6147,2019-10-07,51,31,-20
6148,2019-10-07,67,64,-3
6149,2019-10-07,32,26,-6
6150,2019-10-07,36,59,23
6151,2019-10-07,40,51,11
6152,2019-10-07,57,78,21
6153,2019-10-07,44,52,8
6154,2019-10-07,106,100,-6
6155,2019-10-07,80,83,3
6156,2019-10-07,38,49,11
6157,2019-10-07,62,61,-1
6158,2019-10-07,46,52,6
6159,2019-10-07,20,24,4
6160,2019-10-07,36,47,11
6161,2019-10-07,29,40,11
6162,2019-10-07,3,2,-1
6163,2019-10-07,56,79,23
6164,2019-10-07,46,59,13
6165,2019-10-07,56,100,44
6166,2019-10-07,27,34,7
6167,2019-10-07,24,36,12
6168,2019-10-07,56,38,-18
6169,2019-10-07,97,86,-11
6170,2019-10-07,37,37,0
6171,2019-10-07,11,25,14
6173,2019-10-07,53,34,-19
6174,2019-10-07,59,55,-4
6175,2019-10-07,60,39,-21
6176,2019-10-07,34,44,10
6177,2019-10-07,45,50,5
6178,2019-10-07,58,65,7
6179,2019-10-07,43,46,3
6180,2019-10-07,26,32,6
6181,2019-10-07,97,64,-33
6182,2019-10-07,24,26,2
6183,2019-10-07,51,44,-7
6184,2019-10-07,180,128,-52
6185,2019-10-07,8,16,8
6186,2019-10-07,30,20,-10
6187,2019-10-07,75,59,-16
6188,2019-10-07,20,37,17
6189,2019-10-07,13,16,3
6190,2019-10-07,79,50,-29
6191,2019-10-07,48,48,0
6192,2019-10-07,22,24,2
6193,2019-10-07,56,63,7
6194,2019-10-07,56,42,-14
6195,2019-10-07,45,30,-15
6196,2019-10-07,82,69,-13
6197,2019-10-07,39,40,1
6198,2019-10-07,9,8,-1
6199,2019-10-07,88,64,-24
6200,2019-10-07,62,34,-28
6201,2019-10-07,42,38,-4
6202,2019-10-07,78,58,-20
6203,2019-10-07,45,33,-12
6204,2019-10-07,88,87,-1
6205,2019-10-07,70,65,-5
6206,2019-10-07,101,95,-6
6207,2019-10-07,25,22,-3
6208,2019-10-07,54,57,3
6209,2019-10-07,102,78,-24
6210,2019-10-07,26,24,-2
6211,2019-10-07,93,100,7
6212,2019-10-07,70,47,-23
6213,2019-10-07,91,78,-13
6214,2019-10-07,61,51,-10
6215,2019-10-07,59,29,-30
6216,2019-10-07,67,19,-48
6217,2019-10-07,71,43,-28
6218,2019-10-07,37,23,-14
6219,2019-10-07,35,44,9
6220,2019-10-07,54,51,-3
6221,2019-10-07,123,99,-24
6222,2019-10-07,52,47,-5
6223,2019-10-07,45,35,-10
6224,2019-10-07,50,42,-8
6225,2019-10-07,47,43,-4
6226,2019-10-07,19,12,-7
6227,2019-10-07,69,70,1
6228,2019-10-07,18,15,-3
6229,2019-10-07,47,35,-12
6230,2019-10-07,42,36,-6
6231,2019-10-07,69,75,6
6232,2019-10-07,25,18,-7
6233,2019-10-07,75,71,-4
6234,2019-10-07,43,34,-9
6235,2019-10-07,52,39,-13
6236,2019-10-07,37,55,18
6237,2019-10-07,36,51,15
6240,2019-10-07,12,10,-2
6241,2019-10-07,24,25,1
6243,2019-10-07,42,38,-4
6245,2019-10-07,13,16,3
6246,2019-10-07,38,40,2
6248,2019-10-07,84,73,-11
6249,2019-10-07,39,42,3
6250,2019-10-07,48,37,-11
6251,2019-10-07,14,18,4
6252,2019-10-07,33,25,-8
6253,2019-10-07,39,34,-5
6254,2019-10-07,44,44,0
6255,2019-10-07,48,49,1
6257,2019-10-07,26,21,-5
6258,2019-10-07,45,47,2
6259,2019-10-07,13,16,3
6260,2019-10-07,18,25,7
6261,2019-10-07,26,26,0
6262,2019-10-07,30,34,4
6263,2019-10-07,15,24,9
6264,2019-10-07,17,23,6
6265,2019-10-07,40,44,4
6266,2019-10-07,10,17,7
6267,2019-10-07,17,25,8
6268,2019-10-07,32,34,2
6269,2019-10-07,14,20,6
6270,2019-10-07,24,33,9
6271,2019-10-07,2,0,-2
6272,2019-10-07,24,30,6
6273,2019-10-07,15,22,7
6274,2019-10-07,17,17,0
6275,2019-10-07,20,21,1
6276,2019-10-07,25,31,6
6277,2019-10-07,35,38,3
6278,2019-10-07,10,17,7
6279,2019-10-07,10,14,4
6280,2019-10-07,72,62,-10
6281,2019-10-07,21,16,-5
6301,2019-10-07,11,7,-4
6302,2019-10-07,6,10,4
6303,2019-10-07,7,11,4
6304,2019-10-07,6,6,0
6305,2019-10-07,17,12,-5
6306,2019-10-07,56,20,-36
6307,2019-10-07,48,45,-3
6309,2019-10-07,18,16,-2
6310,2019-10-07,63,16,-47
6311,2019-10-07,37,28,-9
6312,2019-10-07,9,11,2
6313,2019-10-07,17,25,8
6314,2019-10-07,38,48,10
6315,2019-10-07,43,17,-26
6316,2019-10-07,29,12,-17
6321,2019-10-07,41,31,-10
6322,2019-10-07,20,21,1
6323,2019-10-07,11,3,-8
6324,2019-10-07,17,21,4
6327,2019-10-07,18,11,-7
6328,2019-10-07,16,21,5
6329,2019-10-07,13,16,3
6330,2019-10-07,15,12,-3
6331,2019-10-07,11,10,-1
6332,2019-10-07,16,22,6
6333,2019-10-07,11,19,8
6334,2019-10-07,44,46,2
6335,2019-10-07,21,30,9
6336,2019-10-07,16,21,5
6338,2019-10-07,10,18,8
6339,2019-10-07,21,18,-3
6340,2019-10-07,19,25,6
6341,2019-10-07,12,26,14
6343,2019-10-07,29,31,2
6344,2019-10-07,21,28,7
6345,2019-10-07,7,12,5
6346,2019-10-07,22,13,-9
6347,2019-10-07,24,15,-9
6349,2019-10-07,14,28,14
6350,2019-10-07,9,25,16
6354,2019-10-07,9,18,9
6355,2019-10-07,15,30,15
6356,2019-10-07,21,13,-8
6357,2019-10-07,10,11,1
6358,2019-10-07,9,17,8
6359,2019-10-07,51,49,-2
6360,2019-10-07,14,15,1
6361,2019-10-07,21,24,3
6362,2019-10-07,27,24,-3
6363,2019-10-07,17,19,2
6364,2019-10-07,22,25,3
6366,2019-10-07,14,14,0
6367,2019-10-07,17,24,7
6368,2019-10-07,29,32,3
6369,2019-10-07,25,27,2
6370,2019-10-07,16,17,1
6371,2019-10-07,34,45,11
6372,2019-10-07,42,59,17
6373,2019-10-07,18,29,11
6374,2019-10-07,24,24,0
6375,2019-10-07,30,30,0
6376,2019-10-07,11,16,5
6377,2019-10-07,14,31,17
6379,2019-10-07,12,25,13
6380,2019-10-07,9,14,5
6381,2019-10-07,28,27,-1
6383,2019-10-07,19,19,0
6384,2019-10-07,10,10,0
6385,2019-10-07,29,40,11
6386,2019-10-07,26,26,0
6387,2019-10-07,43,42,-1
6388,2019-10-07,6,8,2
6389,2019-10-07,32,23,-9
6391,2019-10-07,31,63,32
6393,2019-10-07,30,48,18
6394,2019-10-07,24,50,26
6395,2019-10-07,47,19,-28
6396,2019-10-07,77,44,-33
6397,2019-10-07,9,34,25
6398,2019-10-07,21,33,12
6401,2019-10-07,30,48,18
6402,2019-10-07,15,25,10
6403,2019-10-07,11,22,11
6404,2019-10-07,5,12,7
6405,2019-10-07,24,18,-6
6406,2019-10-07,30,40,10
6407,2019-10-07,5,12,7
6408,2019-10-07,38,35,-3
6409,2019-10-07,6,12,6
6410,2019-10-07,35,40,5
6411,2019-10-07,89,82,-7
6412,2019-10-07,22,26,4
6413,2019-10-07,23,18,-5
6414,2019-10-07,2,13,11
6415,2019-10-07,16,22,6
6416,2019-10-07,10,7,-3
6417,2019-10-07,16,19,3
6418,2019-10-07,4,1,-3
6419,2019-10-07,6,12,6
6420,2019-10-07,12,12,0
6421,2019-10-07,26,24,-2
6422,2019-10-07,4,7,3
6423,2019-10-07,11,5,-6
6424,2019-10-07,20,49,29
6425,2019-10-07,8,7,-1
6426,2019-10-07,44,39,-5
6427,2019-10-07,32,29,-3
6428,2019-10-07,4,10,6
6429,2019-10-07,11,18,7
6432,2019-10-07,49,49,0
6433,2019-10-07,21,24,3
6434,2019-10-07,35,36,1
6435,2019-10-07,22,23,1
6436,2019-10-07,14,14,0
6501,2019-10-07,26,31,5
6502,2019-10-07,5,7,2
6503,2019-10-07,35,27,-8
6504,2019-10-07,3,2,-1
6700,2019-10-07,9,21,12
6701,2019-10-07,31,27,-4
6702,2019-10-07,6,4,-2
6703,2019-10-07,21,21,0
6704,2019-10-07,12,15,3
6705,2019-10-07,2,11,9
6706,2019-10-07,14,30,16
6707,2019-10-07,12,10,-2
6709,2019-10-07,13,14,1
6710,2019-10-07,9,7,-2
6711,2019-10-07,23,13,-10
6712,2019-10-07,7,9,2
6713,2019-10-07,5,10,5
6714,2019-10-07,2,1,-1
6715,2019-10-07,8,9,1
6716,2019-10-07,4,9,5
6717,2019-10-07,5,7,2
6718,2019-10-07,9,16,7
6719,2019-10-07,9,12,3
6720,2019-10-07,12,24,12
6721,2019-10-07,10,10,0
6722,2019-10-07,6,9,3
6723,2019-10-07,7,9,2
6724,2019-10-07,19,28,9
6725,2019-10-07,19,10,-9
6726,2019-10-07,3,4,1
6727,2019-10-07,52,52,0
6728,2019-10-07,13,14,1
6729,2019-10-07,87,96,9
6730,2019-10-07,9,1,-8
6731,2019-10-07,7,10,3
6732,2019-10-07,16,16,0
6733,2019-10-07,14,22,8
6734,2019-10-07,27,26,-1
6736,2019-10-07,6,9,3
6737,2019-10-07,11,10,-1
6738,2019-10-07,44,29,-15
6739,2019-10-07,2,7,5
6741,2019-10-07,9,16,7
6742,2019-10-07,15,22,7
6743,2019-10-07,13,9,-4
6744,2019-10-07,11,17,6
6745,2019-10-07,12,12,0
6746,2019-10-07,13,12,-1
6747,2019-10-07,26,25,-1
6748,2019-10-07,29,55,26
6749,2019-10-07,21,13,-8
6750,2019-10-07,26,30,4
6752,2019-10-07,15,13,-2
6753,2019-10-07,15,7,-8
6754,2019-10-07,5,15,10
6901,2019-10-07,34,34,0
6902,2019-10-07,31,55,24
6903,2019-10-07,79,82,3
6904,2019-10-07,19,21,2
6905,2019-10-07,29,31,2
6906,2019-10-07,81,42,-39
6907,2019-10-07,45,44,-1
6908,2019-10-07,39,31,-8
6910,2019-10-07,71,70,-1
6912,2019-10-07,84,58,-26
6913,2019-10-07,26,20,-6
6915,2019-10-07,71,49,-22
6916,2019-10-07,13,28,15
6917,2019-10-07,6,14,8
6918,2019-10-07,12,17,5
6919,2019-10-07,20,18,-2
6921,2019-10-07,47,48,1
6923,2019-10-07,38,42,4
6924,2019-10-07,10,14,4
6925,2019-10-07,31,23,-8
6926,2019-10-07,33,36,3
6927,2019-10-07,67,32,-35
6928,2019-10-07,63,22,-41
6929,2019-10-07,17,16,-1
6930,2019-10-07,17,5,-12
7001,2019-10-07,18,23,5
7002,2019-10-07,4,9,5
7003,2019-10-07,64,32,-32
7004,2019-10-07,16,14,-2
7005,2019-10-07,6,11,5
7006,2019-10-07,9,11,2
7007,2019-10-07,2,5,3
7008,2019-10-07,15,16,1
7009,2019-10-07,19,20,1
7010,2019-10-07,8,5,-3
7011,2019-10-07,37,46,9
7012,2019-10-07,24,32,8
7013,2019-10-07,7,13,6
7014,2019-10-07,69,34,-35
7015,2019-10-07,3,5,2
7016,2019-10-07,12,2,-10
7017,2019-10-07,9,20,11
7018,2019-10-07,16,28,12
7019,2019-10-07,50,20,-30
7020,2019-10-07,11,13,2
7021,2019-10-07,22,27,5
7022,2019-10-07,15,25,10
7023,2019-10-07,5,4,-1
7024,2019-10-07,44,33,-11
7025,2019-10-07,34,28,-6
7026,2019-10-07,35,33,-2
7027,2019-10-07,22,23,1
7028,2019-10-07,56,56,0
7029,2019-10-07,18,31,13
7030,2019-10-07,42,47,5
7031,2019-10-07,23,29,6
7032,2019-10-07,68,44,-24
7033,2019-10-07,52,49,-3
7034,2019-10-07,8,12,4
7035,2019-10-07,22,29,7
7036,2019-10-07,35,45,10
7037,2019-10-07,34,38,4
7038,2019-10-07,46,42,-4
7039,2019-10-07,10,13,3
7040,2019-10-07,34,35,1
7041,2019-10-07,85,44,-41
7042,2019-10-07,23,19,-4
7043,2019-10-07,9,15,6
7044,2019-10-07,7,4,-3
7045,2019-10-07,29,31,2
7046,2019-10-07,49,40,-9
7047,2019-10-07,70,127,57
7048,2019-10-07,6,12,6
7049,2019-10-07,4,19,15
7050,2019-10-07,19,17,-2
7051,2019-10-07,8,16,8
7052,2019-10-07,31,28,-3
7053,2019-10-07,14,26,12
7054,2019-10-07,18,19,1
7055,2019-10-07,11,15,4
7056,2019-10-07,2,10,8
7057,2019-10-07,11,18,7
7058,2019-10-07,14,17,3
7059,2019-10-07,13,18,5
7060,2019-10-07,13,15,2
7061,2019-10-07,13,7,-6
7062,2019-10-07,33,31,-2
7063,2019-10-07,9,12,3
7064,2019-10-07,19,26,7
7065,2019-10-07,15,21,6
7066,2019-10-07,36,48,12
7067,2019-10-07,56,45,-11
7068,2019-10-07,27,47,20
7069,2019-10-07,56,41,-15
7070,2019-10-07,16,27,11
7071,2019-10-07,30,15,-15
7072,2019-10-07,28,23,-5
7073,2019-10-07,31,42,11
7074,2019-10-07,20,28,8
7075,2019-10-07,4,6,2
7076,2019-10-07,43,35,-8
7077,2019-10-07,13,9,-4
7078,2019-10-07,12,18,6
7079,2019-10-07,28,19,-9
7080,2019-10-07,39,38,-1
7081,2019-10-07,53,62,9
7082,2019-10-07,52,63,11
7083,2019-10-07,30,31,1
7084,2019-10-07,68,70,2
7087,2019-10-07,1,2,1
7090,2019-10-07,2,8,6
7091,2019-10-07,5,3,-2
7092,2019-10-07,3,3,0
7094,2019-10-07,2,1,-1
7095,2019-10-07,12,6,-6
7096,2019-10-07,12,13,1
7097,2019-10-07,3,3,0
7098,2019-10-07,1,3,2
7099,2019-10-07,2,6,4
7100,2019-10-07,3,1,-2
7101,2019-10-07,3,3,0
7102,2019-10-07,6,27,21
7106,2019-10-07,1,1,0
7107,2019-10-07,1,0,-1
7108,2019-10-07,2,0,-2
7109,2019-10-07,10,4,-6
7110,2019-10-07,3,1,-2
7112,2019-10-07,2,0,-2
7113,2019-10-07,45,40,-5
7114,2019-10-07,39,63,24
7115,2019-10-07,2,2,0
7116,2019-10-07,5,4,-1
7118,2019-10-07,3,2,-1
7120,2019-10-07,1,0,-1
7124,2019-10-07,12,17,5
7125,2019-10-07,11,5,-6
7126,2019-10-07,2,6,4
7127,2019-10-07,17,13,-4
7128,2019-10-07,15,11,-4
7129,2019-10-07,6,7,1
7130,2019-10-07,7,9,2
7131,2019-10-07,7,4,-3
7132,2019-10-07,3,2,-1
7133,2019-10-07,2,7,5
7134,2019-10-07,1,2,1
7135,2019-10-07,3,3,0
7136,2019-10-07,4,5,1
7137,2019-10-07,3,5,2
7138,2019-10-07,1,4,3
7139,2019-10-07,4,5,1
7140,2019-10-07,10,20,10
7141,2019-10-07,7,12,5
7142,2019-10-07,1,3,2
7143,2019-10-07,8,10,2
7144,2019-10-07,26,24,-2
7145,2019-10-07,4,10,6
7146,2019-10-07,8,20,12
7147,2019-10-07,29,27,-2
7148,2019-10-07,5,9,4
7149,2019-10-07,11,9,-2
7152,2019-10-07,2,1,-1
10002,2019-10-07,71,75,4
4000,2019-10-08,61,67,6
4001,2019-10-08,12,12,0
4002,2019-10-08,7,7,0
5002,2019-10-08,6,3,-3
5003,2019-10-08,3,2,-1
5004,2019-10-08,2,0,-2
5005,2019-10-08,3,6,3
5006,2019-10-08,6,8,2
5007,2019-10-08,22,15,-7
6001,2019-10-08,58,87,29
6002,2019-10-08,18,51,33
6003,2019-10-08,53,72,19
6004,2019-10-08,41,52,11
6005,2019-10-08,62,75,13
6006,2019-10-08,39,29,-10
6007,2019-10-08,39,35,-4
6008,2019-10-08,46,90,44
6009,2019-10-08,59,64,5
6011,2019-10-08,62,64,2
6012,2019-10-08,123,185,62
6013,2019-10-08,57,76,19
6014,2019-10-08,66,82,16
6015,2019-10-08,125,218,93
6016,2019-10-08,11,18,7
6017,2019-10-08,42,61,19
6018,2019-10-08,61,58,-3
6019,2019-10-08,135,70,-65
6020,2019-10-08,80,124,44
6021,2019-10-08,98,73,-25
6022,2019-10-08,51,54,3
6023,2019-10-08,47,84,37
6024,2019-10-08,1,2,1
6025,2019-10-08,27,25,-2
6026,2019-10-08,59,93,34
6027,2019-10-08,118,129,11
6029,2019-10-08,31,34,3
6031,2019-10-08,41,42,1
6032,2019-10-08,51,114,63
6033,2019-10-08,24,20,-4
6035,2019-10-08,29,72,43
6036,2019-10-08,79,127,48
6037,2019-10-08,43,47,4
6038,2019-10-08,79,104,25
6039,2019-10-08,72,81,9
6040,2019-10-08,69,72,3
6041,2019-10-08,65,66,1
6042,2019-10-08,96,95,-1
6043,2019-10-08,148,323,175
6044,2019-10-08,75,64,-11
6046,2019-10-08,109,136,27
6047,2019-10-08,99,77,-22
6048,2019-10-08,52,54,2
6049,2019-10-08,101,99,-2
6050,2019-10-08,36,48,12
6051,2019-10-08,21,19,-2
6052,2019-10-08,151,197,46
6053,2019-10-08,132,142,10
6057,2019-10-08,76,55,-21
6058,2019-10-08,73,61,-12
6059,2019-10-08,77,56,-21
6060,2019-10-08,38,29,-9
6061,2019-10-08,51,65,14
6062,2019-10-08,67,49,-18
6063,2019-10-08,83,60,-23
6064,2019-10-08,153,136,-17
6065,2019-10-08,46,29,-17
6066,2019-10-08,48,15,-33
6067,2019-10-08,23,26,3
6068,2019-10-08,7,13,6
6070,2019-10-08,227,199,-28
6072,2019-10-08,52,74,22
6073,2019-10-08,212,180,-32
6075,2019-10-08,42,22,-20
6076,2019-10-08,14,27,13
6078,2019-10-08,66,66,0
6079,2019-10-08,45,45,0
6080,2019-10-08,122,132,10
6081,2019-10-08,39,30,-9
6082,2019-10-08,23,16,-7
6083,2019-10-08,104,158,54
6084,2019-10-08,50,72,22
6085,2019-10-08,81,137,56
6086,2019-10-08,47,81,34
6087,2019-10-08,82,120,38
6088,2019-10-08,69,75,6
6089,2019-10-08,45,53,8
6090,2019-10-08,54,53,-1
6091,2019-10-08,41,40,-1
6092,2019-10-08,46,52,6
6093,2019-10-08,44,35,-9
6094,2019-10-08,39,38,-1
6095,2019-10-08,53,38,-15
6096,2019-10-08,32,64,32
6097,2019-10-08,53,30,-23
6098,2019-10-08,39,25,-14
6099,2019-10-08,97,117,20
6100,2019-10-08,242,239,-3
6101,2019-10-08,54,18,-36
6102,2019-10-08,38,28,-10
6103,2019-10-08,16,22,6
6104,2019-10-08,74,98,24
6105,2019-10-08,40,60,20
6106,2019-10-08,28,28,0
6107,2019-10-08,60,49,-11
6108,2019-10-08,41,50,9
6109,2019-10-08,19,17,-2
6110,2019-10-08,27,27,0
6111,2019-10-08,35,36,1
6112,2019-10-08,66,70,4
6113,2019-10-08,25,34,9
6114,2019-10-08,112,130,18
6115,2019-10-08,12,23,11
6116,2019-10-08,56,65,9
6117,2019-10-08,65,84,19
6118,2019-10-08,59,69,10
6119,2019-10-08,77,88,11
6120,2019-10-08,56,82,26
6121,2019-10-08,23,31,8
6122,2019-10-08,20,21,1
6123,2019-10-08,21,29,8
6124,2019-10-08,42,64,22
6125,2019-10-08,17,17,0
6126,2019-10-08,50,47,-3
6128,2019-10-08,15,22,7
6129,2019-10-08,81,74,-7
6130,2019-10-08,27,27,0
6131,2019-10-08,75,47,-28
6132,2019-10-08,50,53,3
6133,2019-10-08,26,30,4
6134,2019-10-08,35,38,3
6136,2019-10-08,289,205,-84
6137,2019-10-08,76,84,8
6138,2019-10-08,67,76,9
6139,2019-10-08,54,36,-18
6140,2019-10-08,84,89,5
6141,2019-10-08,65,50,-15
6143,2019-10-08,85,98,13
6145,2019-10-08,41,45,4
6146,2019-10-08,49,41,-8
6147,2019-10-08,73,41,-32
6148,2019-10-08,125,113,-12
6149,2019-10-08,34,33,-1
6150,2019-10-08,61,65,4
6151,2019-10-08,65,62,-3
6152,2019-10-08,108,99,-9
6153,2019-10-08,58,65,7
6154,2019-10-08,133,139,6
6155,2019-10-08,115,113,-2
6156,2019-10-08,79,82,3
6157,2019-10-08,73,70,-3
6158,2019-10-08,67,67,0
6159,2019-10-08,40,44,4
6160,2019-10-08,45,38,-7
6161,2019-10-08,44,50,6
6162,2019-10-08,8,10,2
6163,2019-10-08,74,90,16
6164,2019-10-08,70,63,-7
6165,2019-10-08,109,149,40
6166,2019-10-08,55,44,-11
6167,2019-10-08,37,43,6
6168,2019-10-08,87,80,-7
6169,2019-10-08,121,100,-21
6170,2019-10-08,74,58,-16
6171,2019-10-08,25,38,13
6173,2019-10-08,102,49,-53
6174,2019-10-08,91,76,-15
6175,2019-10-08,98,58,-40
6176,2019-10-08,79,69,-10
6177,2019-10-08,72,62,-10
6178,2019-10-08,88,91,3
6179,2019-10-08,58,58,0
6180,2019-10-08,33,48,15
6181,2019-10-08,122,79,-43
6182,2019-10-08,66,43,-23
6183,2019-10-08,88,66,-22
6184,2019-10-08,230,206,-24
6185,2019-10-08,15,20,5
6186,2019-10-08,23,17,-6
6187,2019-10-08,92,83,-9
6188,2019-10-08,43,30,-13
6189,2019-10-08,18,21,3
6190,2019-10-08,136,86,-50
6191,2019-10-08,109,92,-17
6192,2019-10-08,37,24,-13
6193,2019-10-08,75,61,-14
6194,2019-10-08,118,110,-8
6195,2019-10-08,57,47,-10
6196,2019-10-08,117,88,-29
6197,2019-10-08,55,49,-6
6198,2019-10-08,20,19,-1
6199,2019-10-08,99,66,-33
6200,2019-10-08,68,60,-8
6201,2019-10-08,84,72,-12
6202,2019-10-08,121,99,-22
6203,2019-10-08,59,68,9
6204,2019-10-08,109,114,5
6205,2019-10-08,82,90,8
6206,2019-10-08,145,117,-28
6207,2019-10-08,55,57,2
6208,2019-10-08,78,87,9
6209,2019-10-08,119,82,-37
6210,2019-10-08,44,44,0
6211,2019-10-08,140,129,-11
6212,2019-10-08,88,58,-30
6213,2019-10-08,130,115,-15
6214,2019-10-08,95,64,-31
6215,2019-10-08,87,91,4
6216,2019-10-08,121,55,-66
6217,2019-10-08,105,68,-37
6218,2019-10-08,56,49,-7
6219,2019-10-08,62,49,-13
6220,2019-10-08,81,62,-19
6221,2019-10-08,149,142,-7
6222,2019-10-08,84,66,-18
6223,2019-10-08,111,70,-41
6224,2019-10-08,67,61,-6
6225,2019-10-08,80,50,-30
6226,2019-10-08,30,28,-2
6227,2019-10-08,98,97,-1
6228,2019-10-08,25,21,-4
6229,2019-10-08,68,50,-18
6230,2019-10-08,68,70,2
6231,2019-10-08,101,85,-16
6232,2019-10-08,26,16,-10
6233,2019-10-08,106,85,-21
6234,2019-10-08,58,44,-14
6235,2019-10-08,104,58,-46
6236,2019-10-08,52,50,-2
6237,2019-10-08,62,57,-5
6240,2019-10-08,25,26,1
6241,2019-10-08,53,39,-14
6243,2019-10-08,61,54,-7
6245,2019-10-08,41,38,-3
6246,2019-10-08,73,64,-9
6248,2019-10-08,145,126,-19
6249,2019-10-08,70,53,-17
6250,2019-10-08,76,67,-9
6251,2019-10-08,30,24,-6
6252,2019-10-08,45,32,-13
6253,2019-10-08,53,46,-7
6254,2019-10-08,58,48,-10
6255,2019-10-08,77,70,-7
6257,2019-10-08,25,30,5
6258,2019-10-08,62,53,-9
6259,2019-10-08,30,28,-2
6260,2019-10-08,34,26,-8
6261,2019-10-08,24,32,8
6262,2019-10-08,41,43,2
6263,2019-10-08,18,22,4
6264,2019-10-08,28,29,1
6265,2019-10-08,58,64,6
6266,2019-10-08,26,27,1
6267,2019-10-08,44,39,-5
6268,2019-10-08,44,48,4
6269,2019-10-08,17,26,9
6270,2019-10-08,28,34,6
6272,2019-10-08,35,33,-2
6273,2019-10-08,30,31,1
6274,2019-10-08,48,38,-10
6275,2019-10-08,35,28,-7
6276,2019-10-08,44,43,-1
6277,2019-10-08,49,49,0
6278,2019-10-08,28,26,-2
6279,2019-10-08,27,17,-10
6280,2019-10-08,78,69,-9
6281,2019-10-08,30,19,-11
6301,2019-10-08,17,17,0
6302,2019-10-08,21,9,-12
6303,2019-10-08,18,17,-1
6304,2019-10-08,13,10,-3
6305,2019-10-08,29,15,-14
6306,2019-10-08,75,29,-46
6307,2019-10-08,76,65,-11
6309,2019-10-08,27,19,-8
6310,2019-10-08,73,40,-33
6311,2019-10-08,42,30,-12
6312,2019-10-08,12,19,7
6313,2019-10-08,31,42,11
6314,2019-10-08,61,55,-6
6315,2019-10-08,75,43,-32
6316,2019-10-08,29,12,-17
6321,2019-10-08,70,60,-10
6322,2019-10-08,24,22,-2
6323,2019-10-08,16,19,3
6324,2019-10-08,25,30,5
6327,2019-10-08,32,26,-6
6328,2019-10-08,34,27,-7
6329,2019-10-08,32,28,-4
6330,2019-10-08,34,26,-8
6331,2019-10-08,25,11,-14
6332,2019-10-08,31,42,11
6333,2019-10-08,20,19,-1
6334,2019-10-08,57,64,7
6335,2019-10-08,35,40,5
6336,2019-10-08,30,27,-3
6338,2019-10-08,33,27,-6
6339,2019-10-08,25,27,2
6340,2019-10-08,36,29,-7
6341,2019-10-08,30,43,13
6343,2019-10-08,34,34,0
6344,2019-10-08,41,28,-13
6345,2019-10-08,17,10,-7
6346,2019-10-08,26,23,-3
6347,2019-10-08,37,34,-3
6349,2019-10-08,32,26,-6
6350,2019-10-08,36,36,0
6354,2019-10-08,36,28,-8
6355,2019-10-08,22,40,18
6356,2019-10-08,42,23,-19
6357,2019-10-08,20,11,-9
6358,2019-10-08,24,20,-4
6359,2019-10-08,102,109,7
6360,2019-10-08,28,31,3
6361,2019-10-08,42,30,-12
6362,2019-10-08,29,27,-2
6363,2019-10-08,22,18,-4
6364,2019-10-08,41,27,-14
6366,2019-10-08,23,22,-1
6367,2019-10-08,31,25,-6
6368,2019-10-08,55,58,3
6369,2019-10-08,34,54,20
6370,2019-10-08,26,29,3
6371,2019-10-08,48,58,10
6372,2019-10-08,66,76,10
6373,2019-10-08,35,34,-1
6374,2019-10-08,35,37,2
6375,2019-10-08,34,46,12
6376,2019-10-08,17,23,6
6377,2019-10-08,28,39,11
6379,2019-10-08,26,29,3
6380,2019-10-08,24,23,-1
6381,2019-10-08,37,30,-7
6383,2019-10-08,22,21,-1
6384,2019-10-08,17,13,-4
6385,2019-10-08,45,57,12
6386,2019-10-08,30,48,18
6387,2019-10-08,63,76,13
6388,2019-10-08,21,23,2
6389,2019-10-08,43,30,-13
6391,2019-10-08,37,55,18
6393,2019-10-08,54,66,12
6394,2019-10-08,32,49,17
6395,2019-10-08,76,60,-16
6396,2019-10-08,99,78,-21
6397,2019-10-08,30,41,11
6398,2019-10-08,25,40,15
6401,2019-10-08,49,66,17
6402,2019-10-08,33,35,2
6403,2019-10-08,23,22,-1
6404,2019-10-08,14,19,5
6405,2019-10-08,42,51,9
6406,2019-10-08,49,78,29
6407,2019-10-08,16,21,5
6408,2019-10-08,46,47,1
6409,2019-10-08,15,15,0
6410,2019-10-08,58,58,0
6411,2019-10-08,110,102,-8
6412,2019-10-08,35,36,1
6413,2019-10-08,22,34,12
6414,2019-10-08,9,15,6
6415,2019-10-08,17,23,6
6416,2019-10-08,19,12,-7
6417,2019-10-08,15,29,14
6418,2019-10-08,4,5,1
6419,2019-10-08,10,20,10
6420,2019-10-08,21,14,-7
6421,2019-10-08,43,34,-9
6422,2019-10-08,9,13,4
6423,2019-10-08,18,11,-7
6424,2019-10-08,38,81,43
6425,2019-10-08,27,27,0
6426,2019-10-08,49,58,9
6427,2019-10-08,51,61,10
6428,2019-10-08,12,15,3
6429,2019-10-08,34,33,-1
6432,2019-10-08,67,64,-3
6433,2019-10-08,33,27,-6
6434,2019-10-08,62,57,-5
6435,2019-10-08,33,30,-3
6436,2019-10-08,22,21,-1
6501,2019-10-08,71,79,8
6502,2019-10-08,16,14,-2
6503,2019-10-08,59,58,-1
6504,2019-10-08,1,3,2
6700,2019-10-08,24,41,17
6701,2019-10-08,67,51,-16
6702,2019-10-08,17,17,0
6703,2019-10-08,37,37,0
6704,2019-10-08,23,18,-5
6705,2019-10-08,14,18,4
6706,2019-10-08,17,23,6
6707,2019-10-08,25,25,0
6709,2019-10-08,26,24,-2
6710,2019-10-08,13,16,3
6711,2019-10-08,17,17,0
6712,2019-10-08,13,13,0
6713,2019-10-08,13,17,4
6714,2019-10-08,3,4,1
6715,2019-10-08,15,17,2
6716,2019-10-08,9,15,6
6717,2019-10-08,3,9,6
6718,2019-10-08,23,17,-6
6719,2019-10-08,18,24,6
6720,2019-10-08,17,30,13
6721,2019-10-08,16,18,2
6722,2019-10-08,11,14,3
6723,2019-10-08,17,18,1
6724,2019-10-08,40,52,12
6725,2019-10-08,26,29,3
6726,2019-10-08,7,13,6
6727,2019-10-08,75,83,8
6728,2019-10-08,13,11,-2
6729,2019-10-08,102,125,23
6730,2019-10-08,11,7,-4
6731,2019-10-08,9,8,-1
6732,2019-10-08,32,37,5
6733,2019-10-08,20,23,3
6734,2019-10-08,45,37,-8
6736,2019-10-08,16,13,-3
6737,2019-10-08,17,20,3
6738,2019-10-08,71,71,0
6739,2019-10-08,10,8,-2
6741,2019-10-08,17,25,8
6742,2019-10-08,39,45,6
6743,2019-10-08,24,18,-6
6744,2019-10-08,22,24,2
6745,2019-10-08,15,20,5
6746,2019-10-08,17,19,2
6747,2019-10-08,40,52,12
6748,2019-10-08,54,76,22
6749,2019-10-08,45,49,4
6750,2019-10-08,32,38,6
6752,2019-10-08,34,34,0
6753,2019-10-08,16,21,5
6754,2019-10-08,21,18,-3
6901,2019-10-08,35,59,24
6902,2019-10-08,65,75,10
6903,2019-10-08,87,72,-15
6904,2019-10-08,40,39,-1
6905,2019-10-08,33,31,-2
6906,2019-10-08,93,42,-51
6907,2019-10-08,80,47,-33
6908,2019-10-08,60,62,2
6910,2019-10-08,103,101,-2
6912,2019-10-08,107,79,-28
6913,2019-10-08,36,31,-5
6915,2019-10-08,86,81,-5
6916,2019-10-08,28,31,3
6917,2019-10-08,25,24,-1
6918,2019-10-08,29,22,-7
6919,2019-10-08,22,19,-3
6921,2019-10-08,57,66,9
6923,2019-10-08,43,49,6
6924,2019-10-08,23,21,-2
6925,2019-10-08,35,34,-1
6926,2019-10-08,52,61,9
6927,2019-10-08,87,46,-41
6928,2019-10-08,84,41,-43
6929,2019-10-08,29,30,1
6930,2019-10-08,23,25,2
7001,2019-10-08,26,30,4
7002,2019-10-08,15,20,5
7003,2019-10-08,95,75,-20
7004,2019-10-08,18,24,6
7005,2019-10-08,6,8,2
7006,2019-10-08,9,15,6
7007,2019-10-08,3,8,5
7008,2019-10-08,19,18,-1
7009,2019-10-08,32,55,23
7010,2019-10-08,6,8,2
7011,2019-10-08,57,60,3
7012,2019-10-08,33,39,6
7013,2019-10-08,18,16,-2
7014,2019-10-08,79,65,-14
7015,2019-10-08,11,13,2
7016,2019-10-08,9,9,0
7017,2019-10-08,20,32,12
7018,2019-10-08,28,43,15
7019,2019-10-08,95,89,-6
7020,2019-10-08,29,32,3
7021,2019-10-08,40,32,-8
7022,2019-10-08,33,24,-9
7023,2019-10-08,2,3,1
7024,2019-10-08,59,41,-18
7025,2019-10-08,44,32,-12
7026,2019-10-08,64,61,-3
7027,2019-10-08,41,41,0
7028,2019-10-08,71,75,4
7029,2019-10-08,62,52,-10
7030,2019-10-08,36,51,15
7031,2019-10-08,31,34,3
7032,2019-10-08,113,78,-35
7033,2019-10-08,74,70,-4
7034,2019-10-08,18,34,16
7035,2019-10-08,26,21,-5
7036,2019-10-08,45,46,1
7037,2019-10-08,52,44,-8
7038,2019-10-08,77,75,-2
7039,2019-10-08,22,18,-4
7040,2019-10-08,52,65,13
7041,2019-10-08,113,113,0
7042,2019-10-08,44,45,1
7043,2019-10-08,18,17,-1
7044,2019-10-08,16,20,4
7045,2019-10-08,50,49,-1
7046,2019-10-08,73,89,16
7047,2019-10-08,92,149,57
7048,2019-10-08,14,19,5
7049,2019-10-08,10,16,6
7050,2019-10-08,23,21,-2
7051,2019-10-08,9,10,1
7052,2019-10-08,48,50,2
7053,2019-10-08,41,32,-9
7054,2019-10-08,40,45,5
7055,2019-10-08,17,22,5
7056,2019-10-08,15,21,6
7057,2019-10-08,27,27,0
7058,2019-10-08,32,41,9
7059,2019-10-08,29,20,-9
7060,2019-10-08,26,25,-1
7061,2019-10-08,29,27,-2
7062,2019-10-08,34,49,15
7063,2019-10-08,14,21,7
7064,2019-10-08,23,29,6
7065,2019-10-08,37,36,-1
7066,2019-10-08,41,91,50
7067,2019-10-08,60,74,14
7068,2019-10-08,55,72,17
7069,2019-10-08,85,109,24
7070,2019-10-08,32,34,2
7071,2019-10-08,62,21,-41
7072,2019-10-08,39,30,-9
7073,2019-10-08,47,44,-3
7074,2019-10-08,29,30,1
7075,2019-10-08,7,5,-2
7076,2019-10-08,61,40,-21
7077,2019-10-08,21,21,0
7078,2019-10-08,19,19,0
7079,2019-10-08,30,43,13
7080,2019-10-08,77,81,4
7081,2019-10-08,72,110,38
7082,2019-10-08,78,81,3
7083,2019-10-08,50,49,-1
7084,2019-10-08,96,97,1
7087,2019-10-08,2,2,0
7089,2019-10-08,1,0,-1
7090,2019-10-08,13,18,5
7091,2019-10-08,2,3,1
7092,2019-10-08,4,3,-1
7093,2019-10-08,1,1,0
7094,2019-10-08,1,1,0
7095,2019-10-08,9,12,3
7096,2019-10-08,23,32,9
7097,2019-10-08,7,5,-2
7099,2019-10-08,2,8,6
7100,2019-10-08,5,6,1
7101,2019-10-08,5,6,1
7102,2019-10-08,14,17,3
7103,2019-10-08,7,8,1
7104,2019-10-08,4,1,-3
7105,2019-10-08,7,8,1
7106,2019-10-08,1,2,1
7107,2019-10-08,2,1,-1
7108,2019-10-08,2,2,0
7109,2019-10-08,10,10,0
7110,2019-10-08,1,1,0
7111,2019-10-08,2,3,1
7112,2019-10-08,6,4,-2
7113,2019-10-08,53,58,5
7114,2019-10-08,84,90,6
7115,2019-10-08,11,12,1
7116,2019-10-08,7,6,-1
7117,2019-10-08,3,3,0
7118,2019-10-08,2,3,1
7119,2019-10-08,7,10,3
7120,2019-10-08,4,2,-2
7121,2019-10-08,4,6,2
7122,2019-10-08,8,9,1
7123,2019-10-08,2,3,1
7124,2019-10-08,25,21,-4
7125,2019-10-08,15,12,-3
7126,2019-10-08,4,9,5
7127,2019-10-08,29,32,3
7128,2019-10-08,14,14,0
7129,2019-10-08,10,11,1
7130,2019-10-08,14,10,-4
7131,2019-10-08,4,8,4
7132,2019-10-08,1,2,1
7133,2019-10-08,3,6,3
7134,2019-10-08,4,3,-1
7135,2019-10-08,4,6,2
7136,2019-10-08,7,8,1
7137,2019-10-08,7,7,0
7138,2019-10-08,6,4,-2
7139,2019-10-08,14,13,-1
7140,2019-10-08,18,20,2
7141,2019-10-08,18,23,5
7142,2019-10-08,13,17,4
7143,2019-10-08,17,20,3
7144,2019-10-08,28,36,8
7145,2019-10-08,15,15,0
7146,2019-10-08,10,22,12
7147,2019-10-08,38,34,-4
7148,2019-10-08,8,8,0
7149,2019-10-08,12,18,6
7150,2019-10-08,2,2,0
7151,2019-10-08,2,1,-1
7152,2019-10-08,5,6,1
7153,2019-10-08,5,3,-2
10002,2019-10-08,113,107,-6
4000,2019-10-09,37,49,12
4001,2019-10-09,10,6,-4
4002,2019-10-09,9,19,10
5002,2019-10-09,5,3,-2
5003,2019-10-09,1,1,0
5004,2019-10-09,2,3,1
5005,2019-10-09,3,2,-1
5006,2019-10-09,3,3,0
5007,2019-10-09,15,18,3
6001,2019-10-09,45,78,33
6002,2019-10-09,34,41,7
6003,2019-10-09,42,56,14
6004,2019-10-09,32,43,11
6005,2019-10-09,72,75,3
6006,2019-10-09,30,29,-1
6007,2019-10-09,25,33,8
6008,2019-10-09,53,90,37
6009,2019-10-09,52,52,0
6011,2019-10-09,56,65,9
6012,2019-10-09,92,214,122
6013,2019-10-09,51,63,12
6014,2019-10-09,49,79,30
6015,2019-10-09,125,220,95
6016,2019-10-09,7,10,3
6017,2019-10-09,38,43,5
6018,2019-10-09,53,69,16
6019,2019-10-09,134,88,-46
6020,2019-10-09,73,117,44
6021,2019-10-09,91,61,-30
6022,2019-10-09,47,49,2
6023,2019-10-09,64,76,12
6025,2019-10-09,26,27,1
6026,2019-10-09,47,71,24
6027,2019-10-09,96,116,20
6029,2019-10-09,20,30,10
6031,2019-10-09,29,29,0
6032,2019-10-09,48,120,72
6033,2019-10-09,17,19,2
6035,2019-10-09,29,62,33
6036,2019-10-09,61,110,49
6037,2019-10-09,41,45,4
6038,2019-10-09,70,75,5
6039,2019-10-09,61,85,24
6040,2019-10-09,64,76,12
6041,2019-10-09,56,58,2
6042,2019-10-09,78,75,-3
6043,2019-10-09,132,284,152
6044,2019-10-09,67,58,-9
6046,2019-10-09,113,121,8
6047,2019-10-09,101,93,-8
6048,2019-10-09,44,53,9
6049,2019-10-09,82,103,21
6050,2019-10-09,33,44,11
6051,2019-10-09,27,27,0
6052,2019-10-09,146,178,32
6053,2019-10-09,107,127,20
6057,2019-10-09,85,75,-10
6058,2019-10-09,47,46,-1
6059,2019-10-09,73,45,-28
6060,2019-10-09,38,32,-6
6061,2019-10-09,66,55,-11
6062,2019-10-09,65,44,-21
6063,2019-10-09,72,56,-16
6064,2019-10-09,148,148,0
6065,2019-10-09,51,40,-11
6066,2019-10-09,42,24,-18
6067,2019-10-09,30,28,-2
6068,2019-10-09,8,7,-1
6070,2019-10-09,170,141,-29
6072,2019-10-09,82,73,-9
6073,2019-10-09,177,133,-44
6075,2019-10-09,30,17,-13
6076,2019-10-09,16,29,13
6078,2019-10-09,60,59,-1
6079,2019-10-09,46,48,2
6080,2019-10-09,107,103,-4
6081,2019-10-09,42,38,-4
6082,2019-10-09,26,22,-4
6083,2019-10-09,99,144,45
6084,2019-10-09,58,78,20
6085,2019-10-09,85,144,59
6086,2019-10-09,51,82,31
6087,2019-10-09,90,116,26
6088,2019-10-09,53,63,10
6089,2019-10-09,47,57,10
6090,2019-10-09,55,55,0
6091,2019-10-09,51,41,-10
6092,2019-10-09,56,54,-2
6093,2019-10-09,27,20,-7
6094,2019-10-09,35,33,-2
6095,2019-10-09,74,68,-6
6096,2019-10-09,43,61,18
6097,2019-10-09,60,24,-36
6098,2019-10-09,35,21,-14
6099,2019-10-09,63,106,43
6100,2019-10-09,205,184,-21
6101,2019-10-09,52,14,-38
6102,2019-10-09,32,15,-17
6103,2019-10-09,22,18,-4
6104,2019-10-09,84,90,6
6105,2019-10-09,44,66,22
6106,2019-10-09,17,21,4
6107,2019-10-09,51,52,1
6108,2019-10-09,45,53,8
6109,2019-10-09,9,12,3
6110,2019-10-09,20,23,3
6111,2019-10-09,40,50,10
6112,2019-10-09,64,62,-2
6113,2019-10-09,26,37,11
6114,2019-10-09,96,133,37
6115,2019-10-09,14,21,7
6116,2019-10-09,63,87,24
6117,2019-10-09,71,66,-5
6118,2019-10-09,56,89,33
6119,2019-10-09,64,65,1
6120,2019-10-09,55,86,31
6121,2019-10-09,14,31,17
6122,2019-10-09,14,21,7
6123,2019-10-09,20,34,14
6124,2019-10-09,39,50,11
6125,2019-10-09,21,14,-7
6126,2019-10-09,43,45,2
6127,2019-10-09,9,6,-3
6128,2019-10-09,20,22,2
6129,2019-10-09,64,55,-9
6130,2019-10-09,20,18,-2
6131,2019-10-09,70,37,-33
6132,2019-10-09,45,53,8
6133,2019-10-09,29,27,-2
6134,2019-10-09,33,32,-1
6136,2019-10-09,287,197,-90
6137,2019-10-09,71,70,-1
6138,2019-10-09,73,73,0
6139,2019-10-09,30,30,0
6140,2019-10-09,68,70,2
6141,2019-10-09,36,40,4
6143,2019-10-09,96,86,-10
6145,2019-10-09,47,44,-3
6146,2019-10-09,52,37,-15
6147,2019-10-09,88,55,-33
6148,2019-10-09,123,79,-44
6149,2019-10-09,41,31,-10
6150,2019-10-09,65,69,4
6151,2019-10-09,70,58,-12
6152,2019-10-09,111,103,-8
6153,2019-10-09,59,58,-1
6154,2019-10-09,134,125,-9
6155,2019-10-09,115,105,-10
6156,2019-10-09,66,70,4
6157,2019-10-09,94,97,3
6158,2019-10-09,62,64,2
6159,2019-10-09,31,38,7
6160,2019-10-09,71,53,-18
6161,2019-10-09,43,39,-4
6162,2019-10-09,13,14,1
6163,2019-10-09,95,88,-7
6164,2019-10-09,54,64,10
6165,2019-10-09,105,137,32
6166,2019-10-09,59,46,-13
6167,2019-10-09,39,53,14
6168,2019-10-09,93,73,-20
6169,2019-10-09,106,106,0
6170,2019-10-09,47,48,1
6171,2019-10-09,31,26,-5
6173,2019-10-09,85,53,-32
6174,2019-10-09,97,77,-20
6175,2019-10-09,84,53,-31
6176,2019-10-09,78,68,-10
6177,2019-10-09,59,47,-12
6178,2019-10-09,98,82,-16
6179,2019-10-09,63,56,-7
6180,2019-10-09,44,50,6
6181,2019-10-09,131,73,-58
6182,2019-10-09,49,37,-12
6183,2019-10-09,70,75,5
6184,2019-10-09,236,203,-33
6185,2019-10-09,28,25,-3
6186,2019-10-09,32,21,-11
6187,2019-10-09,98,88,-10
6188,2019-10-09,43,32,-11
6189,2019-10-09,19,16,-3
6190,2019-10-09,107,78,-29
6191,2019-10-09,90,85,-5
6192,2019-10-09,28,34,6
6193,2019-10-09,75,77,2
6194,2019-10-09,107,87,-20
6195,2019-10-09,64,52,-12
6196,2019-10-09,101,76,-25
6197,2019-10-09,62,60,-2
6198,2019-10-09,19,14,-5
6199,2019-10-09,91,77,-14
6200,2019-10-09,88,75,-13
6201,2019-10-09,64,50,-14
6202,2019-10-09,116,100,-16
6203,2019-10-09,71,53,-18
6204,2019-10-09,104,107,3
6205,2019-10-09,86,73,-13
6206,2019-10-09,143,137,-6
6207,2019-10-09,34,33,-1
6208,2019-10-09,70,61,-9
6209,2019-10-09,139,92,-47
6210,2019-10-09,45,44,-1
6211,2019-10-09,125,105,-20
6212,2019-10-09,72,52,-20
6213,2019-10-09,98,100,2
6214,2019-10-09,95,72,-23
6215,2019-10-09,63,56,-7
6216,2019-10-09,117,52,-65
6217,2019-10-09,99,58,-41
6218,2019-10-09,49,46,-3
6219,2019-10-09,50,49,-1
6220,2019-10-09,87,72,-15
6221,2019-10-09,167,156,-11
6222,2019-10-09,67,48,-19
6223,2019-10-09,120,58,-62
6224,2019-10-09,58,50,-8
6225,2019-10-09,60,38,-22
6226,2019-10-09,20,21,1
6227,2019-10-09,115,117,2
6228,2019-10-09,23,19,-4
6229,2019-10-09,59,60,1
6230,2019-10-09,66,53,-13
6231,2019-10-09,94,81,-13
6232,2019-10-09,31,22,-9
6233,2019-10-09,107,91,-16
6234,2019-10-09,45,39,-6
6235,2019-10-09,101,52,-49
6236,2019-10-09,51,52,1
6237,2019-10-09,46,46,0
6240,2019-10-09,19,20,1
6241,2019-10-09,37,29,-8
6243,2019-10-09,54,60,6
6245,2019-10-09,41,41,0
6246,2019-10-09,65,68,3
6248,2019-10-09,143,107,-36
6249,2019-10-09,54,39,-15
6250,2019-10-09,61,44,-17
6251,2019-10-09,29,32,3
6252,2019-10-09,52,36,-16
6253,2019-10-09,56,28,-28
6254,2019-10-09,56,43,-13
6255,2019-10-09,72,58,-14
6257,2019-10-09,44,29,-15
6258,2019-10-09,72,53,-19
6259,2019-10-09,51,40,-11
6260,2019-10-09,33,31,-2
6261,2019-10-09,44,34,-10
6262,2019-10-09,42,52,10
6263,2019-10-09,21,23,2
6264,2019-10-09,24,35,11
6265,2019-10-09,65,67,2
6266,2019-10-09,20,22,2
6267,2019-10-09,33,39,6
6268,2019-10-09,43,41,-2
6269,2019-10-09,21,30,9
6270,2019-10-09,31,36,5
6272,2019-10-09,32,32,0
6273,2019-10-09,31,24,-7
6274,2019-10-09,32,35,3
6275,2019-10-09,29,36,7
6276,2019-10-09,36,37,1
6277,2019-10-09,50,42,-8
6278,2019-10-09,22,28,6
6279,2019-10-09,17,18,1
6280,2019-10-09,89,88,-1
6281,2019-10-09,26,19,-7
6301,2019-10-09,26,29,3
6302,2019-10-09,15,10,-5
6303,2019-10-09,19,9,-10
6304,2019-10-09,12,15,3
6305,2019-10-09,17,13,-4
6306,2019-10-09,82,33,-49
6307,2019-10-09,63,64,1
6309,2019-10-09,31,19,-12
6310,2019-10-09,68,30,-38
6311,2019-10-09,49,37,-12
6312,2019-10-09,16,18,2
6313,2019-10-09,36,38,2
6314,2019-10-09,58,57,-1
6315,2019-10-09,56,24,-32
6316,2019-10-09,39,15,-24
6321,2019-10-09,57,43,-14
6322,2019-10-09,36,29,-7
6323,2019-10-09,17,12,-5
6324,2019-10-09,25,30,5
6327,2019-10-09,30,30,0
6328,2019-10-09,26,25,-1
6329,2019-10-09,32,28,-4
6330,2019-10-09,27,21,-6
6331,2019-10-09,14,14,0
6332,2019-10-09,23,39,16
6333,2019-10-09,20,16,-4
6334,2019-10-09,69,70,1
6335,2019-10-09,31,38,7
6336,2019-10-09,25,27,2
6338,2019-10-09,29,17,-12
6339,2019-10-09,15,21,6
6340,2019-10-09,25,19,-6
6341,2019-10-09,30,43,13
6343,2019-10-09,37,35,-2
6344,2019-10-09,28,24,-4
6345,2019-10-09,17,16,-1
6346,2019-10-09,30,19,-11
6347,2019-10-09,32,33,1
6349,2019-10-09,25,28,3
6350,2019-10-09,26,26,0
6354,2019-10-09,22,22,0
6355,2019-10-09,21,25,4
6356,2019-10-09,30,17,-13
6357,2019-10-09,20,12,-8
6358,2019-10-09,29,24,-5
6359,2019-10-09,80,104,24
6360,2019-10-09,31,28,-3
6361,2019-10-09,28,34,6
6362,2019-10-09,33,36,3
6363,2019-10-09,18,17,-1
6364,2019-10-09,38,27,-11
6366,2019-10-09,20,18,-2
6367,2019-10-09,19,17,-2
6368,2019-10-09,53,49,-4
6369,2019-10-09,39,44,5
6370,2019-10-09,27,22,-5
6371,2019-10-09,59,59,0
6372,2019-10-09,56,65,9
6373,2019-10-09,35,36,1
6374,2019-10-09,35,32,-3
6375,2019-10-09,40,53,13
6376,2019-10-09,17,19,2
6377,2019-10-09,39,37,-2
6379,2019-10-09,22,28,6
6380,2019-10-09,25,15,-10
6381,2019-10-09,45,51,6
6383,2019-10-09,34,22,-12
6384,2019-10-09,19,8,-11
6385,2019-10-09,52,48,-4
6386,2019-10-09,25,39,14
6387,2019-10-09,66,76,10
6388,2019-10-09,8,12,4
6389,2019-10-09,45,30,-15
6391,2019-10-09,52,81,29
6393,2019-10-09,51,63,12
6394,2019-10-09,39,60,21
6395,2019-10-09,47,40,-7
6396,2019-10-09,84,64,-20
6397,2019-10-09,26,34,8
6398,2019-10-09,26,40,14
6401,2019-10-09,52,64,12
6402,2019-10-09,36,44,8
6403,2019-10-09,27,36,9
6404,2019-10-09,14,17,3
6405,2019-10-09,24,42,18
6406,2019-10-09,73,88,15
6407,2019-10-09,12,19,7
6408,2019-10-09,40,46,6
6409,2019-10-09,13,18,5
6410,2019-10-09,53,51,-2
6411,2019-10-09,117,112,-5
6412,2019-10-09,39,44,5
6413,2019-10-09,21,16,-5
6414,2019-10-09,9,20,11
6415,2019-10-09,18,21,3
6416,2019-10-09,12,5,-7
6417,2019-10-09,14,27,13
6418,2019-10-09,5,6,1
6419,2019-10-09,6,17,11
6420,2019-10-09,11,16,5
6421,2019-10-09,47,44,-3
6422,2019-10-09,12,10,-2
6423,2019-10-09,12,3,-9
6424,2019-10-09,39,72,33
6425,2019-10-09,26,22,-4
6426,2019-10-09,53,51,-2
6427,2019-10-09,50,52,2
6428,2019-10-09,12,12,0
6429,2019-10-09,27,33,6
6432,2019-10-09,57,63,6
6433,2019-10-09,27,26,-1
6434,2019-10-09,45,54,9
6435,2019-10-09,31,29,-2
6436,2019-10-09,13,9,-4
6501,2019-10-09,49,60,11
6502,2019-10-09,11,14,3
6503,2019-10-09,62,62,0
6504,2019-10-09,9,8,-1
6700,2019-10-09,15,36,21
6701,2019-10-09,65,56,-9
6702,2019-10-09,15,23,8
6703,2019-10-09,31,31,0
6704,2019-10-09,21,13,-8
6705,2019-10-09,14,14,0
6706,2019-10-09,13,20,7
6707,2019-10-09,19,20,1
6709,2019-10-09,21,23,2
6710,2019-10-09,11,12,1
6711,2019-10-09,27,25,-2
6712,2019-10-09,9,14,5
6713,2019-10-09,12,16,4
6714,2019-10-09,4,2,-2
6715,2019-10-09,9,12,3
6716,2019-10-09,11,12,1
6717,2019-10-09,6,11,5
6718,2019-10-09,22,18,-4
6719,2019-10-09,19,19,0
6720,2019-10-09,18,24,6
6721,2019-10-09,12,10,-2
6722,2019-10-09,11,11,0
6723,2019-10-09,19,14,-5
6724,2019-10-09,40,52,12
6725,2019-10-09,30,30,0
6726,2019-10-09,12,10,-2
6727,2019-10-09,75,75,0
6728,2019-10-09,12,16,4
6729,2019-10-09,108,123,15
6730,2019-10-09,11,9,-2
6731,2019-10-09,7,6,-1
6732,2019-10-09,31,27,-4
6733,2019-10-09,23,26,3
6734,2019-10-09,32,36,4
6736,2019-10-09,16,25,9
6737,2019-10-09,26,21,-5
6738,2019-10-09,51,73,22
6739,2019-10-09,6,6,0
6741,2019-10-09,10,16,6
6742,2019-10-09,31,40,9
6743,2019-10-09,20,14,-6
6744,2019-10-09,23,21,-2
6745,2019-10-09,18,16,-2
6746,2019-10-09,21,21,0
6747,2019-10-09,40,61,21
6748,2019-10-09,56,67,11
6749,2019-10-09,37,37,0
6750,2019-10-09,38,29,-9
6752,2019-10-09,23,32,9
6753,2019-10-09,21,17,-4
6754,2019-10-09,11,19,8
6901,2019-10-09,34,49,15
6902,2019-10-09,64,92,28
6903,2019-10-09,87,81,-6
6904,2019-10-09,32,35,3
6905,2019-10-09,31,27,-4
6906,2019-10-09,106,66,-40
6907,2019-10-09,72,40,-32
6908,2019-10-09,42,40,-2
6910,2019-10-09,99,96,-3
6912,2019-10-09,105,90,-15
6913,2019-10-09,41,33,-8
6915,2019-10-09,72,64,-8
6916,2019-10-09,22,20,-2
6917,2019-10-09,13,18,5
6918,2019-10-09,22,17,-5
6919,2019-10-09,28,24,-4
6921,2019-10-09,65,79,14
6923,2019-10-09,36,34,-2
6924,2019-10-09,19,18,-1
6925,2019-10-09,41,43,2
6926,2019-10-09,55,58,3
6927,2019-10-09,77,46,-31
6928,2019-10-09,70,36,-34
6929,2019-10-09,31,21,-10
6930,2019-10-09,25,29,4
7001,2019-10-09,34,37,3
7002,2019-10-09,11,14,3
7003,2019-10-09,107,96,-11
7004,2019-10-09,17,19,2
7005,2019-10-09,2,8,6
7006,2019-10-09,11,16,5
7007,2019-10-09,7,12,5
7008,2019-10-09,26,26,0
7009,2019-10-09,40,48,8
7010,2019-10-09,10,7,-3
7011,2019-10-09,55,60,5
7012,2019-10-09,40,46,6
7013,2019-10-09,13,13,0
7014,2019-10-09,77,36,-41
7015,2019-10-09,5,8,3
7016,2019-10-09,6,8,2
7017,2019-10-09,27,36,9
7018,2019-10-09,28,39,11
7019,2019-10-09,86,85,-1
7020,2019-10-09,18,25,7
7021,2019-10-09,34,33,-1
7022,2019-10-09,31,30,-1
7023,2019-10-09,4,7,3
7024,2019-10-09,68,43,-25
7025,2019-10-09,46,38,-8
7026,2019-10-09,64,63,-1
7027,2019-10-09,43,37,-6
7028,2019-10-09,91,76,-15
7029,2019-10-09,40,44,4
7030,2019-10-09,47,54,7
7031,2019-10-09,34,43,9
7032,2019-10-09,79,67,-12
7033,2019-10-09,77,74,-3
7034,2019-10-09,15,23,8
7035,2019-10-09,44,42,-2
7036,2019-10-09,55,45,-10
7037,2019-10-09,45,50,5
7038,2019-10-09,68,58,-10
7039,2019-10-09,24,21,-3
7040,2019-10-09,48,55,7
7041,2019-10-09,90,99,9
7042,2019-10-09,35,39,4
7043,2019-10-09,20,14,-6
7044,2019-10-09,15,13,-2
7045,2019-10-09,31,37,6
7046,2019-10-09,71,94,23
7047,2019-10-09,102,154,52
7048,2019-10-09,18,10,-8
7049,2019-10-09,7,13,6
7050,2019-10-09,26,27,1
7051,2019-10-09,8,15,7
7052,2019-10-09,38,52,14
7053,2019-10-09,30,30,0
7054,2019-10-09,27,31,4
7055,2019-10-09,10,19,9
7056,2019-10-09,16,18,2
7057,2019-10-09,28,24,-4
7058,2019-10-09,16,18,2
7059,2019-10-09,23,22,-1
7060,2019-10-09,20,28,8
7061,2019-10-09,11,11,0
7062,2019-10-09,44,51,7
7063,2019-10-09,23,14,-9
7064,2019-10-09,18,29,11
7065,2019-10-09,39,31,-8
7066,2019-10-09,50,109,59
7067,2019-10-09,66,68,2
7068,2019-10-09,62,66,4
7069,2019-10-09,76,97,21
7070,2019-10-09,31,33,2
7071,2019-10-09,43,24,-19
7072,2019-10-09,39,23,-16
7073,2019-10-09,42,45,3
7074,2019-10-09,33,33,0
7075,2019-10-09,4,10,6
7076,2019-10-09,57,29,-28
7077,2019-10-09,18,16,-2
7078,2019-10-09,11,14,3
7079,2019-10-09,41,40,-1
7080,2019-10-09,76,94,18
7081,2019-10-09,49,90,41
7082,2019-10-09,60,83,23
7083,2019-10-09,77,62,-15
7084,2019-10-09,80,80,0
7087,2019-10-09,1,2,1
7090,2019-10-09,13,14,1
7091,2019-10-09,3,2,-1
7092,2019-10-09,4,5,1
7093,2019-10-09,1,1,0
7094,2019-10-09,3,1,-2
7095,2019-10-09,8,11,3
7096,2019-10-09,20,21,1
7097,2019-10-09,8,7,-1
7098,2019-10-09,2,0,-2
7099,2019-10-09,4,1,-3
7100,2019-10-09,5,2,-3
7101,2019-10-09,2,2,0
7102,2019-10-09,11,22,11
7103,2019-10-09,7,4,-3
7105,2019-10-09,3,6,3
7106,2019-10-09,2,3,1
7107,2019-10-09,1,1,0
7108,2019-10-09,9,10,1
7109,2019-10-09,9,9,0
7111,2019-10-09,3,3,0
7112,2019-10-09,6,5,-1
7113,2019-10-09,64,61,-3
7114,2019-10-09,68,87,19
7115,2019-10-09,9,11,2
7116,2019-10-09,11,9,-2
7117,2019-10-09,1,1,0
7118,2019-10-09,2,6,4
7119,2019-10-09,5,5,0
7120,2019-10-09,1,2,1
7121,2019-10-09,4,5,1
7122,2019-10-09,4,5,1
7123,2019-10-09,1,2,1
7124,2019-10-09,16,18,2
7125,2019-10-09,11,9,-2
7126,2019-10-09,6,9,3
7127,2019-10-09,35,34,-1
7128,2019-10-09,14,16,2
7129,2019-10-09,8,8,0
7130,2019-10-09,10,11,1
7131,2019-10-09,6,6,0
7132,2019-10-09,1,1,0
7133,2019-10-09,3,6,3
7134,2019-10-09,4,1,-3
7135,2019-10-09,5,5,0
7136,2019-10-09,6,5,-1
7137,2019-10-09,1,2,1
7139,2019-10-09,5,8,3
7140,2019-10-09,18,17,-1
7141,2019-10-09,20,25,5
7142,2019-10-09,2,8,6
7143,2019-10-09,14,19,5
7144,2019-10-09,25,31,6
7145,2019-10-09,11,16,5
7146,2019-10-09,18,22,4
7147,2019-10-09,34,46,12
7148,2019-10-09,6,14,8
7149,2019-10-09,17,12,-5
7151,2019-10-09,2,0,-2
7153,2019-10-09,4,1,-3
10002,2019-10-09,103,113,10
4000,2019-10-10,52,71,19
4001,2019-10-10,8,9,1
4002,2019-10-10,13,22,9
5002,2019-10-10,1,1,0
5003,2019-10-10,3,2,-1
5004,2019-10-10,1,1,0
5005,2019-10-10,4,7,3
5006,2019-10-10,2,5,3
5007,2019-10-10,13,11,-2
6001,2019-10-10,49,78,29
6002,2019-10-10,36,45,9
6003,2019-10-10,42,72,30
6004,2019-10-10,24,42,18
6005,2019-10-10,75,71,-4
6006,2019-10-10,37,23,-14
6007,2019-10-10,42,41,-1
6008,2019-10-10,54,93,39
6009,2019-10-10,56,57,1
6011,2019-10-10,55,62,7
6012,2019-10-10,106,199,93
6013,2019-10-10,58,82,24
6014,2019-10-10,51,60,9
6015,2019-10-10,145,218,73
6016,2019-10-10,9,9,0
6017,2019-10-10,34,47,13
6018,2019-10-10,51,67,16
6019,2019-10-10,156,96,-60
6020,2019-10-10,84,133,49
6021,2019-10-10,100,64,-36
6022,2019-10-10,47,43,-4
6023,2019-10-10,63,78,15
6024,2019-10-10,1,2,1
6025,2019-10-10,24,28,4
6026,2019-10-10,69,92,23
6027,2019-10-10,133,123,-10
6029,2019-10-10,24,30,6
6031,2019-10-10,47,38,-9
6032,2019-10-10,49,124,75
6033,2019-10-10,26,25,-1
6035,2019-10-10,29,71,42
6036,2019-10-10,73,142,69
6037,2019-10-10,33,38,5
6038,2019-10-10,77,83,6
6039,2019-10-10,57,84,27
6040,2019-10-10,83,82,-1
6041,2019-10-10,50,68,18
6042,2019-10-10,97,98,1
6043,2019-10-10,138,330,192
6044,2019-10-10,72,64,-8
6046,2019-10-10,119,117,-2
6047,2019-10-10,88,71,-17
6048,2019-10-10,22,34,12
6049,2019-10-10,94,109,15
6050,2019-10-10,34,43,9
6051,2019-10-10,27,24,-3
6052,2019-10-10,148,197,49
6053,2019-10-10,139,163,24
6057,2019-10-10,73,72,-1
6058,2019-10-10,73,64,-9
6059,2019-10-10,79,38,-41
6060,2019-10-10,29,29,0
6061,2019-10-10,52,51,-1
6062,2019-10-10,66,46,-20
6063,2019-10-10,73,59,-14
6064,2019-10-10,153,142,-11
6065,2019-10-10,53,37,-16
6066,2019-10-10,31,7,-24
6067,2019-10-10,20,23,3
6068,2019-10-10,12,15,3
6070,2019-10-10,187,196,9
6072,2019-10-10,55,74,19
6073,2019-10-10,165,158,-7
6075,2019-10-10,42,16,-26
6076,2019-10-10,14,27,13
6078,2019-10-10,16,42,26
6079,2019-10-10,59,54,-5
6080,2019-10-10,116,108,-8
6081,2019-10-10,36,32,-4
6082,2019-10-10,14,14,0
6083,2019-10-10,94,129,35
6084,2019-10-10,49,71,22
6085,2019-10-10,74,152,78
6086,2019-10-10,56,89,33
6087,2019-10-10,85,127,42
6088,2019-10-10,65,63,-2
6089,2019-10-10,57,52,-5
6090,2019-10-10,75,77,2
6091,2019-10-10,46,34,-12
6092,2019-10-10,48,48,0
6093,2019-10-10,39,29,-10
6094,2019-10-10,27,29,2
6095,2019-10-10,84,83,-1
6096,2019-10-10,37,64,27
6097,2019-10-10,60,26,-34
6098,2019-10-10,33,29,-4
6099,2019-10-10,66,114,48
6100,2019-10-10,272,228,-44
6101,2019-10-10,57,14,-43
6102,2019-10-10,33,23,-10
6103,2019-10-10,17,23,6
6104,2019-10-10,77,88,11
6105,2019-10-10,48,67,19
6106,2019-10-10,21,25,4
6107,2019-10-10,70,55,-15
6108,2019-10-10,31,53,22
6109,2019-10-10,4,2,-2
6110,2019-10-10,21,29,8
6111,2019-10-10,38,43,5
6112,2019-10-10,67,77,10
6113,2019-10-10,34,41,7
6114,2019-10-10,97,152,55
6115,2019-10-10,13,28,15
6116,2019-10-10,43,68,25
6117,2019-10-10,79,70,-9
6118,2019-10-10,75,90,15
6119,2019-10-10,69,88,19
6120,2019-10-10,49,68,19
6121,2019-10-10,23,30,7
6122,2019-10-10,15,16,1
6123,2019-10-10,25,29,4
6124,2019-10-10,40,54,14
6125,2019-10-10,14,15,1
6126,2019-10-10,44,43,-1
6127,2019-10-10,11,9,-2
6128,2019-10-10,17,20,3
6129,2019-10-10,71,55,-16
6130,2019-10-10,29,26,-3
6131,2019-10-10,68,32,-36
6132,2019-10-10,56,66,10
6133,2019-10-10,28,25,-3
6134,2019-10-10,44,46,2
6136,2019-10-10,291,200,-91
6137,2019-10-10,73,76,3
6138,2019-10-10,61,58,-3
6139,2019-10-10,41,42,1
6140,2019-10-10,63,62,-1
6141,2019-10-10,66,53,-13
6142,2019-10-10,19,26,7
6143,2019-10-10,102,83,-19
6145,2019-10-10,47,37,-10
6146,2019-10-10,58,37,-21
6147,2019-10-10,78,55,-23
6148,2019-10-10,134,94,-40
6149,2019-10-10,47,48,1
6150,2019-10-10,62,66,4
6151,2019-10-10,71,64,-7
6152,2019-10-10,124,103,-21
6153,2019-10-10,62,51,-11
6154,2019-10-10,132,129,-3
6155,2019-10-10,106,106,0
6156,2019-10-10,70,62,-8
6157,2019-10-10,89,84,-5
6158,2019-10-10,60,73,13
6159,2019-10-10,33,39,6
6160,2019-10-10,66,53,-13
6161,2019-10-10,48,47,-1
6162,2019-10-10,9,10,1
6163,2019-10-10,106,98,-8
6164,2019-10-10,58,70,12
6165,2019-10-10,100,115,15
6166,2019-10-10,42,37,-5
6167,2019-10-10,28,41,13
6168,2019-10-10,80,58,-22
6169,2019-10-10,129,115,-14
6170,2019-10-10,68,56,-12
6171,2019-10-10,35,37,2
6173,2019-10-10,93,58,-35
6174,2019-10-10,109,85,-24
6175,2019-10-10,100,51,-49
6176,2019-10-10,71,69,-2
6177,2019-10-10,80,57,-23
6178,2019-10-10,104,82,-22
6179,2019-10-10,71,72,1
6180,2019-10-10,46,57,11
6181,2019-10-10,137,69,-68
6182,2019-10-10,37,35,-2
6183,2019-10-10,87,83,-4
6184,2019-10-10,227,205,-22
6185,2019-10-10,21,25,4
6186,2019-10-10,33,26,-7
6187,2019-10-10,82,76,-6
6188,2019-10-10,59,48,-11
6189,2019-10-10,15,18,3
6190,2019-10-10,115,85,-30
6191,2019-10-10,87,74,-13
6192,2019-10-10,27,15,-12
6193,2019-10-10,103,96,-7
6194,2019-10-10,94,78,-16
6195,2019-10-10,63,42,-21
6196,2019-10-10,104,90,-14
6197,2019-10-10,70,69,-1
6198,2019-10-10,27,15,-12
6199,2019-10-10,109,63,-46
6200,2019-10-10,94,84,-10
6201,2019-10-10,77,66,-11
6202,2019-10-10,106,111,5
6203,2019-10-10,56,55,-1
6204,2019-10-10,112,101,-11
6205,2019-10-10,94,85,-9
6206,2019-10-10,125,113,-12
6207,2019-10-10,45,44,-1
6208,2019-10-10,76,91,15
6209,2019-10-10,130,89,-41
6210,2019-10-10,43,40,-3
6211,2019-10-10,149,136,-13
6212,2019-10-10,76,40,-36
6213,2019-10-10,99,104,5
6214,2019-10-10,89,70,-19
6215,2019-10-10,69,58,-11
6216,2019-10-10,110,52,-58
6217,2019-10-10,94,51,-43
6218,2019-10-10,51,35,-16
6219,2019-10-10,53,50,-3
6220,2019-10-10,68,68,0
6221,2019-10-10,177,161,-16
6222,2019-10-10,70,49,-21
6223,2019-10-10,77,36,-41
6224,2019-10-10,62,52,-10
6225,2019-10-10,53,30,-23
6226,2019-10-10,20,19,-1
6227,2019-10-10,101,102,1
6228,2019-10-10,30,26,-4
6229,2019-10-10,71,67,-4
6230,2019-10-10,68,60,-8
6231,2019-10-10,95,76,-19
6232,2019-10-10,40,29,-11
6233,2019-10-10,103,75,-28
6234,2019-10-10,44,43,-1
6235,2019-10-10,69,61,-8
6236,2019-10-10,54,50,-4
6237,2019-10-10,55,56,1
6240,2019-10-10,18,17,-1
6241,2019-10-10,39,34,-5
6243,2019-10-10,56,55,-1
6245,2019-10-10,25,23,-2
6246,2019-10-10,67,50,-17
6247,2019-10-10,33,34,1
6248,2019-10-10,150,121,-29
6249,2019-10-10,58,41,-17
6250,2019-10-10,64,65,1
6251,2019-10-10,29,29,0
6252,2019-10-10,48,41,-7
6253,2019-10-10,56,46,-10
6254,2019-10-10,70,61,-9
6255,2019-10-10,58,60,2
6257,2019-10-10,51,36,-15
6258,2019-10-10,66,57,-9
6259,2019-10-10,23,22,-1
6260,2019-10-10,41,36,-5
6261,2019-10-10,36,46,10
6262,2019-10-10,55,57,2
6263,2019-10-10,22,27,5
6264,2019-10-10,28,28,0
6265,2019-10-10,65,51,-14
6266,2019-10-10,26,20,-6
6267,2019-10-10,41,39,-2
6268,2019-10-10,55,52,-3
6269,2019-10-10,30,35,5
6270,2019-10-10,43,33,-10
6272,2019-10-10,31,38,7
6273,2019-10-10,34,30,-4
6274,2019-10-10,44,37,-7
6275,2019-10-10,30,31,1
6276,2019-10-10,39,38,-1
6277,2019-10-10,64,64,0
6278,2019-10-10,25,19,-6
6279,2019-10-10,18,17,-1
6280,2019-10-10,73,73,0
6281,2019-10-10,33,25,-8
6301,2019-10-10,26,27,1
6302,2019-10-10,16,12,-4
6303,2019-10-10,11,8,-3
6304,2019-10-10,13,9,-4
6305,2019-10-10,20,11,-9
6306,2019-10-10,50,19,-31
6307,2019-10-10,57,61,4
6309,2019-10-10,23,12,-11
6310,2019-10-10,67,28,-39
6311,2019-10-10,45,38,-7
6312,2019-10-10,13,24,11
6313,2019-10-10,32,49,17
6314,2019-10-10,59,53,-6
6315,2019-10-10,77,30,-47
6316,2019-10-10,42,14,-28
6321,2019-10-10,51,45,-6
6322,2019-10-10,22,21,-1
6323,2019-10-10,17,11,-6
6324,2019-10-10,24,32,8
6327,2019-10-10,43,25,-18
6328,2019-10-10,22,18,-4
6329,2019-10-10,22,20,-2
6330,2019-10-10,29,29,0
6331,2019-10-10,20,15,-5
6332,2019-10-10,28,37,9
6333,2019-10-10,17,20,3
6334,2019-10-10,70,79,9
6335,2019-10-10,38,32,-6
6336,2019-10-10,20,24,4
6338,2019-10-10,24,33,9
6339,2019-10-10,22,22,0
6340,2019-10-10,30,30,0
6341,2019-10-10,38,43,5
6343,2019-10-10,30,32,2
6344,2019-10-10,40,33,-7
6345,2019-10-10,15,15,0
6346,2019-10-10,26,21,-5
6347,2019-10-10,40,38,-2
6349,2019-10-10,20,25,5
6350,2019-10-10,28,33,5
6354,2019-10-10,25,26,1
6355,2019-10-10,29,35,6
6356,2019-10-10,37,18,-19
6357,2019-10-10,24,16,-8
6358,2019-10-10,22,27,5
6359,2019-10-10,92,101,9
6360,2019-10-10,26,28,2
6361,2019-10-10,40,43,3
6362,2019-10-10,33,30,-3
6363,2019-10-10,19,15,-4
6364,2019-10-10,38,31,-7
6366,2019-10-10,30,22,-8
6367,2019-10-10,31,22,-9
6368,2019-10-10,43,45,2
6369,2019-10-10,37,49,12
6370,2019-10-10,26,20,-6
6371,2019-10-10,53,60,7
6372,2019-10-10,76,86,10
6373,2019-10-10,45,47,2
6374,2019-10-10,32,32,0
6375,2019-10-10,49,52,3
6376,2019-10-10,23,28,5
6377,2019-10-10,39,50,11
6379,2019-10-10,23,31,8
6380,2019-10-10,24,18,-6
6381,2019-10-10,52,45,-7
6383,2019-10-10,22,18,-4
6384,2019-10-10,22,15,-7
6385,2019-10-10,47,56,9
6386,2019-10-10,33,49,16
6387,2019-10-10,67,84,17
6388,2019-10-10,21,26,5
6389,2019-10-10,48,39,-9
6391,2019-10-10,51,72,21
6393,2019-10-10,46,62,16
6394,2019-10-10,40,49,9
6395,2019-10-10,57,63,6
6396,2019-10-10,88,66,-22
6397,2019-10-10,36,46,10
6398,2019-10-10,27,48,21
6401,2019-10-10,41,62,21
6402,2019-10-10,38,35,-3
6403,2019-10-10,21,24,3
6404,2019-10-10,12,27,15
6405,2019-10-10,31,54,23
6406,2019-10-10,55,59,4
6407,2019-10-10,13,34,21
6408,2019-10-10,52,55,3
6409,2019-10-10,14,20,6
6410,2019-10-10,42,45,3
6411,2019-10-10,120,105,-15
6412,2019-10-10,26,37,11
6413,2019-10-10,20,25,5
6414,2019-10-10,9,16,7
6415,2019-10-10,23,17,-6
6416,2019-10-10,19,10,-9
6417,2019-10-10,26,34,8
6418,2019-10-10,8,7,-1
6419,2019-10-10,12,16,4
6420,2019-10-10,21,18,-3
6421,2019-10-10,30,30,0
6422,2019-10-10,7,11,4
6423,2019-10-10,15,7,-8
6424,2019-10-10,47,88,41
6425,2019-10-10,30,35,5
6426,2019-10-10,59,64,5
6427,2019-10-10,48,58,10
6428,2019-10-10,15,18,3
6429,2019-10-10,31,31,0
6432,2019-10-10,70,65,-5
6433,2019-10-10,32,22,-10
6434,2019-10-10,57,52,-5
6435,2019-10-10,39,44,5
6436,2019-10-10,19,12,-7
6501,2019-10-10,59,71,12
6502,2019-10-10,11,15,4
6503,2019-10-10,59,52,-7
6504,2019-10-10,7,4,-3
6700,2019-10-10,20,38,18
6701,2019-10-10,51,51,0
6702,2019-10-10,13,18,5
6703,2019-10-10,28,34,6
6704,2019-10-10,23,17,-6
6705,2019-10-10,15,20,5
6706,2019-10-10,27,33,6
6707,2019-10-10,22,28,6
6709,2019-10-10,22,21,-1
6710,2019-10-10,11,14,3
6711,2019-10-10,23,29,6
6712,2019-10-10,7,6,-1
6713,2019-10-10,12,19,7
6714,2019-10-10,2,3,1
6715,2019-10-10,9,12,3
6716,2019-10-10,12,10,-2
6717,2019-10-10,5,11,6
6718,2019-10-10,15,22,7
6719,2019-10-10,25,24,-1
6720,2019-10-10,26,35,9
6721,2019-10-10,12,10,-2
6722,2019-10-10,8,12,4
6723,2019-10-10,10,13,3
6724,2019-10-10,32,51,19
6725,2019-10-10,26,21,-5
6726,2019-10-10,11,12,1
6727,2019-10-10,71,71,0
6728,2019-10-10,14,12,-2
6729,2019-10-10,105,108,3
6730,2019-10-10,9,11,2
6731,2019-10-10,10,8,-2
6732,2019-10-10,29,40,11
6733,2019-10-10,38,35,-3
6734,2019-10-10,43,42,-1
6736,2019-10-10,14,15,1
6737,2019-10-10,23,24,1
6738,2019-10-10,66,74,8
6739,2019-10-10,9,8,-1
6741,2019-10-10,12,15,3
6742,2019-10-10,30,37,7
6743,2019-10-10,19,7,-12
6744,2019-10-10,13,14,1
6745,2019-10-10,11,10,-1
6746,2019-10-10,17,15,-2
6747,2019-10-10,40,48,8
6748,2019-10-10,52,68,16
6749,2019-10-10,35,30,-5
6750,2019-10-10,42,49,7
6752,2019-10-10,31,31,0
6753,2019-10-10,27,24,-3
6754,2019-10-10,12,16,4
6901,2019-10-10,39,57,18
6902,2019-10-10,71,93,22
6903,2019-10-10,85,85,0
6904,2019-10-10,43,35,-8
6905,2019-10-10,40,36,-4
6906,2019-10-10,96,75,-21
6907,2019-10-10,85,56,-29
6908,2019-10-10,63,51,-12
6910,2019-10-10,95,82,-13
6912,2019-10-10,123,92,-31
6913,2019-10-10,48,31,-17
6915,2019-10-10,74,74,0
6916,2019-10-10,36,29,-7
6917,2019-10-10,19,22,3
6918,2019-10-10,26,18,-8
6919,2019-10-10,23,20,-3
6921,2019-10-10,61,62,1
6923,2019-10-10,48,52,4
6924,2019-10-10,16,15,-1
6925,2019-10-10,41,38,-3
6926,2019-10-10,62,74,12
6927,2019-10-10,74,32,-42
6928,2019-10-10,63,34,-29
6929,2019-10-10,25,20,-5
6930,2019-10-10,21,21,0
7001,2019-10-10,32,30,-2
7002,2019-10-10,15,13,-2
7003,2019-10-10,88,71,-17
7004,2019-10-10,21,17,-4
7005,2019-10-10,3,5,2
7006,2019-10-10,14,16,2
7007,2019-10-10,6,14,8
7008,2019-10-10,27,25,-2
7009,2019-10-10,35,51,16
7010,2019-10-10,15,9,-6
7011,2019-10-10,58,63,5
7012,2019-10-10,32,31,-1
7013,2019-10-10,20,21,1
7014,2019-10-10,72,44,-28
7015,2019-10-10,8,11,3
7016,2019-10-10,5,3,-2
7017,2019-10-10,18,28,10
7018,2019-10-10,24,36,12
7019,2019-10-10,83,88,5
7020,2019-10-10,22,30,8
7021,2019-10-10,43,44,1
7022,2019-10-10,25,16,-9
7023,2019-10-10,4,2,-2
7024,2019-10-10,57,37,-20
7025,2019-10-10,53,40,-13
7026,2019-10-10,61,56,-5
7027,2019-10-10,46,49,3
7028,2019-10-10,116,89,-27
7029,2019-10-10,44,48,4
7030,2019-10-10,43,44,1
7031,2019-10-10,45,40,-5
7032,2019-10-10,95,63,-32
7033,2019-10-10,62,62,0
7034,2019-10-10,18,34,16
7035,2019-10-10,41,38,-3
7036,2019-10-10,32,39,7
7037,2019-10-10,49,40,-9
7038,2019-10-10,64,72,8
7039,2019-10-10,31,30,-1
7040,2019-10-10,70,76,6
7041,2019-10-10,79,83,4
7042,2019-10-10,40,38,-2
7043,2019-10-10,30,21,-9
7044,2019-10-10,16,14,-2
7045,2019-10-10,42,40,-2
7046,2019-10-10,88,100,12
7047,2019-10-10,101,157,56
7048,2019-10-10,17,22,5
7049,2019-10-10,13,19,6
7050,2019-10-10,24,23,-1
7051,2019-10-10,5,10,5
7052,2019-10-10,49,61,12
7053,2019-10-10,31,42,11
7054,2019-10-10,36,35,-1
7055,2019-10-10,20,25,5
7056,2019-10-10,15,16,1
7057,2019-10-10,21,22,1
7058,2019-10-10,16,28,12
7059,2019-10-10,26,25,-1
7060,2019-10-10,23,29,6
7061,2019-10-10,15,21,6
7062,2019-10-10,60,49,-11
7063,2019-10-10,16,15,-1
7064,2019-10-10,28,33,5
7065,2019-10-10,39,36,-3
7066,2019-10-10,52,117,65
7067,2019-10-10,53,60,7
7068,2019-10-10,57,82,25
7069,2019-10-10,84,109,25
7070,2019-10-10,39,32,-7
7071,2019-10-10,45,23,-22
7072,2019-10-10,31,30,-1
7073,2019-10-10,51,53,2
7074,2019-10-10,22,25,3
7075,2019-10-10,6,10,4
7076,2019-10-10,68,45,-23
7077,2019-10-10,21,26,5
7078,2019-10-10,14,18,4
7079,2019-10-10,43,43,0
7080,2019-10-10,82,94,12
7081,2019-10-10,55,94,39
7082,2019-10-10,54,68,14
7083,2019-10-10,55,51,-4
7084,2019-10-10,93,93,0
7086,2019-10-10,2,2,0
7087,2019-10-10,1,1,0
7090,2019-10-10,11,12,1
7091,2019-10-10,8,12,4
7092,2019-10-10,6,4,-2
7093,2019-10-10,1,1,0
7094,2019-10-10,2,0,-2
7095,2019-10-10,9,14,5
7096,2019-10-10,23,20,-3
7097,2019-10-10,4,4,0
7099,2019-10-10,1,5,4
7100,2019-10-10,2,4,2
7101,2019-10-10,6,3,-3
7102,2019-10-10,12,29,17
7103,2019-10-10,5,2,-3
7104,2019-10-10,2,9,7
7105,2019-10-10,10,10,0
7107,2019-10-10,5,2,-3
7108,2019-10-10,5,3,-2
7109,2019-10-10,12,10,-2
7110,2019-10-10,5,4,-1
7111,2019-10-10,3,1,-2
7112,2019-10-10,7,4,-3
7113,2019-10-10,75,66,-9
7114,2019-10-10,72,85,13
7115,2019-10-10,7,4,-3
7116,2019-10-10,6,2,-4
7118,2019-10-10,2,2,0
7119,2019-10-10,2,4,2
7120,2019-10-10,1,1,0
7122,2019-10-10,4,3,-1
7123,2019-10-10,1,2,1
7124,2019-10-10,21,18,-3
7125,2019-10-10,9,5,-4
7126,2019-10-10,4,3,-1
7127,2019-10-10,36,41,5
7128,2019-10-10,16,17,1
7129,2019-10-10,11,16,5
7130,2019-10-10,14,11,-3
7131,2019-10-10,5,5,0
7132,2019-10-10,1,1,0
7133,2019-10-10,5,11,6
7134,2019-10-10,1,1,0
7135,2019-10-10,4,5,1
7136,2019-10-10,8,8,0
7137,2019-10-10,7,4,-3
7138,2019-10-10,1,3,2
7139,2019-10-10,17,13,-4
7140,2019-10-10,17,17,0
7141,2019-10-10,24,28,4
7142,2019-10-10,3,8,5
7143,2019-10-10,16,18,2
7144,2019-10-10,21,23,2
7145,2019-10-10,14,14,0
7146,2019-10-10,18,21,3
7147,2019-10-10,36,32,-4
7148,2019-10-10,5,6,1
7149,2019-10-10,14,16,2
7150,2019-10-10,2,4,2
7151,2019-10-10,3,2,-1
7152,2019-10-10,1,1,0
7153,2019-10-10,2,2,0
10002,2019-10-10,112,96,-16
4000,2019-10-11,44,65,21
4001,2019-10-11,4,8,4
4002,2019-10-11,11,17,6
5002,2019-10-11,2,1,-1
5003,2019-10-11,3,2,-1
5004,2019-10-11,5,6,1
5005,2019-10-11,5,4,-1
5006,2019-10-11,6,6,0
5007,2019-10-11,18,19,1
6001,2019-10-11,47,83,36
6002,2019-10-11,30,39,9
6003,2019-10-11,38,65,27
6004,2019-10-11,30,54,24
6005,2019-10-11,79,65,-14
6006,2019-10-11,29,23,-6
6007,2019-10-11,30,31,1
6008,2019-10-11,39,71,32
6009,2019-10-11,70,81,11
6011,2019-10-11,61,67,6
6012,2019-10-11,106,198,92
6013,2019-10-11,52,93,41
6014,2019-10-11,56,72,16
6015,2019-10-11,136,243,107
6016,2019-10-11,10,15,5
6017,2019-10-11,36,45,9
6018,2019-10-11,47,65,18
6019,2019-10-11,119,95,-24
6020,2019-10-11,76,113,37
6021,2019-10-11,100,63,-37
6022,2019-10-11,43,46,3
6023,2019-10-11,76,86,10
6025,2019-10-11,34,35,1
6026,2019-10-11,77,100,23
6027,2019-10-11,122,119,-3
6029,2019-10-11,23,28,5
6031,2019-10-11,36,41,5
6032,2019-10-11,38,123,85
6033,2019-10-11,13,15,2
6035,2019-10-11,32,65,33
6036,2019-10-11,118,146,28
6037,2019-10-11,57,57,0
6038,2019-10-11,66,73,7
6039,2019-10-11,52,75,23
6040,2019-10-11,56,78,22
6041,2019-10-11,73,69,-4
6042,2019-10-11,66,72,6
6043,2019-10-11,141,252,111
6044,2019-10-11,88,82,-6
6046,2019-10-11,96,100,4
6047,2019-10-11,65,73,8
6048,2019-10-11,31,34,3
6049,2019-10-11,84,107,23
6050,2019-10-11,43,46,3
6051,2019-10-11,28,26,-2
6052,2019-10-11,150,228,78
6053,2019-10-11,128,150,22
6057,2019-10-11,69,70,1
6058,2019-10-11,63,64,1
6059,2019-10-11,43,45,2
6060,2019-10-11,24,27,3
6061,2019-10-11,44,50,6
6062,2019-10-11,53,36,-17
6063,2019-10-11,66,58,-8
6064,2019-10-11,141,118,-23
6065,2019-10-11,48,34,-14
6066,2019-10-11,12,13,1
6067,2019-10-11,23,18,-5
6068,2019-10-11,10,12,2
6070,2019-10-11,137,179,42
6072,2019-10-11,70,67,-3
6073,2019-10-11,125,146,21
6075,2019-10-11,37,20,-17
6076,2019-10-11,21,24,3
6079,2019-10-11,82,61,-21
6080,2019-10-11,94,98,4
6081,2019-10-11,29,19,-10
6082,2019-10-11,20,15,-5
6083,2019-10-11,102,143,41
6084,2019-10-11,62,79,17
6085,2019-10-11,57,113,56
6086,2019-10-11,49,79,30
6087,2019-10-11,85,101,16
6088,2019-10-11,17,13,-4
6089,2019-10-11,37,40,3
6090,2019-10-11,64,62,-2
6091,2019-10-11,43,26,-17
6092,2019-10-11,54,55,1
6093,2019-10-11,37,22,-15
6094,2019-10-11,34,31,-3
6095,2019-10-11,84,65,-19
6096,2019-10-11,38,66,28
6097,2019-10-11,56,35,-21
6098,2019-10-11,39,18,-21
6099,2019-10-11,85,102,17
6100,2019-10-11,225,222,-3
6101,2019-10-11,46,25,-21
6102,2019-10-11,35,19,-16
6103,2019-10-11,18,13,-5
6104,2019-10-11,51,73,22
6105,2019-10-11,45,54,9
6106,2019-10-11,16,30,14
6107,2019-10-11,89,58,-31
6108,2019-10-11,30,39,9
6109,2019-10-11,7,11,4
6110,2019-10-11,27,29,2
6111,2019-10-11,36,41,5
6112,2019-10-11,85,89,4
6113,2019-10-11,38,49,11
6114,2019-10-11,108,145,37
6115,2019-10-11,15,27,12
6116,2019-10-11,64,72,8
6117,2019-10-11,60,63,3
6118,2019-10-11,63,68,5
6119,2019-10-11,66,65,-1
6120,2019-10-11,46,90,44
6121,2019-10-11,14,21,7
6122,2019-10-11,14,23,9
6123,2019-10-11,25,25,0
6124,2019-10-11,40,56,16
6125,2019-10-11,18,15,-3
6126,2019-10-11,49,46,-3
6127,2019-10-11,11,11,0
6128,2019-10-11,12,20,8
6129,2019-10-11,70,62,-8
6130,2019-10-11,23,12,-11
6131,2019-10-11,73,39,-34
6132,2019-10-11,40,58,18
6133,2019-10-11,24,22,-2
6134,2019-10-11,37,29,-8
6136,2019-10-11,266,221,-45
6137,2019-10-11,87,73,-14
6138,2019-10-11,57,48,-9
6139,2019-10-11,48,40,-8
6140,2019-10-11,81,81,0
6141,2019-10-11,58,41,-17
6142,2019-10-11,65,40,-25
6143,2019-10-11,81,78,-3
6145,2019-10-11,60,55,-5
6146,2019-10-11,56,41,-15
6147,2019-10-11,73,41,-32
6148,2019-10-11,126,82,-44
6149,2019-10-11,42,26,-16
6150,2019-10-11,58,51,-7
6151,2019-10-11,74,72,-2
6152,2019-10-11,108,112,4
6153,2019-10-11,39,52,13
6154,2019-10-11,158,160,2
6155,2019-10-11,117,128,11
6156,2019-10-11,71,64,-7
6157,2019-10-11,86,87,1
6158,2019-10-11,69,67,-2
6159,2019-10-11,29,30,1
6160,2019-10-11,53,47,-6
6161,2019-10-11,37,40,3
6162,2019-10-11,5,6,1
6163,2019-10-11,114,118,4
6164,2019-10-11,64,63,-1
6165,2019-10-11,123,141,18
6166,2019-10-11,56,48,-8
6167,2019-10-11,34,28,-6
6168,2019-10-11,78,55,-23
6169,2019-10-11,139,135,-4
6170,2019-10-11,64,57,-7
6171,2019-10-11,44,35,-9
6173,2019-10-11,99,59,-40
6174,2019-10-11,106,74,-32
6175,2019-10-11,84,48,-36
6176,2019-10-11,78,75,-3
6177,2019-10-11,64,54,-10
6178,2019-10-11,100,92,-8
6179,2019-10-11,70,79,9
6180,2019-10-11,46,49,3
6181,2019-10-11,116,76,-40
6182,2019-10-11,54,46,-8
6183,2019-10-11,75,76,1
6184,2019-10-11,225,227,2
6185,2019-10-11,15,16,1
6186,2019-10-11,37,30,-7
6187,2019-10-11,86,89,3
6188,2019-10-11,34,24,-10
6189,2019-10-11,21,17,-4
6190,2019-10-11,106,83,-23
6191,2019-10-11,80,82,2
6192,2019-10-11,38,32,-6
6193,2019-10-11,79,75,-4
6194,2019-10-11,87,81,-6
6195,2019-10-11,80,45,-35
6196,2019-10-11,102,66,-36
6197,2019-10-11,60,51,-9
6198,2019-10-11,26,20,-6
6199,2019-10-11,107,85,-22
6200,2019-10-11,89,85,-4
6201,2019-10-11,73,63,-10
6202,2019-10-11,110,90,-20
6203,2019-10-11,62,55,-7
6204,2019-10-11,103,106,3
6205,2019-10-11,87,63,-24
6206,2019-10-11,145,125,-20
6207,2019-10-11,37,28,-9
6208,2019-10-11,72,60,-12
6209,2019-10-11,129,99,-30
6210,2019-10-11,45,51,6
6211,2019-10-11,145,147,2
6212,2019-10-11,74,45,-29
6213,2019-10-11,110,102,-8
6214,2019-10-11,67,64,-3
6215,2019-10-11,57,61,4
6216,2019-10-11,113,64,-49
6217,2019-10-11,114,89,-25
6218,2019-10-11,61,43,-18
6219,2019-10-11,51,48,-3
6220,2019-10-11,86,61,-25
6221,2019-10-11,159,130,-29
6222,2019-10-11,64,43,-21
6223,2019-10-11,108,65,-43
6224,2019-10-11,71,59,-12
6225,2019-10-11,66,57,-9
6226,2019-10-11,20,18,-2
6227,2019-10-11,116,117,1
6228,2019-10-11,22,21,-1
6229,2019-10-11,54,46,-8
6230,2019-10-11,86,62,-24
6231,2019-10-11,101,94,-7
6232,2019-10-11,41,31,-10
6233,2019-10-11,103,92,-11
6234,2019-10-11,36,35,-1
6235,2019-10-11,66,64,-2
6236,2019-10-11,61,67,6
6237,2019-10-11,58,47,-11
6240,2019-10-11,19,19,0
6241,2019-10-11,40,34,-6
6243,2019-10-11,54,53,-1
6245,2019-10-11,36,31,-5
6246,2019-10-11,71,58,-13
6247,2019-10-11,33,33,0
6248,2019-10-11,142,133,-9
6249,2019-10-11,57,41,-16
6250,2019-10-11,81,80,-1
6251,2019-10-11,19,20,1
6252,2019-10-11,51,41,-10
6253,2019-10-11,52,49,-3
6254,2019-10-11,75,58,-17
6255,2019-10-11,84,72,-12
6257,2019-10-11,57,36,-21
6258,2019-10-11,68,50,-18
6259,2019-10-11,30,36,6
6260,2019-10-11,32,32,0
6261,2019-10-11,51,44,-7
6262,2019-10-11,58,47,-11
6263,2019-10-11,24,25,1
6264,2019-10-11,31,24,-7
6265,2019-10-11,50,55,5
6266,2019-10-11,25,31,6
6267,2019-10-11,45,49,4
6268,2019-10-11,44,47,3
6269,2019-10-11,24,29,5
6270,2019-10-11,34,27,-7
6272,2019-10-11,30,21,-9
6273,2019-10-11,33,35,2
6274,2019-10-11,33,33,0
6275,2019-10-11,25,15,-10
6276,2019-10-11,49,35,-14
6277,2019-10-11,61,55,-6
6278,2019-10-11,29,26,-3
6279,2019-10-11,24,23,-1
6280,2019-10-11,97,96,-1
6281,2019-10-11,22,19,-3
6301,2019-10-11,22,18,-4
6302,2019-10-11,18,12,-6
6303,2019-10-11,20,10,-10
6304,2019-10-11,9,5,-4
6305,2019-10-11,13,6,-7
6306,2019-10-11,59,28,-31
6307,2019-10-11,75,71,-4
6309,2019-10-11,20,18,-2
6310,2019-10-11,54,23,-31
6311,2019-10-11,48,37,-11
6312,2019-10-11,12,25,13
6313,2019-10-11,38,51,13
6314,2019-10-11,61,55,-6
6315,2019-10-11,79,47,-32
6316,2019-10-11,36,10,-26
6321,2019-10-11,48,36,-12
6322,2019-10-11,29,18,-11
6323,2019-10-11,13,16,3
6324,2019-10-11,22,20,-2
6327,2019-10-11,29,25,-4
6328,2019-10-11,25,23,-2
6329,2019-10-11,22,19,-3
6330,2019-10-11,15,15,0
6331,2019-10-11,20,15,-5
6332,2019-10-11,25,33,8
6333,2019-10-11,18,22,4
6334,2019-10-11,69,71,2
6335,2019-10-11,30,31,1
6336,2019-10-11,24,21,-3
6338,2019-10-11,17,14,-3
6339,2019-10-11,31,27,-4
6340,2019-10-11,31,21,-10
6341,2019-10-11,28,29,1
6343,2019-10-11,34,38,4
6344,2019-10-11,49,31,-18
6345,2019-10-11,16,14,-2
6346,2019-10-11,22,23,1
6347,2019-10-11,28,30,2
6349,2019-10-11,30,17,-13
6350,2019-10-11,23,32,9
6354,2019-10-11,47,37,-10
6355,2019-10-11,27,29,2
6356,2019-10-11,35,21,-14
6357,2019-10-11,22,16,-6
6358,2019-10-11,29,21,-8
6359,2019-10-11,51,81,30
6360,2019-10-11,31,25,-6
6361,2019-10-11,48,49,1
6362,2019-10-11,42,40,-2
6363,2019-10-11,23,14,-9
6364,2019-10-11,32,28,-4
6366,2019-10-11,29,21,-8
6367,2019-10-11,29,15,-14
6368,2019-10-11,53,61,8
6369,2019-10-11,35,50,15
6370,2019-10-11,31,28,-3
6371,2019-10-11,61,61,0
6372,2019-10-11,63,72,9
6373,2019-10-11,44,28,-16
6374,2019-10-11,42,33,-9
6375,2019-10-11,49,53,4
6376,2019-10-11,26,23,-3
6377,2019-10-11,29,32,3
6379,2019-10-11,38,36,-2
6380,2019-10-11,18,21,3
6381,2019-10-11,30,39,9
6383,2019-10-11,33,23,-10
6384,2019-10-11,19,14,-5
6385,2019-10-11,37,47,10
6386,2019-10-11,38,54,16
6387,2019-10-11,66,72,6
6388,2019-10-11,9,18,9
6389,2019-10-11,41,27,-14
6391,2019-10-11,48,72,24
6393,2019-10-11,60,64,4
6394,2019-10-11,38,49,11
6395,2019-10-11,50,58,8
6396,2019-10-11,96,69,-27
6397,2019-10-11,40,49,9
6398,2019-10-11,30,50,20
6401,2019-10-11,44,57,13
6402,2019-10-11,44,47,3
6403,2019-10-11,14,28,14
6404,2019-10-11,13,17,4
6405,2019-10-11,29,37,8
6406,2019-10-11,86,108,22
6407,2019-10-11,14,23,9
6408,2019-10-11,46,50,4
6409,2019-10-11,22,22,0
6410,2019-10-11,50,52,2
6411,2019-10-11,130,120,-10
6412,2019-10-11,18,27,9
6413,2019-10-11,30,27,-3
6414,2019-10-11,15,23,8
6415,2019-10-11,17,12,-5
6416,2019-10-11,29,11,-18
6417,2019-10-11,16,20,4
6418,2019-10-11,6,6,0
6419,2019-10-11,10,11,1
6420,2019-10-11,23,15,-8
6421,2019-10-11,36,39,3
6422,2019-10-11,9,9,0
6423,2019-10-11,10,10,0
6424,2019-10-11,47,85,38
6425,2019-10-11,31,36,5
6426,2019-10-11,59,64,5
6427,2019-10-11,44,62,18
6428,2019-10-11,15,18,3
6429,2019-10-11,22,28,6
6432,2019-10-11,74,74,0
6433,2019-10-11,29,29,0
6434,2019-10-11,55,55,0
6435,2019-10-11,31,35,4
6436,2019-10-11,17,9,-8
6501,2019-10-11,45,52,7
6502,2019-10-11,14,14,0
6503,2019-10-11,44,35,-9
6504,2019-10-11,7,7,0
6700,2019-10-11,14,36,22
6701,2019-10-11,55,41,-14
6702,2019-10-11,19,18,-1
6703,2019-10-11,45,41,-4
6704,2019-10-11,28,18,-10
6705,2019-10-11,13,21,8
6706,2019-10-11,24,19,-5
6707,2019-10-11,21,17,-4
6709,2019-10-11,28,28,0
6710,2019-10-11,15,10,-5
6711,2019-10-11,13,12,-1
6712,2019-10-11,10,15,5
6713,2019-10-11,11,16,5
6714,2019-10-11,3,4,1
6715,2019-10-11,16,8,-8
6716,2019-10-11,7,9,2
6717,2019-10-11,5,11,6
6718,2019-10-11,24,18,-6
6719,2019-10-11,22,22,0
6720,2019-10-11,25,25,0
6721,2019-10-11,9,9,0
6722,2019-10-11,8,10,2
6723,2019-10-11,12,16,4
6724,2019-10-11,36,51,15
6725,2019-10-11,20,25,5
6726,2019-10-11,7,6,-1
6727,2019-10-11,67,77,10
6728,2019-10-11,15,15,0
6729,2019-10-11,111,129,18
6730,2019-10-11,8,4,-4
6731,2019-10-11,9,8,-1
6732,2019-10-11,30,34,4
6733,2019-10-11,32,24,-8
6734,2019-10-11,43,44,1
6736,2019-10-11,14,14,0
6737,2019-10-11,22,17,-5
6738,2019-10-11,68,70,2
6739,2019-10-11,7,7,0
6741,2019-10-11,9,16,7
6742,2019-10-11,40,51,11
6743,2019-10-11,20,17,-3
6744,2019-10-11,12,14,2
6745,2019-10-11,19,19,0
6746,2019-10-11,19,25,6
6747,2019-10-11,43,51,8
6748,2019-10-11,50,69,19
6749,2019-10-11,27,27,0
6750,2019-10-11,53,43,-10
6752,2019-10-11,38,38,0
6753,2019-10-11,18,21,3
6754,2019-10-11,16,22,6
6901,2019-10-11,34,55,21
6902,2019-10-11,71,82,11
6903,2019-10-11,72,69,-3
6904,2019-10-11,51,46,-5
6905,2019-10-11,35,29,-6
6906,2019-10-11,88,66,-22
6907,2019-10-11,104,67,-37
6908,2019-10-11,53,42,-11
6910,2019-10-11,114,103,-11
6912,2019-10-11,144,108,-36
6913,2019-10-11,46,42,-4
6915,2019-10-11,76,64,-12
6916,2019-10-11,32,24,-8
6917,2019-10-11,19,16,-3
6918,2019-10-11,24,24,0
6919,2019-10-11,26,21,-5
6921,2019-10-11,58,65,7
6923,2019-10-11,38,42,4
6924,2019-10-11,12,14,2
6925,2019-10-11,33,41,8
6926,2019-10-11,69,66,-3
6927,2019-10-11,64,35,-29
6928,2019-10-11,45,23,-22
6929,2019-10-11,33,19,-14
6930,2019-10-11,14,17,3
7001,2019-10-11,34,29,-5
7002,2019-10-11,10,18,8
7003,2019-10-11,87,63,-24
7004,2019-10-11,23,28,5
7005,2019-10-11,3,6,3
7006,2019-10-11,11,14,3
7007,2019-10-11,4,7,3
7008,2019-10-11,14,20,6
7009,2019-10-11,36,58,22
7010,2019-10-11,8,13,5
7011,2019-10-11,59,67,8
7012,2019-10-11,32,31,-1
7013,2019-10-11,24,20,-4
7014,2019-10-11,79,43,-36
7015,2019-10-11,21,21,0
7016,2019-10-11,9,9,0
7017,2019-10-11,24,28,4
7018,2019-10-11,32,34,2
7019,2019-10-11,81,78,-3
7020,2019-10-11,10,20,10
7021,2019-10-11,41,34,-7
7022,2019-10-11,32,29,-3
7023,2019-10-11,5,0,-5
7024,2019-10-11,54,50,-4
7025,2019-10-11,35,17,-18
7026,2019-10-11,62,63,1
7027,2019-10-11,39,34,-5
7028,2019-10-11,93,75,-18
7029,2019-10-11,59,53,-6
7030,2019-10-11,48,51,3
7031,2019-10-11,33,31,-2
7032,2019-10-11,104,72,-32
7033,2019-10-11,43,45,2
7034,2019-10-11,39,52,13
7035,2019-10-11,35,37,2
7036,2019-10-11,52,44,-8
7037,2019-10-11,47,42,-5
7038,2019-10-11,71,72,1
7039,2019-10-11,29,22,-7
7040,2019-10-11,73,79,6
7041,2019-10-11,97,94,-3
7042,2019-10-11,31,34,3
7043,2019-10-11,17,17,0
7044,2019-10-11,10,9,-1
7045,2019-10-11,45,54,9
7046,2019-10-11,74,89,15
7047,2019-10-11,105,142,37
7048,2019-10-11,21,20,-1
7049,2019-10-11,12,33,21
7050,2019-10-11,29,25,-4
7051,2019-10-11,7,5,-2
7052,2019-10-11,40,49,9
7053,2019-10-11,42,28,-14
7054,2019-10-11,36,37,1
7055,2019-10-11,10,28,18
7056,2019-10-11,13,17,4
7057,2019-10-11,18,27,9
7058,2019-10-11,15,30,15
7059,2019-10-11,22,17,-5
7060,2019-10-11,26,27,1
7061,2019-10-11,34,23,-11
7062,2019-10-11,38,52,14
7063,2019-10-11,16,17,1
7064,2019-10-11,24,25,1
7065,2019-10-11,32,25,-7
7066,2019-10-11,57,115,58
7067,2019-10-11,60,64,4
7068,2019-10-11,63,66,3
7069,2019-10-11,67,88,21
7070,2019-10-11,38,39,1
7071,2019-10-11,38,21,-17
7072,2019-10-11,33,29,-4
7073,2019-10-11,41,47,6
7074,2019-10-11,30,26,-4
7075,2019-10-11,12,7,-5
7076,2019-10-11,46,38,-8
7077,2019-10-11,14,17,3
7078,2019-10-11,22,21,-1
7079,2019-10-11,25,35,10
7080,2019-10-11,63,64,1
7081,2019-10-11,61,105,44
7082,2019-10-11,49,82,33
7083,2019-10-11,49,53,4
7084,2019-10-11,67,77,10
7087,2019-10-11,5,4,-1
7088,2019-10-11,1,0,-1
7090,2019-10-11,6,8,2
7091,2019-10-11,4,4,0
7092,2019-10-11,4,6,2
7093,2019-10-11,2,2,0
7095,2019-10-11,10,10,0
7096,2019-10-11,26,27,1
7097,2019-10-11,7,10,3
7098,2019-10-11,1,3,2
7099,2019-10-11,3,3,0
7100,2019-10-11,4,5,1
7101,2019-10-11,4,4,0
7102,2019-10-11,12,25,13
7103,2019-10-11,6,7,1
7105,2019-10-11,7,10,3
7106,2019-10-11,1,2,1
7107,2019-10-11,2,2,0
7108,2019-10-11,8,7,-1
7109,2019-10-11,6,7,1
7110,2019-10-11,3,2,-1
7111,2019-10-11,6,2,-4
7112,2019-10-11,5,8,3
7113,2019-10-11,65,52,-13
7114,2019-10-11,75,86,11
7115,2019-10-11,12,6,-6
7116,2019-10-11,6,6,0
7117,2019-10-11,2,4,2
7118,2019-10-11,2,1,-1
7119,2019-10-11,2,3,1
7120,2019-10-11,1,2,1
7121,2019-10-11,8,5,-3
7122,2019-10-11,3,6,3
7123,2019-10-11,1,1,0
7124,2019-10-11,15,13,-2
7125,2019-10-11,16,16,0
7126,2019-10-11,7,1,-6
7127,2019-10-11,32,41,9
7128,2019-10-11,10,11,1
7129,2019-10-11,12,11,-1
7130,2019-10-11,12,14,2
7131,2019-10-11,5,8,3
7133,2019-10-11,3,3,0
7134,2019-10-11,2,3,1
7135,2019-10-11,4,2,-2
7136,2019-10-11,8,5,-3
7137,2019-10-11,4,6,2
7138,2019-10-11,4,2,-2
7139,2019-10-11,19,21,2
7140,2019-10-11,19,13,-6
7141,2019-10-11,25,27,2
7142,2019-10-11,9,9,0
7143,2019-10-11,13,19,6
7144,2019-10-11,25,41,16
7145,2019-10-11,6,10,4
7146,2019-10-11,18,23,5
7147,2019-10-11,32,32,0
7148,2019-10-11,3,7,4
7149,2019-10-11,15,16,1
7150,2019-10-11,4,5,1
7151,2019-10-11,2,1,-1
7153,2019-10-11,4,2,-2
10002,2019-10-11,103,107,4
4000,2019-10-12,30,36,6
4001,2019-10-12,2,4,2
4002,2019-10-12,8,5,-3
5002,2019-10-12,1,0,-1
5003,2019-10-12,1,1,0
5005,2019-10-12,2,2,0
5006,2019-10-12,4,6,2
5007,2019-10-12,5,15,10
6001,2019-10-12,14,28,14
6002,2019-10-12,24,45,21
6003,2019-10-12,49,42,-7
6004,2019-10-12,24,23,-1
6005,2019-10-12,16,23,7
6006,2019-10-12,20,14,-6
6007,2019-10-12,16,14,-2
6008,2019-10-12,15,14,-1
6009,2019-10-12,50,54,4
6011,2019-10-12,24,36,12
6012,2019-10-12,74,110,36
6013,2019-10-12,27,41,14
6014,2019-10-12,32,28,-4
6015,2019-10-12,90,151,61
6016,2019-10-12,4,7,3
6017,2019-10-12,32,33,1
6018,2019-10-12,29,42,13
6019,2019-10-12,87,48,-39
6020,2019-10-12,44,74,30
6021,2019-10-12,66,35,-31
6022,2019-10-12,13,25,12
6023,2019-10-12,78,143,65
6024,2019-10-12,2,1,-1
6025,2019-10-12,16,17,1
6026,2019-10-12,81,142,61
6027,2019-10-12,22,35,13
6029,2019-10-12,14,16,2
6031,2019-10-12,15,15,0
6032,2019-10-12,33,78,45
6033,2019-10-12,12,5,-7
6035,2019-10-12,16,24,8
6036,2019-10-12,118,165,47
6037,2019-10-12,31,41,10
6038,2019-10-12,41,43,2
6039,2019-10-12,22,26,4
6040,2019-10-12,53,63,10
6041,2019-10-12,13,22,9
6042,2019-10-12,6,19,13
6043,2019-10-12,22,40,18
6044,2019-10-12,55,39,-16
6046,2019-10-12,23,22,-1
6047,2019-10-12,27,15,-12
6048,2019-10-12,11,12,1
6049,2019-10-12,17,22,5
6050,2019-10-12,17,15,-2
6051,2019-10-12,13,10,-3
6052,2019-10-12,109,144,35
6053,2019-10-12,51,90,39
6057,2019-10-12,24,22,-2
6058,2019-10-12,25,29,4
6059,2019-10-12,25,11,-14
6060,2019-10-12,9,12,3
6061,2019-10-12,36,38,2
6062,2019-10-12,30,33,3
6063,2019-10-12,44,42,-2
6064,2019-10-12,70,87,17
6065,2019-10-12,35,40,5
6066,2019-10-12,30,20,-10
6067,2019-10-12,14,22,8
6068,2019-10-12,3,6,3
6070,2019-10-12,56,57,1
6072,2019-10-12,16,27,11
6073,2019-10-12,72,92,20
6075,2019-10-12,27,11,-16
6076,2019-10-12,7,11,4
6079,2019-10-12,28,34,6
6080,2019-10-12,55,57,2
6081,2019-10-12,19,19,0
6082,2019-10-12,17,8,-9
6083,2019-10-12,47,42,-5
6084,2019-10-12,18,22,4
6085,2019-10-12,31,53,22
6086,2019-10-12,45,61,16
6087,2019-10-12,38,74,36
6089,2019-10-12,12,16,4
6090,2019-10-12,24,30,6
6091,2019-10-12,32,21,-11
6092,2019-10-12,25,28,3
6093,2019-10-12,20,14,-6
6094,2019-10-12,21,14,-7
6095,2019-10-12,48,55,7
6096,2019-10-12,19,30,11
6097,2019-10-12,59,18,-41
6098,2019-10-12,15,18,3
6099,2019-10-12,54,66,12
6100,2019-10-12,97,98,1
6101,2019-10-12,35,10,-25
6102,2019-10-12,15,14,-1
6103,2019-10-12,20,19,-1
6104,2019-10-12,35,34,-1
6105,2019-10-12,23,29,6
6106,2019-10-12,18,21,3
6107,2019-10-12,50,52,2
6108,2019-10-12,39,48,9
6109,2019-10-12,27,20,-7
6110,2019-10-12,17,22,5
6111,2019-10-12,26,33,7
6112,2019-10-12,40,61,21
6113,2019-10-12,25,27,2
6114,2019-10-12,61,99,38
6115,2019-10-12,3,11,8
6116,2019-10-12,50,42,-8
6117,2019-10-12,38,46,8
6118,2019-10-12,29,45,16
6119,2019-10-12,53,56,3
6120,2019-10-12,40,48,8
6121,2019-10-12,17,23,6
6122,2019-10-12,12,5,-7
6123,2019-10-12,25,20,-5
6124,2019-10-12,22,34,12
6125,2019-10-12,14,10,-4
6126,2019-10-12,15,26,11
6127,2019-10-12,12,9,-3
6128,2019-10-12,8,12,4
6129,2019-10-12,38,43,5
6130,2019-10-12,21,15,-6
6131,2019-10-12,53,34,-19
6132,2019-10-12,29,38,9
6133,2019-10-12,21,17,-4
6134,2019-10-12,25,13,-12
6136,2019-10-12,174,106,-68
6137,2019-10-12,59,66,7
6138,2019-10-12,53,48,-5
6139,2019-10-12,30,24,-6
6140,2019-10-12,62,50,-12
6141,2019-10-12,38,34,-4
6142,2019-10-12,75,61,-14
6143,2019-10-12,60,66,6
6145,2019-10-12,44,33,-11
6146,2019-10-12,43,36,-7
6147,2019-10-12,44,36,-8
6148,2019-10-12,70,36,-34
6149,2019-10-12,22,22,0
6150,2019-10-12,35,39,4
6151,2019-10-12,52,56,4
6152,2019-10-12,81,79,-2
6153,2019-10-12,41,28,-13
6154,2019-10-12,139,131,-8
6155,2019-10-12,89,69,-20
6156,2019-10-12,49,44,-5
6157,2019-10-12,77,75,-2
6158,2019-10-12,32,32,0
6159,2019-10-12,15,10,-5
6160,2019-10-12,29,35,6
6161,2019-10-12,34,35,1
6162,2019-10-12,4,8,4
6163,2019-10-12,73,76,3
6164,2019-10-12,68,67,-1
6165,2019-10-12,81,106,25
6166,2019-10-12,22,23,1
6167,2019-10-12,20,24,4
6168,2019-10-12,32,25,-7
6169,2019-10-12,124,105,-19
6170,2019-10-12,45,44,-1
6171,2019-10-12,23,40,17
6173,2019-10-12,72,59,-13
6174,2019-10-12,71,49,-22
6175,2019-10-12,41,28,-13
6176,2019-10-12,80,74,-6
6177,2019-10-12,39,36,-3
6178,2019-10-12,96,78,-18
6179,2019-10-12,62,55,-7
6180,2019-10-12,25,36,11
6181,2019-10-12,76,63,-13
6182,2019-10-12,41,34,-7
6183,2019-10-12,63,55,-8
6184,2019-10-12,196,162,-34
6185,2019-10-12,24,17,-7
6186,2019-10-12,25,21,-4
6187,2019-10-12,76,80,4
6188,2019-10-12,32,33,1
6189,2019-10-12,12,15,3
6190,2019-10-12,62,52,-10
6191,2019-10-12,61,49,-12
6192,2019-10-12,25,12,-13
6193,2019-10-12,81,70,-11
6194,2019-10-12,67,55,-12
6195,2019-10-12,61,40,-21
6196,2019-10-12,84,74,-10
6197,2019-10-12,37,45,8
6198,2019-10-12,13,11,-2
6199,2019-10-12,57,44,-13
6200,2019-10-12,65,59,-6
6201,2019-10-12,57,40,-17
6202,2019-10-12,58,53,-5
6203,2019-10-12,22,12,-10
6204,2019-10-12,70,60,-10
6205,2019-10-12,62,62,0
6206,2019-10-12,70,75,5
6207,2019-10-12,27,19,-8
6208,2019-10-12,39,41,2
6209,2019-10-12,69,59,-10
6210,2019-10-12,16,19,3
6211,2019-10-12,93,90,-3
6212,2019-10-12,65,53,-12
6213,2019-10-12,110,110,0
6214,2019-10-12,56,45,-11
6215,2019-10-12,37,49,12
6216,2019-10-12,114,87,-27
6217,2019-10-12,70,50,-20
6218,2019-10-12,41,21,-20
6219,2019-10-12,36,22,-14
6220,2019-10-12,72,68,-4
6221,2019-10-12,139,118,-21
6222,2019-10-12,61,48,-13
6223,2019-10-12,80,56,-24
6224,2019-10-12,53,41,-12
6225,2019-10-12,54,36,-18
6226,2019-10-12,10,10,0
6227,2019-10-12,104,82,-22
6228,2019-10-12,9,9,0
6229,2019-10-12,59,45,-14
6230,2019-10-12,67,59,-8
6231,2019-10-12,103,82,-21
6232,2019-10-12,18,19,1
6233,2019-10-12,84,81,-3
6234,2019-10-12,46,44,-2
6235,2019-10-12,33,13,-20
6236,2019-10-12,40,32,-8
6237,2019-10-12,49,48,-1
6240,2019-10-12,17,19,2
6241,2019-10-12,30,26,-4
6243,2019-10-12,44,34,-10
6245,2019-10-12,34,26,-8
6246,2019-10-12,40,34,-6
6247,2019-10-12,30,24,-6
6248,2019-10-12,92,76,-16
6249,2019-10-12,50,42,-8
6250,2019-10-12,92,74,-18
6251,2019-10-12,16,10,-6
6252,2019-10-12,43,36,-7
6253,2019-10-12,39,31,-8
6254,2019-10-12,49,45,-4
6255,2019-10-12,71,64,-7
6257,2019-10-12,17,20,3
6258,2019-10-12,83,59,-24
6259,2019-10-12,21,14,-7
6260,2019-10-12,36,13,-23
6261,2019-10-12,32,29,-3
6262,2019-10-12,30,29,-1
6263,2019-10-12,15,17,2
6264,2019-10-12,19,18,-1
6265,2019-10-12,35,29,-6
6266,2019-10-12,11,20,9
6267,2019-10-12,35,24,-11
6268,2019-10-12,43,41,-2
6269,2019-10-12,19,31,12
6270,2019-10-12,20,26,6
6271,2019-10-12,1,1,0
6272,2019-10-12,23,13,-10
6273,2019-10-12,15,19,4
6274,2019-10-12,22,27,5
6275,2019-10-12,22,16,-6
6276,2019-10-12,33,22,-11
6277,2019-10-12,40,48,8
6278,2019-10-12,21,16,-5
6279,2019-10-12,13,17,4
6280,2019-10-12,69,64,-5
6281,2019-10-12,15,13,-2
6301,2019-10-12,20,17,-3
6302,2019-10-12,8,10,2
6303,2019-10-12,14,12,-2
6304,2019-10-12,5,5,0
6305,2019-10-12,18,8,-10
6306,2019-10-12,25,12,-13
6307,2019-10-12,63,63,0
6309,2019-10-12,13,23,10
6310,2019-10-12,18,12,-6
6311,2019-10-12,33,29,-4
6312,2019-10-12,11,21,10
6313,2019-10-12,25,19,-6
6314,2019-10-12,28,35,7
6315,2019-10-12,46,19,-27
6316,2019-10-12,16,12,-4
6321,2019-10-12,46,39,-7
6322,2019-10-12,19,16,-3
6323,2019-10-12,9,4,-5
6324,2019-10-12,20,20,0
6327,2019-10-12,27,23,-4
6328,2019-10-12,25,31,6
6329,2019-10-12,17,15,-2
6330,2019-10-12,10,18,8
6331,2019-10-12,10,8,-2
6332,2019-10-12,19,24,5
6333,2019-10-12,10,3,-7
6334,2019-10-12,42,55,13
6335,2019-10-12,17,14,-3
6336,2019-10-12,25,21,-4
6338,2019-10-12,18,18,0
6339,2019-10-12,11,11,0
6340,2019-10-12,15,26,11
6341,2019-10-12,19,21,2
6343,2019-10-12,19,12,-7
6344,2019-10-12,26,34,8
6345,2019-10-12,10,11,1
6346,2019-10-12,4,10,6
6347,2019-10-12,12,10,-2
6349,2019-10-12,25,19,-6
6350,2019-10-12,15,8,-7
6354,2019-10-12,14,10,-4
6355,2019-10-12,18,27,9
6356,2019-10-12,22,18,-4
6357,2019-10-12,12,13,1
6358,2019-10-12,14,16,2
6359,2019-10-12,31,59,28
6360,2019-10-12,20,15,-5
6361,2019-10-12,33,31,-2
6362,2019-10-12,29,25,-4
6363,2019-10-12,11,9,-2
6364,2019-10-12,17,17,0
6366,2019-10-12,20,17,-3
6367,2019-10-12,15,19,4
6368,2019-10-12,58,51,-7
6369,2019-10-12,16,12,-4
6370,2019-10-12,26,17,-9
6371,2019-10-12,57,38,-19
6372,2019-10-12,67,86,19
6373,2019-10-12,24,22,-2
6374,2019-10-12,36,29,-7
6375,2019-10-12,36,31,-5
6376,2019-10-12,14,16,2
6377,2019-10-12,25,23,-2
6379,2019-10-12,12,11,-1
6380,2019-10-12,24,18,-6
6381,2019-10-12,37,28,-9
6383,2019-10-12,12,12,0
6384,2019-10-12,15,12,-3
6385,2019-10-12,40,35,-5
6386,2019-10-12,20,41,21
6387,2019-10-12,49,52,3
6388,2019-10-12,17,13,-4
6389,2019-10-12,32,30,-2
6391,2019-10-12,34,51,17
6393,2019-10-12,33,36,3
6394,2019-10-12,30,40,10
6395,2019-10-12,27,30,3
6396,2019-10-12,43,47,4
6397,2019-10-12,35,42,7
6398,2019-10-12,19,22,3
6401,2019-10-12,40,50,10
6402,2019-10-12,28,27,-1
6403,2019-10-12,19,14,-5
6404,2019-10-12,6,9,3
6405,2019-10-12,24,38,14
6406,2019-10-12,130,149,19
6407,2019-10-12,4,13,9
6408,2019-10-12,25,25,0
6409,2019-10-12,2,4,2
6410,2019-10-12,18,23,5
6411,2019-10-12,91,72,-19
6412,2019-10-12,14,18,4
6413,2019-10-12,12,11,-1
6414,2019-10-12,12,8,-4
6415,2019-10-12,8,8,0
6416,2019-10-12,14,8,-6
6417,2019-10-12,14,18,4
6418,2019-10-12,1,1,0
6419,2019-10-12,5,6,1
6420,2019-10-12,19,17,-2
6421,2019-10-12,26,23,-3
6422,2019-10-12,8,13,5
6423,2019-10-12,6,5,-1
6424,2019-10-12,11,33,22
6425,2019-10-12,11,19,8
6426,2019-10-12,25,37,12
6427,2019-10-12,40,32,-8
6428,2019-10-12,18,19,1
6429,2019-10-12,19,19,0
6432,2019-10-12,33,28,-5
6433,2019-10-12,9,9,0
6434,2019-10-12,32,28,-4
6435,2019-10-12,25,21,-4
6436,2019-10-12,9,16,7
6501,2019-10-12,87,118,31
6502,2019-10-12,6,17,11
6503,2019-10-12,28,33,5
6504,2019-10-12,21,34,13
6700,2019-10-12,14,14,0
6701,2019-10-12,28,26,-2
6702,2019-10-12,13,15,2
6703,2019-10-12,45,40,-5
6704,2019-10-12,14,11,-3
6705,2019-10-12,6,8,2
6706,2019-10-12,6,8,2
6707,2019-10-12,12,13,1
6709,2019-10-12,14,17,3
6710,2019-10-12,9,7,-2
6711,2019-10-12,11,6,-5
6712,2019-10-12,15,20,5
6713,2019-10-12,8,7,-1
6714,2019-10-12,11,12,1
6715,2019-10-12,9,11,2
6716,2019-10-12,6,6,0
6717,2019-10-12,2,5,3
6718,2019-10-12,7,8,1
6719,2019-10-12,12,12,0
6720,2019-10-12,14,18,4
6721,2019-10-12,7,7,0
6722,2019-10-12,11,11,0
6723,2019-10-12,13,13,0
6724,2019-10-12,44,35,-9
6725,2019-10-12,11,13,2
6726,2019-10-12,11,7,-4
6727,2019-10-12,32,32,0
6728,2019-10-12,17,14,-3
6729,2019-10-12,99,98,-1
6730,2019-10-12,6,8,2
6731,2019-10-12,11,8,-3
6732,2019-10-12,13,12,-1
6733,2019-10-12,24,25,1
6734,2019-10-12,32,25,-7
6736,2019-10-12,7,15,8
6737,2019-10-12,8,11,3
6738,2019-10-12,17,16,-1
6739,2019-10-12,2,3,1
6741,2019-10-12,12,23,11
6742,2019-10-12,18,24,6
6743,2019-10-12,18,14,-4
6744,2019-10-12,14,12,-2
6745,2019-10-12,20,16,-4
6746,2019-10-12,11,3,-8
6747,2019-10-12,12,14,2
6748,2019-10-12,34,47,13
6749,2019-10-12,23,23,0
6750,2019-10-12,32,27,-5
6752,2019-10-12,7,10,3
6753,2019-10-12,7,4,-3
6754,2019-10-12,13,12,-1
6901,2019-10-12,37,47,10
6902,2019-10-12,53,76,23
6903,2019-10-12,45,48,3
6904,2019-10-12,19,23,4
6905,2019-10-12,21,24,3
6906,2019-10-12,61,54,-7
6907,2019-10-12,64,44,-20
6908,2019-10-12,50,46,-4
6910,2019-10-12,66,78,12
6912,2019-10-12,69,53,-16
6913,2019-10-12,15,22,7
6915,2019-10-12,70,66,-4
6916,2019-10-12,16,17,1
6917,2019-10-12,10,11,1
6918,2019-10-12,13,19,6
6919,2019-10-12,15,11,-4
6921,2019-10-12,17,27,10
6923,2019-10-12,25,25,0
6924,2019-10-12,16,8,-8
6925,2019-10-12,18,17,-1
6926,2019-10-12,50,42,-8
6927,2019-10-12,19,17,-2
6928,2019-10-12,18,9,-9
6929,2019-10-12,14,17,3
6930,2019-10-12,12,15,3
7001,2019-10-12,20,16,-4
7002,2019-10-12,8,6,-2
7003,2019-10-12,62,47,-15
7004,2019-10-12,7,8,1
7005,2019-10-12,8,9,1
7006,2019-10-12,13,15,2
7007,2019-10-12,4,9,5
7008,2019-10-12,20,15,-5
7009,2019-10-12,30,34,4
7010,2019-10-12,6,9,3
7011,2019-10-12,32,50,18
7012,2019-10-12,7,15,8
7013,2019-10-12,9,8,-1
7014,2019-10-12,39,21,-18
7015,2019-10-12,24,21,-3
7016,2019-10-12,7,7,0
7017,2019-10-12,16,12,-4
7018,2019-10-12,19,17,-2
7019,2019-10-12,17,11,-6
7020,2019-10-12,11,18,7
7021,2019-10-12,27,23,-4
7022,2019-10-12,25,17,-8
7023,2019-10-12,3,4,1
7024,2019-10-12,42,21,-21
7025,2019-10-12,24,21,-3
7026,2019-10-12,46,30,-16
7027,2019-10-12,26,28,2
7028,2019-10-12,30,41,11
7029,2019-10-12,42,41,-1
7030,2019-10-12,29,27,-2
7031,2019-10-12,34,24,-10
7032,2019-10-12,68,51,-17
7033,2019-10-12,33,39,6
7034,2019-10-12,22,63,41
7035,2019-10-12,23,21,-2
7036,2019-10-12,37,38,1
7037,2019-10-12,25,19,-6
7038,2019-10-12,41,41,0
7039,2019-10-12,21,13,-8
7040,2019-10-12,33,31,-2
7041,2019-10-12,46,54,8
7042,2019-10-12,17,23,6
7043,2019-10-12,17,17,0
7044,2019-10-12,5,8,3
7045,2019-10-12,68,71,3
7046,2019-10-12,23,36,13
7047,2019-10-12,70,108,38
7048,2019-10-12,8,13,5
7049,2019-10-12,8,18,10
7050,2019-10-12,21,17,-4
7051,2019-10-12,10,6,-4
7052,2019-10-12,21,17,-4
7053,2019-10-12,27,28,1
7054,2019-10-12,11,22,11
7055,2019-10-12,11,12,1
7056,2019-10-12,10,6,-4
7057,2019-10-12,21,24,3
7058,2019-10-12,16,17,1
7059,2019-10-12,17,19,2
7060,2019-10-12,21,14,-7
7061,2019-10-12,18,23,5
7062,2019-10-12,20,13,-7
7063,2019-10-12,7,16,9
7064,2019-10-12,10,10,0
7065,2019-10-12,19,12,-7
7066,2019-10-12,33,59,26
7067,2019-10-12,31,31,0
7068,2019-10-12,45,56,11
7069,2019-10-12,33,51,18
7070,2019-10-12,30,26,-4
7071,2019-10-12,30,22,-8
7072,2019-10-12,25,25,0
7073,2019-10-12,38,44,6
7074,2019-10-12,15,16,1
7075,2019-10-12,4,1,-3
7076,2019-10-12,51,31,-20
7077,2019-10-12,15,8,-7
7078,2019-10-12,12,15,3
7079,2019-10-12,6,15,9
7080,2019-10-12,28,22,-6
7081,2019-10-12,48,57,9
7082,2019-10-12,40,49,9
7083,2019-10-12,29,35,6
7084,2019-10-12,64,61,-3
7087,2019-10-12,1,0,-1
7090,2019-10-12,7,4,-3
7091,2019-10-12,3,5,2
7092,2019-10-12,1,1,0
7093,2019-10-12,2,3,1
7094,2019-10-12,1,1,0
7095,2019-10-12,3,8,5
7096,2019-10-12,11,13,2
7097,2019-10-12,2,4,2
7099,2019-10-12,2,5,3
7100,2019-10-12,1,4,3
7102,2019-10-12,14,11,-3
7103,2019-10-12,12,13,1
7104,2019-10-12,6,5,-1
7105,2019-10-12,9,9,0
7106,2019-10-12,1,1,0
7107,2019-10-12,4,1,-3
7108,2019-10-12,8,8,0
7109,2019-10-12,4,4,0
7110,2019-10-12,9,9,0
7111,2019-10-12,1,4,3
7112,2019-10-12,9,16,7
7113,2019-10-12,31,32,1
7114,2019-10-12,45,41,-4
7115,2019-10-12,3,3,0
7116,2019-10-12,3,7,4
7117,2019-10-12,5,1,-4
7119,2019-10-12,2,8,6
7122,2019-10-12,5,4,-1
7124,2019-10-12,7,12,5
7125,2019-10-12,16,24,8
7126,2019-10-12,3,2,-1
7127,2019-10-12,18,11,-7
7128,2019-10-12,6,6,0
7129,2019-10-12,2,2,0
7130,2019-10-12,3,4,1
7131,2019-10-12,1,2,1
7132,2019-10-12,1,0,-1
7133,2019-10-12,7,6,-1
7135,2019-10-12,1,2,1
7136,2019-10-12,2,1,-1
7137,2019-10-12,5,7,2
7138,2019-10-12,1,1,0
7139,2019-10-12,31,29,-2
7140,2019-10-12,10,16,6
7141,2019-10-12,19,19,0
7142,2019-10-12,8,13,5
7143,2019-10-12,12,13,1
7144,2019-10-12,24,33,9
7145,2019-10-12,6,9,3
7146,2019-10-12,12,11,-1
7147,2019-10-12,13,11,-2
7148,2019-10-12,14,12,-2
7149,2019-10-12,11,13,2
7151,2019-10-12,2,2,0
7152,2019-10-12,5,5,0
7153,2019-10-12,2,2,0
10002,2019-10-12,38,52,14
4000,2019-10-13,31,29,-2
4001,2019-10-13,3,4,1
4002,2019-10-13,3,6,3
5002,2019-10-13,1,1,0
5003,2019-10-13,4,4,0
5004,2019-10-13,2,0,-2
5005,2019-10-13,1,3,2
5006,2019-10-13,2,4,2
5007,2019-10-13,10,9,-1
6001,2019-10-13,26,28,2
6002,2019-10-13,20,32,12
6003,2019-10-13,32,40,8
6004,2019-10-13,14,9,-5
6005,2019-10-13,21,11,-10
6006,2019-10-13,13,13,0
6007,2019-10-13,16,14,-2
6008,2019-10-13,18,19,1
6009,2019-10-13,51,50,-1
6011,2019-10-13,26,39,13
6012,2019-10-13,69,101,32
6013,2019-10-13,33,41,8
6014,2019-10-13,26,33,7
6015,2019-10-13,86,138,52
6016,2019-10-13,10,8,-2
6017,2019-10-13,28,35,7
6018,2019-10-13,40,47,7
6019,2019-10-13,63,47,-16
6020,2019-10-13,32,52,20
6021,2019-10-13,69,43,-26
6022,2019-10-13,20,27,7
6023,2019-10-13,84,111,27
6024,2019-10-13,3,1,-2
6025,2019-10-13,14,18,4
6026,2019-10-13,113,208,95
6027,2019-10-13,19,41,22
6029,2019-10-13,8,8,0
6031,2019-10-13,21,21,0
6032,2019-10-13,38,76,38
6033,2019-10-13,7,5,-2
6035,2019-10-13,10,24,14
6036,2019-10-13,138,164,26
6037,2019-10-13,28,37,9
6038,2019-10-13,23,29,6
6039,2019-10-13,30,19,-11
6040,2019-10-13,37,30,-7
6041,2019-10-13,30,32,2
6042,2019-10-13,12,19,7
6043,2019-10-13,23,50,27
6044,2019-10-13,62,60,-2
6046,2019-10-13,24,21,-3
6047,2019-10-13,30,14,-16
6048,2019-10-13,13,20,7
6049,2019-10-13,5,9,4
6050,2019-10-13,16,14,-2
6051,2019-10-13,22,23,1
6052,2019-10-13,125,155,30
6053,2019-10-13,63,89,26
6057,2019-10-13,13,15,2
6058,2019-10-13,23,21,-2
6059,2019-10-13,14,10,-4
6060,2019-10-13,7,2,-5
6061,2019-10-13,40,35,-5
6062,2019-10-13,38,40,2
6063,2019-10-13,44,43,-1
6064,2019-10-13,46,53,7
6065,2019-10-13,38,35,-3
6066,2019-10-13,33,13,-20
6067,2019-10-13,9,8,-1
6068,2019-10-13,9,10,1
6070,2019-10-13,77,74,-3
6072,2019-10-13,21,32,11
6073,2019-10-13,56,80,24
6075,2019-10-13,25,17,-8
6076,2019-10-13,12,19,7
6079,2019-10-13,19,22,3
6080,2019-10-13,63,45,-18
6081,2019-10-13,10,15,5
6082,2019-10-13,13,10,-3
6083,2019-10-13,35,42,7
6084,2019-10-13,16,17,1
6085,2019-10-13,31,53,22
6086,2019-10-13,55,58,3
6087,2019-10-13,41,69,28
6089,2019-10-13,17,13,-4
6090,2019-10-13,29,22,-7
6091,2019-10-13,27,17,-10
6092,2019-10-13,30,18,-12
6093,2019-10-13,18,15,-3
6094,2019-10-13,17,15,-2
6095,2019-10-13,55,57,2
6096,2019-10-13,10,30,20
6097,2019-10-13,43,28,-15
6098,2019-10-13,27,10,-17
6099,2019-10-13,50,85,35
6100,2019-10-13,111,109,-2
6101,2019-10-13,38,13,-25
6102,2019-10-13,18,16,-2
6103,2019-10-13,12,16,4
6104,2019-10-13,41,57,16
6105,2019-10-13,15,28,13
6106,2019-10-13,13,21,8
6107,2019-10-13,54,39,-15
6108,2019-10-13,34,28,-6
6109,2019-10-13,28,29,1
6110,2019-10-13,25,23,-2
6111,2019-10-13,21,21,0
6112,2019-10-13,45,61,16
6113,2019-10-13,23,25,2
6114,2019-10-13,84,122,38
6115,2019-10-13,13,15,2
6116,2019-10-13,35,38,3
6117,2019-10-13,33,39,6
6118,2019-10-13,44,60,16
6119,2019-10-13,52,60,8
6120,2019-10-13,46,65,19
6121,2019-10-13,22,28,6
6122,2019-10-13,6,10,4
6123,2019-10-13,21,27,6
6124,2019-10-13,16,30,14
6125,2019-10-13,7,7,0
6126,2019-10-13,26,25,-1
6127,2019-10-13,6,8,2
6128,2019-10-13,18,17,-1
6129,2019-10-13,43,41,-2
6130,2019-10-13,27,23,-4
6131,2019-10-13,52,32,-20
6132,2019-10-13,19,25,6
6133,2019-10-13,20,12,-8
6134,2019-10-13,48,40,-8
6136,2019-10-13,147,115,-32
6137,2019-10-13,67,61,-6
6138,2019-10-13,53,40,-13
6139,2019-10-13,19,22,3
6140,2019-10-13,68,68,0
6141,2019-10-13,33,24,-9
6142,2019-10-13,55,43,-12
6143,2019-10-13,67,71,4
6145,2019-10-13,32,27,-5
6146,2019-10-13,61,46,-15
6147,2019-10-13,50,28,-22
6148,2019-10-13,66,43,-23
6149,2019-10-13,12,11,-1
6150,2019-10-13,46,47,1
6151,2019-10-13,47,45,-2
6152,2019-10-13,84,78,-6
6153,2019-10-13,40,28,-12
6154,2019-10-13,109,114,5
6155,2019-10-13,84,86,2
6156,2019-10-13,43,39,-4
6157,2019-10-13,90,83,-7
6158,2019-10-13,48,46,-2
6159,2019-10-13,10,15,5
6160,2019-10-13,27,27,0
6161,2019-10-13,33,24,-9
6162,2019-10-13,8,7,-1
6163,2019-10-13,88,76,-12
6164,2019-10-13,58,66,8
6165,2019-10-13,80,95,15
6166,2019-10-13,46,31,-15
6167,2019-10-13,18,15,-3
6168,2019-10-13,41,29,-12
6169,2019-10-13,123,102,-21
6170,2019-10-13,36,32,-4
6171,2019-10-13,32,27,-5
6173,2019-10-13,59,38,-21
6174,2019-10-13,66,59,-7
6175,2019-10-13,55,32,-23
6176,2019-10-13,80,83,3
6177,2019-10-13,41,31,-10
6178,2019-10-13,81,80,-1
6179,2019-10-13,40,47,7
6180,2019-10-13,27,41,14
6181,2019-10-13,64,60,-4
6182,2019-10-13,39,37,-2
6183,2019-10-13,58,60,2
6184,2019-10-13,146,136,-10
6185,2019-10-13,21,13,-8
6186,2019-10-13,19,24,5
6187,2019-10-13,64,66,2
6188,2019-10-13,33,37,4
6189,2019-10-13,21,17,-4
6190,2019-10-13,64,41,-23
6191,2019-10-13,54,50,-4
6192,2019-10-13,32,22,-10
6193,2019-10-13,96,91,-5
6194,2019-10-13,72,68,-4
6195,2019-10-13,44,36,-8
6196,2019-10-13,78,58,-20
6197,2019-10-13,24,31,7
6198,2019-10-13,14,9,-5
6199,2019-10-13,53,46,-7
6200,2019-10-13,49,49,0
6201,2019-10-13,50,41,-9
6202,2019-10-13,85,70,-15
6203,2019-10-13,19,15,-4
6204,2019-10-13,51,46,-5
6205,2019-10-13,59,64,5
6206,2019-10-13,70,73,3
6207,2019-10-13,30,23,-7
6208,2019-10-13,46,51,5
6209,2019-10-13,78,69,-9
6210,2019-10-13,20,14,-6
6211,2019-10-13,101,79,-22
6212,2019-10-13,77,68,-9
6213,2019-10-13,74,79,5
6214,2019-10-13,59,41,-18
6215,2019-10-13,67,58,-9
6216,2019-10-13,235,170,-65
6217,2019-10-13,74,58,-16
6218,2019-10-13,35,28,-7
6219,2019-10-13,29,28,-1
6220,2019-10-13,60,56,-4
6221,2019-10-13,145,137,-8
6222,2019-10-13,43,51,8
6223,2019-10-13,84,76,-8
6224,2019-10-13,69,65,-4
6225,2019-10-13,48,44,-4
6226,2019-10-13,10,8,-2
6227,2019-10-13,74,67,-7
6228,2019-10-13,24,12,-12
6229,2019-10-13,41,35,-6
6230,2019-10-13,56,65,9
6231,2019-10-13,107,89,-18
6232,2019-10-13,18,13,-5
6233,2019-10-13,90,70,-20
6234,2019-10-13,48,45,-3
6235,2019-10-13,22,11,-11
6236,2019-10-13,42,41,-1
6237,2019-10-13,43,37,-6
6240,2019-10-13,8,11,3
6241,2019-10-13,23,23,0
6243,2019-10-13,36,33,-3
6245,2019-10-13,29,23,-6
6246,2019-10-13,32,28,-4
6247,2019-10-13,28,19,-9
6248,2019-10-13,93,82,-11
6249,2019-10-13,49,36,-13
6250,2019-10-13,104,92,-12
6251,2019-10-13,18,15,-3
6252,2019-10-13,34,35,1
6253,2019-10-13,41,36,-5
6254,2019-10-13,40,40,0
6255,2019-10-13,66,66,0
6257,2019-10-13,23,23,0
6258,2019-10-13,55,42,-13
6259,2019-10-13,18,17,-1
6260,2019-10-13,30,30,0
6261,2019-10-13,30,18,-12
6262,2019-10-13,36,41,5
6263,2019-10-13,16,25,9
6264,2019-10-13,14,18,4
6265,2019-10-13,24,22,-2
6266,2019-10-13,17,13,-4
6267,2019-10-13,32,26,-6
6268,2019-10-13,30,30,0
6269,2019-10-13,19,24,5
6270,2019-10-13,16,18,2
6272,2019-10-13,20,17,-3
6273,2019-10-13,13,14,1
6274,2019-10-13,25,19,-6
6275,2019-10-13,11,13,2
6276,2019-10-13,30,29,-1
6277,2019-10-13,38,39,1
6278,2019-10-13,14,16,2
6279,2019-10-13,13,14,1
6280,2019-10-13,58,54,-4
6281,2019-10-13,20,10,-10
6301,2019-10-13,8,6,-2
6302,2019-10-13,17,9,-8
6303,2019-10-13,10,9,-1
6304,2019-10-13,10,6,-4
6305,2019-10-13,12,5,-7
6306,2019-10-13,15,13,-2
6307,2019-10-13,49,61,12
6309,2019-10-13,10,12,2
6310,2019-10-13,21,16,-5
6311,2019-10-13,14,20,6
6312,2019-10-13,14,22,8
6313,2019-10-13,20,25,5
6314,2019-10-13,27,24,-3
6315,2019-10-13,47,33,-14
6316,2019-10-13,22,17,-5
6321,2019-10-13,50,39,-11
6322,2019-10-13,24,11,-13
6323,2019-10-13,2,4,2
6324,2019-10-13,7,9,2
6327,2019-10-13,29,18,-11
6328,2019-10-13,29,18,-11
6329,2019-10-13,12,16,4
6330,2019-10-13,18,11,-7
6331,2019-10-13,15,8,-7
6332,2019-10-13,17,19,2
6333,2019-10-13,10,12,2
6334,2019-10-13,45,40,-5
6335,2019-10-13,14,12,-2
6336,2019-10-13,23,22,-1
6338,2019-10-13,17,17,0
6339,2019-10-13,14,14,0
6340,2019-10-13,17,12,-5
6341,2019-10-13,26,24,-2
6343,2019-10-13,28,24,-4
6344,2019-10-13,21,13,-8
6345,2019-10-13,7,6,-1
6346,2019-10-13,6,6,0
6347,2019-10-13,16,25,9
6349,2019-10-13,18,16,-2
6350,2019-10-13,10,15,5
6354,2019-10-13,12,12,0
6355,2019-10-13,18,21,3
6356,2019-10-13,10,11,1
6357,2019-10-13,15,10,-5
6358,2019-10-13,8,11,3
6359,2019-10-13,53,39,-14
6360,2019-10-13,22,22,0
6361,2019-10-13,24,27,3
6362,2019-10-13,20,18,-2
6363,2019-10-13,10,12,2
6364,2019-10-13,16,10,-6
6366,2019-10-13,24,19,-5
6367,2019-10-13,13,15,2
6368,2019-10-13,52,59,7
6369,2019-10-13,24,30,6
6370,2019-10-13,40,24,-16
6371,2019-10-13,35,49,14
6372,2019-10-13,53,63,10
6373,2019-10-13,13,15,2
6374,2019-10-13,31,22,-9
6375,2019-10-13,24,21,-3
6376,2019-10-13,15,14,-1
6377,2019-10-13,11,12,1
6379,2019-10-13,18,26,8
6380,2019-10-13,17,13,-4
6381,2019-10-13,19,30,11
6383,2019-10-13,20,17,-3
6384,2019-10-13,16,11,-5
6385,2019-10-13,36,41,5
6386,2019-10-13,26,31,5
6387,2019-10-13,52,57,5
6388,2019-10-13,14,20,6
6389,2019-10-13,21,23,2
6391,2019-10-13,39,46,7
6393,2019-10-13,41,45,4
6394,2019-10-13,29,55,26
6395,2019-10-13,26,26,0
6396,2019-10-13,58,62,4
6397,2019-10-13,30,35,5
6398,2019-10-13,17,25,8
6401,2019-10-13,34,38,4
6402,2019-10-13,34,40,6
6403,2019-10-13,20,16,-4
6404,2019-10-13,8,10,2
6405,2019-10-13,34,41,7
6406,2019-10-13,161,205,44
6407,2019-10-13,10,18,8
6408,2019-10-13,23,28,5
6409,2019-10-13,7,5,-2
6410,2019-10-13,26,18,-8
6411,2019-10-13,83,64,-19
6412,2019-10-13,6,17,11
6413,2019-10-13,14,14,0
6414,2019-10-13,8,8,0
6415,2019-10-13,9,15,6
6416,2019-10-13,15,9,-6
6417,2019-10-13,10,19,9
6418,2019-10-13,3,6,3
6419,2019-10-13,6,11,5
6420,2019-10-13,18,14,-4
6421,2019-10-13,28,18,-10
6422,2019-10-13,11,7,-4
6423,2019-10-13,7,3,-4
6424,2019-10-13,10,21,11
6425,2019-10-13,21,19,-2
6426,2019-10-13,30,27,-3
6427,2019-10-13,39,34,-5
6428,2019-10-13,12,12,0
6429,2019-10-13,18,21,3
6432,2019-10-13,30,34,4
6433,2019-10-13,13,10,-3
6434,2019-10-13,23,30,7
6435,2019-10-13,33,20,-13
6436,2019-10-13,17,17,0
6501,2019-10-13,142,174,32
6502,2019-10-13,46,42,-4
6503,2019-10-13,21,27,6
6504,2019-10-13,27,33,6
6700,2019-10-13,23,24,1
6701,2019-10-13,38,38,0
6702,2019-10-13,10,10,0
6703,2019-10-13,76,77,1
6704,2019-10-13,19,15,-4
6705,2019-10-13,7,10,3
6706,2019-10-13,12,14,2
6707,2019-10-13,16,14,-2
6709,2019-10-13,14,16,2
6710,2019-10-13,3,3,0
6711,2019-10-13,4,7,3
6712,2019-10-13,21,24,3
6713,2019-10-13,15,10,-5
6714,2019-10-13,7,5,-2
6715,2019-10-13,7,10,3
6716,2019-10-13,4,5,1
6717,2019-10-13,5,3,-2
6718,2019-10-13,12,14,2
6719,2019-10-13,16,17,1
6720,2019-10-13,12,22,10
6721,2019-10-13,7,10,3
6722,2019-10-13,6,9,3
6723,2019-10-13,7,8,1
6724,2019-10-13,30,31,1
6725,2019-10-13,14,13,-1
6726,2019-10-13,6,6,0
6727,2019-10-13,25,28,3
6728,2019-10-13,15,11,-4
6729,2019-10-13,90,101,11
6730,2019-10-13,6,5,-1
6731,2019-10-13,14,14,0
6732,2019-10-13,13,16,3
6733,2019-10-13,23,23,0
6734,2019-10-13,21,18,-3
6736,2019-10-13,14,15,1
6737,2019-10-13,14,9,-5
6738,2019-10-13,12,8,-4
6739,2019-10-13,1,3,2
6741,2019-10-13,5,2,-3
6742,2019-10-13,22,28,6
6743,2019-10-13,11,8,-3
6744,2019-10-13,6,9,3
6745,2019-10-13,7,6,-1
6746,2019-10-13,6,2,-4
6747,2019-10-13,18,12,-6
6748,2019-10-13,32,39,7
6749,2019-10-13,27,27,0
6750,2019-10-13,28,26,-2
6752,2019-10-13,7,2,-5
6753,2019-10-13,7,7,0
6754,2019-10-13,16,13,-3
6901,2019-10-13,34,50,16
6902,2019-10-13,56,50,-6
6903,2019-10-13,41,47,6
6904,2019-10-13,27,23,-4
6905,2019-10-13,25,14,-11
6906,2019-10-13,42,41,-1
6907,2019-10-13,71,52,-19
6908,2019-10-13,43,36,-7
6910,2019-10-13,62,59,-3
6912,2019-10-13,76,67,-9
6913,2019-10-13,23,26,3
6915,2019-10-13,50,46,-4
6916,2019-10-13,20,18,-2
6917,2019-10-13,9,10,1
6918,2019-10-13,17,16,-1
6919,2019-10-13,22,12,-10
6921,2019-10-13,26,36,10
6923,2019-10-13,21,23,2
6924,2019-10-13,8,6,-2
6925,2019-10-13,19,14,-5
6926,2019-10-13,33,42,9
6927,2019-10-13,28,17,-11
6928,2019-10-13,11,7,-4
6929,2019-10-13,18,14,-4
6930,2019-10-13,12,14,2
7001,2019-10-13,20,20,0
7002,2019-10-13,5,2,-3
7003,2019-10-13,35,34,-1
7004,2019-10-13,9,10,1
7005,2019-10-13,2,8,6
7006,2019-10-13,13,13,0
7007,2019-10-13,1,5,4
7008,2019-10-13,14,12,-2
7009,2019-10-13,26,34,8
7010,2019-10-13,8,5,-3
7011,2019-10-13,33,51,18
7012,2019-10-13,17,19,2
7013,2019-10-13,14,11,-3
7014,2019-10-13,34,25,-9
7015,2019-10-13,28,28,0
7016,2019-10-13,4,5,1
7017,2019-10-13,23,23,0
7018,2019-10-13,18,25,7
7019,2019-10-13,8,9,1
7020,2019-10-13,12,19,7
7021,2019-10-13,31,34,3
7022,2019-10-13,18,16,-2
7023,2019-10-13,1,3,2
7024,2019-10-13,39,21,-18
7025,2019-10-13,12,12,0
7026,2019-10-13,28,25,-3
7027,2019-10-13,23,28,5
7028,2019-10-13,31,18,-13
7029,2019-10-13,40,31,-9
7030,2019-10-13,26,20,-6
7031,2019-10-13,33,50,17
7032,2019-10-13,47,40,-7
7033,2019-10-13,32,39,7
7034,2019-10-13,40,58,18
7035,2019-10-13,18,20,2
7036,2019-10-13,47,34,-13
7037,2019-10-13,20,20,0
7038,2019-10-13,50,31,-19
7039,2019-10-13,26,23,-3
7040,2019-10-13,27,30,3
7041,2019-10-13,38,43,5
7042,2019-10-13,18,13,-5
7043,2019-10-13,21,12,-9
7044,2019-10-13,6,4,-2
7045,2019-10-13,71,71,0
7046,2019-10-13,22,27,5
7047,2019-10-13,67,87,20
7048,2019-10-13,19,22,3
7049,2019-10-13,17,10,-7
7050,2019-10-13,16,18,2
7051,2019-10-13,13,12,-1
7052,2019-10-13,10,9,-1
7053,2019-10-13,21,18,-3
7054,2019-10-13,18,20,2
7055,2019-10-13,12,24,12
7056,2019-10-13,4,7,3
7057,2019-10-13,14,22,8
7058,2019-10-13,16,19,3
7059,2019-10-13,13,8,-5
7060,2019-10-13,17,19,2
7061,2019-10-13,14,9,-5
7062,2019-10-13,19,16,-3
7063,2019-10-13,17,12,-5
7064,2019-10-13,10,15,5
7065,2019-10-13,30,16,-14
7066,2019-10-13,29,101,72
7067,2019-10-13,21,28,7
7068,2019-10-13,42,53,11
7069,2019-10-13,55,66,11
7070,2019-10-13,10,11,1
7071,2019-10-13,26,20,-6
7072,2019-10-13,34,22,-12
7073,2019-10-13,29,35,6
7074,2019-10-13,18,33,15
7075,2019-10-13,3,2,-1
7076,2019-10-13,39,25,-14
7077,2019-10-13,11,8,-3
7078,2019-10-13,7,10,3
7079,2019-10-13,9,10,1
7080,2019-10-13,23,42,19
7081,2019-10-13,47,72,25
7082,2019-10-13,35,39,4
7083,2019-10-13,24,23,-1
7084,2019-10-13,46,41,-5
7087,2019-10-13,1,3,2
7091,2019-10-13,8,8,0
7092,2019-10-13,1,4,3
7093,2019-10-13,1,0,-1
7094,2019-10-13,1,0,-1
7095,2019-10-13,4,8,4
7096,2019-10-13,16,21,5
7097,2019-10-13,8,10,2
7098,2019-10-13,1,1,0
7099,2019-10-13,5,4,-1
7101,2019-10-13,1,1,0
7102,2019-10-13,20,14,-6
7103,2019-10-13,31,36,5
7104,2019-10-13,3,3,0
7105,2019-10-13,23,27,4
7106,2019-10-13,4,4,0
7107,2019-10-13,7,6,-1
7108,2019-10-13,19,11,-8
7109,2019-10-13,4,8,4
7110,2019-10-13,16,18,2
7111,2019-10-13,3,3,0
7112,2019-10-13,10,9,-1
7113,2019-10-13,21,24,3
7114,2019-10-13,66,68,2
7115,2019-10-13,5,4,-1
7116,2019-10-13,8,4,-4
7117,2019-10-13,7,5,-2
7119,2019-10-13,2,4,2
7120,2019-10-13,1,1,0
7121,2019-10-13,2,4,2
7122,2019-10-13,4,3,-1
7123,2019-10-13,1,0,-1
7124,2019-10-13,10,9,-1
7125,2019-10-13,32,21,-11
7126,2019-10-13,2,2,0
7127,2019-10-13,3,9,6
7128,2019-10-13,3,8,5
7130,2019-10-13,5,2,-3
7131,2019-10-13,3,3,0
7132,2019-10-13,4,3,-1
7133,2019-10-13,1,2,1
7134,2019-10-13,2,2,0
7136,2019-10-13,2,0,-2
7137,2019-10-13,6,3,-3
7138,2019-10-13,1,3,2
7139,2019-10-13,29,25,-4
7140,2019-10-13,15,12,-3
7141,2019-10-13,20,22,2
7142,2019-10-13,11,16,5
7143,2019-10-13,19,21,2
7144,2019-10-13,11,14,3
7145,2019-10-13,10,7,-3
7146,2019-10-13,4,10,6
7147,2019-10-13,7,5,-2
7148,2019-10-13,3,3,0
7149,2019-10-13,13,7,-6
7151,2019-10-13,1,0,-1
7153,2019-10-13,6,5,-1
10002,2019-10-13,37,36,-1
4000,2019-10-14,26,28,2
4001,2019-10-14,8,9,1
4002,2019-10-14,5,8,3
5003,2019-10-14,2,2,0
5004,2019-10-14,3,2,-1
5005,2019-10-14,6,6,0
5006,2019-10-14,1,1,0
5007,2019-10-14,3,6,3
6001,2019-10-14,21,24,3
6002,2019-10-14,15,27,12
6003,2019-10-14,20,26,6
6004,2019-10-14,16,14,-2
6005,2019-10-14,23,20,-3
6006,2019-10-14,16,14,-2
6007,2019-10-14,13,18,5
6008,2019-10-14,18,16,-2
6009,2019-10-14,37,29,-8
6011,2019-10-14,19,20,1
6012,2019-10-14,44,84,40
6013,2019-10-14,25,32,7
6014,2019-10-14,26,36,10
6015,2019-10-14,45,68,23
6016,2019-10-14,5,5,0
6017,2019-10-14,34,49,15
6018,2019-10-14,33,31,-2
6019,2019-10-14,65,31,-34
6020,2019-10-14,49,76,27
6021,2019-10-14,44,27,-17
6022,2019-10-14,17,19,2
6023,2019-10-14,22,54,32
6025,2019-10-14,20,11,-9
6026,2019-10-14,69,99,30
6027,2019-10-14,17,35,18
6029,2019-10-14,14,12,-2
6031,2019-10-14,19,21,2
6032,2019-10-14,17,46,29
6033,2019-10-14,5,3,-2
6035,2019-10-14,15,21,6
6036,2019-10-14,46,80,34
6037,2019-10-14,23,22,-1
6038,2019-10-14,31,27,-4
6039,2019-10-14,34,35,1
6040,2019-10-14,23,26,3
6041,2019-10-14,14,8,-6
6042,2019-10-14,16,14,-2
6043,2019-10-14,26,44,18
6044,2019-10-14,60,50,-10
6046,2019-10-14,25,23,-2
6047,2019-10-14,28,14,-14
6048,2019-10-14,22,12,-10
6049,2019-10-14,22,23,1
6050,2019-10-14,20,18,-2
6051,2019-10-14,14,13,-1
6052,2019-10-14,75,102,27
6053,2019-10-14,47,74,27
6057,2019-10-14,30,14,-16
6058,2019-10-14,21,20,-1
6059,2019-10-14,15,4,-11
6060,2019-10-14,6,5,-1
6061,2019-10-14,30,23,-7
6062,2019-10-14,38,29,-9
6063,2019-10-14,29,30,1
6064,2019-10-14,45,39,-6
6065,2019-10-14,23,20,-3
6066,2019-10-14,25,15,-10
6067,2019-10-14,15,9,-6
6068,2019-10-14,2,1,-1
6070,2019-10-14,70,62,-8
6072,2019-10-14,13,28,15
6073,2019-10-14,38,59,21
6075,2019-10-14,17,9,-8
6076,2019-10-14,7,14,7
6079,2019-10-14,22,24,2
6080,2019-10-14,37,41,4
6081,2019-10-14,11,12,1
6082,2019-10-14,3,4,1
6083,2019-10-14,24,33,9
6084,2019-10-14,8,6,-2
6085,2019-10-14,27,44,17
6086,2019-10-14,34,36,2
6087,2019-10-14,49,65,16
6089,2019-10-14,12,16,4
6090,2019-10-14,20,16,-4
6091,2019-10-14,26,22,-4
6092,2019-10-14,33,29,-4
6093,2019-10-14,18,12,-6
6094,2019-10-14,19,9,-10
6095,2019-10-14,40,29,-11
6096,2019-10-14,3,18,15
6097,2019-10-14,32,28,-4
6098,2019-10-14,13,7,-6
6099,2019-10-14,48,56,8
6100,2019-10-14,73,72,-1
6101,2019-10-14,27,6,-21
6102,2019-10-14,10,5,-5
6103,2019-10-14,9,10,1
6104,2019-10-14,23,32,9
6105,2019-10-14,17,24,7
6106,2019-10-14,10,20,10
6107,2019-10-14,32,29,-3
6108,2019-10-14,13,25,12
6109,2019-10-14,15,16,1
6110,2019-10-14,14,14,0
6111,2019-10-14,17,16,-1
6112,2019-10-14,51,59,8
6113,2019-10-14,26,37,11
6114,2019-10-14,56,81,25
6115,2019-10-14,5,8,3
6116,2019-10-14,24,34,10
6117,2019-10-14,23,31,8
6118,2019-10-14,37,53,16
6119,2019-10-14,35,43,8
6120,2019-10-14,22,40,18
6121,2019-10-14,10,20,10
6122,2019-10-14,6,8,2
6123,2019-10-14,19,16,-3
6124,2019-10-14,16,29,13
6125,2019-10-14,5,6,1
6126,2019-10-14,15,26,11
6127,2019-10-14,5,12,7
6128,2019-10-14,10,9,-1
6129,2019-10-14,57,43,-14
6130,2019-10-14,18,16,-2
6131,2019-10-14,40,24,-16
6132,2019-10-14,24,24,0
6133,2019-10-14,21,14,-7
6134,2019-10-14,21,25,4
6136,2019-10-14,117,102,-15
6137,2019-10-14,48,54,6
6138,2019-10-14,40,43,3
6139,2019-10-14,34,26,-8
6140,2019-10-14,62,54,-8
6141,2019-10-14,31,33,2
6142,2019-10-14,31,31,0
6143,2019-10-14,46,43,-3
6145,2019-10-14,27,25,-2
6146,2019-10-14,39,18,-21
6147,2019-10-14,24,19,-5
6148,2019-10-14,51,31,-20
6149,2019-10-14,18,14,-4
6150,2019-10-14,31,36,5
6151,2019-10-14,39,47,8
6152,2019-10-14,72,71,-1
6153,2019-10-14,34,36,2
6154,2019-10-14,95,91,-4
6155,2019-10-14,71,62,-9
6156,2019-10-14,40,37,-3
6157,2019-10-14,51,54,3
6158,2019-10-14,45,44,-1
6159,2019-10-14,10,9,-1
6160,2019-10-14,21,27,6
6161,2019-10-14,27,30,3
6163,2019-10-14,74,64,-10
6164,2019-10-14,48,43,-5
6165,2019-10-14,74,106,32
6166,2019-10-14,32,20,-12
6167,2019-10-14,21,18,-3
6168,2019-10-14,42,33,-9
6169,2019-10-14,88,93,5
6170,2019-10-14,36,31,-5
6171,2019-10-14,18,20,2
6173,2019-10-14,42,28,-14
6174,2019-10-14,48,38,-10
6175,2019-10-14,55,25,-30
6176,2019-10-14,52,46,-6
6177,2019-10-14,44,37,-7
6178,2019-10-14,53,68,15
6179,2019-10-14,37,41,4
6180,2019-10-14,20,32,12
6181,2019-10-14,49,40,-9
6182,2019-10-14,25,24,-1
6183,2019-10-14,44,46,2
6184,2019-10-14,129,139,10
6185,2019-10-14,7,11,4
6186,2019-10-14,10,15,5
6187,2019-10-14,70,73,3
6188,2019-10-14,38,37,-1
6189,2019-10-14,9,7,-2
6190,2019-10-14,56,45,-11
6191,2019-10-14,27,25,-2
6192,2019-10-14,23,27,4
6193,2019-10-14,70,61,-9
6194,2019-10-14,48,36,-12
6195,2019-10-14,32,25,-7
6196,2019-10-14,58,45,-13
6197,2019-10-14,24,18,-6
6198,2019-10-14,17,13,-4
6199,2019-10-14,34,36,2
6200,2019-10-14,38,36,-2
6201,2019-10-14,44,37,-7
6202,2019-10-14,52,47,-5
6203,2019-10-14,22,16,-6
6204,2019-10-14,52,50,-2
6205,2019-10-14,62,56,-6
6206,2019-10-14,86,68,-18
6207,2019-10-14,20,19,-1
6208,2019-10-14,15,31,16
6209,2019-10-14,49,26,-23
6210,2019-10-14,16,13,-3
6211,2019-10-14,83,74,-9
6212,2019-10-14,30,32,2
6213,2019-10-14,76,66,-10
6214,2019-10-14,51,42,-9
6215,2019-10-14,38,18,-20
6216,2019-10-14,78,53,-25
6217,2019-10-14,47,39,-8
6218,2019-10-14,18,13,-5
6219,2019-10-14,30,31,1
6220,2019-10-14,48,38,-10
6221,2019-10-14,113,90,-23
6222,2019-10-14,29,25,-4
6223,2019-10-14,43,27,-16
6224,2019-10-14,42,31,-11
6225,2019-10-14,36,24,-12
6226,2019-10-14,5,6,1
6227,2019-10-14,60,60,0
6228,2019-10-14,8,13,5
6229,2019-10-14,41,35,-6
6230,2019-10-14,48,40,-8
6231,2019-10-14,50,55,5
6232,2019-10-14,9,11,2
6233,2019-10-14,54,60,6
6234,2019-10-14,29,32,3
6235,2019-10-14,18,10,-8
6236,2019-10-14,32,30,-2
6237,2019-10-14,41,44,3
6240,2019-10-14,6,6,0
6241,2019-10-14,24,23,-1
6243,2019-10-14,37,26,-11
6245,2019-10-14,27,20,-7
6246,2019-10-14,20,24,4
6247,2019-10-14,25,31,6
6248,2019-10-14,61,52,-9
6249,2019-10-14,35,26,-9
6250,2019-10-14,60,58,-2
6251,2019-10-14,7,9,2
6252,2019-10-14,36,34,-2
6253,2019-10-14,33,24,-9
6254,2019-10-14,31,46,15
6255,2019-10-14,44,44,0
6257,2019-10-14,18,18,0
6258,2019-10-14,43,34,-9
6259,2019-10-14,22,13,-9
6260,2019-10-14,20,19,-1
6261,2019-10-14,24,16,-8
6262,2019-10-14,39,45,6
6263,2019-10-14,11,15,4
6264,2019-10-14,16,16,0
6265,2019-10-14,21,25,4
6266,2019-10-14,10,10,0
6267,2019-10-14,17,18,1
6268,2019-10-14,25,19,-6
6269,2019-10-14,8,11,3
6270,2019-10-14,14,13,-1
6272,2019-10-14,17,11,-6
6273,2019-10-14,20,16,-4
6274,2019-10-14,26,17,-9
6275,2019-10-14,12,18,6
6276,2019-10-14,17,15,-2
6277,2019-10-14,35,37,2
6278,2019-10-14,14,22,8
6279,2019-10-14,17,8,-9
6280,2019-10-14,59,48,-11
6281,2019-10-14,11,8,-3
6301,2019-10-14,3,3,0
6302,2019-10-14,7,3,-4
6303,2019-10-14,12,8,-4
6304,2019-10-14,3,4,1
6305,2019-10-14,13,8,-5
6306,2019-10-14,23,10,-13
6307,2019-10-14,40,38,-2
6309,2019-10-14,9,14,5
6310,2019-10-14,19,11,-8
6311,2019-10-14,21,12,-9
6312,2019-10-14,11,13,2
6313,2019-10-14,15,19,4
6314,2019-10-14,34,28,-6
6315,2019-10-14,26,19,-7
6316,2019-10-14,12,9,-3
6321,2019-10-14,26,28,2
6322,2019-10-14,16,13,-3
6323,2019-10-14,3,6,3
6324,2019-10-14,17,19,2
6327,2019-10-14,30,21,-9
6328,2019-10-14,20,22,2
6329,2019-10-14,23,21,-2
6330,2019-10-14,23,20,-3
6331,2019-10-14,9,8,-1
6332,2019-10-14,19,23,4
6333,2019-10-14,7,13,6
6334,2019-10-14,34,35,1
6335,2019-10-14,11,16,5
6336,2019-10-14,18,17,-1
6338,2019-10-14,13,12,-1
6339,2019-10-14,15,11,-4
6340,2019-10-14,13,8,-5
6341,2019-10-14,25,23,-2
6343,2019-10-14,19,17,-2
6344,2019-10-14,16,22,6
6345,2019-10-14,8,13,5
6346,2019-10-14,2,2,0
6347,2019-10-14,18,12,-6
6349,2019-10-14,20,12,-8
6350,2019-10-14,11,9,-2
6354,2019-10-14,7,9,2
6355,2019-10-14,12,13,1
6356,2019-10-14,17,8,-9
6357,2019-10-14,11,14,3
6358,2019-10-14,4,6,2
6359,2019-10-14,33,41,8
6360,2019-10-14,14,10,-4
6361,2019-10-14,14,16,2
6362,2019-10-14,17,8,-9
6363,2019-10-14,8,7,-1
6364,2019-10-14,9,14,5
6366,2019-10-14,15,12,-3
6367,2019-10-14,16,10,-6
6368,2019-10-14,40,50,10
6369,2019-10-14,13,27,14
6370,2019-10-14,25,22,-3
6371,2019-10-14,35,40,5
6372,2019-10-14,36,39,3
6373,2019-10-14,13,7,-6
6374,2019-10-14,23,19,-4
6375,2019-10-14,34,35,1
6376,2019-10-14,10,6,-4
6377,2019-10-14,12,17,5
6379,2019-10-14,22,23,1
6380,2019-10-14,8,6,-2
6381,2019-10-14,27,22,-5
6383,2019-10-14,10,9,-1
6384,2019-10-14,17,10,-7
6385,2019-10-14,27,22,-5
6386,2019-10-14,19,16,-3
6387,2019-10-14,35,34,-1
6388,2019-10-14,8,7,-1
6389,2019-10-14,19,9,-10
6391,2019-10-14,39,43,4
6393,2019-10-14,22,26,4
6394,2019-10-14,34,42,8
6395,2019-10-14,28,26,-2
6396,2019-10-14,38,28,-10
6397,2019-10-14,16,29,13
6398,2019-10-14,10,22,12
6401,2019-10-14,18,32,14
6402,2019-10-14,19,23,4
6403,2019-10-14,17,13,-4
6404,2019-10-14,6,10,4
6405,2019-10-14,30,42,12
6406,2019-10-14,69,93,24
6407,2019-10-14,8,13,5
6408,2019-10-14,19,28,9
6409,2019-10-14,3,3,0
6410,2019-10-14,15,14,-1
6411,2019-10-14,49,49,0
6412,2019-10-14,9,10,1
6413,2019-10-14,13,16,3
6414,2019-10-14,5,6,1
6415,2019-10-14,8,7,-1
6416,2019-10-14,14,7,-7
6417,2019-10-14,13,11,-2
6418,2019-10-14,6,6,0
6419,2019-10-14,2,7,5
6420,2019-10-14,11,6,-5
6421,2019-10-14,20,25,5
6422,2019-10-14,5,6,1
6423,2019-10-14,11,10,-1
6424,2019-10-14,15,23,8
6425,2019-10-14,16,20,4
6426,2019-10-14,27,24,-3
6427,2019-10-14,25,29,4
6428,2019-10-14,10,10,0
6429,2019-10-14,15,14,-1
6432,2019-10-14,29,21,-8
6433,2019-10-14,6,4,-2
6434,2019-10-14,15,13,-2
6435,2019-10-14,17,15,-2
6436,2019-10-14,3,4,1
6501,2019-10-14,51,57,6
6502,2019-10-14,24,22,-2
6503,2019-10-14,18,18,0
6504,2019-10-14,11,20,9
6700,2019-10-14,5,11,6
6701,2019-10-14,25,32,7
6702,2019-10-14,8,7,-1
6703,2019-10-14,43,34,-9
6704,2019-10-14,17,13,-4
6705,2019-10-14,5,6,1
6706,2019-10-14,11,15,4
6707,2019-10-14,12,8,-4
6709,2019-10-14,10,8,-2
6710,2019-10-14,2,5,3
6711,2019-10-14,3,1,-2
6712,2019-10-14,10,5,-5
6713,2019-10-14,15,9,-6
6714,2019-10-14,5,5,0
6715,2019-10-14,8,6,-2
6716,2019-10-14,6,10,4
6717,2019-10-14,9,10,1
6718,2019-10-14,7,11,4
6719,2019-10-14,8,8,0
6720,2019-10-14,16,14,-2
6721,2019-10-14,9,11,2
6722,2019-10-14,9,11,2
6723,2019-10-14,4,3,-1
6724,2019-10-14,17,15,-2
6725,2019-10-14,17,11,-6
6726,2019-10-14,3,5,2
6727,2019-10-14,14,25,11
6728,2019-10-14,11,12,1
6729,2019-10-14,81,92,11
6730,2019-10-14,4,5,1
6731,2019-10-14,7,10,3
6732,2019-10-14,9,7,-2
6733,2019-10-14,21,23,2
6734,2019-10-14,26,23,-3
6736,2019-10-14,10,6,-4
6737,2019-10-14,9,8,-1
6738,2019-10-14,12,13,1
6739,2019-10-14,4,6,2
6741,2019-10-14,5,5,0
6742,2019-10-14,10,13,3
6743,2019-10-14,9,3,-6
6744,2019-10-14,14,16,2
6745,2019-10-14,8,5,-3
6746,2019-10-14,5,4,-1
6747,2019-10-14,9,12,3
6748,2019-10-14,19,30,11
6749,2019-10-14,25,26,1
6750,2019-10-14,26,19,-7
6752,2019-10-14,5,4,-1
6753,2019-10-14,6,6,0
6754,2019-10-14,9,15,6
6901,2019-10-14,31,31,0
6902,2019-10-14,28,34,6
6903,2019-10-14,51,47,-4
6904,2019-10-14,9,15,6
6905,2019-10-14,12,13,1
6906,2019-10-14,50,41,-9
6907,2019-10-14,59,29,-30
6908,2019-10-14,28,30,2
6910,2019-10-14,48,51,3
6912,2019-10-14,64,50,-14
6913,2019-10-14,28,29,1
6915,2019-10-14,43,44,1
6916,2019-10-14,16,14,-2
6917,2019-10-14,9,15,6
6918,2019-10-14,12,11,-1
6919,2019-10-14,17,10,-7
6921,2019-10-14,18,16,-2
6923,2019-10-14,17,13,-4
6924,2019-10-14,17,19,2
6925,2019-10-14,10,12,2
6926,2019-10-14,25,32,7
6927,2019-10-14,31,18,-13
6928,2019-10-14,23,8,-15
6929,2019-10-14,11,11,0
6930,2019-10-14,7,9,2
7001,2019-10-14,17,17,0
7002,2019-10-14,5,1,-4
7003,2019-10-14,40,26,-14
7004,2019-10-14,4,4,0
7005,2019-10-14,3,5,2
7006,2019-10-14,7,7,0
7007,2019-10-14,3,3,0
7008,2019-10-14,10,8,-2
7009,2019-10-14,9,18,9
7010,2019-10-14,9,11,2
7011,2019-10-14,48,59,11
7012,2019-10-14,18,20,2
7013,2019-10-14,6,7,1
7014,2019-10-14,21,11,-10
7015,2019-10-14,13,14,1
7016,2019-10-14,7,8,1
7017,2019-10-14,16,33,17
7018,2019-10-14,21,19,-2
7019,2019-10-14,5,5,0
7020,2019-10-14,17,10,-7
7021,2019-10-14,17,21,4
7022,2019-10-14,17,11,-6
7023,2019-10-14,2,4,2
7024,2019-10-14,32,29,-3
7025,2019-10-14,7,8,1
7026,2019-10-14,20,17,-3
7027,2019-10-14,22,18,-4
7028,2019-10-14,35,25,-10
7029,2019-10-14,28,27,-1
7030,2019-10-14,41,33,-8
7031,2019-10-14,21,25,4
7032,2019-10-14,55,40,-15
7033,2019-10-14,33,23,-10
7034,2019-10-14,10,27,17
7035,2019-10-14,21,22,1
7036,2019-10-14,39,28,-11
7037,2019-10-14,24,34,10
7038,2019-10-14,45,33,-12
7039,2019-10-14,12,13,1
7040,2019-10-14,36,26,-10
7041,2019-10-14,42,47,5
7042,2019-10-14,9,8,-1
7043,2019-10-14,9,13,4
7044,2019-10-14,5,7,2
7045,2019-10-14,33,47,14
7046,2019-10-14,21,30,9
7047,2019-10-14,51,76,25
7048,2019-10-14,5,7,2
7049,2019-10-14,5,12,7
7050,2019-10-14,27,29,2
7051,2019-10-14,8,7,-1
7052,2019-10-14,15,17,2
7053,2019-10-14,19,19,0
7054,2019-10-14,15,18,3
7055,2019-10-14,10,11,1
7056,2019-10-14,5,6,1
7057,2019-10-14,15,14,-1
7058,2019-10-14,11,14,3
7059,2019-10-14,11,11,0
7060,2019-10-14,11,12,1
7061,2019-10-14,18,16,-2
7062,2019-10-14,18,12,-6
7063,2019-10-14,21,18,-3
7064,2019-10-14,9,5,-4
7065,2019-10-14,18,23,5
7066,2019-10-14,23,53,30
7067,2019-10-14,13,13,0
7068,2019-10-14,40,40,0
7069,2019-10-14,29,36,7
7070,2019-10-14,13,16,3
7071,2019-10-14,17,14,-3
7072,2019-10-14,13,16,3
7073,2019-10-14,26,22,-4
7074,2019-10-14,11,14,3
7075,2019-10-14,3,3,0
7076,2019-10-14,43,29,-14
7077,2019-10-14,9,7,-2
7078,2019-10-14,12,13,1
7079,2019-10-14,7,9,2
7080,2019-10-14,11,24,13
7081,2019-10-14,46,56,10
7082,2019-10-14,36,45,9
7083,2019-10-14,14,21,7
7084,2019-10-14,60,54,-6
7087,2019-10-14,2,1,-1
7088,2019-10-14,1,3,2
7090,2019-10-14,7,4,-3
7091,2019-10-14,4,8,4
7092,2019-10-14,2,1,-1
7096,2019-10-14,6,6,0
7097,2019-10-14,4,3,-1
7098,2019-10-14,1,0,-1
7099,2019-10-14,1,4,3
7102,2019-10-14,6,9,3
7103,2019-10-14,6,9,3
7104,2019-10-14,4,2,-2
7105,2019-10-14,5,8,3
7107,2019-10-14,2,0,-2
7108,2019-10-14,5,6,1
7109,2019-10-14,4,2,-2
7110,2019-10-14,10,9,-1
7112,2019-10-14,9,9,0
7113,2019-10-14,20,19,-1
7114,2019-10-14,30,51,21
7115,2019-10-14,3,3,0
7116,2019-10-14,8,3,-5
7119,2019-10-14,3,1,-2
7121,2019-10-14,2,5,3
7122,2019-10-14,3,2,-1
7123,2019-10-14,3,3,0
7124,2019-10-14,5,10,5
7125,2019-10-14,17,17,0
7126,2019-10-14,3,4,1
7127,2019-10-14,11,9,-2
7128,2019-10-14,2,2,0
7129,2019-10-14,1,2,1
7130,2019-10-14,3,1,-2
7132,2019-10-14,1,3,2
7134,2019-10-14,2,2,0
7135,2019-10-14,2,2,0
7137,2019-10-14,4,3,-1
7138,2019-10-14,2,2,0
7139,2019-10-14,17,17,0
7140,2019-10-14,17,12,-5
7141,2019-10-14,13,12,-1
7142,2019-10-14,14,12,-2
7143,2019-10-14,7,8,1
7144,2019-10-14,13,20,7
7145,2019-10-14,8,9,1
7146,2019-10-14,9,5,-4
7147,2019-10-14,11,8,-3
7148,2019-10-14,9,13,4
7149,2019-10-14,11,6,-5
7151,2019-10-14,1,1,0
7153,2019-10-14,3,4,1
10002,2019-10-14,40,35,-5
4000,2019-10-15,35,62,27
4001,2019-10-15,11,7,-4
4002,2019-10-15,11,16,5
5002,2019-10-15,2,1,-1
5003,2019-10-15,1,2,1
5004,2019-10-15,1,1,0
5005,2019-10-15,4,3,-1
5006,2019-10-15,3,4,1
5007,2019-10-15,12,17,5
6001,2019-10-15,46,76,30
6002,2019-10-15,30,43,13
6003,2019-10-15,53,65,12
6004,2019-10-15,30,38,8
6005,2019-10-15,72,69,-3
6006,2019-10-15,34,19,-15
6007,2019-10-15,29,29,0
6008,2019-10-15,49,86,37
6009,2019-10-15,56,42,-14
6011,2019-10-15,47,60,13
6012,2019-10-15,88,157,69
6013,2019-10-15,47,74,27
6014,2019-10-15,49,94,45
6015,2019-10-15,123,176,53
6016,2019-10-15,8,16,8
6017,2019-10-15,41,47,6
6018,2019-10-15,45,63,18
6019,2019-10-15,135,71,-64
6020,2019-10-15,56,94,38
6021,2019-10-15,86,54,-32
6022,2019-10-15,32,29,-3
6023,2019-10-15,61,65,4
6025,2019-10-15,30,32,2
6026,2019-10-15,58,57,-1
6027,2019-10-15,90,95,5
6029,2019-10-15,18,22,4
6031,2019-10-15,29,29,0
6032,2019-10-15,39,112,73
6033,2019-10-15,8,8,0
6035,2019-10-15,30,72,42
6036,2019-10-15,72,95,23
6037,2019-10-15,26,33,7
6038,2019-10-15,70,87,17
6039,2019-10-15,57,74,17
6040,2019-10-15,53,83,30
6041,2019-10-15,54,57,3
6042,2019-10-15,77,73,-4
6043,2019-10-15,123,255,132
6044,2019-10-15,68,70,2
6046,2019-10-15,94,108,14
6047,2019-10-15,95,82,-13
6048,2019-10-15,27,29,2
6049,2019-10-15,94,86,-8
6050,2019-10-15,45,45,0
6051,2019-10-15,28,25,-3
6052,2019-10-15,116,166,50
6053,2019-10-15,116,127,11
6057,2019-10-15,75,68,-7
6058,2019-10-15,57,65,8
6059,2019-10-15,64,38,-26
6060,2019-10-15,30,17,-13
6061,2019-10-15,61,44,-17
6062,2019-10-15,56,43,-13
6063,2019-10-15,71,56,-15
6064,2019-10-15,126,111,-15
6065,2019-10-15,50,33,-17
6066,2019-10-15,50,23,-27
6067,2019-10-15,19,24,5
6068,2019-10-15,9,10,1
6070,2019-10-15,184,163,-21
6072,2019-10-15,62,80,18
6073,2019-10-15,155,150,-5
6075,2019-10-15,46,19,-27
6076,2019-10-15,12,19,7
6079,2019-10-15,51,55,4
6080,2019-10-15,95,90,-5
6081,2019-10-15,10,11,1
6082,2019-10-15,21,14,-7
6083,2019-10-15,88,141,53
6084,2019-10-15,62,78,16
6085,2019-10-15,70,137,67
6086,2019-10-15,47,73,26
6087,2019-10-15,83,104,21
6088,2019-10-15,16,20,4
6089,2019-10-15,49,44,-5
6090,2019-10-15,63,61,-2
6091,2019-10-15,36,16,-20
6092,2019-10-15,36,49,13
6093,2019-10-15,37,21,-16
6094,2019-10-15,29,29,0
6095,2019-10-15,60,59,-1
6096,2019-10-15,37,74,37
6097,2019-10-15,78,35,-43
6098,2019-10-15,38,26,-12
6099,2019-10-15,66,102,36
6100,2019-10-15,203,189,-14
6101,2019-10-15,62,23,-39
6102,2019-10-15,23,17,-6
6103,2019-10-15,17,12,-5
6104,2019-10-15,72,80,8
6105,2019-10-15,31,50,19
6106,2019-10-15,22,25,3
6107,2019-10-15,60,51,-9
6108,2019-10-15,35,40,5
6109,2019-10-15,11,8,-3
6110,2019-10-15,23,27,4
6111,2019-10-15,33,39,6
6112,2019-10-15,54,69,15
6113,2019-10-15,29,33,4
6114,2019-10-15,96,132,36
6115,2019-10-15,10,20,10
6116,2019-10-15,39,57,18
6117,2019-10-15,62,79,17
6118,2019-10-15,57,78,21
6119,2019-10-15,72,88,16
6120,2019-10-15,52,81,29
6121,2019-10-15,15,18,3
6122,2019-10-15,11,14,3
6123,2019-10-15,17,24,7
6124,2019-10-15,43,56,13
6125,2019-10-15,16,14,-2
6126,2019-10-15,45,43,-2
6127,2019-10-15,13,4,-9
6128,2019-10-15,13,16,3
6129,2019-10-15,67,59,-8
6130,2019-10-15,20,15,-5
6131,2019-10-15,65,31,-34
6132,2019-10-15,49,52,3
6133,2019-10-15,29,31,2
6134,2019-10-15,31,42,11
6136,2019-10-15,285,224,-61
6137,2019-10-15,64,68,4
6138,2019-10-15,60,62,2
6139,2019-10-15,37,28,-9
6140,2019-10-15,67,68,1
6141,2019-10-15,51,44,-7
6142,2019-10-15,52,43,-9
6143,2019-10-15,71,63,-8
6145,2019-10-15,29,35,6
6146,2019-10-15,49,29,-20
6147,2019-10-15,67,41,-26
6148,2019-10-15,114,86,-28
6149,2019-10-15,40,36,-4
6150,2019-10-15,50,59,9
6151,2019-10-15,59,65,6
6152,2019-10-15,93,87,-6
6153,2019-10-15,50,56,6
6154,2019-10-15,160,147,-13
6155,2019-10-15,98,110,12
6156,2019-10-15,73,61,-12
6157,2019-10-15,89,86,-3
6158,2019-10-15,57,67,10
6159,2019-10-15,24,30,6
6160,2019-10-15,40,43,3
6161,2019-10-15,36,46,10
6162,2019-10-15,7,9,2
6163,2019-10-15,76,107,31
6164,2019-10-15,45,58,13
6165,2019-10-15,94,125,31
6166,2019-10-15,47,38,-9
6167,2019-10-15,42,36,-6
6168,2019-10-15,91,74,-17
6169,2019-10-15,98,92,-6
6170,2019-10-15,62,62,0
6171,2019-10-15,26,36,10
6173,2019-10-15,92,57,-35
6174,2019-10-15,113,76,-37
6175,2019-10-15,92,47,-45
6176,2019-10-15,89,89,0
6177,2019-10-15,66,56,-10
6178,2019-10-15,101,99,-2
6179,2019-10-15,75,72,-3
6180,2019-10-15,26,38,12
6181,2019-10-15,112,70,-42
6182,2019-10-15,36,38,2
6183,2019-10-15,71,65,-6
6184,2019-10-15,213,203,-10
6185,2019-10-15,25,25,0
6186,2019-10-15,26,18,-8
6187,2019-10-15,91,79,-12
6188,2019-10-15,41,44,3
6189,2019-10-15,19,16,-3
6190,2019-10-15,107,69,-38
6191,2019-10-15,64,51,-13
6192,2019-10-15,24,35,11
6193,2019-10-15,75,79,4
6194,2019-10-15,89,70,-19
6195,2019-10-15,57,35,-22
6196,2019-10-15,88,74,-14
6197,2019-10-15,44,35,-9
6198,2019-10-15,21,15,-6
6199,2019-10-15,92,63,-29
6200,2019-10-15,86,75,-11
6201,2019-10-15,64,44,-20
6202,2019-10-15,116,89,-27
6203,2019-10-15,54,49,-5
6204,2019-10-15,81,92,11
6205,2019-10-15,96,80,-16
6206,2019-10-15,101,107,6
6207,2019-10-15,48,44,-4
6208,2019-10-15,76,89,13
6209,2019-10-15,119,79,-40
6210,2019-10-15,41,28,-13
6211,2019-10-15,120,110,-10
6212,2019-10-15,84,47,-37
6213,2019-10-15,77,88,11
6214,2019-10-15,75,57,-18
6215,2019-10-15,68,48,-20
6216,2019-10-15,88,51,-37
6217,2019-10-15,96,58,-38
6218,2019-10-15,48,46,-2
6219,2019-10-15,46,45,-1
6220,2019-10-15,75,58,-17
6221,2019-10-15,165,125,-40
6222,2019-10-15,63,43,-20
6223,2019-10-15,81,44,-37
6224,2019-10-15,50,50,0
6225,2019-10-15,40,30,-10
6226,2019-10-15,19,17,-2
6227,2019-10-15,104,95,-9
6228,2019-10-15,26,24,-2
6229,2019-10-15,55,55,0
6230,2019-10-15,45,55,10
6231,2019-10-15,91,75,-16
6232,2019-10-15,29,23,-6
6233,2019-10-15,99,73,-26
6234,2019-10-15,47,44,-3
6235,2019-10-15,102,59,-43
6236,2019-10-15,56,54,-2
6237,2019-10-15,56,53,-3
6240,2019-10-15,8,15,7
6241,2019-10-15,43,27,-16
6243,2019-10-15,46,49,3
6245,2019-10-15,28,20,-8
6246,2019-10-15,74,73,-1
6247,2019-10-15,35,31,-4
6248,2019-10-15,137,105,-32
6249,2019-10-15,46,40,-6
6250,2019-10-15,42,38,-4
6251,2019-10-15,10,14,4
6252,2019-10-15,47,47,0
6253,2019-10-15,61,41,-20
6254,2019-10-15,60,46,-14
6255,2019-10-15,56,57,1
6257,2019-10-15,27,30,3
6258,2019-10-15,71,50,-21
6259,2019-10-15,21,25,4
6260,2019-10-15,34,25,-9
6261,2019-10-15,39,37,-2
6262,2019-10-15,34,39,5
6263,2019-10-15,18,23,5
6264,2019-10-15,23,25,2
6265,2019-10-15,56,60,4
6266,2019-10-15,23,26,3
6267,2019-10-15,42,28,-14
6268,2019-10-15,45,42,-3
6269,2019-10-15,21,30,9
6270,2019-10-15,26,27,1
6271,2019-10-15,1,2,1
6272,2019-10-15,24,32,8
6273,2019-10-15,22,26,4
6274,2019-10-15,39,42,3
6275,2019-10-15,32,32,0
6276,2019-10-15,40,33,-7
6277,2019-10-15,42,44,2
6278,2019-10-15,19,11,-8
6279,2019-10-15,27,17,-10
6280,2019-10-15,64,53,-11
6281,2019-10-15,27,18,-9
6301,2019-10-15,21,16,-5
6302,2019-10-15,14,10,-4
6303,2019-10-15,15,15,0
6304,2019-10-15,13,8,-5
6305,2019-10-15,19,8,-11
6306,2019-10-15,74,27,-47
6307,2019-10-15,55,47,-8
6309,2019-10-15,24,20,-4
6310,2019-10-15,76,39,-37
6311,2019-10-15,35,32,-3
6312,2019-10-15,12,19,7
6313,2019-10-15,29,32,3
6314,2019-10-15,56,44,-12
6315,2019-10-15,55,35,-20
6316,2019-10-15,25,10,-15
6321,2019-10-15,56,50,-6
6322,2019-10-15,20,25,5
6323,2019-10-15,18,17,-1
6324,2019-10-15,17,23,6
6327,2019-10-15,32,27,-5
6328,2019-10-15,21,22,1
6329,2019-10-15,22,19,-3
6330,2019-10-15,24,18,-6
6331,2019-10-15,16,20,4
6332,2019-10-15,23,28,5
6333,2019-10-15,19,16,-3
6334,2019-10-15,51,55,4
6335,2019-10-15,26,26,0
6336,2019-10-15,25,27,2
6338,2019-10-15,22,19,-3
6339,2019-10-15,27,25,-2
6340,2019-10-15,17,24,7
6341,2019-10-15,28,28,0
6343,2019-10-15,33,31,-2
6344,2019-10-15,47,34,-13
6345,2019-10-15,18,16,-2
6346,2019-10-15,15,12,-3
6347,2019-10-15,27,22,-5
6349,2019-10-15,20,20,0
6350,2019-10-15,33,28,-5
6354,2019-10-15,27,23,-4
6355,2019-10-15,16,35,19
6356,2019-10-15,38,15,-23
6357,2019-10-15,15,7,-8
6358,2019-10-15,23,23,0
6359,2019-10-15,69,90,21
6360,2019-10-15,21,26,5
6361,2019-10-15,26,26,0
6362,2019-10-15,26,22,-4
6363,2019-10-15,16,15,-1
6364,2019-10-15,31,32,1
6366,2019-10-15,15,18,3
6367,2019-10-15,18,24,6
6368,2019-10-15,43,57,14
6369,2019-10-15,28,49,21
6370,2019-10-15,27,22,-5
6371,2019-10-15,54,59,5
6372,2019-10-15,64,59,-5
6373,2019-10-15,27,30,3
6374,2019-10-15,37,28,-9
6375,2019-10-15,42,41,-1
6376,2019-10-15,20,15,-5
6377,2019-10-15,23,33,10
6379,2019-10-15,26,32,6
6380,2019-10-15,20,16,-4
6381,2019-10-15,43,41,-2
6383,2019-10-15,23,19,-4
6384,2019-10-15,17,17,0
6385,2019-10-15,35,48,13
6386,2019-10-15,40,45,5
6387,2019-10-15,62,71,9
6388,2019-10-15,8,10,2
6389,2019-10-15,41,31,-10
6391,2019-10-15,43,60,17
6393,2019-10-15,47,70,23
6394,2019-10-15,34,50,16
6395,2019-10-15,62,52,-10
6396,2019-10-15,78,68,-10
6397,2019-10-15,22,37,15
6398,2019-10-15,19,30,11
6401,2019-10-15,46,59,13
6402,2019-10-15,28,32,4
6403,2019-10-15,18,32,14
6404,2019-10-15,6,14,8
6405,2019-10-15,23,40,17
6406,2019-10-15,47,49,2
6407,2019-10-15,11,27,16
6408,2019-10-15,42,49,7
6409,2019-10-15,12,17,5
6410,2019-10-15,41,38,-3
6411,2019-10-15,104,95,-9
6412,2019-10-15,25,33,8
6413,2019-10-15,28,18,-10
6414,2019-10-15,10,15,5
6415,2019-10-15,20,23,3
6416,2019-10-15,18,12,-6
6417,2019-10-15,13,28,15
6418,2019-10-15,4,8,4
6419,2019-10-15,8,10,2
6420,2019-10-15,19,20,1
6421,2019-10-15,42,43,1
6422,2019-10-15,7,7,0
6423,2019-10-15,17,5,-12
6424,2019-10-15,35,78,43
6425,2019-10-15,22,24,2
6426,2019-10-15,42,55,13
6427,2019-10-15,47,43,-4
6428,2019-10-15,8,8,0
6429,2019-10-15,27,24,-3
6432,2019-10-15,57,62,5
6433,2019-10-15,29,27,-2
6434,2019-10-15,47,48,1
6435,2019-10-15,32,28,-4
6436,2019-10-15,27,22,-5
6501,2019-10-15,50,57,7
6502,2019-10-15,16,16,0
6503,2019-10-15,47,50,3
6504,2019-10-15,16,12,-4
6700,2019-10-15,13,23,10
6701,2019-10-15,57,52,-5
6702,2019-10-15,17,17,0
6703,2019-10-15,26,23,-3
6704,2019-10-15,19,16,-3
6705,2019-10-15,10,18,8
6706,2019-10-15,19,23,4
6707,2019-10-15,26,26,0
6709,2019-10-15,26,24,-2
6710,2019-10-15,10,14,4
6711,2019-10-15,20,19,-1
6712,2019-10-15,3,8,5
6713,2019-10-15,13,21,8
6714,2019-10-15,2,0,-2
6715,2019-10-15,13,14,1
6716,2019-10-15,9,8,-1
6717,2019-10-15,5,7,2
6718,2019-10-15,17,18,1
6719,2019-10-15,12,24,12
6720,2019-10-15,24,25,1
6721,2019-10-15,11,9,-2
6722,2019-10-15,4,9,5
6723,2019-10-15,16,12,-4
6724,2019-10-15,30,34,4
6725,2019-10-15,20,17,-3
6726,2019-10-15,4,7,3
6727,2019-10-15,61,75,14
6728,2019-10-15,12,9,-3
6729,2019-10-15,94,115,21
6730,2019-10-15,7,5,-2
6731,2019-10-15,13,14,1
6732,2019-10-15,19,22,3
6733,2019-10-15,20,17,-3
6734,2019-10-15,30,36,6
6736,2019-10-15,17,20,3
6737,2019-10-15,17,19,2
6738,2019-10-15,82,61,-21
6739,2019-10-15,4,5,1
6741,2019-10-15,12,11,-1
6742,2019-10-15,38,47,9
6743,2019-10-15,19,7,-12
6744,2019-10-15,18,19,1
6745,2019-10-15,18,13,-5
6746,2019-10-15,17,18,1
6747,2019-10-15,39,43,4
6748,2019-10-15,46,62,16
6749,2019-10-15,41,36,-5
6750,2019-10-15,30,27,-3
6752,2019-10-15,31,31,0
6753,2019-10-15,16,14,-2
6754,2019-10-15,18,17,-1
6901,2019-10-15,42,72,30
6902,2019-10-15,55,75,20
6903,2019-10-15,81,75,-6
6904,2019-10-15,41,35,-6
6905,2019-10-15,38,33,-5
6906,2019-10-15,83,58,-25
6907,2019-10-15,74,50,-24
6908,2019-10-15,51,45,-6
6910,2019-10-15,89,77,-12
6912,2019-10-15,105,69,-36
6913,2019-10-15,42,36,-6
6915,2019-10-15,57,51,-6
6916,2019-10-15,31,20,-11
6917,2019-10-15,10,12,2
6918,2019-10-15,20,13,-7
6919,2019-10-15,23,21,-2
6921,2019-10-15,65,61,-4
6923,2019-10-15,43,45,2
6924,2019-10-15,12,15,3
6925,2019-10-15,33,35,2
6926,2019-10-15,46,56,10
6927,2019-10-15,44,36,-8
6928,2019-10-15,72,25,-47
6929,2019-10-15,25,25,0
6930,2019-10-15,14,20,6
7001,2019-10-15,20,24,4
7002,2019-10-15,15,15,0
7003,2019-10-15,76,57,-19
7004,2019-10-15,20,20,0
7005,2019-10-15,2,5,3
7006,2019-10-15,14,19,5
7007,2019-10-15,6,6,0
7008,2019-10-15,23,21,-2
7009,2019-10-15,24,23,-1
7010,2019-10-15,14,6,-8
7011,2019-10-15,54,65,11
7012,2019-10-15,23,29,6
7013,2019-10-15,10,11,1
7014,2019-10-15,75,40,-35
7015,2019-10-15,8,7,-1
7016,2019-10-15,9,8,-1
7017,2019-10-15,26,39,13
7018,2019-10-15,20,29,9
7019,2019-10-15,82,76,-6
7020,2019-10-15,18,26,8
7021,2019-10-15,40,35,-5
7022,2019-10-15,27,22,-5
7023,2019-10-15,5,3,-2
7024,2019-10-15,56,35,-21
7025,2019-10-15,30,24,-6
7026,2019-10-15,69,61,-8
7027,2019-10-15,48,37,-11
7028,2019-10-15,69,64,-5
7029,2019-10-15,44,39,-5
7030,2019-10-15,43,52,9
7031,2019-10-15,32,37,5
7032,2019-10-15,99,65,-34
7033,2019-10-15,65,63,-2
7034,2019-10-15,27,49,22
7035,2019-10-15,34,32,-2
7036,2019-10-15,31,29,-2
7037,2019-10-15,48,48,0
7038,2019-10-15,38,45,7
7039,2019-10-15,18,21,3
7040,2019-10-15,50,54,4
7041,2019-10-15,86,83,-3
7042,2019-10-15,35,34,-1
7043,2019-10-15,16,13,-3
7044,2019-10-15,11,11,0
7045,2019-10-15,40,46,6
7046,2019-10-15,78,92,14
7047,2019-10-15,86,136,50
7048,2019-10-15,11,13,2
7049,2019-10-15,11,33,22
7050,2019-10-15,29,32,3
7051,2019-10-15,5,8,3
7052,2019-10-15,46,47,1
7053,2019-10-15,28,24,-4
7054,2019-10-15,34,41,7
7055,2019-10-15,11,26,15
7056,2019-10-15,14,21,7
7057,2019-10-15,21,23,2
7058,2019-10-15,19,24,5
7059,2019-10-15,22,20,-2
7060,2019-10-15,27,33,6
7061,2019-10-15,22,18,-4
7062,2019-10-15,43,47,4
7063,2019-10-15,18,16,-2
7064,2019-10-15,24,30,6
7065,2019-10-15,27,33,6
7066,2019-10-15,45,89,44
7067,2019-10-15,55,57,2
7068,2019-10-15,51,66,15
7069,2019-10-15,78,91,13
7070,2019-10-15,41,47,6
7071,2019-10-15,44,24,-20
7072,2019-10-15,38,27,-11
7073,2019-10-15,56,55,-1
7074,2019-10-15,32,34,2
7075,2019-10-15,6,6,0
7076,2019-10-15,38,31,-7
7077,2019-10-15,20,18,-2
7078,2019-10-15,13,24,11
7079,2019-10-15,25,42,17
7080,2019-10-15,84,73,-11
7081,2019-10-15,64,97,33
7082,2019-10-15,59,72,13
7083,2019-10-15,54,41,-13
7084,2019-10-15,78,88,10
7086,2019-10-15,2,3,1
7087,2019-10-15,3,4,1
7090,2019-10-15,7,6,-1
7091,2019-10-15,4,6,2
7092,2019-10-15,7,8,1
7093,2019-10-15,3,4,1
7095,2019-10-15,10,10,0
7096,2019-10-15,23,28,5
7097,2019-10-15,10,5,-5
7098,2019-10-15,1,0,-1
7100,2019-10-15,3,5,2
7101,2019-10-15,2,2,0
7102,2019-10-15,16,27,11
7103,2019-10-15,7,12,5
7104,2019-10-15,3,1,-2
7105,2019-10-15,5,4,-1
7106,2019-10-15,1,1,0
7108,2019-10-15,4,1,-3
7109,2019-10-15,13,11,-2
7111,2019-10-15,1,3,2
7112,2019-10-15,5,2,-3
7113,2019-10-15,57,57,0
7114,2019-10-15,61,60,-1
7115,2019-10-15,7,9,2
7116,2019-10-15,7,3,-4
7117,2019-10-15,1,1,0
7118,2019-10-15,3,2,-1
7119,2019-10-15,3,2,-1
7120,2019-10-15,1,0,-1
7121,2019-10-15,3,7,4
7122,2019-10-15,5,4,-1
7123,2019-10-15,1,1,0
7124,2019-10-15,15,16,1
7125,2019-10-15,12,7,-5
7126,2019-10-15,6,6,0
7127,2019-10-15,27,30,3
7128,2019-10-15,17,13,-4
7129,2019-10-15,7,9,2
7130,2019-10-15,12,11,-1
7131,2019-10-15,3,5,2
7132,2019-10-15,3,0,-3
7133,2019-10-15,4,4,0
7134,2019-10-15,3,3,0
7135,2019-10-15,4,4,0
7136,2019-10-15,8,13,5
7137,2019-10-15,4,4,0
7138,2019-10-15,1,1,0
7139,2019-10-15,13,14,1
7140,2019-10-15,16,17,1
7141,2019-10-15,14,15,1
7142,2019-10-15,5,5,0
7143,2019-10-15,15,13,-2
7144,2019-10-15,28,33,5
7145,2019-10-15,13,13,0
7146,2019-10-15,13,19,6
7147,2019-10-15,25,31,6
7148,2019-10-15,4,10,6
7149,2019-10-15,9,18,9
7151,2019-10-15,2,1,-1
7152,2019-10-15,2,2,0
7153,2019-10-15,1,0,-1
10002,2019-10-15,109,106,-3
4000,2019-10-16,29,38,9
4001,2019-10-16,8,10,2
4002,2019-10-16,11,19,8
5002,2019-10-16,1,2,1
5003,2019-10-16,1,1,0
5004,2019-10-16,1,1,0
5005,2019-10-16,1,0,-1
5006,2019-10-16,3,3,0
5007,2019-10-16,11,11,0
6001,2019-10-16,42,77,35
6002,2019-10-16,18,30,12
6003,2019-10-16,46,60,14
6004,2019-10-16,27,40,13
6005,2019-10-16,61,65,4
6006,2019-10-16,25,14,-11
6007,2019-10-16,23,29,6
6008,2019-10-16,41,94,53
6009,2019-10-16,60,72,12
6011,2019-10-16,46,40,-6
6012,2019-10-16,77,151,74
6013,2019-10-16,39,49,10
6014,2019-10-16,49,78,29
6015,2019-10-16,107,207,100
6016,2019-10-16,5,13,8
6017,2019-10-16,40,38,-2
6018,2019-10-16,43,57,14
6019,2019-10-16,123,62,-61
6020,2019-10-16,42,93,51
6021,2019-10-16,69,50,-19
6022,2019-10-16,40,42,2
6023,2019-10-16,53,73,20
6025,2019-10-16,24,25,1
6026,2019-10-16,52,60,8
6027,2019-10-16,91,77,-14
6029,2019-10-16,19,27,8
6031,2019-10-16,32,32,0
6032,2019-10-16,46,90,44
6033,2019-10-16,18,17,-1
6035,2019-10-16,23,70,47
6036,2019-10-16,47,95,48
6037,2019-10-16,43,43,0
6038,2019-10-16,57,64,7
6039,2019-10-16,48,62,14
6040,2019-10-16,46,61,15
6041,2019-10-16,67,74,7
6042,2019-10-16,68,65,-3
6043,2019-10-16,119,267,148
6044,2019-10-16,67,51,-16
6046,2019-10-16,103,103,0
6047,2019-10-16,85,97,12
6048,2019-10-16,42,50,8
6049,2019-10-16,73,92,19
6050,2019-10-16,21,45,24
6051,2019-10-16,20,20,0
6052,2019-10-16,87,149,62
6053,2019-10-16,103,129,26
6057,2019-10-16,42,44,2
6058,2019-10-16,53,53,0
6059,2019-10-16,71,40,-31
6060,2019-10-16,33,23,-10
6061,2019-10-16,53,53,0
6062,2019-10-16,49,35,-14
6063,2019-10-16,68,46,-22
6064,2019-10-16,126,98,-28
6065,2019-10-16,49,32,-17
6066,2019-10-16,51,12,-39
6067,2019-10-16,19,27,8
6068,2019-10-16,8,9,1
6070,2019-10-16,183,173,-10
6072,2019-10-16,73,81,8
6073,2019-10-16,125,168,43
6075,2019-10-16,36,15,-21
6076,2019-10-16,15,18,3
6079,2019-10-16,46,53,7
6080,2019-10-16,91,82,-9
6082,2019-10-16,14,11,-3
6083,2019-10-16,84,133,49
6084,2019-10-16,49,67,18
6085,2019-10-16,73,125,52
6086,2019-10-16,43,59,16
6087,2019-10-16,64,116,52
6088,2019-10-16,17,18,1
6089,2019-10-16,41,52,11
6090,2019-10-16,51,51,0
6091,2019-10-16,43,30,-13
6092,2019-10-16,47,56,9
6093,2019-10-16,25,18,-7
6094,2019-10-16,33,31,-2
6095,2019-10-16,67,58,-9
6096,2019-10-16,35,56,21
6097,2019-10-16,49,30,-19
6098,2019-10-16,54,48,-6
6099,2019-10-16,69,96,27
6100,2019-10-16,9,7,-2
6101,2019-10-16,56,25,-31
6102,2019-10-16,31,18,-13
6103,2019-10-16,15,12,-3
6104,2019-10-16,69,82,13
6105,2019-10-16,37,55,18
6106,2019-10-16,19,21,2
6107,2019-10-16,37,60,23
6108,2019-10-16,39,34,-5
6109,2019-10-16,1,1,0
6110,2019-10-16,13,26,13
6111,2019-10-16,34,40,6
6112,2019-10-16,61,64,3
6113,2019-10-16,18,28,10
6114,2019-10-16,80,106,26
6115,2019-10-16,13,19,6
6116,2019-10-16,47,61,14
6117,2019-10-16,54,70,16
6118,2019-10-16,58,65,7
6119,2019-10-16,54,67,13
6120,2019-10-16,48,77,29
6121,2019-10-16,15,18,3
6122,2019-10-16,8,11,3
6123,2019-10-16,20,21,1
6124,2019-10-16,19,44,25
6125,2019-10-16,13,11,-2
6126,2019-10-16,38,38,0
6127,2019-10-16,11,7,-4
6128,2019-10-16,12,13,1
6129,2019-10-16,44,42,-2
6130,2019-10-16,21,8,-13
6131,2019-10-16,57,33,-24
6132,2019-10-16,53,54,1
6133,2019-10-16,27,24,-3
6134,2019-10-16,29,28,-1
6136,2019-10-16,268,192,-76
6137,2019-10-16,66,59,-7
6138,2019-10-16,48,57,9
6139,2019-10-16,31,22,-9
6140,2019-10-16,67,64,-3
6141,2019-10-16,59,48,-11
6142,2019-10-16,66,36,-30
6143,2019-10-16,56,64,8
6145,2019-10-16,39,35,-4
6146,2019-10-16,61,26,-35
6147,2019-10-16,61,36,-25
6148,2019-10-16,94,57,-37
6149,2019-10-16,35,23,-12
6150,2019-10-16,60,57,-3
6151,2019-10-16,53,61,8
6152,2019-10-16,82,79,-3
6153,2019-10-16,62,45,-17
6154,2019-10-16,146,144,-2
6155,2019-10-16,86,89,3
6156,2019-10-16,57,52,-5
6157,2019-10-16,59,53,-6
6158,2019-10-16,64,43,-21
6159,2019-10-16,31,37,6
6160,2019-10-16,37,37,0
6161,2019-10-16,43,39,-4
6162,2019-10-16,9,11,2
6163,2019-10-16,73,75,2
6164,2019-10-16,62,56,-6
6165,2019-10-16,90,107,17
6166,2019-10-16,38,26,-12
6167,2019-10-16,37,33,-4
6168,2019-10-16,79,57,-22
6169,2019-10-16,91,88,-3
6170,2019-10-16,52,33,-19
6171,2019-10-16,30,28,-2
6173,2019-10-16,74,46,-28
6174,2019-10-16,88,66,-22
6175,2019-10-16,91,58,-33
6176,2019-10-16,57,68,11
6177,2019-10-16,56,63,7
6178,2019-10-16,66,63,-3
6179,2019-10-16,40,45,5
6180,2019-10-16,32,32,0
6181,2019-10-16,121,64,-57
6182,2019-10-16,39,31,-8
6183,2019-10-16,67,74,7
6184,2019-10-16,164,165,1
6185,2019-10-16,17,12,-5
6186,2019-10-16,34,21,-13
6187,2019-10-16,83,82,-1
6188,2019-10-16,43,29,-14
6189,2019-10-16,13,18,5
6190,2019-10-16,119,77,-42
6191,2019-10-16,54,40,-14
6192,2019-10-16,29,21,-8
6193,2019-10-16,72,67,-5
6194,2019-10-16,85,70,-15
6195,2019-10-16,52,34,-18
6196,2019-10-16,74,56,-18
6197,2019-10-16,49,55,6
6198,2019-10-16,12,12,0
6199,2019-10-16,94,65,-29
6200,2019-10-16,73,78,5
6201,2019-10-16,63,50,-13
6202,2019-10-16,100,78,-22
6203,2019-10-16,55,45,-10
6204,2019-10-16,76,94,18
6205,2019-10-16,70,72,2
6206,2019-10-16,110,105,-5
6207,2019-10-16,37,42,5
6208,2019-10-16,47,66,19
6209,2019-10-16,95,73,-22
6210,2019-10-16,27,25,-2
6211,2019-10-16,136,130,-6
6212,2019-10-16,77,48,-29
6213,2019-10-16,94,93,-1
6214,2019-10-16,81,60,-21
6215,2019-10-16,47,39,-8
6216,2019-10-16,81,29,-52
6217,2019-10-16,69,45,-24
6218,2019-10-16,48,46,-2
6219,2019-10-16,76,64,-12
6220,2019-10-16,74,54,-20
6221,2019-10-16,154,125,-29
6222,2019-10-16,51,26,-25
6223,2019-10-16,62,28,-34
6224,2019-10-16,48,34,-14
6225,2019-10-16,46,32,-14
6226,2019-10-16,19,15,-4
6227,2019-10-16,83,74,-9
6228,2019-10-16,18,13,-5
6229,2019-10-16,67,51,-16
6230,2019-10-16,54,48,-6
6231,2019-10-16,86,67,-19
6232,2019-10-16,33,17,-16
6233,2019-10-16,84,72,-12
6234,2019-10-16,51,41,-10
6235,2019-10-16,80,49,-31
6236,2019-10-16,37,42,5
6237,2019-10-16,46,50,4
6240,2019-10-16,8,9,1
6241,2019-10-16,27,19,-8
6243,2019-10-16,45,49,4
6245,2019-10-16,27,20,-7
6246,2019-10-16,58,52,-6
6247,2019-10-16,67,58,-9
6248,2019-10-16,123,97,-26
6249,2019-10-16,42,42,0
6250,2019-10-16,43,44,1
6251,2019-10-16,13,13,0
6252,2019-10-16,36,32,-4
6253,2019-10-16,41,22,-19
6254,2019-10-16,46,38,-8
6255,2019-10-16,55,48,-7
6257,2019-10-16,30,31,1
6258,2019-10-16,48,30,-18
6259,2019-10-16,28,29,1
6260,2019-10-16,37,30,-7
6261,2019-10-16,36,33,-3
6262,2019-10-16,38,41,3
6263,2019-10-16,30,30,0
6264,2019-10-16,25,15,-10
6265,2019-10-16,60,51,-9
6266,2019-10-16,25,25,0
6267,2019-10-16,29,32,3
6268,2019-10-16,35,35,0
6269,2019-10-16,16,21,5
6270,2019-10-16,24,18,-6
6272,2019-10-16,23,23,0
6273,2019-10-16,20,19,-1
6274,2019-10-16,40,23,-17
6275,2019-10-16,18,22,4
6276,2019-10-16,30,29,-1
6277,2019-10-16,27,36,9
6278,2019-10-16,18,15,-3
6279,2019-10-16,16,12,-4
6280,2019-10-16,62,55,-7
6281,2019-10-16,25,18,-7
6301,2019-10-16,18,13,-5
6302,2019-10-16,14,4,-10
6303,2019-10-16,17,10,-7
6304,2019-10-16,11,7,-4
6305,2019-10-16,14,12,-2
6306,2019-10-16,54,19,-35
6307,2019-10-16,51,45,-6
6309,2019-10-16,26,20,-6
6310,2019-10-16,50,19,-31
6311,2019-10-16,30,26,-4
6312,2019-10-16,6,14,8
6313,2019-10-16,23,34,11
6314,2019-10-16,47,51,4
6315,2019-10-16,41,30,-11
6316,2019-10-16,15,6,-9
6321,2019-10-16,47,45,-2
6322,2019-10-16,26,22,-4
6323,2019-10-16,12,11,-1
6324,2019-10-16,25,25,0
6327,2019-10-16,28,21,-7
6328,2019-10-16,24,18,-6
6329,2019-10-16,17,15,-2
6330,2019-10-16,19,17,-2
6331,2019-10-16,14,10,-4
6332,2019-10-16,29,40,11
6333,2019-10-16,12,19,7
6334,2019-10-16,61,61,0
6335,2019-10-16,26,23,-3
6336,2019-10-16,18,21,3
6338,2019-10-16,23,15,-8
6339,2019-10-16,24,29,5
6340,2019-10-16,21,19,-2
6341,2019-10-16,22,30,8
6343,2019-10-16,22,23,1
6344,2019-10-16,23,22,-1
6345,2019-10-16,13,10,-3
6346,2019-10-16,12,11,-1
6347,2019-10-16,23,19,-4
6349,2019-10-16,24,16,-8
6350,2019-10-16,19,9,-10
6354,2019-10-16,17,15,-2
6355,2019-10-16,18,28,10
6356,2019-10-16,29,12,-17
6357,2019-10-16,14,6,-8
6358,2019-10-16,17,14,-3
6359,2019-10-16,63,93,30
6360,2019-10-16,17,12,-5
6361,2019-10-16,34,41,7
6362,2019-10-16,30,23,-7
6363,2019-10-16,22,21,-1
6364,2019-10-16,27,18,-9
6366,2019-10-16,19,17,-2
6367,2019-10-16,21,17,-4
6368,2019-10-16,49,45,-4
6369,2019-10-16,28,40,12
6370,2019-10-16,26,18,-8
6371,2019-10-16,45,42,-3
6372,2019-10-16,42,52,10
6373,2019-10-16,28,35,7
6374,2019-10-16,35,21,-14
6375,2019-10-16,36,43,7
6376,2019-10-16,17,17,0
6377,2019-10-16,26,24,-2
6379,2019-10-16,32,26,-6
6380,2019-10-16,18,18,0
6381,2019-10-16,34,26,-8
6383,2019-10-16,22,17,-5
6384,2019-10-16,14,11,-3
6385,2019-10-16,35,47,12
6386,2019-10-16,35,38,3
6387,2019-10-16,46,55,9
6388,2019-10-16,9,12,3
6389,2019-10-16,29,23,-6
6391,2019-10-16,34,57,23
6393,2019-10-16,45,51,6
6394,2019-10-16,27,36,9
6395,2019-10-16,56,38,-18
6396,2019-10-16,70,61,-9
6397,2019-10-16,22,30,8
6398,2019-10-16,23,33,10
6401,2019-10-16,41,55,14
6402,2019-10-16,24,22,-2
6403,2019-10-16,20,19,-1
6404,2019-10-16,9,15,6
6405,2019-10-16,24,29,5
6406,2019-10-16,31,42,11
6407,2019-10-16,14,17,3
6408,2019-10-16,40,48,8
6409,2019-10-16,12,12,0
6410,2019-10-16,40,41,1
6411,2019-10-16,116,98,-18
6412,2019-10-16,20,26,6
6413,2019-10-16,22,31,9
6414,2019-10-16,10,18,8
6415,2019-10-16,15,11,-4
6416,2019-10-16,23,16,-7
6417,2019-10-16,17,28,11
6418,2019-10-16,4,6,2
6419,2019-10-16,7,11,4
6420,2019-10-16,12,15,3
6421,2019-10-16,24,29,5
6422,2019-10-16,7,11,4
6423,2019-10-16,15,9,-6
6424,2019-10-16,24,68,44
6425,2019-10-16,29,22,-7
6426,2019-10-16,26,40,14
6427,2019-10-16,42,42,0
6428,2019-10-16,8,10,2
6429,2019-10-16,18,21,3
6432,2019-10-16,54,50,-4
6433,2019-10-16,30,26,-4
6434,2019-10-16,45,51,6
6435,2019-10-16,19,24,5
6436,2019-10-16,16,9,-7
6501,2019-10-16,34,46,12
6502,2019-10-16,6,11,5
6503,2019-10-16,53,41,-12
6504,2019-10-16,5,6,1
6700,2019-10-16,13,21,8
6701,2019-10-16,49,45,-4
6702,2019-10-16,8,13,5
6703,2019-10-16,29,28,-1
6704,2019-10-16,20,8,-12
6705,2019-10-16,14,8,-6
6706,2019-10-16,16,17,1
6707,2019-10-16,11,17,6
6709,2019-10-16,17,15,-2
6710,2019-10-16,8,8,0
6711,2019-10-16,14,14,0
6712,2019-10-16,5,8,3
6713,2019-10-16,13,13,0
6714,2019-10-16,1,0,-1
6715,2019-10-16,13,8,-5
6716,2019-10-16,11,8,-3
6717,2019-10-16,1,9,8
6718,2019-10-16,14,14,0
6719,2019-10-16,19,18,-1
6720,2019-10-16,22,26,4
6721,2019-10-16,10,10,0
6722,2019-10-16,6,7,1
6723,2019-10-16,13,12,-1
6724,2019-10-16,20,27,7
6725,2019-10-16,24,20,-4
6726,2019-10-16,9,9,0
6727,2019-10-16,60,66,6
6728,2019-10-16,7,8,1
6729,2019-10-16,81,119,38
6730,2019-10-16,7,5,-2
6731,2019-10-16,5,3,-2
6732,2019-10-16,26,19,-7
6733,2019-10-16,16,23,7
6734,2019-10-16,29,29,0
6736,2019-10-16,7,15,8
6737,2019-10-16,15,23,8
6738,2019-10-16,64,64,0
6739,2019-10-16,5,8,3
6741,2019-10-16,14,21,7
6742,2019-10-16,20,30,10
6743,2019-10-16,15,10,-5
6744,2019-10-16,17,15,-2
6745,2019-10-16,11,15,4
6746,2019-10-16,20,18,-2
6747,2019-10-16,33,44,11
6748,2019-10-16,43,57,14
6749,2019-10-16,37,39,2
6750,2019-10-16,29,27,-2
6752,2019-10-16,27,33,6
6753,2019-10-16,19,15,-4
6754,2019-10-16,11,14,3
6901,2019-10-16,29,40,11
6902,2019-10-16,72,74,2
6903,2019-10-16,73,77,4
6904,2019-10-16,48,34,-14
6905,2019-10-16,28,29,1
6906,2019-10-16,79,64,-15
6907,2019-10-16,62,25,-37
6908,2019-10-16,37,40,3
6910,2019-10-16,77,79,2
6912,2019-10-16,97,83,-14
6913,2019-10-16,32,25,-7
6915,2019-10-16,61,42,-19
6916,2019-10-16,22,24,2
6917,2019-10-16,11,17,6
6918,2019-10-16,16,14,-2
6919,2019-10-16,21,11,-10
6921,2019-10-16,56,54,-2
6923,2019-10-16,28,29,1
6924,2019-10-16,16,6,-10
6925,2019-10-16,41,44,3
6926,2019-10-16,54,47,-7
6927,2019-10-16,48,27,-21
6928,2019-10-16,43,20,-23
6929,2019-10-16,28,14,-14
6930,2019-10-16,13,19,6
7001,2019-10-16,23,25,2
7002,2019-10-16,7,11,4
7003,2019-10-16,106,103,-3
7004,2019-10-16,18,16,-2
7005,2019-10-16,2,2,0
7006,2019-10-16,14,12,-2
7007,2019-10-16,15,18,3
7008,2019-10-16,22,25,3
7009,2019-10-16,29,34,5
7010,2019-10-16,15,10,-5
7011,2019-10-16,47,50,3
7012,2019-10-16,16,25,9
7013,2019-10-16,14,13,-1
7014,2019-10-16,53,31,-22
7015,2019-10-16,4,4,0
7016,2019-10-16,7,7,0
7017,2019-10-16,21,27,6
7018,2019-10-16,13,27,14
7019,2019-10-16,83,84,1
7020,2019-10-16,15,26,11
7021,2019-10-16,43,47,4
7022,2019-10-16,25,21,-4
7023,2019-10-16,2,1,-1
7024,2019-10-16,54,33,-21
7025,2019-10-16,35,26,-9
7026,2019-10-16,63,59,-4
7027,2019-10-16,41,26,-15
7028,2019-10-16,93,92,-1
7029,2019-10-16,40,40,0
7030,2019-10-16,42,54,12
7031,2019-10-16,39,35,-4
7032,2019-10-16,67,46,-21
7033,2019-10-16,64,67,3
7034,2019-10-16,9,27,18
7035,2019-10-16,30,34,4
7036,2019-10-16,31,35,4
7037,2019-10-16,45,31,-14
7038,2019-10-16,62,62,0
7039,2019-10-16,21,14,-7
7040,2019-10-16,48,58,10
7041,2019-10-16,87,87,0
7042,2019-10-16,27,26,-1
7043,2019-10-16,13,9,-4
7044,2019-10-16,10,5,-5
7045,2019-10-16,40,43,3
7046,2019-10-16,43,69,26
7047,2019-10-16,70,117,47
7048,2019-10-16,9,17,8
7049,2019-10-16,13,24,11
7050,2019-10-16,24,22,-2
7051,2019-10-16,8,6,-2
7052,2019-10-16,44,48,4
7053,2019-10-16,23,21,-2
7054,2019-10-16,24,30,6
7055,2019-10-16,12,20,8
7056,2019-10-16,15,15,0
7057,2019-10-16,15,13,-2
7058,2019-10-16,21,23,2
7059,2019-10-16,16,19,3
7060,2019-10-16,18,24,6
7061,2019-10-16,22,18,-4
7062,2019-10-16,44,41,-3
7063,2019-10-16,18,14,-4
7064,2019-10-16,14,23,9
7065,2019-10-16,31,25,-6
7066,2019-10-16,43,85,42
7067,2019-10-16,46,55,9
7068,2019-10-16,41,44,3
7069,2019-10-16,62,89,27
7070,2019-10-16,26,35,9
7071,2019-10-16,31,23,-8
7072,2019-10-16,29,18,-11
7073,2019-10-16,45,45,0
7074,2019-10-16,25,21,-4
7075,2019-10-16,4,7,3
7076,2019-10-16,60,28,-32
7077,2019-10-16,22,15,-7
7078,2019-10-16,14,14,0
7079,2019-10-16,33,42,9
7080,2019-10-16,74,90,16
7081,2019-10-16,45,69,24
7082,2019-10-16,58,65,7
7083,2019-10-16,48,47,-1
7084,2019-10-16,76,87,11
7086,2019-10-16,1,1,0
7087,2019-10-16,2,1,-1
7089,2019-10-16,1,1,0
7090,2019-10-16,12,16,4
7091,2019-10-16,2,1,-1
7092,2019-10-16,2,5,3
7093,2019-10-16,1,0,-1
7095,2019-10-16,8,13,5
7096,2019-10-16,17,21,4
7097,2019-10-16,3,3,0
7099,2019-10-16,2,1,-1
7100,2019-10-16,2,3,1
7101,2019-10-16,4,5,1
7102,2019-10-16,9,15,6
7103,2019-10-16,1,1,0
7105,2019-10-16,1,2,1
7107,2019-10-16,2,2,0
7108,2019-10-16,4,4,0
7109,2019-10-16,12,10,-2
7111,2019-10-16,3,3,0
7112,2019-10-16,11,9,-2
7113,2019-10-16,58,58,0
7114,2019-10-16,51,68,17
7115,2019-10-16,8,5,-3
7116,2019-10-16,5,5,0
7117,2019-10-16,3,2,-1
7118,2019-10-16,2,5,3
7119,2019-10-16,2,2,0
7120,2019-10-16,3,1,-2
7121,2019-10-16,2,3,1
7122,2019-10-16,6,3,-3
7123,2019-10-16,1,2,1
7124,2019-10-16,17,16,-1
7125,2019-10-16,8,4,-4
7126,2019-10-16,5,5,0
7127,2019-10-16,20,24,4
7128,2019-10-16,12,11,-1
7129,2019-10-16,7,10,3
7130,2019-10-16,13,12,-1
7131,2019-10-16,3,2,-1
7132,2019-10-16,3,1,-2
7133,2019-10-16,1,2,1
7134,2019-10-16,3,3,0
7135,2019-10-16,4,4,0
7136,2019-10-16,9,10,1
7137,2019-10-16,3,6,3
7138,2019-10-16,2,3,1
7139,2019-10-16,11,9,-2
7140,2019-10-16,19,15,-4
7141,2019-10-16,18,25,7
7142,2019-10-16,5,7,2
7143,2019-10-16,11,18,7
7144,2019-10-16,25,32,7
7145,2019-10-16,13,8,-5
7146,2019-10-16,15,21,6
7147,2019-10-16,21,32,11
7148,2019-10-16,6,5,-1
7149,2019-10-16,12,15,3
7150,2019-10-16,1,1,0
7151,2019-10-16,1,2,1
7152,2019-10-16,2,1,-1
7153,2019-10-16,1,1,0
10002,2019-10-16,84,82,-2
4000,2019-10-17,7,10,3
4002,2019-10-17,4,7,3
5006,2019-10-17,1,1,0
5007,2019-10-17,1,2,1
6001,2019-10-17,9,12,3
6002,2019-10-17,4,9,5
6003,2019-10-17,10,24,14
6004,2019-10-17,5,8,3
6005,2019-10-17,10,8,-2
6006,2019-10-17,9,2,-7
6007,2019-10-17,3,9,6
6008,2019-10-17,10,15,5
6009,2019-10-17,16,16,0
6011,2019-10-17,12,9,-3
6012,2019-10-17,17,29,12
6013,2019-10-17,10,7,-3
6014,2019-10-17,6,11,5
6015,2019-10-17,20,37,17
6016,2019-10-17,1,3,2
6017,2019-10-17,7,13,6
6018,2019-10-17,4,18,14
6019,2019-10-17,28,22,-6
6020,2019-10-17,17,23,6
6021,2019-10-17,23,15,-8
6022,2019-10-17,8,8,0
6023,2019-10-17,10,10,0
6025,2019-10-17,6,1,-5
6026,2019-10-17,9,12,3
6027,2019-10-17,17,9,-8
6029,2019-10-17,5,4,-1
6031,2019-10-17,8,5,-3
6032,2019-10-17,6,14,8
6033,2019-10-17,4,4,0
6035,2019-10-17,12,15,3
6036,2019-10-17,11,12,1
6037,2019-10-17,9,7,-2
6038,2019-10-17,9,9,0
6039,2019-10-17,12,14,2
6040,2019-10-17,10,12,2
6041,2019-10-17,10,12,2
6042,2019-10-17,7,5,-2
6043,2019-10-17,14,27,13
6044,2019-10-17,17,22,5
6046,2019-10-17,18,24,6
6047,2019-10-17,40,22,-18
6048,2019-10-17,5,5,0
6049,2019-10-17,27,27,0
6050,2019-10-17,7,8,1
6051,2019-10-17,7,11,4
6052,2019-10-17,20,16,-4
6053,2019-10-17,25,29,4
6057,2019-10-17,18,13,-5
6058,2019-10-17,8,4,-4
6059,2019-10-17,7,4,-3
6060,2019-10-17,9,2,-7
6061,2019-10-17,9,5,-4
6062,2019-10-17,9,10,1
6063,2019-10-17,24,4,-20
6064,2019-10-17,23,15,-8
6065,2019-10-17,8,10,2
6066,2019-10-17,18,2,-16
6067,2019-10-17,8,7,-1
6068,2019-10-17,2,0,-2
6070,2019-10-17,68,73,5
6072,2019-10-17,11,6,-5
6073,2019-10-17,24,11,-13
6075,2019-10-17,13,10,-3
6076,2019-10-17,2,5,3
6079,2019-10-17,16,19,3
6080,2019-10-17,12,16,4
6082,2019-10-17,1,5,4
6083,2019-10-17,10,12,2
6084,2019-10-17,15,18,3
6085,2019-10-17,22,32,10
6086,2019-10-17,12,19,7
6087,2019-10-17,13,27,14
6088,2019-10-17,3,5,2
6089,2019-10-17,10,10,0
6090,2019-10-17,20,22,2
6091,2019-10-17,13,10,-3
6092,2019-10-17,9,6,-3
6093,2019-10-17,4,4,0
6094,2019-10-17,11,5,-6
6095,2019-10-17,12,9,-3
6096,2019-10-17,4,6,2
6097,2019-10-17,12,4,-8
6098,2019-10-17,14,6,-8
6099,2019-10-17,17,15,-2
6101,2019-10-17,21,5,-16
6102,2019-10-17,4,4,0
6103,2019-10-17,3,6,3
6104,2019-10-17,4,13,9
6105,2019-10-17,7,18,11
6106,2019-10-17,4,6,2
6107,2019-10-17,15,15,0
6108,2019-10-17,7,11,4
6110,2019-10-17,9,7,-2
6111,2019-10-17,7,7,0
6112,2019-10-17,14,25,11
6113,2019-10-17,3,4,1
6114,2019-10-17,20,25,5
6115,2019-10-17,1,4,3
6116,2019-10-17,11,13,2
6117,2019-10-17,14,8,-6
6118,2019-10-17,9,18,9
6119,2019-10-17,9,17,8
6120,2019-10-17,20,25,5
6121,2019-10-17,2,5,3
6122,2019-10-17,1,4,3
6124,2019-10-17,5,6,1
6125,2019-10-17,4,3,-1
6126,2019-10-17,13,16,3
6127,2019-10-17,4,2,-2
6128,2019-10-17,3,1,-2
6129,2019-10-17,15,12,-3
6130,2019-10-17,3,6,3
6131,2019-10-17,8,12,4
6132,2019-10-17,10,18,8
6133,2019-10-17,3,5,2
6134,2019-10-17,10,5,-5
6136,2019-10-17,94,66,-28
6137,2019-10-17,20,27,7
6138,2019-10-17,11,17,6
6139,2019-10-17,8,4,-4
6140,2019-10-17,22,21,-1
6141,2019-10-17,11,15,4
6142,2019-10-17,12,14,2
6143,2019-10-17,15,9,-6
6145,2019-10-17,10,10,0
6146,2019-10-17,12,13,1
6147,2019-10-17,17,18,1
6148,2019-10-17,31,25,-6
6149,2019-10-17,7,12,5
6150,2019-10-17,12,12,0
6151,2019-10-17,16,21,5
6152,2019-10-17,14,21,7
6153,2019-10-17,4,6,2
6154,2019-10-17,45,44,-1
6155,2019-10-17,32,23,-9
6156,2019-10-17,10,21,11
6157,2019-10-17,31,23,-8
6158,2019-10-17,14,25,11
6159,2019-10-17,4,6,2
6160,2019-10-17,17,17,0
6161,2019-10-17,9,18,9
6162,2019-10-17,2,3,1
6163,2019-10-17,31,40,9
6164,2019-10-17,17,23,6
6165,2019-10-17,23,32,9
6166,2019-10-17,11,10,-1
6167,2019-10-17,11,17,6
6168,2019-10-17,22,12,-10
6169,2019-10-17,22,21,-1
6170,2019-10-17,11,17,6
6171,2019-10-17,10,10,0
6173,2019-10-17,19,16,-3
6174,2019-10-17,25,21,-4
6175,2019-10-17,23,10,-13
6176,2019-10-17,12,17,5
6177,2019-10-17,21,19,-2
6178,2019-10-17,18,25,7
6179,2019-10-17,20,23,3
6180,2019-10-17,8,9,1
6181,2019-10-17,38,26,-12
6182,2019-10-17,7,8,1
6183,2019-10-17,12,10,-2
6184,2019-10-17,61,44,-17
6185,2019-10-17,4,4,0
6186,2019-10-17,12,7,-5
6187,2019-10-17,27,23,-4
6188,2019-10-17,11,13,2
6189,2019-10-17,4,4,0
6190,2019-10-17,39,20,-19
6191,2019-10-17,13,15,2
6192,2019-10-17,5,8,3
6193,2019-10-17,17,22,5
6194,2019-10-17,17,10,-7
6195,2019-10-17,12,12,0
6196,2019-10-17,29,21,-8
6197,2019-10-17,13,13,0
6198,2019-10-17,3,2,-1
6199,2019-10-17,30,19,-11
6200,2019-10-17,17,8,-9
6201,2019-10-17,14,11,-3
6202,2019-10-17,30,18,-12
6203,2019-10-17,18,14,-4
6204,2019-10-17,27,28,1
6205,2019-10-17,21,17,-4
6206,2019-10-17,27,18,-9
6207,2019-10-17,10,11,1
6208,2019-10-17,29,24,-5
6209,2019-10-17,23,18,-5
6210,2019-10-17,13,1,-12
6211,2019-10-17,32,47,15
6212,2019-10-17,21,14,-7
6213,2019-10-17,21,24,3
6214,2019-10-17,7,17,10
6215,2019-10-17,12,3,-9
6216,2019-10-17,17,5,-12
6217,2019-10-17,27,9,-18
6218,2019-10-17,11,8,-3
6219,2019-10-17,18,16,-2
6220,2019-10-17,12,12,0
6221,2019-10-17,52,43,-9
6222,2019-10-17,22,7,-15
6223,2019-10-17,10,8,-2
6224,2019-10-17,19,11,-8
6225,2019-10-17,11,11,0
6226,2019-10-17,5,7,2
6227,2019-10-17,22,22,0
6228,2019-10-17,3,4,1
6229,2019-10-17,11,9,-2
6230,2019-10-17,12,14,2
6231,2019-10-17,16,12,-4
6232,2019-10-17,3,4,1
6233,2019-10-17,30,27,-3
6234,2019-10-17,16,7,-9
6235,2019-10-17,31,14,-17
6236,2019-10-17,4,15,11
6237,2019-10-17,9,16,7
6240,2019-10-17,1,3,2
6241,2019-10-17,4,6,2
6243,2019-10-17,5,14,9
6245,2019-10-17,4,8,4
6246,2019-10-17,12,13,1
6247,2019-10-17,17,17,0
6248,2019-10-17,48,31,-17
6249,2019-10-17,11,5,-6
6250,2019-10-17,11,8,-3
6251,2019-10-17,1,4,3
6252,2019-10-17,11,7,-4
6253,2019-10-17,12,13,1
6254,2019-10-17,16,12,-4
6255,2019-10-17,19,14,-5
6257,2019-10-17,6,7,1
6258,2019-10-17,14,17,3
6259,2019-10-17,5,6,1
6260,2019-10-17,8,9,1
6261,2019-10-17,9,5,-4
6262,2019-10-17,12,20,8
6263,2019-10-17,3,7,4
6264,2019-10-17,6,6,0
6265,2019-10-17,23,23,0
6266,2019-10-17,3,9,6
6267,2019-10-17,8,12,4
6268,2019-10-17,12,12,0
6269,2019-10-17,2,2,0
6270,2019-10-17,2,7,5
6272,2019-10-17,8,7,-1
6273,2019-10-17,3,6,3
6274,2019-10-17,5,5,0
6275,2019-10-17,4,7,3
6276,2019-10-17,5,10,5
6277,2019-10-17,4,9,5
6278,2019-10-17,7,3,-4
6279,2019-10-17,4,3,-1
6280,2019-10-17,21,19,-2
6281,2019-10-17,4,4,0
6301,2019-10-17,4,3,-1
6302,2019-10-17,3,2,-1
6303,2019-10-17,4,5,1
6304,2019-10-17,3,3,0
6305,2019-10-17,4,4,0
6306,2019-10-17,19,7,-12
6307,2019-10-17,19,13,-6
6309,2019-10-17,8,3,-5
6310,2019-10-17,9,6,-3
6311,2019-10-17,5,9,4
6312,2019-10-17,2,3,1
6313,2019-10-17,6,4,-2
6314,2019-10-17,15,22,7
6315,2019-10-17,15,5,-10
6316,2019-10-17,2,3,1
6321,2019-10-17,10,8,-2
6322,2019-10-17,5,7,2
6323,2019-10-17,3,2,-1
6324,2019-10-17,3,6,3
6327,2019-10-17,8,13,5
6328,2019-10-17,6,10,4
6329,2019-10-17,2,8,6
6330,2019-10-17,3,3,0
6331,2019-10-17,1,0,-1
6332,2019-10-17,4,14,10
6333,2019-10-17,3,4,1
6334,2019-10-17,15,13,-2
6335,2019-10-17,4,8,4
6336,2019-10-17,9,5,-4
6338,2019-10-17,7,3,-4
6339,2019-10-17,6,9,3
6340,2019-10-17,6,8,2
6341,2019-10-17,4,6,2
6343,2019-10-17,9,10,1
6344,2019-10-17,6,2,-4
6345,2019-10-17,1,5,4
6346,2019-10-17,2,1,-1
6347,2019-10-17,9,7,-2
6349,2019-10-17,3,3,0
6350,2019-10-17,4,7,3
6354,2019-10-17,3,3,0
6355,2019-10-17,3,10,7
6356,2019-10-17,4,3,-1
6358,2019-10-17,4,4,0
6359,2019-10-17,22,17,-5
6360,2019-10-17,2,4,2
6361,2019-10-17,4,7,3
6362,2019-10-17,7,6,-1
6363,2019-10-17,4,2,-2
6364,2019-10-17,6,2,-4
6366,2019-10-17,3,3,0
6367,2019-10-17,2,4,2
6368,2019-10-17,10,14,4
6369,2019-10-17,2,8,6
6370,2019-10-17,6,10,4
6371,2019-10-17,20,12,-8
6372,2019-10-17,8,18,10
6373,2019-10-17,6,4,-2
6374,2019-10-17,11,11,0
6375,2019-10-17,6,8,2
6376,2019-10-17,5,6,1
6377,2019-10-17,3,8,5
6379,2019-10-17,3,7,4
6380,2019-10-17,1,2,1
6381,2019-10-17,5,6,1
6383,2019-10-17,3,5,2
6384,2019-10-17,2,1,-1
6385,2019-10-17,9,19,10
6386,2019-10-17,6,8,2
6387,2019-10-17,15,16,1
6388,2019-10-17,2,3,1
6389,2019-10-17,10,4,-6
6391,2019-10-17,10,11,1
6393,2019-10-17,13,11,-2
6394,2019-10-17,7,12,5
6395,2019-10-17,16,4,-12
6396,2019-10-17,30,13,-17
6397,2019-10-17,2,10,8
6398,2019-10-17,6,12,6
6401,2019-10-17,8,19,11
6402,2019-10-17,2,1,-1
6403,2019-10-17,1,3,2
6404,2019-10-17,1,9,8
6405,2019-10-17,5,9,4
6406,2019-10-17,5,5,0
6407,2019-10-17,1,3,2
6408,2019-10-17,20,10,-10
6409,2019-10-17,1,4,3
6410,2019-10-17,23,20,-3
6411,2019-10-17,41,34,-7
6412,2019-10-17,7,11,4
6413,2019-10-17,7,8,1
6414,2019-10-17,2,2,0
6415,2019-10-17,3,2,-1
6416,2019-10-17,4,1,-3
6417,2019-10-17,1,4,3
6420,2019-10-17,3,3,0
6421,2019-10-17,9,11,2
6423,2019-10-17,4,0,-4
6424,2019-10-17,9,10,1
6425,2019-10-17,6,2,-4
6426,2019-10-17,14,8,-6
6427,2019-10-17,6,9,3
6429,2019-10-17,6,5,-1
6432,2019-10-17,7,5,-2
6433,2019-10-17,2,3,1
6434,2019-10-17,8,10,2
6435,2019-10-17,5,5,0
6436,2019-10-17,2,3,1
6501,2019-10-17,2,1,-1
6502,2019-10-17,1,0,-1
6503,2019-10-17,14,5,-9
6700,2019-10-17,3,6,3
6701,2019-10-17,11,8,-3
6702,2019-10-17,4,3,-1
6703,2019-10-17,3,1,-2
6704,2019-10-17,3,2,-1
6706,2019-10-17,2,6,4
6707,2019-10-17,4,4,0
6709,2019-10-17,2,5,3
6710,2019-10-17,3,4,1
6711,2019-10-17,3,2,-1
6713,2019-10-17,1,2,1
6715,2019-10-17,1,1,0
6716,2019-10-17,2,2,0
6717,2019-10-17,2,4,2
6718,2019-10-17,1,2,1
6719,2019-10-17,1,4,3
6720,2019-10-17,1,10,9
6721,2019-10-17,5,1,-4
6722,2019-10-17,1,5,4
6723,2019-10-17,2,1,-1
6724,2019-10-17,5,7,2
6725,2019-10-17,2,0,-2
6727,2019-10-17,13,14,1
6728,2019-10-17,1,4,3
6729,2019-10-17,24,29,5
6731,2019-10-17,1,0,-1
6732,2019-10-17,5,3,-2
6733,2019-10-17,3,6,3
6734,2019-10-17,12,9,-3
6736,2019-10-17,1,1,0
6737,2019-10-17,5,4,-1
6738,2019-10-17,9,7,-2
6741,2019-10-17,1,3,2
6742,2019-10-17,1,7,6
6743,2019-10-17,5,4,-1
6744,2019-10-17,3,5,2
6745,2019-10-17,1,4,3
6746,2019-10-17,3,6,3
6747,2019-10-17,9,13,4
6748,2019-10-17,12,22,10
6749,2019-10-17,9,4,-5
6750,2019-10-17,11,11,0
6752,2019-10-17,6,7,1
6753,2019-10-17,3,2,-1
6754,2019-10-17,2,1,-1
6901,2019-10-17,8,4,-4
6902,2019-10-17,15,26,11
6903,2019-10-17,37,30,-7
6904,2019-10-17,12,9,-3
6905,2019-10-17,6,6,0
6906,2019-10-17,22,11,-11
6907,2019-10-17,14,7,-7
6908,2019-10-17,6,8,2
6910,2019-10-17,26,10,-16
6912,2019-10-17,25,22,-3
6913,2019-10-17,7,10,3
6915,2019-10-17,20,15,-5
6916,2019-10-17,5,8,3
6917,2019-10-17,3,8,5
6918,2019-10-17,5,4,-1
6919,2019-10-17,9,2,-7
6921,2019-10-17,21,14,-7
6923,2019-10-17,7,7,0
6924,2019-10-17,3,4,1
6925,2019-10-17,7,4,-3
6926,2019-10-17,14,8,-6
6927,2019-10-17,9,10,1
6928,2019-10-17,11,5,-6
6929,2019-10-17,8,7,-1
6930,2019-10-17,1,1,0
7001,2019-10-17,3,3,0
7003,2019-10-17,29,24,-5
7004,2019-10-17,8,6,-2
7005,2019-10-17,1,0,-1
7007,2019-10-17,2,0,-2
7008,2019-10-17,5,4,-1
7009,2019-10-17,8,3,-5
7010,2019-10-17,2,1,-1
7011,2019-10-17,10,17,7
7012,2019-10-17,4,8,4
7013,2019-10-17,4,3,-1
7014,2019-10-17,13,4,-9
7016,2019-10-17,1,1,0
7017,2019-10-17,3,12,9
7018,2019-10-17,3,8,5
7019,2019-10-17,14,5,-9
7020,2019-10-17,6,3,-3
7021,2019-10-17,5,7,2
7022,2019-10-17,8,6,-2
7024,2019-10-17,21,12,-9
7025,2019-10-17,9,6,-3
7026,2019-10-17,24,18,-6
7027,2019-10-17,10,10,0
7028,2019-10-17,48,19,-29
7029,2019-10-17,12,13,1
7030,2019-10-17,15,22,7
7031,2019-10-17,13,13,0
7032,2019-10-17,15,13,-2
7033,2019-10-17,22,19,-3
7034,2019-10-17,3,4,1
7035,2019-10-17,9,11,2
7036,2019-10-17,6,7,1
7037,2019-10-17,13,14,1
7038,2019-10-17,20,18,-2
7040,2019-10-17,11,8,-3
7041,2019-10-17,8,8,0
7042,2019-10-17,9,9,0
7043,2019-10-17,3,3,0
7044,2019-10-17,1,1,0
7045,2019-10-17,9,5,-4
7046,2019-10-17,17,14,-3
7047,2019-10-17,22,35,13
7049,2019-10-17,3,4,1
7050,2019-10-17,6,7,1
7051,2019-10-17,2,2,0
7052,2019-10-17,6,7,1
7053,2019-10-17,5,4,-1
7054,2019-10-17,1,1,0
7055,2019-10-17,7,6,-1
7056,2019-10-17,1,4,3
7057,2019-10-17,4,2,-2
7058,2019-10-17,3,4,1
7059,2019-10-17,4,8,4
7060,2019-10-17,3,5,2
7061,2019-10-17,7,3,-4
7062,2019-10-17,8,4,-4
7063,2019-10-17,5,2,-3
7064,2019-10-17,3,5,2
7065,2019-10-17,7,8,1
7066,2019-10-17,4,9,5
7067,2019-10-17,7,9,2
7068,2019-10-17,7,15,8
7069,2019-10-17,13,12,-1
7070,2019-10-17,8,11,3
7071,2019-10-17,8,2,-6
7072,2019-10-17,9,9,0
7073,2019-10-17,13,13,0
7074,2019-10-17,8,14,6
7076,2019-10-17,13,10,-3
7078,2019-10-17,7,6,-1
7079,2019-10-17,3,5,2
7080,2019-10-17,19,22,3
7081,2019-10-17,12,16,4
7082,2019-10-17,14,11,-3
7083,2019-10-17,16,21,5
7084,2019-10-17,36,34,-2
7087,2019-10-17,2,2,0
7090,2019-10-17,1,1,0
7095,2019-10-17,1,1,0
7096,2019-10-17,3,3,0
7100,2019-10-17,1,1,0
7112,2019-10-17,1,0,-1
7113,2019-10-17,28,20,-8
7114,2019-10-17,9,20,11
7115,2019-10-17,1,0,-1
7116,2019-10-17,2,0,-2
7118,2019-10-17,1,0,-1
7124,2019-10-17,4,7,3
7125,2019-10-17,1,0,-1
7126,2019-10-17,2,3,1
7127,2019-10-17,8,6,-2
7128,2019-10-17,5,3,-2
7129,2019-10-17,4,3,-1
7130,2019-10-17,3,1,-2
7131,2019-10-17,1,0,-1
7135,2019-10-17,2,1,-1
7136,2019-10-17,3,3,0
7140,2019-10-17,6,9,3
7141,2019-10-17,3,4,1
7142,2019-10-17,2,2,0
7144,2019-10-17,5,5,0
7145,2019-10-17,1,4,3
7146,2019-10-17,2,7,5
7147,2019-10-17,6,5,-1
7148,2019-10-17,3,4,1
7149,2019-10-17,2,4,2
10002,2019-10-17,25,27,2
4000,2019-10-18,37,43,6
4001,2019-10-18,7,14,7
4002,2019-10-18,14,13,-1
5002,2019-10-18,1,2,1
5003,2019-10-18,1,2,1
5004,2019-10-18,1,0,-1
5005,2019-10-18,2,3,1
5007,2019-10-18,9,10,1
6001,2019-10-18,44,57,13
6002,2019-10-18,40,35,-5
6003,2019-10-18,53,60,7
6004,2019-10-18,27,35,8
6005,2019-10-18,44,52,8
6006,2019-10-18,24,12,-12
6007,2019-10-18,20,25,5
6008,2019-10-18,28,69,41
6009,2019-10-18,82,85,3
6011,2019-10-18,47,65,18
6012,2019-10-18,81,148,67
6013,2019-10-18,40,50,10
6014,2019-10-18,39,49,10
6015,2019-10-18,81,144,63
6016,2019-10-18,4,9,5
6017,2019-10-18,30,34,4
6018,2019-10-18,33,50,17
6019,2019-10-18,132,89,-43
6020,2019-10-18,46,79,33
6021,2019-10-18,71,38,-33
6022,2019-10-18,39,38,-1
6023,2019-10-18,47,58,11
6025,2019-10-18,15,18,3
6026,2019-10-18,38,61,23
6027,2019-10-18,75,87,12
6029,2019-10-18,17,27,10
6031,2019-10-18,29,30,1
6032,2019-10-18,31,99,68
6033,2019-10-18,13,17,4
6035,2019-10-18,26,57,31
6036,2019-10-18,36,86,50
6037,2019-10-18,32,41,9
6038,2019-10-18,58,72,14
6039,2019-10-18,50,74,24
6040,2019-10-18,48,70,22
6041,2019-10-18,42,38,-4
6042,2019-10-18,65,61,-4
6043,2019-10-18,121,232,111
6044,2019-10-18,69,53,-16
6046,2019-10-18,85,95,10
6047,2019-10-18,91,73,-18
6048,2019-10-18,36,39,3
6049,2019-10-18,95,103,8
6050,2019-10-18,23,25,2
6051,2019-10-18,21,27,6
6052,2019-10-18,76,108,32
6053,2019-10-18,109,136,27
6057,2019-10-18,55,61,6
6058,2019-10-18,56,55,-1
6059,2019-10-18,33,30,-3
6060,2019-10-18,31,14,-17
6061,2019-10-18,52,45,-7
6062,2019-10-18,39,30,-9
6063,2019-10-18,49,39,-10
6064,2019-10-18,112,102,-10
6065,2019-10-18,56,37,-19
6066,2019-10-18,16,13,-3
6067,2019-10-18,26,22,-4
6068,2019-10-18,8,11,3
6070,2019-10-18,130,167,37
6072,2019-10-18,51,41,-10
6073,2019-10-18,105,142,37
6075,2019-10-18,38,21,-17
6076,2019-10-18,10,15,5
6078,2019-10-18,23,23,0
6079,2019-10-18,44,51,7
6080,2019-10-18,69,82,13
6082,2019-10-18,17,15,-2
6083,2019-10-18,60,98,38
6084,2019-10-18,42,51,9
6085,2019-10-18,57,98,41
6086,2019-10-18,36,63,27
6087,2019-10-18,63,85,22
6088,2019-10-18,22,29,7
6089,2019-10-18,42,42,0
6090,2019-10-18,42,45,3
6091,2019-10-18,41,37,-4
6092,2019-10-18,45,60,15
6093,2019-10-18,27,18,-9
6094,2019-10-18,28,29,1
6095,2019-10-18,57,41,-16
6096,2019-10-18,37,56,19
6097,2019-10-18,55,22,-33
6098,2019-10-18,47,55,8
6099,2019-10-18,55,61,6
6101,2019-10-18,53,14,-39
6102,2019-10-18,21,15,-6
6103,2019-10-18,15,15,0
6104,2019-10-18,44,59,15
6105,2019-10-18,30,46,16
6106,2019-10-18,12,21,9
6107,2019-10-18,68,59,-9
6108,2019-10-18,23,36,13
6109,2019-10-18,3,3,0
6110,2019-10-18,20,16,-4
6111,2019-10-18,28,26,-2
6112,2019-10-18,61,74,13
6113,2019-10-18,18,37,19
6114,2019-10-18,64,99,35
6115,2019-10-18,13,17,4
6116,2019-10-18,34,49,15
6117,2019-10-18,55,59,4
6118,2019-10-18,48,64,16
6119,2019-10-18,49,65,16
6120,2019-10-18,51,83,32
6121,2019-10-18,9,15,6
6122,2019-10-18,15,11,-4
6123,2019-10-18,15,16,1
6124,2019-10-18,21,38,17
6125,2019-10-18,14,14,0
6126,2019-10-18,24,27,3
6127,2019-10-18,12,9,-3
6128,2019-10-18,8,20,12
6129,2019-10-18,46,42,-4
6130,2019-10-18,16,8,-8
6131,2019-10-18,56,30,-26
6132,2019-10-18,47,51,4
6133,2019-10-18,25,16,-9
6134,2019-10-18,28,23,-5
6136,2019-10-18,244,180,-64
6137,2019-10-18,80,73,-7
6138,2019-10-18,62,46,-16
6139,2019-10-18,33,26,-7
6140,2019-10-18,62,49,-13
6141,2019-10-18,44,27,-17
6142,2019-10-18,48,39,-9
6143,2019-10-18,61,53,-8
6145,2019-10-18,29,30,1
6146,2019-10-18,32,32,0
6147,2019-10-18,67,42,-25
6148,2019-10-18,84,68,-16
6149,2019-10-18,37,28,-9
6150,2019-10-18,45,38,-7
6151,2019-10-18,72,58,-14
6152,2019-10-18,100,105,5
6154,2019-10-18,137,132,-5
6155,2019-10-18,121,96,-25
6156,2019-10-18,48,53,5
6157,2019-10-18,87,77,-10
6158,2019-10-18,68,56,-12
6159,2019-10-18,24,30,6
6160,2019-10-18,37,42,5
6161,2019-10-18,40,44,4
6162,2019-10-18,3,4,1
6163,2019-10-18,97,95,-2
6164,2019-10-18,66,66,0
6165,2019-10-18,102,109,7
6166,2019-10-18,49,42,-7
6167,2019-10-18,41,33,-8
6168,2019-10-18,87,49,-38
6169,2019-10-18,93,90,-3
6170,2019-10-18,48,47,-1
6171,2019-10-18,39,39,0
6173,2019-10-18,68,48,-20
6174,2019-10-18,82,63,-19
6175,2019-10-18,85,37,-48
6176,2019-10-18,70,65,-5
6177,2019-10-18,62,57,-5
6178,2019-10-18,61,64,3
6179,2019-10-18,73,72,-1
6180,2019-10-18,39,42,3
6181,2019-10-18,110,50,-60
6182,2019-10-18,27,25,-2
6183,2019-10-18,63,61,-2
6184,2019-10-18,162,154,-8
6185,2019-10-18,17,17,0
6186,2019-10-18,30,21,-9
6187,2019-10-18,68,87,19
6188,2019-10-18,31,40,9
6189,2019-10-18,18,13,-5
6190,2019-10-18,98,65,-33
6191,2019-10-18,46,39,-7
6192,2019-10-18,26,19,-7
6193,2019-10-18,80,74,-6
6194,2019-10-18,81,64,-17
6195,2019-10-18,55,27,-28
6196,2019-10-18,101,79,-22
6197,2019-10-18,38,31,-7
6198,2019-10-18,16,11,-5
6199,2019-10-18,81,68,-13
6200,2019-10-18,73,75,2
6201,2019-10-18,51,37,-14
6202,2019-10-18,82,59,-23
6203,2019-10-18,53,55,2
6204,2019-10-18,92,97,5
6205,2019-10-18,66,72,6
6206,2019-10-18,102,112,10
6207,2019-10-18,41,48,7
6208,2019-10-18,68,69,1
6209,2019-10-18,117,84,-33
6210,2019-10-18,36,32,-4
6211,2019-10-18,127,129,2
6212,2019-10-18,64,42,-22
6213,2019-10-18,103,96,-7
6214,2019-10-18,67,61,-6
6215,2019-10-18,48,39,-9
6216,2019-10-18,89,30,-59
6217,2019-10-18,77,59,-18
6218,2019-10-18,41,34,-7
6219,2019-10-18,53,43,-10
6220,2019-10-18,51,50,-1
6221,2019-10-18,142,114,-28
6222,2019-10-18,47,32,-15
6223,2019-10-18,68,35,-33
6224,2019-10-18,67,44,-23
6225,2019-10-18,63,42,-21
6226,2019-10-18,14,16,2
6227,2019-10-18,75,75,0
6228,2019-10-18,25,17,-8
6229,2019-10-18,47,37,-10
6230,2019-10-18,58,51,-7
6231,2019-10-18,87,67,-20
6232,2019-10-18,23,24,1
6233,2019-10-18,67,60,-7
6234,2019-10-18,33,34,1
6235,2019-10-18,62,43,-19
6236,2019-10-18,45,45,0
6237,2019-10-18,44,41,-3
6240,2019-10-18,10,6,-4
6241,2019-10-18,39,31,-8
6243,2019-10-18,47,43,-4
6245,2019-10-18,25,24,-1
6246,2019-10-18,44,44,0
6247,2019-10-18,67,61,-6
6248,2019-10-18,121,93,-28
6249,2019-10-18,38,28,-10
6250,2019-10-18,43,40,-3
6251,2019-10-18,15,11,-4
6252,2019-10-18,29,31,2
6253,2019-10-18,40,38,-2
6254,2019-10-18,61,41,-20
6255,2019-10-18,68,62,-6
6257,2019-10-18,37,26,-11
6258,2019-10-18,47,38,-9
6259,2019-10-18,23,21,-2
6260,2019-10-18,32,21,-11
6261,2019-10-18,36,39,3
6262,2019-10-18,42,33,-9
6263,2019-10-18,16,20,4
6264,2019-10-18,17,20,3
6265,2019-10-18,55,59,4
6266,2019-10-18,17,15,-2
6267,2019-10-18,43,30,-13
6268,2019-10-18,44,36,-8
6269,2019-10-18,14,26,12
6270,2019-10-18,26,20,-6
6272,2019-10-18,21,16,-5
6273,2019-10-18,23,17,-6
6274,2019-10-18,28,18,-10
6275,2019-10-18,16,14,-2
6276,2019-10-18,40,29,-11
6277,2019-10-18,55,58,3
6278,2019-10-18,22,19,-3
6279,2019-10-18,12,16,4
6280,2019-10-18,73,60,-13
6281,2019-10-18,19,12,-7
6301,2019-10-18,19,13,-6
6302,2019-10-18,7,5,-2
6303,2019-10-18,13,8,-5
6304,2019-10-18,8,6,-2
6305,2019-10-18,25,13,-12
6306,2019-10-18,35,21,-14
6307,2019-10-18,62,53,-9
6309,2019-10-18,11,10,-1
6310,2019-10-18,42,18,-24
6311,2019-10-18,27,32,5
6312,2019-10-18,9,13,4
6313,2019-10-18,18,32,14
6314,2019-10-18,55,43,-12
6315,2019-10-18,42,19,-23
6316,2019-10-18,21,8,-13
6321,2019-10-18,34,34,0
6322,2019-10-18,28,21,-7
6323,2019-10-18,11,10,-1
6324,2019-10-18,17,24,7
6327,2019-10-18,28,27,-1
6328,2019-10-18,30,21,-9
6329,2019-10-18,27,28,1
6330,2019-10-18,12,14,2
6331,2019-10-18,11,13,2
6332,2019-10-18,29,29,0
6333,2019-10-18,11,14,3
6334,2019-10-18,52,53,1
6335,2019-10-18,25,21,-4
6336,2019-10-18,17,16,-1
6338,2019-10-18,22,21,-1
6339,2019-10-18,17,18,1
6340,2019-10-18,25,18,-7
6341,2019-10-18,23,24,1
6343,2019-10-18,32,30,-2
6344,2019-10-18,34,26,-8
6345,2019-10-18,14,12,-2
6346,2019-10-18,10,9,-1
6347,2019-10-18,27,25,-2
6349,2019-10-18,18,23,5
6350,2019-10-18,14,19,5
6354,2019-10-18,20,18,-2
6355,2019-10-18,15,27,12
6356,2019-10-18,20,14,-6
6357,2019-10-18,19,8,-11
6358,2019-10-18,12,10,-2
6359,2019-10-18,58,77,19
6360,2019-10-18,15,18,3
6361,2019-10-18,24,22,-2
6362,2019-10-18,31,25,-6
6363,2019-10-18,16,16,0
6364,2019-10-18,16,21,5
6366,2019-10-18,21,16,-5
6367,2019-10-18,18,19,1
6368,2019-10-18,46,42,-4
6369,2019-10-18,17,32,15
6370,2019-10-18,26,28,2
6371,2019-10-18,50,45,-5
6372,2019-10-18,51,68,17
6373,2019-10-18,38,21,-17
6374,2019-10-18,38,34,-4
6375,2019-10-18,37,38,1
6376,2019-10-18,16,15,-1
6377,2019-10-18,29,36,7
6379,2019-10-18,29,30,1
6380,2019-10-18,21,12,-9
6381,2019-10-18,31,31,0
6383,2019-10-18,21,13,-8
6384,2019-10-18,16,15,-1
6385,2019-10-18,46,48,2
6386,2019-10-18,35,31,-4
6387,2019-10-18,54,56,2
6388,2019-10-18,14,17,3
6389,2019-10-18,32,16,-16
6391,2019-10-18,25,53,28
6393,2019-10-18,35,51,16
6394,2019-10-18,34,44,10
6395,2019-10-18,32,36,4
6396,2019-10-18,76,47,-29
6397,2019-10-18,20,31,11
6398,2019-10-18,20,41,21
6401,2019-10-18,35,54,19
6402,2019-10-18,21,20,-1
6403,2019-10-18,20,16,-4
6404,2019-10-18,8,12,4
6405,2019-10-18,28,33,5
6406,2019-10-18,29,42,13
6407,2019-10-18,8,13,5
6408,2019-10-18,27,38,11
6409,2019-10-18,15,20,5
6410,2019-10-18,33,30,-3
6411,2019-10-18,136,112,-24
6412,2019-10-18,14,26,12
6413,2019-10-18,18,24,6
6414,2019-10-18,7,19,12
6415,2019-10-18,18,12,-6
6416,2019-10-18,13,9,-4
6417,2019-10-18,13,12,-1
6418,2019-10-18,2,3,1
6419,2019-10-18,6,11,5
6420,2019-10-18,18,14,-4
6421,2019-10-18,28,24,-4
6422,2019-10-18,2,7,5
6423,2019-10-18,16,5,-11
6424,2019-10-18,25,57,32
6425,2019-10-18,14,13,-1
6426,2019-10-18,45,47,2
6427,2019-10-18,39,32,-7
6428,2019-10-18,5,9,4
6429,2019-10-18,11,19,8
6432,2019-10-18,45,48,3
6433,2019-10-18,26,21,-5
6434,2019-10-18,45,39,-6
6435,2019-10-18,25,22,-3
6436,2019-10-18,14,16,2
6501,2019-10-18,20,29,9
6502,2019-10-18,12,10,-2
6503,2019-10-18,42,44,2
6700,2019-10-18,14,28,14
6701,2019-10-18,54,39,-15
6702,2019-10-18,6,10,4
6703,2019-10-18,24,31,7
6704,2019-10-18,17,9,-8
6705,2019-10-18,8,6,-2
6706,2019-10-18,19,17,-2
6707,2019-10-18,13,18,5
6709,2019-10-18,19,17,-2
6710,2019-10-18,13,15,2
6711,2019-10-18,12,8,-4
6712,2019-10-18,4,7,3
6713,2019-10-18,7,10,3
6714,2019-10-18,3,0,-3
6715,2019-10-18,10,7,-3
6716,2019-10-18,4,10,6
6717,2019-10-18,4,11,7
6718,2019-10-18,12,12,0
6719,2019-10-18,19,15,-4
6720,2019-10-18,16,23,7
6721,2019-10-18,9,4,-5
6722,2019-10-18,6,6,0
6723,2019-10-18,12,8,-4
6724,2019-10-18,17,22,5
6725,2019-10-18,18,20,2
6726,2019-10-18,8,7,-1
6727,2019-10-18,58,60,2
6728,2019-10-18,6,7,1
6729,2019-10-18,73,94,21
6730,2019-10-18,5,4,-1
6731,2019-10-18,5,5,0
6732,2019-10-18,27,21,-6
6733,2019-10-18,15,18,3
6734,2019-10-18,30,30,0
6736,2019-10-18,11,9,-2
6737,2019-10-18,13,8,-5
6738,2019-10-18,62,41,-21
6739,2019-10-18,5,6,1
6741,2019-10-18,7,3,-4
6742,2019-10-18,23,30,7
6743,2019-10-18,21,10,-11
6744,2019-10-18,11,11,0
6745,2019-10-18,13,16,3
6746,2019-10-18,25,15,-10
6747,2019-10-18,31,35,4
6748,2019-10-18,46,57,11
6749,2019-10-18,36,43,7
6750,2019-10-18,34,27,-7
6752,2019-10-18,23,30,7
6753,2019-10-18,15,10,-5
6754,2019-10-18,6,8,2
6901,2019-10-18,29,56,27
6902,2019-10-18,55,78,23
6903,2019-10-18,70,65,-5
6904,2019-10-18,41,36,-5
6905,2019-10-18,29,25,-4
6906,2019-10-18,75,67,-8
6907,2019-10-18,60,40,-20
6908,2019-10-18,34,30,-4
6910,2019-10-18,73,86,13
6912,2019-10-18,87,70,-17
6913,2019-10-18,37,24,-13
6915,2019-10-18,65,48,-17
6916,2019-10-18,26,23,-3
6917,2019-10-18,17,13,-4
6918,2019-10-18,13,16,3
6919,2019-10-18,30,22,-8
6921,2019-10-18,41,45,4
6923,2019-10-18,29,30,1
6924,2019-10-18,8,16,8
6925,2019-10-18,28,29,1
6926,2019-10-18,46,55,9
6927,2019-10-18,48,31,-17
6928,2019-10-18,24,10,-14
6929,2019-10-18,29,19,-10
6930,2019-10-18,13,17,4
7001,2019-10-18,17,17,0
7002,2019-10-18,8,12,4
7003,2019-10-18,102,94,-8
7004,2019-10-18,17,19,2
7005,2019-10-18,2,7,5
7006,2019-10-18,12,11,-1
7007,2019-10-18,6,9,3
7008,2019-10-18,15,16,1
7009,2019-10-18,29,29,0
7010,2019-10-18,8,12,4
7011,2019-10-18,37,50,13
7012,2019-10-18,23,31,8
7013,2019-10-18,12,11,-1
7014,2019-10-18,50,24,-26
7015,2019-10-18,4,6,2
7016,2019-10-18,1,8,7
7017,2019-10-18,17,23,6
7018,2019-10-18,16,19,3
7019,2019-10-18,84,78,-6
7020,2019-10-18,19,26,7
7021,2019-10-18,29,30,1
7022,2019-10-18,25,24,-1
7023,2019-10-18,1,2,1
7024,2019-10-18,49,41,-8
7025,2019-10-18,30,24,-6
7026,2019-10-18,53,50,-3
7027,2019-10-18,36,26,-10
7028,2019-10-18,71,52,-19
7029,2019-10-18,37,39,2
7030,2019-10-18,70,76,6
7031,2019-10-18,42,51,9
7032,2019-10-18,82,66,-16
7033,2019-10-18,65,51,-14
7034,2019-10-18,10,12,2
7035,2019-10-18,31,32,1
7036,2019-10-18,43,41,-2
7037,2019-10-18,46,45,-1
7038,2019-10-18,55,50,-5
7039,2019-10-18,15,18,3
7040,2019-10-18,45,62,17
7041,2019-10-18,76,76,0
7042,2019-10-18,27,27,0
7043,2019-10-18,18,14,-4
7044,2019-10-18,11,10,-1
7045,2019-10-18,37,41,4
7046,2019-10-18,76,94,18
7047,2019-10-18,83,119,36
7048,2019-10-18,8,12,4
7049,2019-10-18,7,26,19
7050,2019-10-18,23,20,-3
7051,2019-10-18,6,7,1
7052,2019-10-18,31,40,9
7053,2019-10-18,21,25,4
7054,2019-10-18,20,20,0
7055,2019-10-18,11,14,3
7056,2019-10-18,12,11,-1
7057,2019-10-18,16,13,-3
7058,2019-10-18,20,25,5
7059,2019-10-18,14,18,4
7060,2019-10-18,14,15,1
7061,2019-10-18,23,13,-10
7062,2019-10-18,31,33,2
7063,2019-10-18,14,14,0
7064,2019-10-18,26,24,-2
7065,2019-10-18,30,20,-10
7066,2019-10-18,41,92,51
7067,2019-10-18,49,51,2
7068,2019-10-18,37,53,16
7069,2019-10-18,59,89,30
7070,2019-10-18,32,27,-5
7071,2019-10-18,34,18,-16
7072,2019-10-18,34,15,-19
7073,2019-10-18,45,45,0
7074,2019-10-18,29,20,-9
7075,2019-10-18,5,5,0
7076,2019-10-18,45,24,-21
7077,2019-10-18,13,13,0
7078,2019-10-18,11,19,8
7079,2019-10-18,22,33,11
7080,2019-10-18,53,55,2
7081,2019-10-18,39,54,15
7082,2019-10-18,45,65,20
7083,2019-10-18,20,15,-5
7084,2019-10-18,74,75,1
7086,2019-10-18,1,2,1
7087,2019-10-18,1,1,0
7090,2019-10-18,9,9,0
7091,2019-10-18,4,5,1
7092,2019-10-18,2,6,4
7093,2019-10-18,3,2,-1
7095,2019-10-18,6,10,4
7096,2019-10-18,19,18,-1
7097,2019-10-18,3,3,0
7098,2019-10-18,1,1,0
7099,2019-10-18,2,6,4
7100,2019-10-18,4,4,0
7101,2019-10-18,1,4,3
7102,2019-10-18,10,22,12
7105,2019-10-18,2,0,-2
7108,2019-10-18,4,6,2
7109,2019-10-18,7,6,-1
7111,2019-10-18,3,1,-2
7112,2019-10-18,3,6,3
7113,2019-10-18,42,38,-4
7114,2019-10-18,51,64,13
7115,2019-10-18,4,5,1
7116,2019-10-18,8,2,-6
7117,2019-10-18,1,1,0
7118,2019-10-18,3,2,-1
7119,2019-10-18,5,3,-2
7120,2019-10-18,1,1,0
7122,2019-10-18,4,2,-2
7123,2019-10-18,1,3,2
7124,2019-10-18,9,11,2
7125,2019-10-18,14,10,-4
7126,2019-10-18,3,3,0
7127,2019-10-18,20,23,3
7128,2019-10-18,15,8,-7
7129,2019-10-18,9,11,2
7130,2019-10-18,7,3,-4
7131,2019-10-18,1,3,2
7132,2019-10-18,1,2,1
7134,2019-10-18,3,3,0
7135,2019-10-18,1,2,1
7136,2019-10-18,4,7,3
7137,2019-10-18,3,5,2
7138,2019-10-18,3,2,-1
7139,2019-10-18,5,6,1
7140,2019-10-18,11,14,3
7141,2019-10-18,13,12,-1
7142,2019-10-18,5,4,-1
7143,2019-10-18,6,9,3
7144,2019-10-18,19,18,-1
7145,2019-10-18,9,6,-3
7146,2019-10-18,12,21,9
7147,2019-10-18,20,25,5
7148,2019-10-18,4,4,0
7149,2019-10-18,8,9,1
7150,2019-10-18,1,1,0
7151,2019-10-18,2,3,1
10002,2019-10-18,79,90,11
4000,2019-10-19,27,35,8
4001,2019-10-19,1,2,1
4002,2019-10-19,7,12,5
5005,2019-10-19,2,1,-1
5007,2019-10-19,6,5,-1
6001,2019-10-19,20,23,3
6002,2019-10-19,23,27,4
6003,2019-10-19,28,31,3
6004,2019-10-19,11,5,-6
6005,2019-10-19,20,11,-9
6006,2019-10-19,14,16,2
6007,2019-10-19,29,24,-5
6008,2019-10-19,19,25,6
6009,2019-10-19,63,74,11
6011,2019-10-19,21,23,2
6012,2019-10-19,52,144,92
6013,2019-10-19,33,53,20
6014,2019-10-19,30,37,7
6015,2019-10-19,95,154,59
6016,2019-10-19,2,3,1
6017,2019-10-19,26,39,13
6018,2019-10-19,46,40,-6
6019,2019-10-19,82,59,-23
6020,2019-10-19,52,92,40
6021,2019-10-19,56,41,-15
6022,2019-10-19,24,33,9
6023,2019-10-19,62,93,31
6024,2019-10-19,1,3,2
6025,2019-10-19,13,10,-3
6026,2019-10-19,63,121,58
6027,2019-10-19,43,59,16
6029,2019-10-19,15,17,2
6031,2019-10-19,21,19,-2
6032,2019-10-19,21,96,75
6033,2019-10-19,5,9,4
6035,2019-10-19,10,20,10
6036,2019-10-19,76,132,56
6037,2019-10-19,32,35,3
6038,2019-10-19,32,27,-5
6039,2019-10-19,31,27,-4
6040,2019-10-19,33,44,11
6041,2019-10-19,10,15,5
6042,2019-10-19,11,17,6
6043,2019-10-19,21,46,25
6044,2019-10-19,77,69,-8
6046,2019-10-19,20,12,-8
6047,2019-10-19,40,28,-12
6048,2019-10-19,18,12,-6
6049,2019-10-19,12,17,5
6050,2019-10-19,17,19,2
6051,2019-10-19,13,13,0
6052,2019-10-19,98,118,20
6053,2019-10-19,46,84,38
6057,2019-10-19,25,19,-6
6058,2019-10-19,24,20,-4
6059,2019-10-19,27,14,-13
6060,2019-10-19,3,3,0
6061,2019-10-19,35,30,-5
6062,2019-10-19,34,24,-10
6063,2019-10-19,34,33,-1
6064,2019-10-19,51,75,24
6065,2019-10-19,30,27,-3
6066,2019-10-19,39,20,-19
6067,2019-10-19,10,7,-3
6068,2019-10-19,5,7,2
6070,2019-10-19,63,83,20
6072,2019-10-19,14,29,15
6073,2019-10-19,59,61,2
6075,2019-10-19,22,8,-14
6076,2019-10-19,8,10,2
6078,2019-10-19,25,20,-5
6079,2019-10-19,29,32,3
6080,2019-10-19,48,58,10
6082,2019-10-19,11,5,-6
6083,2019-10-19,18,26,8
6084,2019-10-19,23,21,-2
6085,2019-10-19,32,47,15
6086,2019-10-19,58,54,-4
6087,2019-10-19,63,76,13
6088,2019-10-19,14,23,9
6089,2019-10-19,20,17,-3
6090,2019-10-19,24,20,-4
6091,2019-10-19,31,21,-10
6092,2019-10-19,51,34,-17
6093,2019-10-19,16,15,-1
6094,2019-10-19,19,11,-8
6095,2019-10-19,51,42,-9
6096,2019-10-19,17,25,8
6097,2019-10-19,32,32,0
6098,2019-10-19,26,37,11
6099,2019-10-19,55,92,37
6101,2019-10-19,24,9,-15
6102,2019-10-19,19,14,-5
6103,2019-10-19,12,17,5
6104,2019-10-19,19,28,9
6105,2019-10-19,14,18,4
6106,2019-10-19,8,17,9
6107,2019-10-19,43,45,2
6108,2019-10-19,19,29,10
6109,2019-10-19,18,31,13
6110,2019-10-19,29,38,9
6111,2019-10-19,27,33,6
6112,2019-10-19,67,64,-3
6113,2019-10-19,20,25,5
6114,2019-10-19,76,99,23
6115,2019-10-19,3,11,8
6116,2019-10-19,66,65,-1
6117,2019-10-19,27,38,11
6118,2019-10-19,44,63,19
6119,2019-10-19,50,69,19
6120,2019-10-19,42,67,25
6121,2019-10-19,11,17,6
6122,2019-10-19,7,16,9
6123,2019-10-19,13,25,12
6124,2019-10-19,28,42,14
6125,2019-10-19,13,9,-4
6126,2019-10-19,25,32,7
6127,2019-10-19,9,7,-2
6128,2019-10-19,24,25,1
6129,2019-10-19,48,36,-12
6130,2019-10-19,26,22,-4
6131,2019-10-19,38,38,0
6132,2019-10-19,19,25,6
6133,2019-10-19,13,12,-1
6134,2019-10-19,28,21,-7
6136,2019-10-19,134,123,-11
6137,2019-10-19,60,39,-21
6138,2019-10-19,42,39,-3
6139,2019-10-19,32,25,-7
6140,2019-10-19,68,60,-8
6141,2019-10-19,37,34,-3
6142,2019-10-19,62,39,-23
6143,2019-10-19,66,61,-5
6145,2019-10-19,40,36,-4
6146,2019-10-19,59,29,-30
6147,2019-10-19,39,27,-12
6148,2019-10-19,49,39,-10
6149,2019-10-19,27,19,-8
6150,2019-10-19,45,35,-10
6151,2019-10-19,44,41,-3
6152,2019-10-19,105,105,0
6154,2019-10-19,135,131,-4
6155,2019-10-19,94,105,11
6156,2019-10-19,49,49,0
6157,2019-10-19,110,108,-2
6158,2019-10-19,38,37,-1
6159,2019-10-19,20,13,-7
6160,2019-10-19,30,33,3
6161,2019-10-19,32,26,-6
6162,2019-10-19,6,7,1
6163,2019-10-19,101,100,-1
6164,2019-10-19,60,68,8
6165,2019-10-19,112,125,13
6166,2019-10-19,43,22,-21
6167,2019-10-19,29,32,3
6168,2019-10-19,38,35,-3
6169,2019-10-19,103,104,1
6170,2019-10-19,57,59,2
6171,2019-10-19,21,21,0
6173,2019-10-19,66,45,-21
6174,2019-10-19,75,52,-23
6175,2019-10-19,63,35,-28
6176,2019-10-19,79,80,1
6177,2019-10-19,50,44,-6
6178,2019-10-19,106,92,-14
6179,2019-10-19,81,76,-5
6180,2019-10-19,11,25,14
6181,2019-10-19,90,57,-33
6182,2019-10-19,41,35,-6
6183,2019-10-19,56,47,-9
6184,2019-10-19,151,164,13
6185,2019-10-19,13,17,4
6186,2019-10-19,23,22,-1
6187,2019-10-19,76,86,10
6188,2019-10-19,34,34,0
6189,2019-10-19,15,9,-6
6190,2019-10-19,65,53,-12
6191,2019-10-19,33,23,-10
6192,2019-10-19,17,16,-1
6193,2019-10-19,76,80,4
6194,2019-10-19,66,72,6
6195,2019-10-19,53,38,-15
6196,2019-10-19,90,76,-14
6197,2019-10-19,37,27,-10
6198,2019-10-19,17,12,-5
6199,2019-10-19,59,46,-13
6200,2019-10-19,79,76,-3
6201,2019-10-19,39,36,-3
6202,2019-10-19,66,53,-13
6203,2019-10-19,25,26,1
6204,2019-10-19,67,57,-10
6205,2019-10-19,64,65,1
6206,2019-10-19,90,88,-2
6207,2019-10-19,29,21,-8
6208,2019-10-19,52,51,-1
6209,2019-10-19,81,75,-6
6210,2019-10-19,22,10,-12
6211,2019-10-19,105,101,-4
6212,2019-10-19,73,47,-26
6213,2019-10-19,102,83,-19
6214,2019-10-19,65,60,-5
6215,2019-10-19,40,28,-12
6216,2019-10-19,135,78,-57
6217,2019-10-19,80,65,-15
6218,2019-10-19,26,21,-5
6219,2019-10-19,48,36,-12
6220,2019-10-19,60,36,-24
6221,2019-10-19,144,132,-12
6222,2019-10-19,45,49,4
6223,2019-10-19,98,68,-30
6224,2019-10-19,64,51,-13
6225,2019-10-19,44,40,-4
6226,2019-10-19,8,8,0
6227,2019-10-19,97,93,-4
6228,2019-10-19,16,9,-7
6229,2019-10-19,61,52,-9
6230,2019-10-19,88,78,-10
6231,2019-10-19,77,75,-2
6232,2019-10-19,26,19,-7
6233,2019-10-19,96,68,-28
6234,2019-10-19,44,34,-10
6235,2019-10-19,21,16,-5
6236,2019-10-19,45,37,-8
6237,2019-10-19,38,33,-5
6240,2019-10-19,10,7,-3
6241,2019-10-19,30,30,0
6243,2019-10-19,47,47,0
6245,2019-10-19,29,19,-10
6246,2019-10-19,28,27,-1
6247,2019-10-19,52,47,-5
6248,2019-10-19,109,90,-19
6249,2019-10-19,65,49,-16
6250,2019-10-19,86,87,1
6251,2019-10-19,24,14,-10
6252,2019-10-19,46,35,-11
6253,2019-10-19,35,36,1
6254,2019-10-19,56,47,-9
6255,2019-10-19,56,66,10
6257,2019-10-19,27,23,-4
6258,2019-10-19,52,47,-5
6259,2019-10-19,23,19,-4
6260,2019-10-19,39,25,-14
6261,2019-10-19,25,34,9
6262,2019-10-19,35,31,-4
6263,2019-10-19,15,17,2
6264,2019-10-19,20,12,-8
6265,2019-10-19,39,32,-7
6266,2019-10-19,12,14,2
6267,2019-10-19,35,31,-4
6268,2019-10-19,47,38,-9
6269,2019-10-19,22,17,-5
6270,2019-10-19,24,20,-4
6271,2019-10-19,1,2,1
6272,2019-10-19,25,20,-5
6273,2019-10-19,17,19,2
6274,2019-10-19,26,28,2
6275,2019-10-19,18,14,-4
6276,2019-10-19,40,41,1
6277,2019-10-19,43,52,9
6278,2019-10-19,19,18,-1
6279,2019-10-19,18,21,3
6280,2019-10-19,59,66,7
6281,2019-10-19,25,14,-11
6301,2019-10-19,11,7,-4
6302,2019-10-19,10,8,-2
6303,2019-10-19,10,6,-4
6304,2019-10-19,5,4,-1
6305,2019-10-19,9,8,-1
6306,2019-10-19,25,16,-9
6307,2019-10-19,46,49,3
6309,2019-10-19,12,7,-5
6310,2019-10-19,19,12,-7
6311,2019-10-19,44,24,-20
6312,2019-10-19,8,14,6
6313,2019-10-19,22,33,11
6314,2019-10-19,32,26,-6
6315,2019-10-19,43,25,-18
6316,2019-10-19,26,12,-14
6321,2019-10-19,43,41,-2
6322,2019-10-19,21,15,-6
6323,2019-10-19,6,13,7
6324,2019-10-19,9,12,3
6327,2019-10-19,44,23,-21
6328,2019-10-19,24,25,1
6329,2019-10-19,20,17,-3
6330,2019-10-19,18,21,3
6331,2019-10-19,15,16,1
6332,2019-10-19,28,21,-7
6333,2019-10-19,14,19,5
6334,2019-10-19,43,45,2
6335,2019-10-19,25,19,-6
6336,2019-10-19,29,23,-6
6338,2019-10-19,20,26,6
6339,2019-10-19,13,13,0
6340,2019-10-19,20,15,-5
6341,2019-10-19,22,17,-5
6343,2019-10-19,27,19,-8
6344,2019-10-19,24,22,-2
6345,2019-10-19,7,12,5
6346,2019-10-19,7,5,-2
6347,2019-10-19,12,12,0
6349,2019-10-19,30,30,0
6350,2019-10-19,15,19,4
6354,2019-10-19,19,13,-6
6355,2019-10-19,16,20,4
6356,2019-10-19,24,22,-2
6357,2019-10-19,14,14,0
6358,2019-10-19,14,15,1
6359,2019-10-19,54,68,14
6360,2019-10-19,19,20,1
6361,2019-10-19,25,22,-3
6362,2019-10-19,35,29,-6
6363,2019-10-19,12,8,-4
6364,2019-10-19,13,19,6
6366,2019-10-19,6,6,0
6367,2019-10-19,24,14,-10
6368,2019-10-19,63,59,-4
6369,2019-10-19,17,19,2
6370,2019-10-19,28,22,-6
6371,2019-10-19,44,33,-11
6372,2019-10-19,59,80,21
6373,2019-10-19,20,20,0
6374,2019-10-19,27,23,-4
6375,2019-10-19,37,38,1
6376,2019-10-19,23,16,-7
6377,2019-10-19,22,26,4
6379,2019-10-19,30,28,-2
6380,2019-10-19,16,10,-6
6381,2019-10-19,32,27,-5
6383,2019-10-19,18,16,-2
6384,2019-10-19,14,9,-5
6385,2019-10-19,53,42,-11
6386,2019-10-19,15,32,17
6387,2019-10-19,43,59,16
6388,2019-10-19,12,9,-3
6389,2019-10-19,38,33,-5
6391,2019-10-19,49,55,6
6393,2019-10-19,30,55,25
6394,2019-10-19,38,42,4
6395,2019-10-19,34,43,9
6396,2019-10-19,48,54,6
6397,2019-10-19,24,32,8
6398,2019-10-19,21,31,10
6401,2019-10-19,30,47,17
6402,2019-10-19,29,28,-1
6403,2019-10-19,15,16,1
6404,2019-10-19,11,14,3
6405,2019-10-19,27,42,15
6406,2019-10-19,106,169,63
6407,2019-10-19,16,11,-5
6408,2019-10-19,20,15,-5
6409,2019-10-19,3,7,4
6410,2019-10-19,20,18,-2
6411,2019-10-19,81,76,-5
6412,2019-10-19,10,15,5
6413,2019-10-19,14,13,-1
6414,2019-10-19,12,9,-3
6415,2019-10-19,19,17,-2
6416,2019-10-19,10,10,0
6417,2019-10-19,10,12,2
6418,2019-10-19,4,1,-3
6419,2019-10-19,5,9,4
6420,2019-10-19,21,17,-4
6421,2019-10-19,46,32,-14
6422,2019-10-19,8,9,1
6423,2019-10-19,8,6,-2
6424,2019-10-19,20,33,13
6425,2019-10-19,25,22,-3
6426,2019-10-19,31,31,0
6427,2019-10-19,42,36,-6
6428,2019-10-19,8,6,-2
6429,2019-10-19,20,17,-3
6432,2019-10-19,31,26,-5
6433,2019-10-19,11,10,-1
6434,2019-10-19,29,31,2
6435,2019-10-19,15,15,0
6436,2019-10-19,8,10,2
6501,2019-10-19,93,95,2
6502,2019-10-19,18,22,4
6503,2019-10-19,21,28,7
6504,2019-10-19,18,18,0
6700,2019-10-19,16,21,5
6701,2019-10-19,32,20,-12
6702,2019-10-19,6,9,3
6703,2019-10-19,41,40,-1
6704,2019-10-19,17,13,-4
6705,2019-10-19,12,16,4
6706,2019-10-19,13,18,5
6707,2019-10-19,8,13,5
6709,2019-10-19,13,8,-5
6710,2019-10-19,10,10,0
6711,2019-10-19,5,9,4
6712,2019-10-19,9,12,3
6713,2019-10-19,11,9,-2
6714,2019-10-19,2,2,0
6715,2019-10-19,5,3,-2
6716,2019-10-19,3,7,4
6717,2019-10-19,2,7,5
6718,2019-10-19,13,11,-2
6719,2019-10-19,6,10,4
6720,2019-10-19,16,16,0
6721,2019-10-19,9,5,-4
6722,2019-10-19,4,6,2
6723,2019-10-19,13,14,1
6724,2019-10-19,25,33,8
6725,2019-10-19,8,10,2
6726,2019-10-19,6,7,1
6727,2019-10-19,29,32,3
6728,2019-10-19,10,9,-1
6729,2019-10-19,88,92,4
6730,2019-10-19,10,8,-2
6731,2019-10-19,9,8,-1
6732,2019-10-19,20,15,-5
6733,2019-10-19,22,16,-6
6734,2019-10-19,45,34,-11
6736,2019-10-19,12,11,-1
6737,2019-10-19,19,15,-4
6738,2019-10-19,8,8,0
6739,2019-10-19,5,5,0
6741,2019-10-19,2,5,3
6742,2019-10-19,16,19,3
6743,2019-10-19,15,7,-8
6744,2019-10-19,7,2,-5
6745,2019-10-19,18,12,-6
6746,2019-10-19,6,8,2
6747,2019-10-19,15,17,2
6748,2019-10-19,32,49,17
6749,2019-10-19,30,26,-4
6750,2019-10-19,28,32,4
6752,2019-10-19,19,14,-5
6753,2019-10-19,4,4,0
6754,2019-10-19,11,9,-2
6901,2019-10-19,23,36,13
6902,2019-10-19,31,61,30
6903,2019-10-19,48,60,12
6904,2019-10-19,30,27,-3
6905,2019-10-19,12,18,6
6906,2019-10-19,53,49,-4
6907,2019-10-19,64,45,-19
6908,2019-10-19,41,35,-6
6910,2019-10-19,71,78,7
6912,2019-10-19,83,84,1
6913,2019-10-19,36,25,-11
6915,2019-10-19,79,73,-6
6916,2019-10-19,15,18,3
6917,2019-10-19,11,17,6
6918,2019-10-19,19,16,-3
6919,2019-10-19,24,15,-9
6921,2019-10-19,10,20,10
6923,2019-10-19,25,23,-2
6924,2019-10-19,14,16,2
6925,2019-10-19,14,14,0
6926,2019-10-19,48,45,-3
6927,2019-10-19,29,26,-3
6928,2019-10-19,24,10,-14
6929,2019-10-19,21,15,-6
6930,2019-10-19,1,2,1
7001,2019-10-19,16,20,4
7002,2019-10-19,4,6,2
7003,2019-10-19,92,70,-22
7004,2019-10-19,11,12,1
7005,2019-10-19,5,11,6
7006,2019-10-19,8,12,4
7007,2019-10-19,3,4,1
7008,2019-10-19,12,8,-4
7009,2019-10-19,15,15,0
7010,2019-10-19,7,3,-4
7011,2019-10-19,44,45,1
7012,2019-10-19,13,19,6
7013,2019-10-19,15,14,-1
7014,2019-10-19,23,14,-9
7015,2019-10-19,17,14,-3
7016,2019-10-19,2,5,3
7017,2019-10-19,16,17,1
7018,2019-10-19,22,22,0
7019,2019-10-19,9,10,1
7020,2019-10-19,6,10,4
7021,2019-10-19,20,16,-4
7022,2019-10-19,18,15,-3
7023,2019-10-19,2,3,1
7024,2019-10-19,44,26,-18
7025,2019-10-19,20,9,-11
7026,2019-10-19,20,22,2
7027,2019-10-19,18,26,8
7028,2019-10-19,35,40,5
7029,2019-10-19,42,35,-7
7030,2019-10-19,63,53,-10
7031,2019-10-19,35,38,3
7032,2019-10-19,82,56,-26
7033,2019-10-19,42,46,4
7034,2019-10-19,15,39,24
7035,2019-10-19,22,17,-5
7036,2019-10-19,50,51,1
7037,2019-10-19,29,23,-6
7038,2019-10-19,36,40,4
7039,2019-10-19,12,17,5
7040,2019-10-19,32,28,-4
7041,2019-10-19,26,34,8
7042,2019-10-19,27,26,-1
7043,2019-10-19,11,11,0
7044,2019-10-19,3,5,2
7045,2019-10-19,72,71,-1
7046,2019-10-19,21,36,15
7047,2019-10-19,67,102,35
7048,2019-10-19,5,8,3
7049,2019-10-19,4,10,6
7050,2019-10-19,21,19,-2
7051,2019-10-19,6,4,-2
7052,2019-10-19,17,23,6
7053,2019-10-19,20,13,-7
7054,2019-10-19,24,16,-8
7055,2019-10-19,23,23,0
7056,2019-10-19,8,11,3
7057,2019-10-19,18,21,3
7058,2019-10-19,17,19,2
7059,2019-10-19,11,15,4
7060,2019-10-19,18,12,-6
7061,2019-10-19,15,18,3
7062,2019-10-19,10,11,1
7063,2019-10-19,13,19,6
7064,2019-10-19,12,17,5
7065,2019-10-19,28,27,-1
7066,2019-10-19,43,55,12
7067,2019-10-19,24,22,-2
7068,2019-10-19,54,48,-6
7069,2019-10-19,20,38,18
7070,2019-10-19,19,22,3
7071,2019-10-19,36,20,-16
7072,2019-10-19,30,21,-9
7073,2019-10-19,41,32,-9
7074,2019-10-19,15,18,3
7075,2019-10-19,3,2,-1
7076,2019-10-19,34,23,-11
7077,2019-10-19,11,11,0
7078,2019-10-19,16,8,-8
7079,2019-10-19,7,16,9
7080,2019-10-19,21,32,11
7081,2019-10-19,23,50,27
7082,2019-10-19,41,47,6
7084,2019-10-19,64,60,-4
7085,2019-10-19,1,1,0
7086,2019-10-19,1,1,0
7087,2019-10-19,1,0,-1
7090,2019-10-19,9,9,0
7091,2019-10-19,2,2,0
7092,2019-10-19,1,2,1
7093,2019-10-19,2,3,1
7094,2019-10-19,3,6,3
7095,2019-10-19,2,3,1
7096,2019-10-19,6,9,3
7097,2019-10-19,2,1,-1
7098,2019-10-19,1,2,1
7099,2019-10-19,3,5,2
7100,2019-10-19,2,1,-1
7101,2019-10-19,1,1,0
7102,2019-10-19,9,13,4
7103,2019-10-19,7,10,3
7104,2019-10-19,3,4,1
7105,2019-10-19,3,3,0
7106,2019-10-19,2,2,0
7107,2019-10-19,1,4,3
7108,2019-10-19,2,5,3
7109,2019-10-19,6,6,0
7110,2019-10-19,7,7,0
7111,2019-10-19,1,1,0
7112,2019-10-19,5,6,1
7113,2019-10-19,35,36,1
7114,2019-10-19,58,62,4
7115,2019-10-19,7,4,-3
7116,2019-10-19,3,3,0
7117,2019-10-19,5,7,2
7119,2019-10-19,3,5,2
7120,2019-10-19,2,3,1
7121,2019-10-19,2,2,0
7122,2019-10-19,4,5,1
7123,2019-10-19,1,1,0
7124,2019-10-19,5,5,0
7125,2019-10-19,24,19,-5
7126,2019-10-19,5,5,0
7127,2019-10-19,14,8,-6
7128,2019-10-19,6,5,-1
7129,2019-10-19,2,2,0
7130,2019-10-19,2,3,1
7131,2019-10-19,2,2,0
7132,2019-10-19,1,1,0
7133,2019-10-19,1,3,2
7134,2019-10-19,3,3,0
7137,2019-10-19,3,1,-2
7138,2019-10-19,3,3,0
7139,2019-10-19,25,22,-3
7140,2019-10-19,9,8,-1
7141,2019-10-19,24,21,-3
7142,2019-10-19,10,7,-3
7143,2019-10-19,11,14,3
7144,2019-10-19,20,23,3
7145,2019-10-19,5,11,6
7146,2019-10-19,15,14,-1
7147,2019-10-19,12,11,-1
7148,2019-10-19,11,4,-7
7149,2019-10-19,8,6,-2
7150,2019-10-19,1,0,-1
7152,2019-10-19,5,7,2
7153,2019-10-19,5,5,0
10002,2019-10-19,45,40,-5
4000,2019-10-20,31,36,5
4001,2019-10-20,8,3,-5
4002,2019-10-20,5,10,5
5002,2019-10-20,1,0,-1
5004,2019-10-20,2,2,0
5005,2019-10-20,1,4,3
5006,2019-10-20,2,3,1
5007,2019-10-20,9,6,-3
6001,2019-10-20,25,22,-3
6002,2019-10-20,33,35,2
6003,2019-10-20,25,39,14
6004,2019-10-20,8,16,8
6005,2019-10-20,9,9,0
6006,2019-10-20,16,10,-6
6007,2019-10-20,18,20,2
6008,2019-10-20,27,33,6
6009,2019-10-20,60,46,-14
6011,2019-10-20,23,27,4
6012,2019-10-20,47,101,54
6013,2019-10-20,27,36,9
6014,2019-10-20,25,25,0
6015,2019-10-20,62,121,59
6016,2019-10-20,4,2,-2
6017,2019-10-20,21,25,4
6018,2019-10-20,32,48,16
6019,2019-10-20,74,33,-41
6020,2019-10-20,27,80,53
6021,2019-10-20,53,41,-12
6022,2019-10-20,11,17,6
6023,2019-10-20,65,73,8
6024,2019-10-20,1,2,1
6026,2019-10-20,41,66,25
6027,2019-10-20,31,50,19
6029,2019-10-20,14,25,11
6031,2019-10-20,15,18,3
6032,2019-10-20,16,54,38
6033,2019-10-20,8,7,-1
6035,2019-10-20,7,16,9
6036,2019-10-20,74,106,32
6037,2019-10-20,12,26,14
6038,2019-10-20,26,37,11
6039,2019-10-20,12,22,10
6040,2019-10-20,29,39,10
6041,2019-10-20,10,11,1
6042,2019-10-20,8,7,-1
6043,2019-10-20,25,41,16
6044,2019-10-20,54,51,-3
6046,2019-10-20,16,17,1
6047,2019-10-20,38,26,-12
6048,2019-10-20,13,18,5
6049,2019-10-20,19,17,-2
6050,2019-10-20,13,11,-2
6051,2019-10-20,15,25,10
6052,2019-10-20,83,71,-12
6053,2019-10-20,68,81,13
6057,2019-10-20,17,19,2
6058,2019-10-20,11,14,3
6059,2019-10-20,21,10,-11
6060,2019-10-20,5,3,-2
6061,2019-10-20,29,21,-8
6062,2019-10-20,38,28,-10
6063,2019-10-20,33,22,-11
6064,2019-10-20,47,45,-2
6065,2019-10-20,29,28,-1
6066,2019-10-20,31,9,-22
6067,2019-10-20,4,7,3
6068,2019-10-20,2,1,-1
6070,2019-10-20,70,79,9
6072,2019-10-20,8,24,16
6073,2019-10-20,42,48,6
6075,2019-10-20,23,7,-16
6076,2019-10-20,14,12,-2
6078,2019-10-20,19,22,3
6079,2019-10-20,27,30,3
6080,2019-10-20,35,40,5
6082,2019-10-20,8,9,1
6083,2019-10-20,25,22,-3
6084,2019-10-20,9,15,6
6085,2019-10-20,26,29,3
6086,2019-10-20,42,53,11
6087,2019-10-20,49,55,6
6088,2019-10-20,15,10,-5
6089,2019-10-20,11,10,-1
6090,2019-10-20,14,15,1
6091,2019-10-20,22,12,-10
6092,2019-10-20,35,30,-5
6093,2019-10-20,12,11,-1
6094,2019-10-20,9,10,1
6095,2019-10-20,47,35,-12
6096,2019-10-20,9,18,9
6097,2019-10-20,29,17,-12
6098,2019-10-20,32,39,7
6099,2019-10-20,33,48,15
6101,2019-10-20,32,5,-27
6102,2019-10-20,14,11,-3
6103,2019-10-20,9,12,3
6104,2019-10-20,5,10,5
6105,2019-10-20,12,25,13
6106,2019-10-20,10,17,7
6107,2019-10-20,36,39,3
6108,2019-10-20,16,18,2
6109,2019-10-20,18,9,-9
6110,2019-10-20,22,23,1
6111,2019-10-20,15,14,-1
6112,2019-10-20,61,72,11
6113,2019-10-20,13,15,2
6114,2019-10-20,74,90,16
6115,2019-10-20,8,11,3
6116,2019-10-20,33,25,-8
6117,2019-10-20,28,29,1
6118,2019-10-20,45,63,18
6119,2019-10-20,48,57,9
6120,2019-10-20,30,48,18
6121,2019-10-20,9,4,-5
6122,2019-10-20,7,6,-1
6123,2019-10-20,17,12,-5
6124,2019-10-20,10,38,28
6125,2019-10-20,8,9,1
6126,2019-10-20,19,17,-2
6127,2019-10-20,8,6,-2
6128,2019-10-20,10,11,1
6129,2019-10-20,36,31,-5
6130,2019-10-20,14,8,-6
6131,2019-10-20,41,20,-21
6132,2019-10-20,20,26,6
6133,2019-10-20,15,16,1
6134,2019-10-20,9,9,0
6136,2019-10-20,146,104,-42
6137,2019-10-20,65,70,5
6138,2019-10-20,33,33,0
6139,2019-10-20,23,24,1
6140,2019-10-20,70,56,-14
6141,2019-10-20,33,32,-1
6142,2019-10-20,51,54,3
6143,2019-10-20,74,68,-6
6145,2019-10-20,14,18,4
6146,2019-10-20,12,12,0
6147,2019-10-20,52,31,-21
6148,2019-10-20,7,10,3
6149,2019-10-20,23,18,-5
6150,2019-10-20,31,31,0
6151,2019-10-20,57,44,-13
6152,2019-10-20,67,79,12
6154,2019-10-20,106,107,1
6155,2019-10-20,91,65,-26
6156,2019-10-20,31,39,8
6157,2019-10-20,67,64,-3
6158,2019-10-20,40,31,-9
6159,2019-10-20,5,11,6
6160,2019-10-20,22,17,-5
6161,2019-10-20,28,40,12
6162,2019-10-20,6,4,-2
6163,2019-10-20,93,71,-22
6164,2019-10-20,55,48,-7
6165,2019-10-20,81,108,27
6166,2019-10-20,48,38,-10
6167,2019-10-20,29,32,3
6168,2019-10-20,38,24,-14
6169,2019-10-20,108,96,-12
6170,2019-10-20,35,41,6
6171,2019-10-20,26,30,4
6173,2019-10-20,56,35,-21
6174,2019-10-20,67,57,-10
6175,2019-10-20,75,41,-34
6176,2019-10-20,71,79,8
6177,2019-10-20,55,41,-14
6178,2019-10-20,68,77,9
6179,2019-10-20,50,46,-4
6180,2019-10-20,17,29,12
6181,2019-10-20,73,63,-10
6182,2019-10-20,26,39,13
6183,2019-10-20,66,59,-7
6184,2019-10-20,124,118,-6
6185,2019-10-20,8,11,3
6186,2019-10-20,38,30,-8
6187,2019-10-20,56,60,4
6188,2019-10-20,19,27,8
6189,2019-10-20,16,15,-1
6190,2019-10-20,62,49,-13
6191,2019-10-20,29,26,-3
6192,2019-10-20,21,18,-3
6193,2019-10-20,87,75,-12
6194,2019-10-20,50,53,3
6195,2019-10-20,41,25,-16
6196,2019-10-20,66,50,-16
6197,2019-10-20,17,28,11
6198,2019-10-20,9,3,-6
6199,2019-10-20,44,34,-10
6200,2019-10-20,62,52,-10
6201,2019-10-20,43,38,-5
6202,2019-10-20,50,35,-15
6203,2019-10-20,21,15,-6
6204,2019-10-20,54,59,5
6205,2019-10-20,54,33,-21
6206,2019-10-20,63,74,11
6207,2019-10-20,30,27,-3
6208,2019-10-20,32,44,12
6209,2019-10-20,52,42,-10
6210,2019-10-20,21,20,-1
6211,2019-10-20,93,89,-4
6212,2019-10-20,42,27,-15
6213,2019-10-20,67,68,1
6214,2019-10-20,58,49,-9
6215,2019-10-20,39,30,-9
6216,2019-10-20,136,80,-56
6217,2019-10-20,60,40,-20
6218,2019-10-20,20,19,-1
6219,2019-10-20,37,36,-1
6220,2019-10-20,54,63,9
6221,2019-10-20,137,102,-35
6222,2019-10-20,41,24,-17
6223,2019-10-20,80,54,-26
6224,2019-10-20,66,47,-19
6225,2019-10-20,46,39,-7
6226,2019-10-20,10,12,2
6227,2019-10-20,69,61,-8
6228,2019-10-20,8,7,-1
6229,2019-10-20,36,35,-1
6230,2019-10-20,61,54,-7
6231,2019-10-20,80,65,-15
6232,2019-10-20,15,10,-5
6233,2019-10-20,74,63,-11
6234,2019-10-20,30,31,1
6235,2019-10-20,23,12,-11
6236,2019-10-20,24,26,2
6237,2019-10-20,31,32,1
6240,2019-10-20,13,7,-6
6241,2019-10-20,21,15,-6
6243,2019-10-20,34,33,-1
6245,2019-10-20,18,15,-3
6246,2019-10-20,22,20,-2
6247,2019-10-20,41,44,3
6248,2019-10-20,64,59,-5
6249,2019-10-20,55,41,-14
6250,2019-10-20,94,90,-4
6251,2019-10-20,8,10,2
6252,2019-10-20,30,24,-6
6253,2019-10-20,24,25,1
6254,2019-10-20,57,58,1
6255,2019-10-20,55,42,-13
6257,2019-10-20,34,18,-16
6258,2019-10-20,52,44,-8
6259,2019-10-20,15,16,1
6260,2019-10-20,18,24,6
6261,2019-10-20,29,19,-10
6262,2019-10-20,25,38,13
6263,2019-10-20,6,12,6
6264,2019-10-20,9,17,8
6265,2019-10-20,26,29,3
6266,2019-10-20,20,15,-5
6267,2019-10-20,22,26,4
6268,2019-10-20,45,39,-6
6269,2019-10-20,18,23,5
6270,2019-10-20,18,14,-4
6272,2019-10-20,21,10,-11
6273,2019-10-20,15,15,0
6274,2019-10-20,18,19,1
6275,2019-10-20,17,18,1
6276,2019-10-20,32,29,-3
6277,2019-10-20,36,46,10
6278,2019-10-20,7,16,9
6279,2019-10-20,9,8,-1
6280,2019-10-20,50,44,-6
6281,2019-10-20,18,18,0
6301,2019-10-20,5,7,2
6302,2019-10-20,5,4,-1
6303,2019-10-20,4,3,-1
6304,2019-10-20,4,6,2
6305,2019-10-20,11,12,1
6306,2019-10-20,24,14,-10
6307,2019-10-20,53,61,8
6309,2019-10-20,11,10,-1
6310,2019-10-20,23,9,-14
6311,2019-10-20,26,35,9
6312,2019-10-20,16,23,7
6313,2019-10-20,17,19,2
6314,2019-10-20,27,34,7
6315,2019-10-20,29,19,-10
6316,2019-10-20,24,13,-11
6321,2019-10-20,42,45,3
6322,2019-10-20,20,20,0
6323,2019-10-20,12,10,-2
6324,2019-10-20,14,14,0
6327,2019-10-20,28,22,-6
6328,2019-10-20,20,21,1
6329,2019-10-20,12,10,-2
6330,2019-10-20,9,9,0
6331,2019-10-20,14,20,6
6332,2019-10-20,24,20,-4
6333,2019-10-20,12,16,4
6334,2019-10-20,31,21,-10
6335,2019-10-20,19,21,2
6336,2019-10-20,23,19,-4
6338,2019-10-20,12,14,2
6339,2019-10-20,15,16,1
6340,2019-10-20,17,20,3
6341,2019-10-20,17,18,1
6343,2019-10-20,17,13,-4
6344,2019-10-20,23,23,0
6345,2019-10-20,7,8,1
6346,2019-10-20,7,12,5
6347,2019-10-20,13,10,-3
6349,2019-10-20,14,13,-1
6350,2019-10-20,16,14,-2
6354,2019-10-20,7,9,2
6355,2019-10-20,15,15,0
6356,2019-10-20,14,9,-5
6357,2019-10-20,17,10,-7
6358,2019-10-20,14,13,-1
6359,2019-10-20,52,44,-8
6360,2019-10-20,26,21,-5
6361,2019-10-20,20,35,15
6362,2019-10-20,22,13,-9
6363,2019-10-20,10,10,0
6364,2019-10-20,12,12,0
6366,2019-10-20,10,9,-1
6367,2019-10-20,18,19,1
6368,2019-10-20,25,28,3
6369,2019-10-20,18,21,3
6370,2019-10-20,15,19,4
6371,2019-10-20,38,33,-5
6372,2019-10-20,45,58,13
6373,2019-10-20,20,27,7
6374,2019-10-20,22,25,3
6375,2019-10-20,25,26,1
6376,2019-10-20,22,21,-1
6377,2019-10-20,22,27,5
6379,2019-10-20,14,15,1
6380,2019-10-20,13,8,-5
6381,2019-10-20,22,23,1
6383,2019-10-20,21,18,-3
6384,2019-10-20,8,11,3
6385,2019-10-20,35,33,-2
6386,2019-10-20,17,25,8
6387,2019-10-20,34,36,2
6388,2019-10-20,5,4,-1
6389,2019-10-20,30,22,-8
6391,2019-10-20,29,51,22
6393,2019-10-20,34,38,4
6394,2019-10-20,26,45,19
6395,2019-10-20,27,30,3
6396,2019-10-20,37,40,3
6397,2019-10-20,21,34,13
6398,2019-10-20,17,22,5
6401,2019-10-20,21,34,13
6402,2019-10-20,27,39,12
6403,2019-10-20,9,9,0
6404,2019-10-20,8,9,1
6405,2019-10-20,25,29,4
6406,2019-10-20,86,101,15
6407,2019-10-20,9,14,5
6408,2019-10-20,19,24,5
6409,2019-10-20,5,8,3
6410,2019-10-20,22,22,0
6411,2019-10-20,69,57,-12
6412,2019-10-20,11,15,4
6413,2019-10-20,14,14,0
6414,2019-10-20,9,9,0
6415,2019-10-20,10,7,-3
6416,2019-10-20,13,10,-3
6417,2019-10-20,15,17,2
6418,2019-10-20,7,11,4
6419,2019-10-20,6,7,1
6420,2019-10-20,10,19,9
6421,2019-10-20,22,15,-7
6422,2019-10-20,2,3,1
6423,2019-10-20,10,8,-2
6424,2019-10-20,12,32,20
6425,2019-10-20,18,20,2
6426,2019-10-20,32,37,5
6427,2019-10-20,30,29,-1
6428,2019-10-20,10,11,1
6429,2019-10-20,18,17,-1
6432,2019-10-20,25,21,-4
6433,2019-10-20,12,10,-2
6434,2019-10-20,21,31,10
6435,2019-10-20,19,12,-7
6436,2019-10-20,8,9,1
6501,2019-10-20,50,78,28
6502,2019-10-20,27,21,-6
6503,2019-10-20,27,25,-2
6504,2019-10-20,14,19,5
6700,2019-10-20,9,13,4
6701,2019-10-20,28,27,-1
6702,2019-10-20,4,14,10
6703,2019-10-20,39,46,7
6704,2019-10-20,11,10,-1
6705,2019-10-20,7,1,-6
6706,2019-10-20,10,11,1
6707,2019-10-20,11,7,-4
6709,2019-10-20,10,10,0
6710,2019-10-20,5,10,5
6711,2019-10-20,8,8,0
6712,2019-10-20,4,5,1
6713,2019-10-20,12,13,1
6714,2019-10-20,4,6,2
6715,2019-10-20,3,3,0
6716,2019-10-20,4,8,4
6717,2019-10-20,5,10,5
6718,2019-10-20,12,10,-2
6719,2019-10-20,5,8,3
6720,2019-10-20,14,14,0
6721,2019-10-20,7,5,-2
6722,2019-10-20,4,4,0
6723,2019-10-20,7,6,-1
6724,2019-10-20,21,20,-1
6725,2019-10-20,14,13,-1
6726,2019-10-20,5,3,-2
6727,2019-10-20,19,35,16
6728,2019-10-20,6,6,0
6729,2019-10-20,65,80,15
6730,2019-10-20,5,7,2
6731,2019-10-20,11,12,1
6732,2019-10-20,14,11,-3
6733,2019-10-20,19,19,0
6734,2019-10-20,32,25,-7
6736,2019-10-20,4,7,3
6737,2019-10-20,11,16,5
6738,2019-10-20,10,10,0
6739,2019-10-20,3,2,-1
6741,2019-10-20,3,4,1
6742,2019-10-20,17,15,-2
6743,2019-10-20,18,7,-11
6744,2019-10-20,6,6,0
6745,2019-10-20,12,16,4
6746,2019-10-20,5,7,2
6747,2019-10-20,20,11,-9
6748,2019-10-20,28,28,0
6749,2019-10-20,10,11,1
6750,2019-10-20,31,20,-11
6752,2019-10-20,5,4,-1
6753,2019-10-20,4,6,2
6754,2019-10-20,5,3,-2
6901,2019-10-20,19,32,13
6902,2019-10-20,45,45,0
6903,2019-10-20,53,49,-4
6904,2019-10-20,22,22,0
6905,2019-10-20,15,16,1
6906,2019-10-20,62,35,-27
6907,2019-10-20,61,38,-23
6908,2019-10-20,28,31,3
6910,2019-10-20,59,48,-11
6912,2019-10-20,64,40,-24
6913,2019-10-20,27,26,-1
6915,2019-10-20,53,39,-14
6916,2019-10-20,14,17,3
6917,2019-10-20,11,11,0
6918,2019-10-20,12,12,0
6919,2019-10-20,19,10,-9
6921,2019-10-20,13,12,-1
6923,2019-10-20,14,14,0
6924,2019-10-20,13,7,-6
6925,2019-10-20,14,9,-5
6926,2019-10-20,41,39,-2
6927,2019-10-20,29,15,-14
6928,2019-10-20,20,10,-10
6929,2019-10-20,16,14,-2
6930,2019-10-20,3,3,0
7001,2019-10-20,23,17,-6
7002,2019-10-20,5,6,1
7003,2019-10-20,72,66,-6
7004,2019-10-20,7,10,3
7005,2019-10-20,3,3,0
7006,2019-10-20,8,11,3
7008,2019-10-20,9,10,1
7009,2019-10-20,8,12,4
7010,2019-10-20,2,8,6
7011,2019-10-20,34,45,11
7012,2019-10-20,16,17,1
7013,2019-10-20,8,8,0
7014,2019-10-20,27,22,-5
7015,2019-10-20,18,19,1
7016,2019-10-20,2,0,-2
7017,2019-10-20,26,28,2
7018,2019-10-20,14,16,2
7019,2019-10-20,7,6,-1
7020,2019-10-20,9,17,8
7021,2019-10-20,16,19,3
7022,2019-10-20,14,15,1
7023,2019-10-20,1,2,1
7024,2019-10-20,27,29,2
7025,2019-10-20,9,4,-5
7026,2019-10-20,30,27,-3
7027,2019-10-20,19,19,0
7028,2019-10-20,23,20,-3
7029,2019-10-20,30,37,7
7030,2019-10-20,37,42,5
7031,2019-10-20,36,32,-4
7032,2019-10-20,54,44,-10
7033,2019-10-20,35,39,4
7034,2019-10-20,17,28,11
7035,2019-10-20,17,23,6
7036,2019-10-20,35,35,0
7037,2019-10-20,33,28,-5
7038,2019-10-20,35,37,2
7039,2019-10-20,8,10,2
7040,2019-10-20,31,33,2
7041,2019-10-20,36,38,2
7042,2019-10-20,26,19,-7
7043,2019-10-20,11,5,-6
7044,2019-10-20,2,2,0
7045,2019-10-20,45,61,16
7046,2019-10-20,33,30,-3
7047,2019-10-20,75,88,13
7048,2019-10-20,6,8,2
7049,2019-10-20,9,9,0
7050,2019-10-20,27,22,-5
7051,2019-10-20,6,10,4
7052,2019-10-20,11,14,3
7053,2019-10-20,12,14,2
7054,2019-10-20,11,16,5
7055,2019-10-20,14,16,2
7056,2019-10-20,7,12,5
7057,2019-10-20,19,18,-1
7058,2019-10-20,7,17,10
7059,2019-10-20,10,12,2
7060,2019-10-20,10,10,0
7061,2019-10-20,16,12,-4
7062,2019-10-20,10,12,2
7063,2019-10-20,16,14,-2
7064,2019-10-20,9,11,2
7065,2019-10-20,18,29,11
7066,2019-10-20,28,46,18
7067,2019-10-20,19,25,6
7068,2019-10-20,38,48,10
7069,2019-10-20,10,10,0
7070,2019-10-20,14,16,2
7071,2019-10-20,20,13,-7
7072,2019-10-20,32,28,-4
7073,2019-10-20,25,23,-2
7074,2019-10-20,12,13,1
7075,2019-10-20,5,2,-3
7076,2019-10-20,36,24,-12
7077,2019-10-20,11,15,4
7078,2019-10-20,9,9,0
7079,2019-10-20,2,5,3
7080,2019-10-20,20,28,8
7081,2019-10-20,39,54,15
7082,2019-10-20,29,43,14
7084,2019-10-20,67,71,4
7087,2019-10-20,1,0,-1
7090,2019-10-20,4,2,-2
7091,2019-10-20,5,10,5
7092,2019-10-20,2,2,0
7093,2019-10-20,2,0,-2
7095,2019-10-20,4,1,-3
7096,2019-10-20,10,12,2
7097,2019-10-20,1,4,3
7098,2019-10-20,1,0,-1
7099,2019-10-20,3,2,-1
7100,2019-10-20,3,2,-1
7101,2019-10-20,1,1,0
7102,2019-10-20,4,9,5
7103,2019-10-20,3,3,0
7104,2019-10-20,1,1,0
7105,2019-10-20,5,6,1
7106,2019-10-20,4,2,-2
7108,2019-10-20,11,12,1
7109,2019-10-20,5,5,0
7111,2019-10-20,4,0,-4
7112,2019-10-20,9,9,0
7113,2019-10-20,21,24,3
7114,2019-10-20,58,62,4
7115,2019-10-20,1,3,2
7116,2019-10-20,8,2,-6
7117,2019-10-20,1,1,0
7119,2019-10-20,5,6,1
7122,2019-10-20,4,2,-2
7123,2019-10-20,4,6,2
7124,2019-10-20,11,16,5
7125,2019-10-20,18,13,-5
7126,2019-10-20,3,1,-2
7127,2019-10-20,10,5,-5
7128,2019-10-20,3,5,2
7129,2019-10-20,2,2,0
7130,2019-10-20,2,1,-1
7131,2019-10-20,3,3,0
7133,2019-10-20,2,4,2
7134,2019-10-20,2,1,-1
7135,2019-10-20,1,0,-1
7137,2019-10-20,5,4,-1
7139,2019-10-20,14,20,6
7140,2019-10-20,4,8,4
7141,2019-10-20,16,18,2
7142,2019-10-20,2,3,1
7143,2019-10-20,18,16,-2
7144,2019-10-20,22,32,10
7145,2019-10-20,4,3,-1
7146,2019-10-20,8,10,2
7147,2019-10-20,16,13,-3
7148,2019-10-20,8,11,3
7149,2019-10-20,13,10,-3
7153,2019-10-20,2,2,0
10002,2019-10-20,44,41,-3
4000,2019-10-21,45,50,5
4001,2019-10-21,8,10,2
4002,2019-10-21,16,19,3
5003,2019-10-21,1,1,0
5004,2019-10-21,2,2,0
5005,2019-10-21,2,0,-2
5006,2019-10-21,5,5,0
5007,2019-10-21,10,10,0
6001,2019-10-21,50,71,21
6002,2019-10-21,22,29,7
6003,2019-10-21,42,62,20
6004,2019-10-21,33,36,3
6005,2019-10-21,70,61,-9
6006,2019-10-21,39,26,-13
6007,2019-10-21,26,23,-3
6008,2019-10-21,33,62,29
6009,2019-10-21,21,36,15
6011,2019-10-21,43,54,11
6012,2019-10-21,79,142,63
6013,2019-10-21,35,47,12
6014,2019-10-21,52,75,23
6015,2019-10-21,70,118,48
6016,2019-10-21,15,19,4
6017,2019-10-21,29,40,11
6018,2019-10-21,48,60,12
6019,2019-10-21,119,66,-53
6020,2019-10-21,58,83,25
6021,2019-10-21,68,57,-11
6022,2019-10-21,52,57,5
6023,2019-10-21,71,81,10
6025,2019-10-21,18,23,5
6026,2019-10-21,47,63,16
6027,2019-10-21,81,70,-11
6029,2019-10-21,18,26,8
6031,2019-10-21,31,31,0
6032,2019-10-21,37,103,66
6033,2019-10-21,29,20,-9
6035,2019-10-21,33,63,30
6036,2019-10-21,62,98,36
6037,2019-10-21,45,43,-2
6038,2019-10-21,71,74,3
6039,2019-10-21,50,66,16
6040,2019-10-21,48,61,13
6041,2019-10-21,61,61,0
6042,2019-10-21,75,82,7
6043,2019-10-21,126,254,128
6044,2019-10-21,63,67,4
6046,2019-10-21,93,101,8
6047,2019-10-21,99,92,-7
6048,2019-10-21,39,48,9
6049,2019-10-21,86,111,25
6050,2019-10-21,39,55,16
6051,2019-10-21,30,24,-6
6052,2019-10-21,110,156,46
6053,2019-10-21,103,112,9
6057,2019-10-21,73,71,-2
6058,2019-10-21,58,49,-9
6059,2019-10-21,68,43,-25
6060,2019-10-21,36,16,-20
6061,2019-10-21,58,42,-16
6062,2019-10-21,51,35,-16
6063,2019-10-21,90,68,-22
6064,2019-10-21,112,89,-23
6065,2019-10-21,43,31,-12
6066,2019-10-21,39,8,-31
6067,2019-10-21,25,24,-1
6068,2019-10-21,10,8,-2
6070,2019-10-21,210,162,-48
6072,2019-10-21,53,58,5
6073,2019-10-21,174,126,-48
6075,2019-10-21,36,20,-16
6076,2019-10-21,11,16,5
6078,2019-10-21,30,27,-3
6079,2019-10-21,47,49,2
6080,2019-10-21,108,98,-10
6082,2019-10-21,26,20,-6
6083,2019-10-21,71,110,39
6084,2019-10-21,63,66,3
6085,2019-10-21,120,175,55
6086,2019-10-21,53,90,37
6087,2019-10-21,93,123,30
6088,2019-10-21,35,41,6
6089,2019-10-21,56,51,-5
6090,2019-10-21,44,43,-1
6091,2019-10-21,34,20,-14
6092,2019-10-21,3,16,13
6093,2019-10-21,25,9,-16
6094,2019-10-21,30,31,1
6095,2019-10-21,79,68,-11
6096,2019-10-21,38,53,15
6097,2019-10-21,48,18,-30
6098,2019-10-21,91,87,-4
6099,2019-10-21,64,93,29
6101,2019-10-21,58,17,-41
6102,2019-10-21,32,15,-17
6103,2019-10-21,14,17,3
6104,2019-10-21,64,79,15
6105,2019-10-21,42,64,22
6106,2019-10-21,24,24,0
6107,2019-10-21,62,51,-11
6108,2019-10-21,35,50,15
6109,2019-10-21,22,20,-2
6110,2019-10-21,18,27,9
6111,2019-10-21,29,31,2
6112,2019-10-21,57,67,10
6113,2019-10-21,27,26,-1
6114,2019-10-21,74,112,38
6115,2019-10-21,18,30,12
6116,2019-10-21,54,64,10
6117,2019-10-21,45,52,7
6118,2019-10-21,50,73,23
6119,2019-10-21,70,85,15
6120,2019-10-21,46,72,26
6121,2019-10-21,13,20,7
6122,2019-10-21,17,19,2
6123,2019-10-21,19,32,13
6124,2019-10-21,29,48,19
6125,2019-10-21,11,13,2
6126,2019-10-21,31,33,2
6127,2019-10-21,12,4,-8
6128,2019-10-21,10,12,2
6129,2019-10-21,56,46,-10
6130,2019-10-21,25,15,-10
6131,2019-10-21,66,38,-28
6132,2019-10-21,62,66,4
6133,2019-10-21,24,26,2
6134,2019-10-21,25,26,1
6136,2019-10-21,266,240,-26
6137,2019-10-21,72,65,-7
6138,2019-10-21,63,67,4
6139,2019-10-21,31,26,-5
6140,2019-10-21,62,62,0
6141,2019-10-21,95,79,-16
6142,2019-10-21,50,33,-17
6143,2019-10-21,72,54,-18
6145,2019-10-21,50,38,-12
6146,2019-10-21,50,42,-8
6147,2019-10-21,71,50,-21
6148,2019-10-21,99,69,-30
6149,2019-10-21,36,42,6
6150,2019-10-21,48,51,3
6151,2019-10-21,51,63,12
6152,2019-10-21,101,109,8
6154,2019-10-21,127,132,5
6155,2019-10-21,119,109,-10
6156,2019-10-21,71,61,-10
6157,2019-10-21,77,70,-7
6158,2019-10-21,49,65,16
6159,2019-10-21,24,27,3
6160,2019-10-21,54,48,-6
6161,2019-10-21,42,37,-5
6162,2019-10-21,8,7,-1
6163,2019-10-21,91,79,-12
6164,2019-10-21,58,60,2
6165,2019-10-21,100,119,19
6166,2019-10-21,63,37,-26
6167,2019-10-21,30,34,4
6168,2019-10-21,72,53,-19
6169,2019-10-21,107,102,-5
6170,2019-10-21,46,53,7
6171,2019-10-21,39,38,-1
6173,2019-10-21,66,36,-30
6174,2019-10-21,113,101,-12
6175,2019-10-21,77,44,-33
6176,2019-10-21,84,71,-13
6177,2019-10-21,57,46,-11
6178,2019-10-21,58,63,5
6179,2019-10-21,46,47,1
6180,2019-10-21,41,42,1
6181,2019-10-21,136,84,-52
6182,2019-10-21,54,32,-22
6183,2019-10-21,60,50,-10
6184,2019-10-21,173,165,-8
6185,2019-10-21,21,26,5
6186,2019-10-21,35,34,-1
6187,2019-10-21,78,77,-1
6188,2019-10-21,44,44,0
6189,2019-10-21,17,23,6
6190,2019-10-21,93,72,-21
6191,2019-10-21,37,30,-7
6192,2019-10-21,26,21,-5
6193,2019-10-21,77,66,-11
6194,2019-10-21,94,74,-20
6195,2019-10-21,59,40,-19
6196,2019-10-21,91,60,-31
6197,2019-10-21,52,40,-12
6198,2019-10-21,24,14,-10
6199,2019-10-21,71,54,-17
6200,2019-10-21,63,54,-9
6201,2019-10-21,43,31,-12
6202,2019-10-21,88,66,-22
6203,2019-10-21,44,50,6
6204,2019-10-21,83,93,10
6205,2019-10-21,71,75,4
6206,2019-10-21,97,103,6
6207,2019-10-21,42,37,-5
6208,2019-10-21,71,77,6
6209,2019-10-21,109,72,-37
6210,2019-10-21,50,37,-13
6211,2019-10-21,126,141,15
6212,2019-10-21,70,43,-27
6213,2019-10-21,110,96,-14
6214,2019-10-21,92,76,-16
6215,2019-10-21,34,35,1
6216,2019-10-21,128,70,-58
6217,2019-10-21,74,63,-11
6218,2019-10-21,66,54,-12
6219,2019-10-21,60,66,6
6220,2019-10-21,55,50,-5
6221,2019-10-21,136,118,-18
6222,2019-10-21,50,30,-20
6223,2019-10-21,66,30,-36
6224,2019-10-21,49,45,-4
6225,2019-10-21,59,46,-13
6226,2019-10-21,20,19,-1
6227,2019-10-21,72,73,1
6228,2019-10-21,21,16,-5
6229,2019-10-21,57,38,-19
6230,2019-10-21,77,78,1
6231,2019-10-21,85,75,-10
6232,2019-10-21,26,23,-3
6233,2019-10-21,69,62,-7
6234,2019-10-21,57,48,-9
6235,2019-10-21,60,53,-7
6236,2019-10-21,38,45,7
6237,2019-10-21,64,55,-9
6240,2019-10-21,16,15,-1
6241,2019-10-21,44,33,-11
6243,2019-10-21,58,45,-13
6245,2019-10-21,39,23,-16
6246,2019-10-21,45,42,-3
6247,2019-10-21,81,73,-8
6248,2019-10-21,103,82,-21
6249,2019-10-21,39,31,-8
6250,2019-10-21,52,44,-8
6251,2019-10-21,19,20,1
6252,2019-10-21,38,37,-1
6253,2019-10-21,45,36,-9
6254,2019-10-21,63,60,-3
6255,2019-10-21,55,55,0
6257,2019-10-21,29,25,-4
6258,2019-10-21,47,58,11
6259,2019-10-21,29,30,1
6260,2019-10-21,37,27,-10
6261,2019-10-21,36,38,2
6262,2019-10-21,42,42,0
6263,2019-10-21,23,34,11
6264,2019-10-21,22,28,6
6265,2019-10-21,119,110,-9
6266,2019-10-21,27,19,-8
6267,2019-10-21,30,28,-2
6268,2019-10-21,43,47,4
6269,2019-10-21,23,25,2
6270,2019-10-21,26,16,-10
6271,2019-10-21,2,0,-2
6272,2019-10-21,27,19,-8
6273,2019-10-21,34,34,0
6274,2019-10-21,29,34,5
6275,2019-10-21,24,27,3
6276,2019-10-21,39,34,-5
6277,2019-10-21,36,31,-5
6278,2019-10-21,19,16,-3
6279,2019-10-21,11,13,2
6280,2019-10-21,77,70,-7
6281,2019-10-21,23,17,-6
6301,2019-10-21,22,19,-3
6302,2019-10-21,11,7,-4
6303,2019-10-21,7,8,1
6304,2019-10-21,7,10,3
6305,2019-10-21,26,17,-9
6306,2019-10-21,58,21,-37
6307,2019-10-21,73,68,-5
6309,2019-10-21,22,22,0
6310,2019-10-21,49,21,-28
6311,2019-10-21,32,30,-2
6312,2019-10-21,13,20,7
6313,2019-10-21,19,22,3
6314,2019-10-21,96,98,2
6315,2019-10-21,52,32,-20
6316,2019-10-21,21,12,-9
6321,2019-10-21,57,46,-11
6322,2019-10-21,24,23,-1
6323,2019-10-21,15,19,4
6324,2019-10-21,24,24,0
6327,2019-10-21,31,26,-5
6328,2019-10-21,24,24,0
6329,2019-10-21,23,19,-4
6330,2019-10-21,21,19,-2
6331,2019-10-21,12,9,-3
6332,2019-10-21,29,40,11
6333,2019-10-21,12,12,0
6334,2019-10-21,64,58,-6
6335,2019-10-21,29,33,4
6336,2019-10-21,24,22,-2
6338,2019-10-21,25,24,-1
6339,2019-10-21,23,19,-4
6340,2019-10-21,23,18,-5
6341,2019-10-21,15,29,14
6343,2019-10-21,27,36,9
6344,2019-10-21,33,28,-5
6345,2019-10-21,10,16,6
6346,2019-10-21,29,25,-4
6347,2019-10-21,25,26,1
6349,2019-10-21,18,20,2
6350,2019-10-21,34,42,8
6354,2019-10-21,24,29,5
6355,2019-10-21,15,28,13
6356,2019-10-21,35,27,-8
6357,2019-10-21,18,18,0
6358,2019-10-21,21,19,-2
6359,2019-10-21,61,75,14
6360,2019-10-21,30,34,4
6361,2019-10-21,30,27,-3
6362,2019-10-21,31,30,-1
6363,2019-10-21,24,18,-6
6364,2019-10-21,51,40,-11
6366,2019-10-21,17,11,-6
6367,2019-10-21,33,27,-6
6368,2019-10-21,49,54,5
6369,2019-10-21,26,36,10
6370,2019-10-21,19,17,-2
6371,2019-10-21,46,41,-5
6372,2019-10-21,66,80,14
6373,2019-10-21,49,46,-3
6374,2019-10-21,39,48,9
6375,2019-10-21,37,42,5
6376,2019-10-21,23,15,-8
6377,2019-10-21,24,31,7
6379,2019-10-21,16,24,8
6380,2019-10-21,18,20,2
6381,2019-10-21,49,56,7
6383,2019-10-21,22,19,-3
6384,2019-10-21,14,8,-6
6385,2019-10-21,35,49,14
6386,2019-10-21,33,40,7
6387,2019-10-21,50,57,7
6388,2019-10-21,13,21,8
6389,2019-10-21,36,30,-6
6391,2019-10-21,36,62,26
6393,2019-10-21,54,62,8
6394,2019-10-21,34,47,13
6395,2019-10-21,54,49,-5
6396,2019-10-21,74,52,-22
6397,2019-10-21,33,43,10
6398,2019-10-21,22,41,19
6401,2019-10-21,87,99,12
6402,2019-10-21,35,34,-1
6403,2019-10-21,18,35,17
6404,2019-10-21,5,14,9
6405,2019-10-21,27,30,3
6406,2019-10-21,37,44,7
6407,2019-10-21,19,35,16
6408,2019-10-21,30,35,5
6409,2019-10-21,13,15,2
6410,2019-10-21,41,45,4
6411,2019-10-21,99,88,-11
6412,2019-10-21,21,26,5
6413,2019-10-21,16,20,4
6414,2019-10-21,7,17,10
6415,2019-10-21,27,27,0
6416,2019-10-21,18,12,-6
6417,2019-10-21,18,27,9
6418,2019-10-21,11,10,-1
6419,2019-10-21,8,7,-1
6421,2019-10-21,42,43,1
6422,2019-10-21,5,13,8
6423,2019-10-21,10,8,-2
6424,2019-10-21,36,72,36
6425,2019-10-21,20,17,-3
6426,2019-10-21,67,61,-6
6427,2019-10-21,55,51,-4
6428,2019-10-21,14,18,4
6429,2019-10-21,37,37,0
6432,2019-10-21,48,45,-3
6433,2019-10-21,10,12,2
6434,2019-10-21,49,45,-4
6435,2019-10-21,34,36,2
6436,2019-10-21,20,11,-9
6501,2019-10-21,58,58,0
6502,2019-10-21,8,13,5
6503,2019-10-21,56,47,-9
6504,2019-10-21,10,7,-3
6700,2019-10-21,11,28,17
6701,2019-10-21,47,42,-5
6702,2019-10-21,16,12,-4
6703,2019-10-21,58,50,-8
6704,2019-10-21,12,13,1
6705,2019-10-21,13,11,-2
6706,2019-10-21,19,28,9
6707,2019-10-21,20,13,-7
6709,2019-10-21,24,27,3
6710,2019-10-21,13,18,5
6711,2019-10-21,20,18,-2
6712,2019-10-21,5,7,2
6713,2019-10-21,10,17,7
6714,2019-10-21,6,7,1
6715,2019-10-21,9,10,1
6716,2019-10-21,5,5,0
6717,2019-10-21,8,8,0
6718,2019-10-21,12,16,4
6719,2019-10-21,19,20,1
6720,2019-10-21,18,34,16
6721,2019-10-21,10,9,-1
6722,2019-10-21,9,9,0
6723,2019-10-21,15,13,-2
6724,2019-10-21,35,53,18
6725,2019-10-21,19,16,-3
6726,2019-10-21,11,16,5
6727,2019-10-21,70,73,3
6728,2019-10-21,17,18,1
6729,2019-10-21,83,102,19
6730,2019-10-21,8,3,-5
6731,2019-10-21,16,11,-5
6732,2019-10-21,28,30,2
6733,2019-10-21,17,27,10
6734,2019-10-21,29,28,-1
6736,2019-10-21,17,13,-4
6737,2019-10-21,11,22,11
6738,2019-10-21,58,55,-3
6739,2019-10-21,2,6,4
6741,2019-10-21,14,17,3
6742,2019-10-21,36,51,15
6743,2019-10-21,22,18,-4
6744,2019-10-21,18,12,-6
6745,2019-10-21,13,12,-1
6746,2019-10-21,18,16,-2
6747,2019-10-21,27,26,-1
6748,2019-10-21,51,71,20
6749,2019-10-21,36,36,0
6750,2019-10-21,32,26,-6
6752,2019-10-21,28,27,-1
6753,2019-10-21,15,12,-3
6754,2019-10-21,8,16,8
6901,2019-10-21,30,37,7
6902,2019-10-21,53,74,21
6903,2019-10-21,70,66,-4
6904,2019-10-21,30,30,0
6905,2019-10-21,32,28,-4
6906,2019-10-21,90,66,-24
6907,2019-10-21,82,51,-31
6908,2019-10-21,49,48,-1
6910,2019-10-21,78,73,-5
6912,2019-10-21,99,73,-26
6913,2019-10-21,35,33,-2
6915,2019-10-21,54,43,-11
6916,2019-10-21,37,22,-15
6917,2019-10-21,10,15,5
6918,2019-10-21,20,12,-8
6919,2019-10-21,23,24,1
6921,2019-10-21,68,65,-3
6923,2019-10-21,44,42,-2
6924,2019-10-21,16,17,1
6925,2019-10-21,28,28,0
6926,2019-10-21,43,45,2
6927,2019-10-21,59,42,-17
6928,2019-10-21,28,8,-20
6929,2019-10-21,25,15,-10
6930,2019-10-21,20,17,-3
7001,2019-10-21,24,25,1
7002,2019-10-21,13,16,3
7003,2019-10-21,136,128,-8
7004,2019-10-21,22,18,-4
7005,2019-10-21,7,8,1
7006,2019-10-21,11,19,8
7007,2019-10-21,3,6,3
7008,2019-10-21,28,25,-3
7009,2019-10-21,31,50,19
7010,2019-10-21,17,23,6
7011,2019-10-21,54,60,6
7012,2019-10-21,29,32,3
7013,2019-10-21,9,7,-2
7014,2019-10-21,58,36,-22
7015,2019-10-21,21,18,-3
7016,2019-10-21,10,4,-6
7017,2019-10-21,19,36,17
7018,2019-10-21,18,27,9
7019,2019-10-21,76,68,-8
7020,2019-10-21,13,36,23
7021,2019-10-21,30,34,4
7022,2019-10-21,22,16,-6
7023,2019-10-21,2,2,0
7024,2019-10-21,51,32,-19
7025,2019-10-21,36,26,-10
7026,2019-10-21,54,52,-2
7027,2019-10-21,29,42,13
7028,2019-10-21,67,66,-1
7029,2019-10-21,47,54,7
7030,2019-10-21,55,64,9
7031,2019-10-21,36,30,-6
7032,2019-10-21,89,58,-31
7033,2019-10-21,57,52,-5
7034,2019-10-21,13,18,5
7035,2019-10-21,37,39,2
7036,2019-10-21,54,44,-10
7037,2019-10-21,47,38,-9
7038,2019-10-21,57,48,-9
7039,2019-10-21,24,20,-4
7040,2019-10-21,47,51,4
7041,2019-10-21,73,73,0
7042,2019-10-21,38,39,1
7043,2019-10-21,18,15,-3
7044,2019-10-21,11,14,3
7045,2019-10-21,42,43,1
7046,2019-10-21,73,69,-4
7047,2019-10-21,92,131,39
7048,2019-10-21,15,23,8
7049,2019-10-21,17,25,8
7050,2019-10-21,19,27,8
7051,2019-10-21,5,10,5
7052,2019-10-21,46,51,5
7053,2019-10-21,31,32,1
7054,2019-10-21,21,28,7
7055,2019-10-21,4,10,6
7056,2019-10-21,13,15,2
7057,2019-10-21,18,25,7
7058,2019-10-21,15,23,8
7059,2019-10-21,18,22,4
7060,2019-10-21,23,26,3
7061,2019-10-21,29,24,-5
7062,2019-10-21,39,45,6
7063,2019-10-21,11,14,3
7064,2019-10-21,24,26,2
7065,2019-10-21,33,30,-3
7066,2019-10-21,40,71,31
7067,2019-10-21,56,57,1
7068,2019-10-21,55,65,10
7069,2019-10-21,61,71,10
7070,2019-10-21,21,31,10
7071,2019-10-21,37,23,-14
7072,2019-10-21,42,21,-21
7073,2019-10-21,64,62,-2
7074,2019-10-21,20,29,9
7075,2019-10-21,5,9,4
7076,2019-10-21,40,16,-24
7077,2019-10-21,14,15,1
7078,2019-10-21,7,18,11
7079,2019-10-21,40,41,1
7080,2019-10-21,57,72,15
7081,2019-10-21,41,60,19
7082,2019-10-21,65,82,17
7084,2019-10-21,78,90,12
7086,2019-10-21,1,0,-1
7087,2019-10-21,1,2,1
7090,2019-10-21,9,11,2
7091,2019-10-21,9,6,-3
7092,2019-10-21,8,8,0
7093,2019-10-21,1,2,1
7094,2019-10-21,1,2,1
7095,2019-10-21,10,10,0
7096,2019-10-21,24,24,0
7097,2019-10-21,7,4,-3
7099,2019-10-21,1,4,3
7100,2019-10-21,5,4,-1
7101,2019-10-21,7,9,2
7102,2019-10-21,5,18,13
7103,2019-10-21,3,4,1
7105,2019-10-21,1,2,1
7107,2019-10-21,4,1,-3
7108,2019-10-21,6,7,1
7109,2019-10-21,14,10,-4
7110,2019-10-21,6,5,-1
7111,2019-10-21,4,3,-1
7112,2019-10-21,8,8,0
7113,2019-10-21,38,43,5
7114,2019-10-21,56,70,14
7115,2019-10-21,9,4,-5
7116,2019-10-21,1,2,1
7117,2019-10-21,2,0,-2
7118,2019-10-21,4,4,0
7119,2019-10-21,1,5,4
7121,2019-10-21,1,2,1
7122,2019-10-21,4,2,-2
7123,2019-10-21,2,3,1
7124,2019-10-21,20,16,-4
7125,2019-10-21,10,12,2
7126,2019-10-21,7,4,-3
7127,2019-10-21,21,29,8
7128,2019-10-21,21,15,-6
7129,2019-10-21,9,12,3
7130,2019-10-21,10,10,0
7131,2019-10-21,4,2,-2
7132,2019-10-21,3,3,0
7133,2019-10-21,6,8,2
7134,2019-10-21,5,6,1
7135,2019-10-21,2,5,3
7136,2019-10-21,8,9,1
7137,2019-10-21,4,6,2
7138,2019-10-21,4,4,0
7139,2019-10-21,11,9,-2
7140,2019-10-21,12,17,5
7141,2019-10-21,18,22,4
7142,2019-10-21,15,12,-3
7143,2019-10-21,18,23,5
7144,2019-10-21,35,41,6
7145,2019-10-21,15,14,-1
7146,2019-10-21,16,26,10
7147,2019-10-21,28,34,6
7148,2019-10-21,3,2,-1
7149,2019-10-21,7,11,4
7150,2019-10-21,1,0,-1
7152,2019-10-21,2,2,0
7153,2019-10-21,4,2,-2
10002,2019-10-21,94,97,3
4000,2019-10-22,35,44,9
4001,2019-10-22,4,3,-1
4002,2019-10-22,9,14,5
5002,2019-10-22,4,1,-3
5003,2019-10-22,2,1,-1
5004,2019-10-22,2,2,0
5005,2019-10-22,2,2,0
5006,2019-10-22,4,3,-1
5007,2019-10-22,9,13,4
6001,2019-10-22,23,60,37
6002,2019-10-22,17,30,13
6003,2019-10-22,34,53,19
6004,2019-10-22,20,36,16
6005,2019-10-22,41,55,14
6006,2019-10-22,32,13,-19
6007,2019-10-22,21,33,12
6008,2019-10-22,40,68,28
6011,2019-10-22,45,37,-8
6012,2019-10-22,50,135,85
6013,2019-10-22,34,48,14
6014,2019-10-22,39,64,25
6015,2019-10-22,84,149,65
6016,2019-10-22,7,9,2
6017,2019-10-22,29,27,-2
6018,2019-10-22,31,28,-3
6019,2019-10-22,98,70,-28
6020,2019-10-22,51,87,36
6021,2019-10-22,79,54,-25
6022,2019-10-22,37,37,0
6023,2019-10-22,54,62,8
6025,2019-10-22,25,24,-1
6026,2019-10-22,35,55,20
6027,2019-10-22,43,64,21
6029,2019-10-22,17,23,6
6031,2019-10-22,21,21,0
6032,2019-10-22,34,114,80
6033,2019-10-22,20,17,-3
6035,2019-10-22,22,70,48
6036,2019-10-22,64,105,41
6037,2019-10-22,32,35,3
6038,2019-10-22,57,71,14
6039,2019-10-22,36,43,7
6040,2019-10-22,37,60,23
6041,2019-10-22,38,58,20
6042,2019-10-22,73,83,10
6043,2019-10-22,96,252,156
6044,2019-10-22,58,38,-20
6046,2019-10-22,69,97,28
6047,2019-10-22,82,81,-1
6048,2019-10-22,37,37,0
6049,2019-10-22,83,95,12
6050,2019-10-22,20,36,16
6051,2019-10-22,19,15,-4
6052,2019-10-22,95,162,67
6053,2019-10-22,80,97,17
6057,2019-10-22,65,58,-7
6058,2019-10-22,26,40,14
6059,2019-10-22,48,36,-12
6060,2019-10-22,18,11,-7
6061,2019-10-22,38,32,-6
6062,2019-10-22,38,45,7
6063,2019-10-22,78,78,0
6064,2019-10-22,66,93,27
6065,2019-10-22,43,32,-11
6066,2019-10-22,40,14,-26
6067,2019-10-22,19,19,0
6068,2019-10-22,6,6,0
6070,2019-10-22,137,150,13
6072,2019-10-22,45,70,25
6073,2019-10-22,110,130,20
6075,2019-10-22,28,22,-6
6076,2019-10-22,13,16,3
6078,2019-10-22,27,31,4
6079,2019-10-22,35,41,6
6080,2019-10-22,87,79,-8
6082,2019-10-22,12,7,-5
6083,2019-10-22,56,101,45
6084,2019-10-22,51,78,27
6085,2019-10-22,45,112,67
6086,2019-10-22,32,51,19
6087,2019-10-22,60,89,29
6088,2019-10-22,27,28,1
6089,2019-10-22,48,46,-2
6090,2019-10-22,34,35,1
6091,2019-10-22,25,16,-9
6093,2019-10-22,19,7,-12
6094,2019-10-22,33,31,-2
6095,2019-10-22,57,48,-9
6096,2019-10-22,33,41,8
6097,2019-10-22,47,27,-20
6098,2019-10-22,76,82,6
6099,2019-10-22,48,91,43
6101,2019-10-22,53,14,-39
6102,2019-10-22,19,12,-7
6103,2019-10-22,16,10,-6
6104,2019-10-22,50,73,23
6105,2019-10-22,29,42,13
6106,2019-10-22,14,23,9
6107,2019-10-22,57,54,-3
6108,2019-10-22,31,36,5
6109,2019-10-22,4,4,0
6110,2019-10-22,22,19,-3
6111,2019-10-22,32,29,-3
6112,2019-10-22,47,47,0
6113,2019-10-22,15,21,6
6114,2019-10-22,67,105,38
6115,2019-10-22,15,12,-3
6116,2019-10-22,37,40,3
6117,2019-10-22,42,43,1
6118,2019-10-22,55,57,2
6119,2019-10-22,52,53,1
6120,2019-10-22,38,64,26
6121,2019-10-22,12,21,9
6122,2019-10-22,10,17,7
6123,2019-10-22,17,17,0
6124,2019-10-22,23,37,14
6125,2019-10-22,10,10,0
6126,2019-10-22,41,39,-2
6127,2019-10-22,7,4,-3
6128,2019-10-22,12,7,-5
6129,2019-10-22,57,33,-24
6130,2019-10-22,22,8,-14
6131,2019-10-22,69,30,-39
6132,2019-10-22,41,46,5
6133,2019-10-22,18,17,-1
6134,2019-10-22,29,24,-5
6136,2019-10-22,220,183,-37
6137,2019-10-22,50,53,3
6138,2019-10-22,52,44,-8
6139,2019-10-22,29,25,-4
6140,2019-10-22,70,57,-13
6141,2019-10-22,53,33,-20
6142,2019-10-22,50,21,-29
6143,2019-10-22,58,45,-13
6145,2019-10-22,28,31,3
6146,2019-10-22,39,19,-20
6147,2019-10-22,72,37,-35
6148,2019-10-22,103,80,-23
6149,2019-10-22,41,25,-16
6150,2019-10-22,38,40,2
6151,2019-10-22,50,48,-2
6152,2019-10-22,73,71,-2
6153,2019-10-22,19,19,0
6154,2019-10-22,87,89,2
6155,2019-10-22,80,75,-5
6156,2019-10-22,48,44,-4
6157,2019-10-22,50,50,0
6158,2019-10-22,54,48,-6
6159,2019-10-22,22,26,4
6160,2019-10-22,36,26,-10
6161,2019-10-22,34,33,-1
6162,2019-10-22,3,7,4
6163,2019-10-22,71,60,-11
6164,2019-10-22,41,49,8
6165,2019-10-22,87,97,10
6166,2019-10-22,46,20,-26
6167,2019-10-22,27,31,4
6168,2019-10-22,70,57,-13
6169,2019-10-22,86,68,-18
6170,2019-10-22,44,30,-14
6171,2019-10-22,27,31,4
6173,2019-10-22,18,16,-2
6174,2019-10-22,85,60,-25
6175,2019-10-22,79,40,-39
6176,2019-10-22,46,39,-7
6177,2019-10-22,60,38,-22
6178,2019-10-22,55,49,-6
6179,2019-10-22,42,38,-4
6180,2019-10-22,22,34,12
6181,2019-10-22,102,47,-55
6182,2019-10-22,32,27,-5
6183,2019-10-22,45,44,-1
6184,2019-10-22,129,136,7
6185,2019-10-22,17,18,1
6186,2019-10-22,25,17,-8
6187,2019-10-22,63,75,12
6188,2019-10-22,36,31,-5
6189,2019-10-22,11,8,-3
6190,2019-10-22,73,51,-22
6191,2019-10-22,43,32,-11
6192,2019-10-22,23,17,-6
6193,2019-10-22,45,46,1
6194,2019-10-22,60,61,1
6195,2019-10-22,40,33,-7
6196,2019-10-22,71,45,-26
6197,2019-10-22,39,35,-4
6198,2019-10-22,17,14,-3
6199,2019-10-22,72,62,-10
6200,2019-10-22,39,39,0
6201,2019-10-22,50,33,-17
6202,2019-10-22,83,76,-7
6203,2019-10-22,52,52,0
6204,2019-10-22,65,70,5
6205,2019-10-22,53,55,2
6206,2019-10-22,82,85,3
6207,2019-10-22,29,33,4
6208,2019-10-22,52,52,0
6209,2019-10-22,73,41,-32
6210,2019-10-22,31,32,1
6211,2019-10-22,89,90,1
6212,2019-10-22,63,28,-35
6213,2019-10-22,82,74,-8
6214,2019-10-22,64,63,-1
6215,2019-10-22,25,33,8
6216,2019-10-22,52,22,-30
6217,2019-10-22,67,39,-28
6218,2019-10-22,55,29,-26
6219,2019-10-22,51,44,-7
6220,2019-10-22,62,37,-25
6221,2019-10-22,112,97,-15
6222,2019-10-22,36,23,-13
6223,2019-10-22,57,25,-32
6224,2019-10-22,44,33,-11
6225,2019-10-22,49,31,-18
6226,2019-10-22,7,17,10
6227,2019-10-22,64,63,-1
6228,2019-10-22,16,10,-6
6229,2019-10-22,36,28,-8
6230,2019-10-22,52,53,1
6231,2019-10-22,76,55,-21
6232,2019-10-22,32,13,-19
6233,2019-10-22,66,44,-22
6234,2019-10-22,35,35,0
6235,2019-10-22,68,52,-16
6236,2019-10-22,37,26,-11
6237,2019-10-22,38,36,-2
6240,2019-10-22,11,14,3
6241,2019-10-22,27,16,-11
6243,2019-10-22,44,36,-8
6245,2019-10-22,19,16,-3
6246,2019-10-22,39,39,0
6247,2019-10-22,42,43,1
6248,2019-10-22,116,90,-26
6249,2019-10-22,37,27,-10
6250,2019-10-22,46,35,-11
6251,2019-10-22,9,16,7
6252,2019-10-22,22,25,3
6253,2019-10-22,39,36,-3
6254,2019-10-22,43,31,-12
6255,2019-10-22,46,36,-10
6257,2019-10-22,27,24,-3
6258,2019-10-22,54,33,-21
6259,2019-10-22,16,14,-2
6260,2019-10-22,25,21,-4
6261,2019-10-22,23,14,-9
6262,2019-10-22,27,24,-3
6263,2019-10-22,15,17,2
6264,2019-10-22,21,12,-9
6265,2019-10-22,50,45,-5
6266,2019-10-22,13,9,-4
6267,2019-10-22,20,18,-2
6268,2019-10-22,39,26,-13
6269,2019-10-22,13,13,0
6270,2019-10-22,13,14,1
6271,2019-10-22,1,0,-1
6272,2019-10-22,18,16,-2
6273,2019-10-22,21,14,-7
6274,2019-10-22,28,18,-10
6275,2019-10-22,19,17,-2
6276,2019-10-22,21,22,1
6277,2019-10-22,22,30,8
6278,2019-10-22,16,12,-4
6279,2019-10-22,12,6,-6
6280,2019-10-22,52,42,-10
6281,2019-10-22,25,15,-10
6301,2019-10-22,16,15,-1
6302,2019-10-22,14,12,-2
6303,2019-10-22,14,3,-11
6304,2019-10-22,7,8,1
6305,2019-10-22,22,12,-10
6306,2019-10-22,30,14,-16
6307,2019-10-22,54,53,-1
6309,2019-10-22,8,11,3
6310,2019-10-22,6,6,0
6311,2019-10-22,27,11,-16
6312,2019-10-22,8,7,-1
6313,2019-10-22,22,20,-2
6314,2019-10-22,42,36,-6
6315,2019-10-22,33,27,-6
6316,2019-10-22,16,7,-9
6321,2019-10-22,43,40,-3
6322,2019-10-22,18,8,-10
6323,2019-10-22,13,10,-3
6324,2019-10-22,19,19,0
6327,2019-10-22,32,28,-4
6328,2019-10-22,24,16,-8
6329,2019-10-22,14,8,-6
6330,2019-10-22,12,14,2
6331,2019-10-22,14,7,-7
6332,2019-10-22,25,33,8
6333,2019-10-22,11,13,2
6334,2019-10-22,54,53,-1
6335,2019-10-22,23,26,3
6336,2019-10-22,20,15,-5
6338,2019-10-22,9,11,2
6339,2019-10-22,19,22,3
6340,2019-10-22,19,19,0
6341,2019-10-22,21,20,-1
6343,2019-10-22,29,23,-6
6344,2019-10-22,14,18,4
6345,2019-10-22,11,12,1
6346,2019-10-22,23,18,-5
6347,2019-10-22,22,21,-1
6349,2019-10-22,18,9,-9
6350,2019-10-22,30,23,-7
6354,2019-10-22,26,18,-8
6355,2019-10-22,11,16,5
6356,2019-10-22,21,13,-8
6357,2019-10-22,14,8,-6
6358,2019-10-22,20,16,-4
6359,2019-10-22,55,74,19
6360,2019-10-22,19,18,-1
6361,2019-10-22,33,21,-12
6362,2019-10-22,25,19,-6
6363,2019-10-22,10,4,-6
6364,2019-10-22,26,22,-4
6366,2019-10-22,12,10,-2
6367,2019-10-22,16,20,4
6368,2019-10-22,32,34,2
6369,2019-10-22,15,35,20
6370,2019-10-22,18,16,-2
6371,2019-10-22,28,33,5
6372,2019-10-22,53,42,-11
6373,2019-10-22,30,16,-14
6374,2019-10-22,37,20,-17
6375,2019-10-22,25,25,0
6376,2019-10-22,21,21,0
6377,2019-10-22,19,20,1
6379,2019-10-22,17,19,2
6380,2019-10-22,26,12,-14
6381,2019-10-22,25,25,0
6383,2019-10-22,11,7,-4
6384,2019-10-22,9,3,-6
6385,2019-10-22,47,37,-10
6386,2019-10-22,24,33,9
6387,2019-10-22,45,56,11
6388,2019-10-22,10,10,0
6389,2019-10-22,21,19,-2
6391,2019-10-22,31,36,5
6393,2019-10-22,35,44,9
6394,2019-10-22,30,38,8
6395,2019-10-22,33,41,8
6396,2019-10-22,59,45,-14
6397,2019-10-22,29,28,-1
6398,2019-10-22,23,27,4
6401,2019-10-22,36,39,3
6402,2019-10-22,19,13,-6
6403,2019-10-22,20,12,-8
6404,2019-10-22,7,11,4
6405,2019-10-22,25,31,6
6406,2019-10-22,27,36,9
6407,2019-10-22,8,10,2
6408,2019-10-22,27,32,5
6409,2019-10-22,11,10,-1
6410,2019-10-22,28,35,7
6411,2019-10-22,87,77,-10
6412,2019-10-22,19,20,1
6413,2019-10-22,14,18,4
6414,2019-10-22,5,11,6
6415,2019-10-22,16,15,-1
6416,2019-10-22,10,6,-4
6417,2019-10-22,14,18,4
6418,2019-10-22,4,4,0
6419,2019-10-22,3,4,1
6420,2019-10-22,9,9,0
6421,2019-10-22,22,13,-9
6422,2019-10-22,4,6,2
6423,2019-10-22,4,2,-2
6424,2019-10-22,25,72,47
6425,2019-10-22,16,17,1
6426,2019-10-22,39,43,4
6427,2019-10-22,34,37,3
6428,2019-10-22,10,10,0
6429,2019-10-22,14,17,3
6432,2019-10-22,45,41,-4
6433,2019-10-22,14,9,-5
6434,2019-10-22,36,37,1
6435,2019-10-22,25,24,-1
6436,2019-10-22,16,10,-6
6501,2019-10-22,48,56,8
6502,2019-10-22,23,19,-4
6503,2019-10-22,41,42,1
6504,2019-10-22,6,6,0
6700,2019-10-22,16,26,10
6701,2019-10-22,44,44,0
6702,2019-10-22,6,9,3
6703,2019-10-22,15,16,1
6704,2019-10-22,21,9,-12
6705,2019-10-22,4,7,3
6706,2019-10-22,17,16,-1
6707,2019-10-22,14,19,5
6709,2019-10-22,20,14,-6
6710,2019-10-22,9,5,-4
6711,2019-10-22,6,7,1
6712,2019-10-22,2,6,4
6713,2019-10-22,12,13,1
6714,2019-10-22,3,2,-1
6715,2019-10-22,10,5,-5
6716,2019-10-22,9,4,-5
6717,2019-10-22,7,6,-1
6718,2019-10-22,15,12,-3
6719,2019-10-22,12,15,3
6720,2019-10-22,15,19,4
6721,2019-10-22,7,5,-2
6722,2019-10-22,7,7,0
6723,2019-10-22,15,12,-3
6724,2019-10-22,14,27,13
6725,2019-10-22,17,20,3
6726,2019-10-22,7,5,-2
6727,2019-10-22,46,52,6
6728,2019-10-22,10,7,-3
6729,2019-10-22,56,84,28
6730,2019-10-22,6,2,-4
6731,2019-10-22,6,6,0
6732,2019-10-22,19,14,-5
6733,2019-10-22,22,17,-5
6734,2019-10-22,22,28,6
6736,2019-10-22,5,9,4
6737,2019-10-22,12,15,3
6738,2019-10-22,52,62,10
6739,2019-10-22,7,6,-1
6741,2019-10-22,7,4,-3
6742,2019-10-22,29,29,0
6743,2019-10-22,18,6,-12
6744,2019-10-22,13,13,0
6745,2019-10-22,5,9,4
6746,2019-10-22,14,16,2
6747,2019-10-22,26,45,19
6748,2019-10-22,32,51,19
6749,2019-10-22,32,31,-1
6750,2019-10-22,27,20,-7
6752,2019-10-22,18,27,9
6753,2019-10-22,14,14,0
6754,2019-10-22,10,7,-3
6901,2019-10-22,31,40,9
6902,2019-10-22,59,59,0
6903,2019-10-22,49,53,4
6904,2019-10-22,25,18,-7
6905,2019-10-22,34,26,-8
6906,2019-10-22,58,47,-11
6907,2019-10-22,50,28,-22
6908,2019-10-22,32,30,-2
6910,2019-10-22,72,54,-18
6912,2019-10-22,92,69,-23
6913,2019-10-22,24,17,-7
6915,2019-10-22,51,46,-5
6916,2019-10-22,20,13,-7
6917,2019-10-22,12,13,1
6918,2019-10-22,13,10,-3
6919,2019-10-22,20,16,-4
6921,2019-10-22,59,66,7
6923,2019-10-22,25,23,-2
6924,2019-10-22,12,11,-1
6925,2019-10-22,26,20,-6
6926,2019-10-22,43,31,-12
6927,2019-10-22,36,22,-14
6928,2019-10-22,28,13,-15
6929,2019-10-22,23,12,-11
6930,2019-10-22,13,22,9
7001,2019-10-22,19,19,0
7002,2019-10-22,10,13,3
7003,2019-10-22,109,99,-10
7004,2019-10-22,12,20,8
7005,2019-10-22,4,5,1
7006,2019-10-22,7,8,1
7007,2019-10-22,2,8,6
7008,2019-10-22,15,12,-3
7009,2019-10-22,26,36,10
7010,2019-10-22,7,11,4
7011,2019-10-22,40,39,-1
7012,2019-10-22,20,27,7
7013,2019-10-22,9,11,2
7014,2019-10-22,49,39,-10
7015,2019-10-22,4,4,0
7016,2019-10-22,5,4,-1
7017,2019-10-22,11,19,8
7018,2019-10-22,18,22,4
7019,2019-10-22,25,25,0
7020,2019-10-22,12,29,17
7021,2019-10-22,18,21,3
7022,2019-10-22,18,12,-6
7023,2019-10-22,1,0,-1
7024,2019-10-22,37,22,-15
7025,2019-10-22,35,31,-4
7026,2019-10-22,57,56,-1
7027,2019-10-22,21,11,-10
7028,2019-10-22,58,78,20
7029,2019-10-22,37,27,-10
7030,2019-10-22,44,40,-4
7031,2019-10-22,31,35,4
7032,2019-10-22,56,48,-8
7033,2019-10-22,41,43,2
7034,2019-10-22,9,18,9
7035,2019-10-22,36,35,-1
7036,2019-10-22,41,36,-5
7037,2019-10-22,41,46,5
7038,2019-10-22,61,52,-9
7039,2019-10-22,9,11,2
7040,2019-10-22,34,48,14
7041,2019-10-22,68,84,16
7042,2019-10-22,24,22,-2
7043,2019-10-22,13,9,-4
7044,2019-10-22,10,12,2
7045,2019-10-22,20,24,4
7046,2019-10-22,49,87,38
7047,2019-10-22,72,88,16
7048,2019-10-22,10,6,-4
7049,2019-10-22,11,17,6
7050,2019-10-22,25,22,-3
7051,2019-10-22,7,6,-1
7052,2019-10-22,28,47,19
7053,2019-10-22,29,19,-10
7054,2019-10-22,13,14,1
7055,2019-10-22,4,13,9
7056,2019-10-22,7,10,3
7057,2019-10-22,17,19,2
7058,2019-10-22,16,12,-4
7059,2019-10-22,30,21,-9
7060,2019-10-22,18,9,-9
7061,2019-10-22,16,16,0
7062,2019-10-22,36,34,-2
7063,2019-10-22,16,6,-10
7064,2019-10-22,17,20,3
7065,2019-10-22,30,23,-7
7066,2019-10-22,23,81,58
7067,2019-10-22,38,46,8
7068,2019-10-22,37,32,-5
7069,2019-10-22,60,71,11
7070,2019-10-22,24,24,0
7071,2019-10-22,24,16,-8
7072,2019-10-22,25,18,-7
7073,2019-10-22,35,31,-4
7074,2019-10-22,21,17,-4
7075,2019-10-22,5,3,-2
7076,2019-10-22,33,21,-12
7077,2019-10-22,14,13,-1
7078,2019-10-22,10,11,1
7079,2019-10-22,31,49,18
7080,2019-10-22,54,72,18
7081,2019-10-22,28,72,44
7082,2019-10-22,37,49,12
7084,2019-10-22,80,79,-1
7087,2019-10-22,1,1,0
7090,2019-10-22,7,9,2
7091,2019-10-22,3,3,0
7092,2019-10-22,3,4,1
7095,2019-10-22,5,7,2
7096,2019-10-22,12,21,9
7097,2019-10-22,3,5,2
7098,2019-10-22,1,2,1
7099,2019-10-22,2,4,2
7100,2019-10-22,2,3,1
7102,2019-10-22,11,17,6
7104,2019-10-22,2,1,-1
7105,2019-10-22,1,1,0
7107,2019-10-22,2,3,1
7108,2019-10-22,4,3,-1
7109,2019-10-22,3,6,3
7110,2019-10-22,1,1,0
7111,2019-10-22,5,6,1
7112,2019-10-22,5,4,-1
7113,2019-10-22,46,40,-6
7114,2019-10-22,52,51,-1
7115,2019-10-22,9,6,-3
7116,2019-10-22,1,0,-1
7117,2019-10-22,1,0,-1
7118,2019-10-22,3,3,0
7121,2019-10-22,1,1,0
7122,2019-10-22,5,1,-4
7123,2019-10-22,3,2,-1
7124,2019-10-22,13,16,3
7125,2019-10-22,6,2,-4
7126,2019-10-22,8,4,-4
7127,2019-10-22,15,16,1
7128,2019-10-22,10,9,-1
7129,2019-10-22,8,9,1
7130,2019-10-22,8,11,3
7131,2019-10-22,2,1,-1
7132,2019-10-22,1,2,1
7133,2019-10-22,4,6,2
7134,2019-10-22,1,3,2
7135,2019-10-22,1,2,1
7136,2019-10-22,10,8,-2
7137,2019-10-22,1,2,1
7138,2019-10-22,1,1,0
7139,2019-10-22,12,12,0
7140,2019-10-22,17,10,-7
7141,2019-10-22,17,16,-1
7142,2019-10-22,6,4,-2
7143,2019-10-22,9,4,-5
7144,2019-10-22,15,19,4
7145,2019-10-22,9,10,1
7146,2019-10-22,12,12,0
7147,2019-10-22,18,23,5
7148,2019-10-22,3,2,-1
7149,2019-10-22,3,7,4
7150,2019-10-22,1,1,0
7151,2019-10-22,1,0,-1
7152,2019-10-22,1,1,0
7153,2019-10-22,2,1,-1
10002,2019-10-22,77,78,1
4000,2019-10-23,36,56,20
4001,2019-10-23,8,14,6
4002,2019-10-23,12,15,3
5002,2019-10-23,2,4,2
5003,2019-10-23,1,1,0
5004,2019-10-23,3,3,0
5005,2019-10-23,2,2,0
5006,2019-10-23,2,3,1
5007,2019-10-23,13,15,2
6001,2019-10-23,46,61,15
6002,2019-10-23,28,41,13
6003,2019-10-23,41,65,24
6004,2019-10-23,31,38,7
6005,2019-10-23,51,46,-5
6006,2019-10-23,32,16,-16
6007,2019-10-23,20,27,7
6008,2019-10-23,38,90,52
6011,2019-10-23,41,52,11
6012,2019-10-23,87,158,71
6013,2019-10-23,32,49,17
6014,2019-10-23,45,62,17
6015,2019-10-23,128,184,56
6016,2019-10-23,11,13,2
6017,2019-10-23,33,40,7
6018,2019-10-23,36,44,8
6019,2019-10-23,169,99,-70
6020,2019-10-23,64,90,26
6021,2019-10-23,95,60,-35
6022,2019-10-23,45,55,10
6023,2019-10-23,58,68,10
6025,2019-10-23,22,26,4
6026,2019-10-23,29,49,20
6027,2019-10-23,78,67,-11
6029,2019-10-23,24,25,1
6031,2019-10-23,36,36,0
6032,2019-10-23,41,114,73
6033,2019-10-23,19,16,-3
6035,2019-10-23,35,61,26
6036,2019-10-23,66,106,40
6037,2019-10-23,33,37,4
6038,2019-10-23,64,73,9
6039,2019-10-23,56,73,17
6040,2019-10-23,53,80,27
6041,2019-10-23,53,54,1
6042,2019-10-23,81,75,-6
6043,2019-10-23,101,241,140
6044,2019-10-23,86,70,-16
6046,2019-10-23,91,98,7
6047,2019-10-23,92,77,-15
6048,2019-10-23,39,42,3
6049,2019-10-23,92,114,22
6050,2019-10-23,31,33,2
6051,2019-10-23,27,21,-6
6052,2019-10-23,95,158,63
6053,2019-10-23,102,133,31
6057,2019-10-23,56,57,1
6058,2019-10-23,55,42,-13
6059,2019-10-23,75,38,-37
6060,2019-10-23,35,21,-14
6061,2019-10-23,68,55,-13
6062,2019-10-23,66,65,-1
6063,2019-10-23,105,87,-18
6064,2019-10-23,123,98,-25
6065,2019-10-23,69,52,-17
6066,2019-10-23,41,14,-27
6067,2019-10-23,20,22,2
6068,2019-10-23,9,9,0
6070,2019-10-23,164,145,-19
6072,2019-10-23,56,55,-1
6073,2019-10-23,152,138,-14
6075,2019-10-23,46,25,-21
6076,2019-10-23,11,23,12
6078,2019-10-23,41,39,-2
6079,2019-10-23,47,45,-2
6080,2019-10-23,89,92,3
6082,2019-10-23,15,15,0
6083,2019-10-23,89,132,43
6084,2019-10-23,45,62,17
6085,2019-10-23,53,117,64
6086,2019-10-23,55,78,23
6087,2019-10-23,70,91,21
6088,2019-10-23,24,38,14
6089,2019-10-23,57,60,3
6090,2019-10-23,64,57,-7
6091,2019-10-23,38,27,-11
6093,2019-10-23,26,12,-14
6094,2019-10-23,37,37,0
6095,2019-10-23,68,61,-7
6096,2019-10-23,30,58,28
6097,2019-10-23,48,24,-24
6098,2019-10-23,106,118,12
6099,2019-10-23,74,108,34
6101,2019-10-23,53,16,-37
6102,2019-10-23,25,12,-13
6103,2019-10-23,13,22,9
6104,2019-10-23,53,79,26
6105,2019-10-23,41,53,12
6106,2019-10-23,15,19,4
6107,2019-10-23,59,70,11
6108,2019-10-23,32,43,11
6110,2019-10-23,11,22,11
6111,2019-10-23,38,39,1
6112,2019-10-23,68,79,11
6113,2019-10-23,16,31,15
6114,2019-10-23,80,128,48
6115,2019-10-23,13,19,6
6116,2019-10-23,38,50,12
6117,2019-10-23,48,52,4
6118,2019-10-23,65,91,26
6119,2019-10-23,53,61,8
6120,2019-10-23,46,63,17
6121,2019-10-23,9,22,13
6122,2019-10-23,11,13,2
6123,2019-10-23,20,22,2
6124,2019-10-23,25,38,13
6125,2019-10-23,17,17,0
6126,2019-10-23,34,43,9
6127,2019-10-23,18,11,-7
6128,2019-10-23,7,13,6
6129,2019-10-23,49,44,-5
6130,2019-10-23,16,6,-10
6131,2019-10-23,61,32,-29
6132,2019-10-23,41,45,4
6133,2019-10-23,26,25,-1
6134,2019-10-23,28,33,5
6136,2019-10-23,261,198,-63
6137,2019-10-23,59,60,1
6138,2019-10-23,60,58,-2
6139,2019-10-23,30,25,-5
6140,2019-10-23,69,67,-2
6141,2019-10-23,52,40,-12
6142,2019-10-23,60,46,-14
6143,2019-10-23,68,51,-17
6145,2019-10-23,45,43,-2
6146,2019-10-23,44,30,-14
6147,2019-10-23,86,36,-50
6148,2019-10-23,101,57,-44
6149,2019-10-23,39,31,-8
6150,2019-10-23,48,62,14
6151,2019-10-23,67,59,-8
6152,2019-10-23,94,108,14
6153,2019-10-23,48,31,-17
6154,2019-10-23,134,134,0
6155,2019-10-23,109,103,-6
6156,2019-10-23,68,69,1
6157,2019-10-23,56,68,12
6158,2019-10-23,49,57,8
6159,2019-10-23,20,27,7
6160,2019-10-23,42,38,-4
6161,2019-10-23,44,36,-8
6162,2019-10-23,11,11,0
6163,2019-10-23,70,78,8
6164,2019-10-23,54,62,8
6165,2019-10-23,93,100,7
6166,2019-10-23,45,51,6
6167,2019-10-23,28,30,2
6168,2019-10-23,76,57,-19
6169,2019-10-23,127,114,-13
6170,2019-10-23,54,51,-3
6171,2019-10-23,34,39,5
6174,2019-10-23,89,66,-23
6175,2019-10-23,103,43,-60
6176,2019-10-23,59,61,2
6177,2019-10-23,51,52,1
6178,2019-10-23,80,73,-7
6179,2019-10-23,59,61,2
6180,2019-10-23,43,48,5
6181,2019-10-23,109,64,-45
6182,2019-10-23,43,37,-6
6183,2019-10-23,58,61,3
6184,2019-10-23,226,207,-19
6185,2019-10-23,17,12,-5
6186,2019-10-23,34,27,-7
6187,2019-10-23,99,102,3
6188,2019-10-23,37,42,5
6189,2019-10-23,9,12,3
6190,2019-10-23,116,73,-43
6191,2019-10-23,50,48,-2
6192,2019-10-23,30,29,-1
6193,2019-10-23,83,79,-4
6194,2019-10-23,86,66,-20
6195,2019-10-23,71,33,-38
6196,2019-10-23,101,77,-24
6197,2019-10-23,46,40,-6
6198,2019-10-23,25,18,-7
6199,2019-10-23,92,60,-32
6200,2019-10-23,60,53,-7
6201,2019-10-23,66,52,-14
6202,2019-10-23,98,69,-29
6203,2019-10-23,59,52,-7
6204,2019-10-23,88,101,13
6205,2019-10-23,71,64,-7
6206,2019-10-23,99,109,10
6207,2019-10-23,40,30,-10
6208,2019-10-23,64,70,6
6209,2019-10-23,105,68,-37
6210,2019-10-23,29,27,-2
6211,2019-10-23,160,144,-16
6212,2019-10-23,70,37,-33
6213,2019-10-23,102,95,-7
6214,2019-10-23,75,59,-16
6215,2019-10-23,38,41,3
6216,2019-10-23,68,26,-42
6217,2019-10-23,90,52,-38
6218,2019-10-23,64,37,-27
6219,2019-10-23,39,46,7
6220,2019-10-23,71,56,-15
6221,2019-10-23,127,102,-25
6222,2019-10-23,59,25,-34
6223,2019-10-23,85,41,-44
6224,2019-10-23,54,42,-12
6225,2019-10-23,56,39,-17
6226,2019-10-23,17,17,0
6227,2019-10-23,93,97,4
6228,2019-10-23,29,26,-3
6229,2019-10-23,68,61,-7
6230,2019-10-23,64,61,-3
6231,2019-10-23,110,65,-45
6232,2019-10-23,34,26,-8
6233,2019-10-23,59,58,-1
6234,2019-10-23,51,48,-3
6235,2019-10-23,74,42,-32
6236,2019-10-23,45,41,-4
6237,2019-10-23,54,52,-2
6240,2019-10-23,14,15,1
6241,2019-10-23,34,23,-11
6243,2019-10-23,52,55,3
6245,2019-10-23,24,19,-5
6246,2019-10-23,51,52,1
6247,2019-10-23,68,59,-9
6248,2019-10-23,115,94,-21
6249,2019-10-23,36,37,1
6250,2019-10-23,57,47,-10
6251,2019-10-23,21,20,-1
6252,2019-10-23,43,33,-10
6253,2019-10-23,46,40,-6
6254,2019-10-23,47,46,-1
6255,2019-10-23,52,45,-7
6257,2019-10-23,39,31,-8
6258,2019-10-23,67,53,-14
6259,2019-10-23,19,28,9
6260,2019-10-23,31,23,-8
6261,2019-10-23,24,30,6
6262,2019-10-23,44,44,0
6263,2019-10-23,16,25,9
6264,2019-10-23,21,21,0
6265,2019-10-23,60,59,-1
6266,2019-10-23,16,18,2
6267,2019-10-23,26,28,2
6268,2019-10-23,32,43,11
6269,2019-10-23,18,28,10
6270,2019-10-23,28,24,-4
6272,2019-10-23,23,21,-2
6273,2019-10-23,21,19,-2
6274,2019-10-23,33,21,-12
6275,2019-10-23,19,17,-2
6276,2019-10-23,23,26,3
6277,2019-10-23,31,37,6
6278,2019-10-23,18,12,-6
6279,2019-10-23,14,12,-2
6280,2019-10-23,52,53,1
6281,2019-10-23,23,15,-8
6301,2019-10-23,19,13,-6
6302,2019-10-23,17,16,-1
6303,2019-10-23,14,13,-1
6304,2019-10-23,11,6,-5
6305,2019-10-23,23,12,-11
6306,2019-10-23,45,14,-31
6307,2019-10-23,56,55,-1
6309,2019-10-23,22,19,-3
6310,2019-10-23,26,8,-18
6311,2019-10-23,32,26,-6
6312,2019-10-23,7,13,6
6313,2019-10-23,26,32,6
6314,2019-10-23,53,56,3
6315,2019-10-23,45,30,-15
6316,2019-10-23,20,9,-11
6321,2019-10-23,48,55,7
6322,2019-10-23,27,21,-6
6323,2019-10-23,12,6,-6
6324,2019-10-23,10,17,7
6327,2019-10-23,32,29,-3
6328,2019-10-23,25,17,-8
6329,2019-10-23,20,17,-3
6330,2019-10-23,23,26,3
6331,2019-10-23,10,11,1
6332,2019-10-23,35,45,10
6333,2019-10-23,11,16,5
6334,2019-10-23,61,62,1
6335,2019-10-23,29,25,-4
6336,2019-10-23,22,33,11
6338,2019-10-23,20,26,6
6339,2019-10-23,8,20,12
6340,2019-10-23,22,19,-3
6341,2019-10-23,23,29,6
6343,2019-10-23,27,31,4
6344,2019-10-23,29,30,1
6345,2019-10-23,7,8,1
6346,2019-10-23,22,17,-5
6347,2019-10-23,30,26,-4
6349,2019-10-23,19,24,5
6350,2019-10-23,20,24,4
6354,2019-10-23,21,16,-5
6355,2019-10-23,18,19,1
6356,2019-10-23,37,17,-20
6357,2019-10-23,14,11,-3
6358,2019-10-23,23,20,-3
6359,2019-10-23,60,90,30
6360,2019-10-23,14,18,4
6361,2019-10-23,33,29,-4
6362,2019-10-23,22,26,4
6363,2019-10-23,18,15,-3
6364,2019-10-23,38,26,-12
6366,2019-10-23,21,9,-12
6367,2019-10-23,27,21,-6
6368,2019-10-23,46,48,2
6369,2019-10-23,27,43,16
6370,2019-10-23,28,17,-11
6371,2019-10-23,45,36,-9
6372,2019-10-23,54,78,24
6373,2019-10-23,30,35,5
6374,2019-10-23,32,27,-5
6375,2019-10-23,42,37,-5
6376,2019-10-23,25,25,0
6377,2019-10-23,25,29,4
6379,2019-10-23,28,32,4
6380,2019-10-23,20,25,5
6381,2019-10-23,43,36,-7
6383,2019-10-23,23,23,0
6384,2019-10-23,18,14,-4
6385,2019-10-23,41,43,2
6386,2019-10-23,29,39,10
6387,2019-10-23,52,60,8
6388,2019-10-23,11,16,5
6389,2019-10-23,31,21,-10
6391,2019-10-23,37,57,20
6393,2019-10-23,45,52,7
6394,2019-10-23,33,59,26
6395,2019-10-23,43,40,-3
6396,2019-10-23,75,51,-24
6397,2019-10-23,23,29,6
6398,2019-10-23,16,32,16
6401,2019-10-23,49,64,15
6402,2019-10-23,23,28,5
6403,2019-10-23,20,25,5
6404,2019-10-23,9,20,11
6405,2019-10-23,23,25,2
6406,2019-10-23,79,85,6
6407,2019-10-23,11,23,12
6408,2019-10-23,44,46,2
6409,2019-10-23,14,11,-3
6410,2019-10-23,46,50,4
6411,2019-10-23,118,103,-15
6412,2019-10-23,24,32,8
6413,2019-10-23,18,17,-1
6414,2019-10-23,10,21,11
6415,2019-10-23,21,24,3
6416,2019-10-23,11,7,-4
6417,2019-10-23,20,29,9
6418,2019-10-23,5,6,1
6419,2019-10-23,5,8,3
6420,2019-10-23,9,8,-1
6421,2019-10-23,30,24,-6
6422,2019-10-23,9,12,3
6423,2019-10-23,11,6,-5
6424,2019-10-23,33,70,37
6425,2019-10-23,20,20,0
6426,2019-10-23,55,45,-10
6427,2019-10-23,45,47,2
6428,2019-10-23,12,10,-2
6429,2019-10-23,26,34,8
6432,2019-10-23,64,59,-5
6433,2019-10-23,19,22,3
6434,2019-10-23,40,46,6
6435,2019-10-23,32,26,-6
6436,2019-10-23,22,18,-4
6501,2019-10-23,71,67,-4
6502,2019-10-23,10,8,-2
6503,2019-10-23,43,44,1
6504,2019-10-23,2,4,2
6700,2019-10-23,18,31,13
6701,2019-10-23,50,54,4
6702,2019-10-23,12,12,0
6703,2019-10-23,29,25,-4
6704,2019-10-23,19,16,-3
6705,2019-10-23,9,14,5
6706,2019-10-23,19,22,3
6707,2019-10-23,17,13,-4
6709,2019-10-23,20,19,-1
6710,2019-10-23,14,16,2
6711,2019-10-23,17,22,5
6712,2019-10-23,4,14,10
6713,2019-10-23,9,10,1
6714,2019-10-23,1,1,0
6715,2019-10-23,13,13,0
6716,2019-10-23,6,10,4
6717,2019-10-23,4,7,3
6718,2019-10-23,8,12,4
6719,2019-10-23,19,22,3
6720,2019-10-23,12,23,11
6721,2019-10-23,12,6,-6
6722,2019-10-23,4,10,6
6723,2019-10-23,16,11,-5
6724,2019-10-23,25,27,2
6725,2019-10-23,18,13,-5
6726,2019-10-23,7,8,1
6727,2019-10-23,63,64,1
6728,2019-10-23,13,9,-4
6729,2019-10-23,86,97,11
6730,2019-10-23,4,3,-1
6731,2019-10-23,5,4,-1
6732,2019-10-23,14,17,3
6733,2019-10-23,22,32,10
6734,2019-10-23,32,34,2
6735,2019-10-23,1,2,1
6736,2019-10-23,11,14,3
6737,2019-10-23,21,19,-2
6738,2019-10-23,69,60,-9
6739,2019-10-23,5,6,1
6741,2019-10-23,13,21,8
6742,2019-10-23,16,24,8
6743,2019-10-23,20,20,0
6744,2019-10-23,12,15,3
6745,2019-10-23,13,17,4
6746,2019-10-23,16,12,-4
6747,2019-10-23,33,27,-6
6748,2019-10-23,46,65,19
6749,2019-10-23,37,36,-1
6750,2019-10-23,37,34,-3
6752,2019-10-23,23,20,-3
6753,2019-10-23,15,15,0
6754,2019-10-23,11,23,12
6901,2019-10-23,37,54,17
6902,2019-10-23,71,79,8
6903,2019-10-23,81,67,-14
6904,2019-10-23,46,38,-8
6905,2019-10-23,32,31,-1
6906,2019-10-23,91,55,-36
6907,2019-10-23,62,44,-18
6908,2019-10-23,58,46,-12
6910,2019-10-23,89,71,-18
6912,2019-10-23,111,71,-40
6913,2019-10-23,43,22,-21
6915,2019-10-23,68,47,-21
6916,2019-10-23,20,24,4
6917,2019-10-23,13,17,4
6918,2019-10-23,19,15,-4
6919,2019-10-23,26,15,-11
6921,2019-10-23,69,64,-5
6923,2019-10-23,27,30,3
6924,2019-10-23,11,15,4
6925,2019-10-23,24,26,2
6926,2019-10-23,58,60,2
6927,2019-10-23,66,28,-38
6928,2019-10-23,35,19,-16
6929,2019-10-23,23,13,-10
6930,2019-10-23,12,18,6
7001,2019-10-23,19,17,-2
7002,2019-10-23,7,12,5
7003,2019-10-23,134,116,-18
7004,2019-10-23,15,15,0
7005,2019-10-23,5,7,2
7006,2019-10-23,7,12,5
7007,2019-10-23,8,12,4
7008,2019-10-23,20,15,-5
7009,2019-10-23,42,51,9
7010,2019-10-23,7,7,0
7011,2019-10-23,51,60,9
7012,2019-10-23,23,35,12
7013,2019-10-23,15,8,-7
7014,2019-10-23,58,29,-29
7015,2019-10-23,5,6,1
7016,2019-10-23,10,8,-2
7017,2019-10-23,28,30,2
7018,2019-10-23,14,23,9
7019,2019-10-23,72,71,-1
7020,2019-10-23,21,24,3
7021,2019-10-23,30,30,0
7022,2019-10-23,21,27,6
7024,2019-10-23,60,41,-19
7025,2019-10-23,33,25,-8
7026,2019-10-23,50,51,1
7027,2019-10-23,27,36,9
7028,2019-10-23,85,83,-2
7029,2019-10-23,40,37,-3
7030,2019-10-23,43,44,1
7031,2019-10-23,39,44,5
7032,2019-10-23,79,64,-15
7033,2019-10-23,53,53,0
7034,2019-10-23,9,17,8
7035,2019-10-23,32,27,-5
7036,2019-10-23,39,43,4
7037,2019-10-23,45,45,0
7038,2019-10-23,48,47,-1
7039,2019-10-23,20,21,1
7040,2019-10-23,64,53,-11
7041,2019-10-23,81,81,0
7042,2019-10-23,37,38,1
7043,2019-10-23,20,11,-9
7044,2019-10-23,3,3,0
7045,2019-10-23,34,34,0
7046,2019-10-23,52,58,6
7047,2019-10-23,80,124,44
7048,2019-10-23,10,14,4
7049,2019-10-23,14,21,7
7050,2019-10-23,19,25,6
7051,2019-10-23,9,8,-1
7052,2019-10-23,38,47,9
7053,2019-10-23,32,40,8
7054,2019-10-23,24,21,-3
7055,2019-10-23,15,21,6
7056,2019-10-23,7,15,8
7057,2019-10-23,25,24,-1
7058,2019-10-23,15,21,6
7059,2019-10-23,21,28,7
7060,2019-10-23,22,20,-2
7061,2019-10-23,21,21,0
7062,2019-10-23,34,43,9
7063,2019-10-23,19,18,-1
7064,2019-10-23,19,20,1
7065,2019-10-23,26,25,-1
7066,2019-10-23,38,94,56
7067,2019-10-23,57,54,-3
7068,2019-10-23,32,51,19
7069,2019-10-23,76,80,4
7070,2019-10-23,24,30,6
7071,2019-10-23,36,34,-2
7072,2019-10-23,24,12,-12
7073,2019-10-23,42,49,7
7074,2019-10-23,26,27,1
7075,2019-10-23,6,5,-1
7076,2019-10-23,40,24,-16
7077,2019-10-23,12,13,1
7078,2019-10-23,11,12,1
7079,2019-10-23,36,48,12
7080,2019-10-23,55,86,31
7081,2019-10-23,53,70,17
7082,2019-10-23,52,63,11
7084,2019-10-23,85,97,12
7087,2019-10-23,1,1,0
7090,2019-10-23,7,8,1
7091,2019-10-23,3,2,-1
7092,2019-10-23,7,10,3
7093,2019-10-23,4,4,0
7095,2019-10-23,7,10,3
7096,2019-10-23,20,24,4
7097,2019-10-23,2,1,-1
7098,2019-10-23,1,2,1
7099,2019-10-23,4,2,-2
7100,2019-10-23,4,3,-1
7101,2019-10-23,6,6,0
7102,2019-10-23,15,25,10
7103,2019-10-23,8,9,1
7104,2019-10-23,2,0,-2
7105,2019-10-23,1,2,1
7107,2019-10-23,1,2,1
7108,2019-10-23,4,4,0
7109,2019-10-23,9,9,0
7110,2019-10-23,5,6,1
7111,2019-10-23,1,2,1
7112,2019-10-23,6,4,-2
7113,2019-10-23,51,59,8
7114,2019-10-23,75,81,6
7115,2019-10-23,8,5,-3
7116,2019-10-23,2,2,0
7117,2019-10-23,1,2,1
7118,2019-10-23,2,4,2
7119,2019-10-23,3,3,0
7121,2019-10-23,1,2,1
7122,2019-10-23,1,3,2
7123,2019-10-23,2,1,-1
7124,2019-10-23,17,14,-3
7125,2019-10-23,18,10,-8
7126,2019-10-23,2,1,-1
7127,2019-10-23,22,25,3
7128,2019-10-23,12,10,-2
7129,2019-10-23,9,7,-2
7130,2019-10-23,3,9,6
7131,2019-10-23,5,4,-1
7132,2019-10-23,2,3,1
7133,2019-10-23,2,1,-1
7134,2019-10-23,5,6,1
7135,2019-10-23,3,3,0
7136,2019-10-23,6,4,-2
7137,2019-10-23,3,2,-1
7138,2019-10-23,2,1,-1
7139,2019-10-23,21,17,-4
7140,2019-10-23,22,17,-5
7141,2019-10-23,21,22,1
7142,2019-10-23,6,8,2
7143,2019-10-23,10,15,5
7144,2019-10-23,33,36,3
7145,2019-10-23,12,11,-1
7146,2019-10-23,17,22,5
7147,2019-10-23,29,30,1
7148,2019-10-23,10,9,-1
7149,2019-10-23,16,17,1
7150,2019-10-23,2,0,-2
7151,2019-10-23,3,4,1
7153,2019-10-23,4,1,-3
10002,2019-10-23,81,91,10
4000,2019-10-24,23,47,24
4001,2019-10-24,9,8,-1
4002,2019-10-24,14,23,9
5002,2019-10-24,1,1,0
5003,2019-10-24,1,1,0
5004,2019-10-24,2,2,0
5005,2019-10-24,4,4,0
5006,2019-10-24,3,5,2
5007,2019-10-24,6,11,5
6001,2019-10-24,46,66,20
6002,2019-10-24,21,26,5
6003,2019-10-24,29,53,24
6004,2019-10-24,21,37,16
6005,2019-10-24,63,72,9
6006,2019-10-24,21,10,-11
6007,2019-10-24,17,21,4
6008,2019-10-24,36,59,23
6011,2019-10-24,62,55,-7
6012,2019-10-24,75,170,95
6013,2019-10-24,38,47,9
6014,2019-10-24,55,79,24
6015,2019-10-24,84,144,60
6016,2019-10-24,7,11,4
6017,2019-10-24,39,45,6
6018,2019-10-24,38,47,9
6019,2019-10-24,124,76,-48
6020,2019-10-24,69,78,9
6021,2019-10-24,78,56,-22
6022,2019-10-24,41,38,-3
6023,2019-10-24,34,45,11
6025,2019-10-24,15,15,0
6026,2019-10-24,27,54,27
6027,2019-10-24,97,76,-21
6029,2019-10-24,26,38,12
6031,2019-10-24,25,27,2
6032,2019-10-24,35,110,75
6033,2019-10-24,15,16,1
6035,2019-10-24,29,60,31
6036,2019-10-24,50,105,55
6037,2019-10-24,34,34,0
6038,2019-10-24,64,80,16
6039,2019-10-24,54,57,3
6040,2019-10-24,48,78,30
6041,2019-10-24,52,70,18
6042,2019-10-24,68,71,3
6043,2019-10-24,125,265,140
6044,2019-10-24,90,85,-5
6046,2019-10-24,86,103,17
6047,2019-10-24,71,93,22
6048,2019-10-24,39,48,9
6049,2019-10-24,98,94,-4
6050,2019-10-24,25,44,19
6051,2019-10-24,24,17,-7
6052,2019-10-24,84,140,56
6053,2019-10-24,119,115,-4
6057,2019-10-24,77,78,1
6058,2019-10-24,57,59,2
6059,2019-10-24,59,41,-18
6060,2019-10-24,29,16,-13
6061,2019-10-24,45,28,-17
6062,2019-10-24,57,48,-9
6063,2019-10-24,97,97,0
6064,2019-10-24,106,97,-9
6065,2019-10-24,1,1,0
6066,2019-10-24,35,9,-26
6067,2019-10-24,26,23,-3
6068,2019-10-24,8,11,3
6070,2019-10-24,128,153,25
6072,2019-10-24,64,53,-11
6073,2019-10-24,103,103,0
6075,2019-10-24,34,19,-15
6076,2019-10-24,8,9,1
6078,2019-10-24,34,34,0
6079,2019-10-24,54,46,-8
6080,2019-10-24,94,101,7
6082,2019-10-24,21,12,-9
6083,2019-10-24,71,119,48
6084,2019-10-24,61,68,7
6085,2019-10-24,62,123,61
6086,2019-10-24,48,62,14
6087,2019-10-24,75,106,31
6088,2019-10-24,34,41,7
6089,2019-10-24,62,51,-11
6090,2019-10-24,55,56,1
6091,2019-10-24,24,24,0
6093,2019-10-24,30,16,-14
6094,2019-10-24,31,31,0
6095,2019-10-24,68,56,-12
6096,2019-10-24,31,58,27
6097,2019-10-24,47,17,-30
6098,2019-10-24,104,97,-7
6099,2019-10-24,63,88,25
6101,2019-10-24,50,14,-36
6102,2019-10-24,37,16,-21
6103,2019-10-24,15,17,2
6104,2019-10-24,58,83,25
6105,2019-10-24,31,50,19
6106,2019-10-24,31,30,-1
6107,2019-10-24,51,46,-5
6108,2019-10-24,30,30,0
6109,2019-10-24,3,3,0
6110,2019-10-24,19,23,4
6111,2019-10-24,30,35,5
6112,2019-10-24,66,75,9
6113,2019-10-24,17,26,9
6114,2019-10-24,74,123,49
6115,2019-10-24,8,24,16
6116,2019-10-24,50,53,3
6117,2019-10-24,43,54,11
6118,2019-10-24,59,81,22
6119,2019-10-24,75,73,-2
6120,2019-10-24,54,66,12
6121,2019-10-24,15,21,6
6122,2019-10-24,11,21,10
6123,2019-10-24,14,23,9
6124,2019-10-24,23,46,23
6125,2019-10-24,11,10,-1
6126,2019-10-24,39,44,5
6127,2019-10-24,8,8,0
6128,2019-10-24,7,11,4
6129,2019-10-24,46,37,-9
6130,2019-10-24,12,15,3
6131,2019-10-24,53,21,-32
6132,2019-10-24,42,57,15
6133,2019-10-24,17,13,-4
6134,2019-10-24,30,30,0
6136,2019-10-24,232,208,-24
6137,2019-10-24,64,56,-8
6138,2019-10-24,52,46,-6
6139,2019-10-24,29,27,-2
6140,2019-10-24,51,54,3
6141,2019-10-24,33,36,3
6142,2019-10-24,54,25,-29
6143,2019-10-24,64,46,-18
6145,2019-10-24,32,25,-7
6146,2019-10-24,36,28,-8
6147,2019-10-24,64,38,-26
6148,2019-10-24,113,76,-37
6149,2019-10-24,34,28,-6
6150,2019-10-24,52,46,-6
6151,2019-10-24,53,59,6
6152,2019-10-24,81,85,4
6153,2019-10-24,38,33,-5
6154,2019-10-24,114,120,6
6155,2019-10-24,105,93,-12
6156,2019-10-24,53,56,3
6157,2019-10-24,68,57,-11
6158,2019-10-24,42,49,7
6159,2019-10-24,16,18,2
6160,2019-10-24,48,37,-11
6161,2019-10-24,33,38,5
6162,2019-10-24,1,2,1
6163,2019-10-24,61,79,18
6164,2019-10-24,45,53,8
6165,2019-10-24,94,113,19
6166,2019-10-24,52,41,-11
6167,2019-10-24,31,28,-3
6168,2019-10-24,72,56,-16
6169,2019-10-24,119,110,-9
6170,2019-10-24,41,33,-8
6171,2019-10-24,33,26,-7
6174,2019-10-24,86,58,-28
6175,2019-10-24,90,47,-43
6176,2019-10-24,71,70,-1
6177,2019-10-24,58,56,-2
6178,2019-10-24,67,61,-6
6179,2019-10-24,62,63,1
6180,2019-10-24,33,41,8
6181,2019-10-24,90,49,-41
6182,2019-10-24,33,31,-2
6183,2019-10-24,60,48,-12
6184,2019-10-24,169,172,3
6185,2019-10-24,7,7,0
6186,2019-10-24,40,31,-9
6187,2019-10-24,83,80,-3
6188,2019-10-24,40,28,-12
6189,2019-10-24,13,17,4
6190,2019-10-24,130,78,-52
6191,2019-10-24,40,37,-3
6192,2019-10-24,27,22,-5
6193,2019-10-24,71,64,-7
6194,2019-10-24,62,60,-2
6195,2019-10-24,58,35,-23
6196,2019-10-24,89,67,-22
6197,2019-10-24,43,40,-3
6198,2019-10-24,19,12,-7
6199,2019-10-24,83,58,-25
6200,2019-10-24,58,52,-6
6201,2019-10-24,59,47,-12
6202,2019-10-24,82,74,-8
6203,2019-10-24,59,62,3
6204,2019-10-24,87,73,-14
6205,2019-10-24,81,69,-12
6206,2019-10-24,124,114,-10
6207,2019-10-24,36,37,1
6208,2019-10-24,52,70,18
6209,2019-10-24,109,84,-25
6210,2019-10-24,27,26,-1
6211,2019-10-24,159,142,-17
6212,2019-10-24,69,44,-25
6213,2019-10-24,88,89,1
6214,2019-10-24,99,70,-29
6215,2019-10-24,43,35,-8
6216,2019-10-24,69,27,-42
6217,2019-10-24,68,37,-31
6218,2019-10-24,46,31,-15
6219,2019-10-24,58,49,-9
6220,2019-10-24,74,43,-31
6221,2019-10-24,169,145,-24
6222,2019-10-24,38,34,-4
6223,2019-10-24,74,26,-48
6224,2019-10-24,58,38,-20
6225,2019-10-24,44,28,-16
6226,2019-10-24,15,18,3
6227,2019-10-24,96,78,-18
6228,2019-10-24,12,14,2
6229,2019-10-24,56,42,-14
6230,2019-10-24,43,38,-5
6231,2019-10-24,69,59,-10
6232,2019-10-24,30,22,-8
6233,2019-10-24,93,67,-26
6234,2019-10-24,45,44,-1
6235,2019-10-24,55,55,0
6236,2019-10-24,48,44,-4
6237,2019-10-24,59,52,-7
6240,2019-10-24,8,9,1
6241,2019-10-24,23,21,-2
6243,2019-10-24,44,46,2
6245,2019-10-24,25,19,-6
6246,2019-10-24,69,47,-22
6247,2019-10-24,70,55,-15
6248,2019-10-24,128,98,-30
6249,2019-10-24,41,29,-12
6250,2019-10-24,46,36,-10
6251,2019-10-24,22,21,-1
6252,2019-10-24,40,31,-9
6253,2019-10-24,42,33,-9
6254,2019-10-24,42,29,-13
6255,2019-10-24,53,42,-11
6257,2019-10-24,25,29,4
6258,2019-10-24,47,39,-8
6259,2019-10-24,19,27,8
6260,2019-10-24,33,32,-1
6261,2019-10-24,36,29,-7
6262,2019-10-24,36,39,3
6263,2019-10-24,17,19,2
6264,2019-10-24,24,21,-3
6265,2019-10-24,70,61,-9
6266,2019-10-24,19,19,0
6267,2019-10-24,32,26,-6
6268,2019-10-24,40,38,-2
6269,2019-10-24,20,22,2
6270,2019-10-24,32,23,-9
6272,2019-10-24,18,22,4
6273,2019-10-24,19,19,0
6274,2019-10-24,34,27,-7
6275,2019-10-24,20,23,3
6276,2019-10-24,21,20,-1
6277,2019-10-24,35,40,5
6278,2019-10-24,20,18,-2
6279,2019-10-24,25,14,-11
6280,2019-10-24,73,62,-11
6281,2019-10-24,27,21,-6
6301,2019-10-24,24,17,-7
6302,2019-10-24,14,14,0
6303,2019-10-24,14,11,-3
6304,2019-10-24,5,6,1
6305,2019-10-24,21,12,-9
6306,2019-10-24,47,18,-29
6307,2019-10-24,50,49,-1
6309,2019-10-24,18,13,-5
6310,2019-10-24,26,20,-6
6311,2019-10-24,35,24,-11
6312,2019-10-24,12,14,2
6313,2019-10-24,22,32,10
6314,2019-10-24,47,54,7
6315,2019-10-24,51,16,-35
6316,2019-10-24,13,10,-3
6321,2019-10-24,41,34,-7
6322,2019-10-24,24,22,-2
6323,2019-10-24,8,7,-1
6324,2019-10-24,13,12,-1
6327,2019-10-24,18,21,3
6328,2019-10-24,20,15,-5
6329,2019-10-24,18,17,-1
6330,2019-10-24,9,13,4
6331,2019-10-24,14,7,-7
6332,2019-10-24,28,32,4
6333,2019-10-24,11,11,0
6334,2019-10-24,52,51,-1
6335,2019-10-24,26,23,-3
6336,2019-10-24,20,21,1
6338,2019-10-24,21,22,1
6339,2019-10-24,18,17,-1
6340,2019-10-24,20,19,-1
6341,2019-10-24,31,37,6
6343,2019-10-24,27,24,-3
6344,2019-10-24,40,35,-5
6345,2019-10-24,10,9,-1
6346,2019-10-24,24,18,-6
6347,2019-10-24,32,31,-1
6349,2019-10-24,20,16,-4
6350,2019-10-24,26,23,-3
6354,2019-10-24,20,13,-7
6355,2019-10-24,23,31,8
6356,2019-10-24,27,13,-14
6357,2019-10-24,15,8,-7
6358,2019-10-24,20,20,0
6359,2019-10-24,78,98,20
6360,2019-10-24,18,16,-2
6361,2019-10-24,36,40,4
6362,2019-10-24,28,24,-4
6363,2019-10-24,17,15,-2
6364,2019-10-24,29,21,-8
6366,2019-10-24,20,13,-7
6367,2019-10-24,19,22,3
6368,2019-10-24,47,43,-4
6369,2019-10-24,30,45,15
6370,2019-10-24,21,21,0
6371,2019-10-24,23,33,10
6372,2019-10-24,57,58,1
6373,2019-10-24,25,22,-3
6374,2019-10-24,29,22,-7
6375,2019-10-24,35,47,12
6376,2019-10-24,21,22,1
6377,2019-10-24,32,31,-1
6379,2019-10-24,23,20,-3
6380,2019-10-24,20,16,-4
6381,2019-10-24,33,29,-4
6383,2019-10-24,18,11,-7
6384,2019-10-24,14,9,-5
6385,2019-10-24,52,51,-1
6386,2019-10-24,19,34,15
6387,2019-10-24,48,58,10
6388,2019-10-24,9,13,4
6389,2019-10-24,37,21,-16
6391,2019-10-24,42,55,13
6393,2019-10-24,33,49,16
6394,2019-10-24,34,39,5
6395,2019-10-24,41,34,-7
6396,2019-10-24,81,64,-17
6397,2019-10-24,22,30,8
6398,2019-10-24,19,36,17
6401,2019-10-24,44,55,11
6402,2019-10-24,25,33,8
6403,2019-10-24,26,27,1
6404,2019-10-24,10,17,7
6405,2019-10-24,21,31,10
6406,2019-10-24,30,32,2
6407,2019-10-24,10,18,8
6408,2019-10-24,50,47,-3
6409,2019-10-24,13,19,6
6410,2019-10-24,36,34,-2
6411,2019-10-24,126,114,-12
6412,2019-10-24,14,26,12
6413,2019-10-24,23,16,-7
6414,2019-10-24,5,8,3
6415,2019-10-24,22,16,-6
6416,2019-10-24,15,13,-2
6417,2019-10-24,13,16,3
6418,2019-10-24,5,6,1
6419,2019-10-24,6,15,9
6420,2019-10-24,13,11,-2
6421,2019-10-24,39,33,-6
6422,2019-10-24,5,3,-2
6423,2019-10-24,11,8,-3
6424,2019-10-24,26,65,39
6425,2019-10-24,22,18,-4
6426,2019-10-24,35,48,13
6427,2019-10-24,44,50,6
6428,2019-10-24,10,16,6
6429,2019-10-24,20,26,6
6432,2019-10-24,51,57,6
6433,2019-10-24,22,17,-5
6434,2019-10-24,49,44,-5
6435,2019-10-24,23,20,-3
6436,2019-10-24,17,10,-7
6501,2019-10-24,29,31,2
6502,2019-10-24,8,11,3
6503,2019-10-24,38,45,7
6504,2019-10-24,8,8,0
6700,2019-10-24,6,15,9
6701,2019-10-24,65,64,-1
6702,2019-10-24,10,9,-1
6703,2019-10-24,18,16,-2
6704,2019-10-24,20,15,-5
6705,2019-10-24,11,12,1
6706,2019-10-24,17,17,0
6707,2019-10-24,12,14,2
6709,2019-10-24,23,14,-9
6710,2019-10-24,6,12,6
6711,2019-10-24,14,11,-3
6712,2019-10-24,4,7,3
6713,2019-10-24,11,11,0
6714,2019-10-24,3,3,0
6715,2019-10-24,7,9,2
6716,2019-10-24,8,4,-4
6717,2019-10-24,6,8,2
6718,2019-10-24,21,18,-3
6719,2019-10-24,18,21,3
6720,2019-10-24,17,23,6
6721,2019-10-24,4,5,1
6722,2019-10-24,8,10,2
6723,2019-10-24,8,11,3
6724,2019-10-24,22,29,7
6725,2019-10-24,19,18,-1
6726,2019-10-24,6,6,0
6727,2019-10-24,58,66,8
6728,2019-10-24,18,16,-2
6729,2019-10-24,85,100,15
6730,2019-10-24,12,5,-7
6731,2019-10-24,7,6,-1
6732,2019-10-24,22,26,4
6733,2019-10-24,22,30,8
6734,2019-10-24,26,26,0
6735,2019-10-24,1,1,0
6736,2019-10-24,9,12,3
6737,2019-10-24,10,17,7
6738,2019-10-24,52,53,1
6739,2019-10-24,7,8,1
6741,2019-10-24,13,10,-3
6742,2019-10-24,33,36,3
6743,2019-10-24,15,4,-11
6744,2019-10-24,16,14,-2
6745,2019-10-24,15,8,-7
6746,2019-10-24,17,17,0
6747,2019-10-24,23,29,6
6748,2019-10-24,46,63,17
6749,2019-10-24,35,46,11
6750,2019-10-24,41,32,-9
6752,2019-10-24,20,20,0
6753,2019-10-24,17,14,-3
6754,2019-10-24,12,13,1
6901,2019-10-24,26,33,7
6902,2019-10-24,64,77,13
6903,2019-10-24,74,58,-16
6904,2019-10-24,29,24,-5
6905,2019-10-24,32,25,-7
6906,2019-10-24,93,60,-33
6907,2019-10-24,65,34,-31
6908,2019-10-24,36,34,-2
6910,2019-10-24,95,88,-7
6912,2019-10-24,105,84,-21
6913,2019-10-24,28,20,-8
6915,2019-10-24,54,47,-7
6916,2019-10-24,21,19,-2
6917,2019-10-24,16,15,-1
6918,2019-10-24,15,13,-2
6919,2019-10-24,17,16,-1
6921,2019-10-24,55,60,5
6923,2019-10-24,28,37,9
6924,2019-10-24,15,8,-7
6925,2019-10-24,34,30,-4
6926,2019-10-24,63,48,-15
6927,2019-10-24,46,29,-17
6928,2019-10-24,31,20,-11
6929,2019-10-24,23,19,-4
6930,2019-10-24,11,20,9
7001,2019-10-24,16,17,1
7002,2019-10-24,9,12,3
7003,2019-10-24,107,107,0
7004,2019-10-24,15,26,11
7005,2019-10-24,2,5,3
7006,2019-10-24,9,6,-3
7007,2019-10-24,10,11,1
7008,2019-10-24,18,18,0
7009,2019-10-24,20,31,11
7010,2019-10-24,10,9,-1
7011,2019-10-24,41,49,8
7012,2019-10-24,30,27,-3
7013,2019-10-24,18,16,-2
7014,2019-10-24,55,34,-21
7015,2019-10-24,8,8,0
7016,2019-10-24,5,5,0
7017,2019-10-24,19,26,7
7018,2019-10-24,14,24,10
7019,2019-10-24,38,66,28
7020,2019-10-24,20,21,1
7021,2019-10-24,28,25,-3
7022,2019-10-24,24,21,-3
7023,2019-10-24,4,5,1
7024,2019-10-24,43,30,-13
7025,2019-10-24,29,27,-2
7026,2019-10-24,46,58,12
7027,2019-10-24,25,28,3
7028,2019-10-24,95,84,-11
7029,2019-10-24,38,43,5
7030,2019-10-24,38,42,4
7031,2019-10-24,39,39,0
7032,2019-10-24,88,51,-37
7033,2019-10-24,64,64,0
7034,2019-10-24,14,9,-5
7035,2019-10-24,40,29,-11
7036,2019-10-24,40,42,2
7037,2019-10-24,55,44,-11
7038,2019-10-24,49,58,9
7039,2019-10-24,18,19,1
7040,2019-10-24,42,54,12
7041,2019-10-24,88,84,-4
7042,2019-10-24,36,35,-1
7043,2019-10-24,15,20,5
7044,2019-10-24,11,12,1
7045,2019-10-24,17,31,14
7046,2019-10-24,63,87,24
7047,2019-10-24,62,97,35
7048,2019-10-24,14,17,3
7049,2019-10-24,10,25,15
7050,2019-10-24,26,28,2
7051,2019-10-24,6,9,3
7052,2019-10-24,36,54,18
7053,2019-10-24,27,28,1
7054,2019-10-24,27,24,-3
7055,2019-10-24,16,19,3
7056,2019-10-24,10,8,-2
7057,2019-10-24,23,28,5
7058,2019-10-24,24,23,-1
7059,2019-10-24,24,18,-6
7060,2019-10-24,18,27,9
7061,2019-10-24,26,15,-11
7062,2019-10-24,37,43,6
7063,2019-10-24,16,10,-6
7064,2019-10-24,13,19,6
7065,2019-10-24,30,26,-4
7066,2019-10-24,38,86,48
7067,2019-10-24,46,54,8
7068,2019-10-24,37,58,21
7069,2019-10-24,59,82,23
7070,2019-10-24,28,28,0
7071,2019-10-24,49,23,-26
7072,2019-10-24,30,25,-5
7073,2019-10-24,45,44,-1
7074,2019-10-24,27,22,-5
7075,2019-10-24,6,5,-1
7076,2019-10-24,38,24,-14
7077,2019-10-24,17,20,3
7078,2019-10-24,9,16,7
7079,2019-10-24,35,44,9
7080,2019-10-24,54,89,35
7081,2019-10-24,51,67,16
7082,2019-10-24,62,64,2
7084,2019-10-24,87,71,-16
7087,2019-10-24,1,0,-1
7090,2019-10-24,7,5,-2
7091,2019-10-24,2,3,1
7092,2019-10-24,4,5,1
7093,2019-10-24,1,2,1
7094,2019-10-24,1,1,0
7095,2019-10-24,8,13,5
7096,2019-10-24,16,25,9
7097,2019-10-24,4,5,1
7099,2019-10-24,2,4,2
7100,2019-10-24,3,5,2
7101,2019-10-24,2,2,0
7102,2019-10-24,17,16,-1
7104,2019-10-24,2,1,-1
7107,2019-10-24,1,1,0
7108,2019-10-24,1,3,2
7109,2019-10-24,12,12,0
7110,2019-10-24,2,1,-1
7111,2019-10-24,1,0,-1
7112,2019-10-24,8,4,-4
7113,2019-10-24,44,45,1
7114,2019-10-24,56,71,15
7115,2019-10-24,8,8,0
7116,2019-10-24,6,4,-2
7118,2019-10-24,3,3,0
7120,2019-10-24,2,1,-1
7122,2019-10-24,2,4,2
7123,2019-10-24,3,2,-1
7124,2019-10-24,16,14,-2
7125,2019-10-24,10,7,-3
7126,2019-10-24,3,1,-2
7127,2019-10-24,21,22,1
7128,2019-10-24,14,10,-4
7129,2019-10-24,9,12,3
7130,2019-10-24,14,8,-6
7131,2019-10-24,2,3,1
7132,2019-10-24,3,5,2
7133,2019-10-24,1,1,0
7134,2019-10-24,1,2,1
7135,2019-10-24,2,5,3
7136,2019-10-24,6,9,3
7137,2019-10-24,8,8,0
7139,2019-10-24,7,8,1
7140,2019-10-24,13,14,1
7141,2019-10-24,22,16,-6
7142,2019-10-24,10,8,-2
7143,2019-10-24,12,16,4
7144,2019-10-24,21,24,3
7145,2019-10-24,16,13,-3
7146,2019-10-24,22,28,6
7147,2019-10-24,22,23,1
7148,2019-10-24,4,3,-1
7149,2019-10-24,17,16,-1
7150,2019-10-24,2,2,0
7151,2019-10-24,4,3,-1
7152,2019-10-24,2,2,0
7153,2019-10-24,1,1,0
10002,2019-10-24,99,89,-10
4000,2019-10-25,37,47,10
4001,2019-10-25,10,9,-1
4002,2019-10-25,16,19,3
5003,2019-10-25,1,0,-1
5004,2019-10-25,3,4,1
5005,2019-10-25,5,3,-2
5006,2019-10-25,7,6,-1
5007,2019-10-25,15,17,2
6001,2019-10-25,37,60,23
6002,2019-10-25,27,27,0
6003,2019-10-25,44,61,17
6004,2019-10-25,21,26,5
6005,2019-10-25,56,57,1
6006,2019-10-25,27,22,-5
6007,2019-10-25,19,19,0
6008,2019-10-25,27,56,29
6011,2019-10-25,45,44,-1
6012,2019-10-25,82,187,105
6013,2019-10-25,30,45,15
6014,2019-10-25,53,62,9
6015,2019-10-25,101,180,79
6016,2019-10-25,4,10,6
6017,2019-10-25,42,43,1
6018,2019-10-25,42,55,13
6019,2019-10-25,146,92,-54
6020,2019-10-25,71,91,20
6021,2019-10-25,80,60,-20
6022,2019-10-25,31,41,10
6023,2019-10-25,62,59,-3
6024,2019-10-25,2,2,0
6025,2019-10-25,25,26,1
6026,2019-10-25,32,48,16
6027,2019-10-25,62,83,21
6029,2019-10-25,16,20,4
6031,2019-10-25,35,30,-5
6032,2019-10-25,36,103,67
6033,2019-10-25,25,17,-8
6035,2019-10-25,26,63,37
6036,2019-10-25,65,115,50
6037,2019-10-25,46,52,6
6038,2019-10-25,62,67,5
6039,2019-10-25,46,67,21
6040,2019-10-25,52,67,15
6041,2019-10-25,50,68,18
6042,2019-10-25,72,70,-2
6043,2019-10-25,106,238,132
6044,2019-10-25,73,49,-24
6046,2019-10-25,89,92,3
6047,2019-10-25,86,97,11
6048,2019-10-25,40,53,13
6049,2019-10-25,75,110,35
6050,2019-10-25,29,35,6
6051,2019-10-25,14,20,6
6052,2019-10-25,92,140,48
6053,2019-10-25,96,113,17
6057,2019-10-25,55,56,1
6058,2019-10-25,65,68,3
6059,2019-10-25,54,43,-11
6060,2019-10-25,22,20,-2
6061,2019-10-25,62,46,-16
6062,2019-10-25,56,51,-5
6063,2019-10-25,132,96,-36
6064,2019-10-25,89,95,6
6066,2019-10-25,18,10,-8
6067,2019-10-25,22,23,1
6068,2019-10-25,4,8,4
6070,2019-10-25,127,119,-8
6072,2019-10-25,48,51,3
6073,2019-10-25,117,111,-6
6075,2019-10-25,31,16,-15
6076,2019-10-25,7,23,16
6078,2019-10-25,37,43,6
6079,2019-10-25,46,53,7
6080,2019-10-25,84,91,7
6082,2019-10-25,19,12,-7
6083,2019-10-25,77,89,12
6084,2019-10-25,52,67,15
6085,2019-10-25,41,85,44
6086,2019-10-25,44,61,17
6087,2019-10-25,77,90,13
6088,2019-10-25,38,45,7
6089,2019-10-25,49,51,2
6090,2019-10-25,48,48,0
6091,2019-10-25,33,21,-12
6093,2019-10-25,13,16,3
6094,2019-10-25,25,25,0
6095,2019-10-25,82,56,-26
6096,2019-10-25,30,57,27
6097,2019-10-25,45,22,-23
6098,2019-10-25,108,117,9
6099,2019-10-25,62,109,47
6101,2019-10-25,34,14,-20
6102,2019-10-25,18,11,-7
6103,2019-10-25,14,11,-3
6104,2019-10-25,62,99,37
6105,2019-10-25,7,5,-2
6106,2019-10-25,24,34,10
6107,2019-10-25,79,60,-19
6108,2019-10-25,37,35,-2
6109,2019-10-25,2,3,1
6110,2019-10-25,23,22,-1
6111,2019-10-25,33,35,2
6112,2019-10-25,53,61,8
6113,2019-10-25,41,60,19
6114,2019-10-25,85,116,31
6115,2019-10-25,10,15,5
6116,2019-10-25,44,51,7
6117,2019-10-25,55,55,0
6118,2019-10-25,62,71,9
6119,2019-10-25,70,74,4
6120,2019-10-25,42,85,43
6121,2019-10-25,11,19,8
6122,2019-10-25,15,13,-2
6123,2019-10-25,19,22,3
6124,2019-10-25,19,51,32
6125,2019-10-25,16,8,-8
6126,2019-10-25,33,34,1
6127,2019-10-25,20,8,-12
6128,2019-10-25,14,13,-1
6129,2019-10-25,52,39,-13
6130,2019-10-25,24,14,-10
6131,2019-10-25,55,24,-31
6132,2019-10-25,43,39,-4
6133,2019-10-25,23,17,-6
6134,2019-10-25,33,35,2
6136,2019-10-25,245,199,-46
6137,2019-10-25,62,67,5
6138,2019-10-25,66,60,-6
6139,2019-10-25,43,31,-12
6140,2019-10-25,73,73,0
6141,2019-10-25,38,33,-5
6142,2019-10-25,49,33,-16
6143,2019-10-25,70,49,-21
6145,2019-10-25,43,34,-9
6146,2019-10-25,43,29,-14
6147,2019-10-25,68,46,-22
6148,2019-10-25,88,66,-22
6149,2019-10-25,36,36,0
6150,2019-10-25,58,56,-2
6151,2019-10-25,61,64,3
6152,2019-10-25,83,86,3
6153,2019-10-25,34,35,1
6154,2019-10-25,131,132,1
6155,2019-10-25,114,98,-16
6156,2019-10-25,59,50,-9
6157,2019-10-25,94,77,-17
6158,2019-10-25,58,49,-9
6159,2019-10-25,15,18,3
6160,2019-10-25,38,34,-4
6161,2019-10-25,42,40,-2
6162,2019-10-25,3,5,2
6163,2019-10-25,69,73,4
6164,2019-10-25,53,54,1
6165,2019-10-25,121,119,-2
6166,2019-10-25,46,34,-12
6167,2019-10-25,34,26,-8
6168,2019-10-25,78,43,-35
6169,2019-10-25,102,109,7
6170,2019-10-25,56,46,-10
6171,2019-10-25,28,38,10
6174,2019-10-25,76,73,-3
6175,2019-10-25,83,37,-46
6176,2019-10-25,73,80,7
6177,2019-10-25,63,58,-5
6178,2019-10-25,81,72,-9
6179,2019-10-25,62,63,1
6180,2019-10-25,45,47,2
6181,2019-10-25,110,74,-36
6182,2019-10-25,58,35,-23
6183,2019-10-25,81,61,-20
6184,2019-10-25,208,188,-20
6185,2019-10-25,15,14,-1
6186,2019-10-25,42,27,-15
6187,2019-10-25,80,74,-6
6188,2019-10-25,47,42,-5
6189,2019-10-25,23,17,-6
6190,2019-10-25,100,88,-12
6191,2019-10-25,42,35,-7
6192,2019-10-25,25,22,-3
6193,2019-10-25,70,73,3
6194,2019-10-25,90,76,-14
6195,2019-10-25,64,34,-30
6196,2019-10-25,84,56,-28
6197,2019-10-25,47,47,0
6198,2019-10-25,26,23,-3
6199,2019-10-25,108,78,-30
6200,2019-10-25,73,70,-3
6201,2019-10-25,56,49,-7
6202,2019-10-25,93,77,-16
6203,2019-10-25,45,45,0
6204,2019-10-25,103,103,0
6205,2019-10-25,70,80,10
6206,2019-10-25,144,110,-34
6207,2019-10-25,36,29,-7
6208,2019-10-25,66,73,7
6209,2019-10-25,108,64,-44
6210,2019-10-25,26,26,0
6211,2019-10-25,142,146,4
6212,2019-10-25,73,37,-36
6213,2019-10-25,107,98,-9
6214,2019-10-25,81,63,-18
6215,2019-10-25,50,39,-11
6216,2019-10-25,75,30,-45
6217,2019-10-25,88,64,-24
6218,2019-10-25,54,18,-36
6219,2019-10-25,54,45,-9
6220,2019-10-25,60,44,-16
6221,2019-10-25,153,127,-26
6222,2019-10-25,63,28,-35
6223,2019-10-25,78,39,-39
6224,2019-10-25,53,42,-11
6225,2019-10-25,70,48,-22
6226,2019-10-25,15,16,1
6227,2019-10-25,89,85,-4
6228,2019-10-25,12,17,5
6229,2019-10-25,48,43,-5
6230,2019-10-25,46,49,3
6231,2019-10-25,76,78,2
6232,2019-10-25,18,16,-2
6233,2019-10-25,75,88,13
6234,2019-10-25,38,40,2
6235,2019-10-25,59,53,-6
6236,2019-10-25,46,45,-1
6237,2019-10-25,50,54,4
6240,2019-10-25,11,10,-1
6241,2019-10-25,44,43,-1
6243,2019-10-25,45,42,-3
6245,2019-10-25,32,22,-10
6246,2019-10-25,49,48,-1
6247,2019-10-25,67,59,-8
6248,2019-10-25,119,94,-25
6249,2019-10-25,45,39,-6
6250,2019-10-25,56,46,-10
6251,2019-10-25,13,17,4
6252,2019-10-25,38,25,-13
6253,2019-10-25,36,34,-2
6254,2019-10-25,59,61,2
6255,2019-10-25,66,65,-1
6257,2019-10-25,25,27,2
6258,2019-10-25,67,51,-16
6259,2019-10-25,29,28,-1
6260,2019-10-25,32,30,-2
6261,2019-10-25,35,33,-2
6262,2019-10-25,38,32,-6
6263,2019-10-25,8,11,3
6264,2019-10-25,19,18,-1
6265,2019-10-25,60,46,-14
6266,2019-10-25,12,15,3
6267,2019-10-25,38,36,-2
6268,2019-10-25,49,38,-11
6269,2019-10-25,10,17,7
6270,2019-10-25,28,27,-1
6271,2019-10-25,1,1,0
6272,2019-10-25,24,23,-1
6273,2019-10-25,21,25,4
6274,2019-10-25,26,26,0
6275,2019-10-25,20,22,2
6276,2019-10-25,33,29,-4
6277,2019-10-25,52,52,0
6278,2019-10-25,23,19,-4
6279,2019-10-25,13,17,4
6280,2019-10-25,76,83,7
6281,2019-10-25,28,17,-11
6301,2019-10-25,24,18,-6
6302,2019-10-25,14,7,-7
6303,2019-10-25,12,11,-1
6304,2019-10-25,13,10,-3
6305,2019-10-25,17,9,-8
6306,2019-10-25,39,8,-31
6307,2019-10-25,58,54,-4
6309,2019-10-25,16,14,-2
6310,2019-10-25,20,7,-13
6311,2019-10-25,28,28,0
6312,2019-10-25,14,23,9
6313,2019-10-25,18,29,11
6314,2019-10-25,46,37,-9
6315,2019-10-25,30,19,-11
6316,2019-10-25,23,9,-14
6321,2019-10-25,27,33,6
6322,2019-10-25,17,13,-4
6323,2019-10-25,12,9,-3
6324,2019-10-25,12,13,1
6327,2019-10-25,23,20,-3
6328,2019-10-25,19,21,2
6329,2019-10-25,17,19,2
6330,2019-10-25,13,19,6
6331,2019-10-25,11,19,8
6332,2019-10-25,29,28,-1
6333,2019-10-25,18,15,-3
6334,2019-10-25,49,54,5
6335,2019-10-25,31,22,-9
6336,2019-10-25,16,20,4
6338,2019-10-25,22,27,5
6339,2019-10-25,17,20,3
6340,2019-10-25,26,27,1
6341,2019-10-25,32,33,1
6343,2019-10-25,26,28,2
6344,2019-10-25,41,41,0
6345,2019-10-25,11,14,3
6346,2019-10-25,16,13,-3
6347,2019-10-25,25,26,1
6349,2019-10-25,18,21,3
6350,2019-10-25,26,27,1
6354,2019-10-25,21,16,-5
6355,2019-10-25,19,21,2
6356,2019-10-25,21,8,-13
6357,2019-10-25,12,9,-3
6358,2019-10-25,26,23,-3
6359,2019-10-25,52,78,26
6360,2019-10-25,18,14,-4
6361,2019-10-25,34,41,7
6362,2019-10-25,22,30,8
6363,2019-10-25,14,10,-4
6364,2019-10-25,34,28,-6
6366,2019-10-25,22,9,-13
6367,2019-10-25,26,22,-4
6368,2019-10-25,35,37,2
6369,2019-10-25,17,31,14
6370,2019-10-25,20,22,2
6371,2019-10-25,55,54,-1
6372,2019-10-25,53,58,5
6373,2019-10-25,33,26,-7
6374,2019-10-25,37,27,-10
6375,2019-10-25,31,34,3
6376,2019-10-25,14,17,3
6377,2019-10-25,30,32,2
6379,2019-10-25,24,25,1
6380,2019-10-25,24,19,-5
6381,2019-10-25,35,41,6
6383,2019-10-25,23,18,-5
6384,2019-10-25,11,10,-1
6385,2019-10-25,36,40,4
6386,2019-10-25,33,38,5
6387,2019-10-25,56,57,1
6388,2019-10-25,13,10,-3
6389,2019-10-25,42,23,-19
6391,2019-10-25,43,53,10
6393,2019-10-25,37,43,6
6394,2019-10-25,36,59,23
6395,2019-10-25,39,38,-1
6396,2019-10-25,74,58,-16
6397,2019-10-25,31,28,-3
6398,2019-10-25,28,48,20
6401,2019-10-25,49,80,31
6402,2019-10-25,18,20,2
6403,2019-10-25,28,22,-6
6404,2019-10-25,9,12,3
6405,2019-10-25,27,26,-1
6406,2019-10-25,54,67,13
6407,2019-10-25,6,14,8
6408,2019-10-25,44,43,-1
6409,2019-10-25,14,22,8
6410,2019-10-25,37,37,0
6411,2019-10-25,147,125,-22
6412,2019-10-25,16,22,6
6413,2019-10-25,27,55,28
6414,2019-10-25,8,11,3
6415,2019-10-25,15,11,-4
6416,2019-10-25,9,7,-2
6417,2019-10-25,15,15,0
6418,2019-10-25,4,5,1
6419,2019-10-25,2,4,2
6420,2019-10-25,7,15,8
6421,2019-10-25,37,27,-10
6422,2019-10-25,9,9,0
6423,2019-10-25,14,9,-5
6424,2019-10-25,35,69,34
6425,2019-10-25,24,22,-2
6426,2019-10-25,59,55,-4
6427,2019-10-25,50,42,-8
6428,2019-10-25,6,13,7
6429,2019-10-25,26,23,-3
6432,2019-10-25,51,48,-3
6433,2019-10-25,28,19,-9
6434,2019-10-25,31,33,2
6435,2019-10-25,25,24,-1
6436,2019-10-25,11,11,0
6501,2019-10-25,35,25,-10
6502,2019-10-25,6,7,1
6503,2019-10-25,42,35,-7
6504,2019-10-25,15,24,9
6700,2019-10-25,10,23,13
6701,2019-10-25,56,52,-4
6702,2019-10-25,17,15,-2
6703,2019-10-25,31,30,-1
6704,2019-10-25,16,15,-1
6705,2019-10-25,14,19,5
6706,2019-10-25,18,25,7
6707,2019-10-25,16,15,-1
6709,2019-10-25,21,21,0
6710,2019-10-25,10,11,1
6711,2019-10-25,13,20,7
6712,2019-10-25,6,7,1
6713,2019-10-25,11,11,0
6715,2019-10-25,7,10,3
6716,2019-10-25,5,11,6
6717,2019-10-25,1,11,10
6718,2019-10-25,23,20,-3
6719,2019-10-25,16,13,-3
6720,2019-10-25,18,22,4
6721,2019-10-25,11,6,-5
6722,2019-10-25,4,11,7
6723,2019-10-25,14,15,1
6724,2019-10-25,21,22,1
6725,2019-10-25,18,22,4
6726,2019-10-25,6,6,0
6727,2019-10-25,54,63,9
6728,2019-10-25,11,12,1
6729,2019-10-25,85,111,26
6730,2019-10-25,8,2,-6
6731,2019-10-25,12,6,-6
6732,2019-10-25,24,22,-2
6733,2019-10-25,22,24,2
6734,2019-10-25,40,29,-11
6735,2019-10-25,2,4,2
6736,2019-10-25,13,14,1
6737,2019-10-25,18,17,-1
6738,2019-10-25,63,59,-4
6739,2019-10-25,4,7,3
6741,2019-10-25,12,14,2
6742,2019-10-25,22,30,8
6743,2019-10-25,15,11,-4
6744,2019-10-25,9,13,4
6745,2019-10-25,17,16,-1
6746,2019-10-25,18,20,2
6747,2019-10-25,35,42,7
6748,2019-10-25,44,63,19
6749,2019-10-25,31,33,2
6750,2019-10-25,32,31,-1
6752,2019-10-25,30,34,4
6753,2019-10-25,14,12,-2
6754,2019-10-25,7,9,2
6901,2019-10-25,33,49,16
6902,2019-10-25,54,68,14
6903,2019-10-25,86,73,-13
6904,2019-10-25,35,25,-10
6905,2019-10-25,33,30,-3
6906,2019-10-25,76,57,-19
6907,2019-10-25,70,42,-28
6908,2019-10-25,43,32,-11
6910,2019-10-25,101,100,-1
6912,2019-10-25,89,66,-23
6913,2019-10-25,29,23,-6
6915,2019-10-25,76,61,-15
6916,2019-10-25,35,27,-8
6917,2019-10-25,10,13,3
6918,2019-10-25,23,16,-7
6919,2019-10-25,24,15,-9
6921,2019-10-25,59,72,13
6923,2019-10-25,35,34,-1
6924,2019-10-25,11,10,-1
6925,2019-10-25,30,29,-1
6926,2019-10-25,53,44,-9
6927,2019-10-25,46,27,-19
6928,2019-10-25,23,8,-15
6929,2019-10-25,29,18,-11
6930,2019-10-25,13,14,1
7001,2019-10-25,16,21,5
7002,2019-10-25,7,7,0
7003,2019-10-25,124,123,-1
7004,2019-10-25,19,18,-1
7005,2019-10-25,4,5,1
7006,2019-10-25,11,11,0
7007,2019-10-25,7,10,3
7008,2019-10-25,15,15,0
7009,2019-10-25,20,29,9
7010,2019-10-25,10,8,-2
7011,2019-10-25,53,63,10
7012,2019-10-25,21,27,6
7013,2019-10-25,10,10,0
7014,2019-10-25,44,37,-7
7015,2019-10-25,3,1,-2
7016,2019-10-25,6,7,1
7017,2019-10-25,14,22,8
7018,2019-10-25,21,36,15
7019,2019-10-25,77,59,-18
7020,2019-10-25,18,24,6
7021,2019-10-25,29,27,-2
7022,2019-10-25,34,23,-11
7023,2019-10-25,3,4,1
7024,2019-10-25,41,32,-9
7025,2019-10-25,35,18,-17
7026,2019-10-25,58,57,-1
7027,2019-10-25,29,24,-5
7028,2019-10-25,54,54,0
7029,2019-10-25,42,34,-8
7030,2019-10-25,43,46,3
7031,2019-10-25,39,36,-3
7032,2019-10-25,68,50,-18
7033,2019-10-25,49,56,7
7034,2019-10-25,14,18,4
7035,2019-10-25,30,35,5
7036,2019-10-25,33,34,1
7037,2019-10-25,51,51,0
7038,2019-10-25,68,52,-16
7039,2019-10-25,31,25,-6
7040,2019-10-25,49,54,5
7041,2019-10-25,80,72,-8
7042,2019-10-25,23,31,8
7043,2019-10-25,14,6,-8
7044,2019-10-25,10,9,-1
7045,2019-10-25,39,43,4
7046,2019-10-25,54,88,34
7047,2019-10-25,82,126,44
7048,2019-10-25,8,12,4
7049,2019-10-25,5,17,12
7050,2019-10-25,29,29,0
7051,2019-10-25,11,12,1
7052,2019-10-25,35,44,9
7053,2019-10-25,21,28,7
7054,2019-10-25,30,33,3
7055,2019-10-25,21,21,0
7056,2019-10-25,9,15,6
7057,2019-10-25,24,19,-5
7058,2019-10-25,21,20,-1
7059,2019-10-25,27,29,2
7060,2019-10-25,25,22,-3
7061,2019-10-25,13,10,-3
7062,2019-10-25,34,31,-3
7063,2019-10-25,23,26,3
7064,2019-10-25,19,23,4
7065,2019-10-25,36,30,-6
7066,2019-10-25,45,93,48
7067,2019-10-25,50,50,0
7068,2019-10-25,48,53,5
7069,2019-10-25,60,86,26
7070,2019-10-25,20,33,13
7071,2019-10-25,35,28,-7
7072,2019-10-25,27,18,-9
7073,2019-10-25,50,44,-6
7074,2019-10-25,15,23,8
7075,2019-10-25,5,5,0
7076,2019-10-25,38,30,-8
7077,2019-10-25,11,13,2
7078,2019-10-25,16,12,-4
7079,2019-10-25,32,41,9
7080,2019-10-25,95,71,-24
7081,2019-10-25,51,77,26
7082,2019-10-25,53,73,20
7084,2019-10-25,62,62,0
7087,2019-10-25,1,1,0
7088,2019-10-25,3,0,-3
7090,2019-10-25,8,9,1
7091,2019-10-25,5,4,-1
7092,2019-10-25,6,5,-1
7095,2019-10-25,5,6,1
7096,2019-10-25,17,21,4
7097,2019-10-25,4,4,0
7098,2019-10-25,3,3,0
7099,2019-10-25,2,3,1
7100,2019-10-25,1,3,2
7101,2019-10-25,4,4,0
7102,2019-10-25,14,18,4
7103,2019-10-25,3,2,-1
7104,2019-10-25,1,1,0
7105,2019-10-25,1,0,-1
7106,2019-10-25,1,2,1
7107,2019-10-25,2,4,2
7108,2019-10-25,4,3,-1
7109,2019-10-25,10,5,-5
7110,2019-10-25,1,0,-1
7111,2019-10-25,3,2,-1
7112,2019-10-25,2,1,-1
7113,2019-10-25,37,47,10
7114,2019-10-25,49,55,6
7115,2019-10-25,9,10,1
7116,2019-10-25,7,5,-2
7118,2019-10-25,4,1,-3
7119,2019-10-25,2,0,-2
7122,2019-10-25,4,3,-1
7123,2019-10-25,3,2,-1
7124,2019-10-25,16,11,-5
7125,2019-10-25,13,8,-5
7126,2019-10-25,7,6,-1
7127,2019-10-25,22,26,4
7128,2019-10-25,15,12,-3
7129,2019-10-25,8,7,-1
7130,2019-10-25,10,8,-2
7131,2019-10-25,4,4,0
7132,2019-10-25,2,2,0
7133,2019-10-25,3,5,2
7134,2019-10-25,5,6,1
7135,2019-10-25,2,3,1
7136,2019-10-25,8,8,0
7137,2019-10-25,2,4,2
7138,2019-10-25,2,4,2
7139,2019-10-25,7,7,0
7140,2019-10-25,20,14,-6
7141,2019-10-25,18,22,4
7142,2019-10-25,5,7,2
7143,2019-10-25,15,14,-1
7144,2019-10-25,24,32,8
7145,2019-10-25,9,8,-1
7146,2019-10-25,13,19,6
7147,2019-10-25,22,24,2
7148,2019-10-25,1,3,2
7149,2019-10-25,8,10,2
7150,2019-10-25,1,1,0
7152,2019-10-25,2,1,-1
7153,2019-10-25,4,3,-1
10002,2019-10-25,81,89,8
4000,2019-10-26,30,34,4
4001,2019-10-26,3,3,0
4002,2019-10-26,14,7,-7
5002,2019-10-26,2,4,2
5003,2019-10-26,1,1,0
5005,2019-10-26,1,1,0
5007,2019-10-26,7,9,2
6001,2019-10-26,16,25,9
6002,2019-10-26,19,20,1
6003,2019-10-26,30,37,7
6004,2019-10-26,4,15,11
6005,2019-10-26,20,10,-10
6006,2019-10-26,19,17,-2
6007,2019-10-26,28,28,0
6008,2019-10-26,15,25,10
6011,2019-10-26,15,20,5
6012,2019-10-26,83,138,55
6013,2019-10-26,26,32,6
6014,2019-10-26,29,40,11
6015,2019-10-26,69,139,70
6016,2019-10-26,7,8,1
6017,2019-10-26,22,39,17
6018,2019-10-26,28,35,7
6019,2019-10-26,99,60,-39
6020,2019-10-26,51,97,46
6021,2019-10-26,59,50,-9
6022,2019-10-26,28,25,-3
6023,2019-10-26,56,95,39
6024,2019-10-26,3,1,-2
6025,2019-10-26,15,13,-2
6026,2019-10-26,73,132,59
6027,2019-10-26,53,66,13
6029,2019-10-26,10,16,6
6031,2019-10-26,48,50,2
6032,2019-10-26,26,51,25
6033,2019-10-26,10,6,-4
6035,2019-10-26,13,25,12
6036,2019-10-26,111,133,22
6037,2019-10-26,16,27,11
6038,2019-10-26,28,31,3
6039,2019-10-26,33,30,-3
6040,2019-10-26,28,41,13
6041,2019-10-26,15,10,-5
6042,2019-10-26,13,12,-1
6043,2019-10-26,40,45,5
6044,2019-10-26,61,52,-9
6046,2019-10-26,24,21,-3
6047,2019-10-26,32,33,1
6048,2019-10-26,18,17,-1
6049,2019-10-26,22,26,4
6050,2019-10-26,19,23,4
6051,2019-10-26,15,20,5
6052,2019-10-26,122,127,5
6053,2019-10-26,62,79,17
6057,2019-10-26,18,16,-2
6058,2019-10-26,28,23,-5
6059,2019-10-26,13,13,0
6060,2019-10-26,6,6,0
6061,2019-10-26,27,22,-5
6062,2019-10-26,43,46,3
6063,2019-10-26,75,68,-7
6064,2019-10-26,57,66,9
6066,2019-10-26,10,10,0
6067,2019-10-26,24,16,-8
6068,2019-10-26,2,2,0
6070,2019-10-26,59,77,18
6072,2019-10-26,19,22,3
6073,2019-10-26,68,89,21
6075,2019-10-26,25,10,-15
6076,2019-10-26,9,11,2
6078,2019-10-26,20,21,1
6079,2019-10-26,38,46,8
6080,2019-10-26,68,52,-16
6082,2019-10-26,11,10,-1
6083,2019-10-26,18,23,5
6084,2019-10-26,15,22,7
6085,2019-10-26,27,31,4
6086,2019-10-26,30,58,28
6087,2019-10-26,46,73,27
6088,2019-10-26,25,29,4
6089,2019-10-26,10,14,4
6090,2019-10-26,24,26,2
6091,2019-10-26,30,21,-9
6093,2019-10-26,19,9,-10
6094,2019-10-26,12,12,0
6095,2019-10-26,59,46,-13
6096,2019-10-26,15,23,8
6097,2019-10-26,44,24,-20
6098,2019-10-26,54,77,23
6099,2019-10-26,38,80,42
6101,2019-10-26,28,6,-22
6102,2019-10-26,13,8,-5
6103,2019-10-26,19,16,-3
6104,2019-10-26,38,39,1
6106,2019-10-26,20,24,4
6107,2019-10-26,43,43,0
6108,2019-10-26,23,29,6
6109,2019-10-26,15,20,5
6110,2019-10-26,23,27,4
6111,2019-10-26,22,17,-5
6112,2019-10-26,58,68,10
6113,2019-10-26,31,27,-4
6114,2019-10-26,84,105,21
6115,2019-10-26,7,10,3
6116,2019-10-26,34,36,2
6117,2019-10-26,34,37,3
6118,2019-10-26,45,63,18
6119,2019-10-26,53,54,1
6120,2019-10-26,32,64,32
6121,2019-10-26,18,20,2
6122,2019-10-26,19,14,-5
6123,2019-10-26,18,17,-1
6124,2019-10-26,26,32,6
6125,2019-10-26,3,5,2
6126,2019-10-26,28,26,-2
6127,2019-10-26,12,8,-4
6128,2019-10-26,11,9,-2
6129,2019-10-26,36,32,-4
6130,2019-10-26,19,16,-3
6131,2019-10-26,59,30,-29
6132,2019-10-26,26,29,3
6133,2019-10-26,20,16,-4
6134,2019-10-26,28,20,-8
6136,2019-10-26,183,143,-40
6137,2019-10-26,70,58,-12
6138,2019-10-26,56,45,-11
6139,2019-10-26,35,30,-5
6140,2019-10-26,68,63,-5
6141,2019-10-26,42,39,-3
6142,2019-10-26,40,33,-7
6143,2019-10-26,55,39,-16
6145,2019-10-26,31,36,5
6146,2019-10-26,45,19,-26
6147,2019-10-26,54,41,-13
6148,2019-10-26,66,36,-30
6149,2019-10-26,29,35,6
6150,2019-10-26,56,47,-9
6151,2019-10-26,55,61,6
6152,2019-10-26,90,100,10
6153,2019-10-26,20,24,4
6154,2019-10-26,138,142,4
6155,2019-10-26,88,110,22
6156,2019-10-26,47,43,-4
6157,2019-10-26,93,107,14
6158,2019-10-26,53,45,-8
6159,2019-10-26,11,15,4
6160,2019-10-26,38,26,-12
6161,2019-10-26,51,39,-12
6162,2019-10-26,8,5,-3
6163,2019-10-26,88,74,-14
6164,2019-10-26,72,67,-5
6165,2019-10-26,102,127,25
6166,2019-10-26,41,36,-5
6167,2019-10-26,31,32,1
6168,2019-10-26,50,33,-17
6169,2019-10-26,108,103,-5
6170,2019-10-26,49,53,4
6171,2019-10-26,25,29,4
6174,2019-10-26,82,67,-15
6175,2019-10-26,61,41,-20
6176,2019-10-26,87,86,-1
6177,2019-10-26,59,57,-2
6178,2019-10-26,91,95,4
6179,2019-10-26,49,48,-1
6180,2019-10-26,24,35,11
6181,2019-10-26,64,58,-6
6182,2019-10-26,44,30,-14
6183,2019-10-26,53,42,-11
6184,2019-10-26,202,176,-26
6185,2019-10-26,21,18,-3
6186,2019-10-26,31,21,-10
6187,2019-10-26,74,91,17
6188,2019-10-26,30,23,-7
6189,2019-10-26,10,10,0
6190,2019-10-26,84,70,-14
6191,2019-10-26,31,28,-3
6192,2019-10-26,42,27,-15
6193,2019-10-26,97,94,-3
6194,2019-10-26,58,64,6
6195,2019-10-26,45,31,-14
6196,2019-10-26,78,57,-21
6197,2019-10-26,29,32,3
6198,2019-10-26,19,15,-4
6199,2019-10-26,62,58,-4
6200,2019-10-26,77,61,-16
6201,2019-10-26,36,29,-7
6202,2019-10-26,51,54,3
6203,2019-10-26,19,13,-6
6204,2019-10-26,88,67,-21
6205,2019-10-26,52,45,-7
6206,2019-10-26,89,104,15
6207,2019-10-26,32,27,-5
6208,2019-10-26,55,43,-12
6209,2019-10-26,61,54,-7
6210,2019-10-26,8,15,7
6211,2019-10-26,99,94,-5
6212,2019-10-26,68,54,-14
6213,2019-10-26,94,98,4
6214,2019-10-26,72,61,-11
6215,2019-10-26,37,16,-21
6216,2019-10-26,135,89,-46
6217,2019-10-26,74,62,-12
6218,2019-10-26,44,22,-22
6219,2019-10-26,34,26,-8
6220,2019-10-26,63,57,-6
6221,2019-10-26,127,108,-19
6222,2019-10-26,37,35,-2
6223,2019-10-26,85,61,-24
6224,2019-10-26,62,47,-15
6225,2019-10-26,53,34,-19
6226,2019-10-26,6,10,4
6227,2019-10-26,89,82,-7
6228,2019-10-26,23,10,-13
6229,2019-10-26,61,45,-16
6230,2019-10-26,81,66,-15
6231,2019-10-26,82,73,-9
6232,2019-10-26,15,16,1
6233,2019-10-26,84,66,-18
6234,2019-10-26,41,41,0
6235,2019-10-26,24,20,-4
6236,2019-10-26,42,36,-6
6237,2019-10-26,36,25,-11
6240,2019-10-26,12,13,1
6241,2019-10-26,41,29,-12
6243,2019-10-26,74,58,-16
6245,2019-10-26,40,28,-12
6246,2019-10-26,21,30,9
6247,2019-10-26,55,54,-1
6248,2019-10-26,93,88,-5
6249,2019-10-26,52,44,-8
6250,2019-10-26,100,90,-10
6251,2019-10-26,21,17,-4
6252,2019-10-26,30,27,-3
6253,2019-10-26,40,36,-4
6254,2019-10-26,64,55,-9
6255,2019-10-26,66,57,-9
6257,2019-10-26,30,14,-16
6258,2019-10-26,61,52,-9
6259,2019-10-26,21,17,-4
6260,2019-10-26,42,26,-16
6261,2019-10-26,32,27,-5
6262,2019-10-26,42,31,-11
6263,2019-10-26,12,19,7
6264,2019-10-26,22,17,-5
6265,2019-10-26,39,40,1
6266,2019-10-26,17,11,-6
6267,2019-10-26,46,40,-6
6268,2019-10-26,40,39,-1
6269,2019-10-26,18,23,5
6270,2019-10-26,19,23,4
6271,2019-10-26,1,0,-1
6272,2019-10-26,17,12,-5
6273,2019-10-26,29,22,-7
6274,2019-10-26,34,29,-5
6275,2019-10-26,12,12,0
6276,2019-10-26,34,28,-6
6277,2019-10-26,47,60,13
6278,2019-10-26,18,16,-2
6279,2019-10-26,9,13,4
6280,2019-10-26,67,56,-11
6281,2019-10-26,19,14,-5
6301,2019-10-26,11,8,-3
6302,2019-10-26,11,15,4
6303,2019-10-26,16,8,-8
6304,2019-10-26,8,11,3
6305,2019-10-26,5,7,2
6306,2019-10-26,24,9,-15
6307,2019-10-26,55,56,1
6309,2019-10-26,19,18,-1
6310,2019-10-26,14,8,-6
6311,2019-10-26,35,25,-10
6312,2019-10-26,12,17,5
6313,2019-10-26,19,18,-1
6314,2019-10-26,30,30,0
6315,2019-10-26,38,13,-25
6316,2019-10-26,24,8,-16
6321,2019-10-26,40,39,-1
6322,2019-10-26,19,18,-1
6323,2019-10-26,15,12,-3
6324,2019-10-26,10,13,3
6327,2019-10-26,24,23,-1
6328,2019-10-26,24,19,-5
6329,2019-10-26,20,17,-3
6330,2019-10-26,21,22,1
6331,2019-10-26,12,16,4
6332,2019-10-26,27,20,-7
6333,2019-10-26,13,18,5
6334,2019-10-26,40,53,13
6335,2019-10-26,23,29,6
6336,2019-10-26,19,12,-7
6338,2019-10-26,23,26,3
6339,2019-10-26,16,15,-1
6340,2019-10-26,23,19,-4
6341,2019-10-26,24,25,1
6343,2019-10-26,30,22,-8
6344,2019-10-26,38,35,-3
6345,2019-10-26,7,13,6
6346,2019-10-26,6,6,0
6347,2019-10-26,12,20,8
6349,2019-10-26,17,18,1
6350,2019-10-26,25,20,-5
6354,2019-10-26,15,25,10
6355,2019-10-26,28,23,-5
6356,2019-10-26,21,12,-9
6357,2019-10-26,12,12,0
6358,2019-10-26,16,15,-1
6359,2019-10-26,42,56,14
6360,2019-10-26,19,17,-2
6361,2019-10-26,28,26,-2
6362,2019-10-26,30,19,-11
6363,2019-10-26,14,10,-4
6364,2019-10-26,25,15,-10
6366,2019-10-26,12,13,1
6367,2019-10-26,17,18,1
6368,2019-10-26,57,55,-2
6369,2019-10-26,25,33,8
6370,2019-10-26,22,18,-4
6371,2019-10-26,50,52,2
6372,2019-10-26,52,59,7
6373,2019-10-26,24,25,1
6374,2019-10-26,23,31,8
6375,2019-10-26,27,40,13
6376,2019-10-26,24,20,-4
6377,2019-10-26,20,17,-3
6379,2019-10-26,18,25,7
6380,2019-10-26,22,12,-10
6381,2019-10-26,43,46,3
6383,2019-10-26,14,12,-2
6384,2019-10-26,11,11,0
6385,2019-10-26,45,33,-12
6386,2019-10-26,29,29,0
6387,2019-10-26,45,46,1
6388,2019-10-26,13,15,2
6389,2019-10-26,34,34,0
6391,2019-10-26,41,57,16
6393,2019-10-26,26,51,25
6394,2019-10-26,29,51,22
6395,2019-10-26,42,30,-12
6396,2019-10-26,41,37,-4
6397,2019-10-26,19,40,21
6398,2019-10-26,19,39,20
6401,2019-10-26,24,38,14
6402,2019-10-26,24,29,5
6403,2019-10-26,11,15,4
6404,2019-10-26,12,10,-2
6405,2019-10-26,24,32,8
6406,2019-10-26,113,143,30
6407,2019-10-26,3,10,7
6408,2019-10-26,16,26,10
6409,2019-10-26,4,5,1
6410,2019-10-26,19,31,12
6411,2019-10-26,98,76,-22
6412,2019-10-26,24,25,1
6413,2019-10-26,9,9,0
6414,2019-10-26,11,14,3
6415,2019-10-26,10,11,1
6416,2019-10-26,9,9,0
6417,2019-10-26,11,9,-2
6418,2019-10-26,3,5,2
6419,2019-10-26,5,6,1
6420,2019-10-26,16,12,-4
6421,2019-10-26,32,20,-12
6422,2019-10-26,6,10,4
6423,2019-10-26,9,5,-4
6424,2019-10-26,15,28,13
6425,2019-10-26,33,25,-8
6426,2019-10-26,36,39,3
6427,2019-10-26,26,32,6
6428,2019-10-26,9,15,6
6429,2019-10-26,17,20,3
6432,2019-10-26,26,23,-3
6433,2019-10-26,13,10,-3
6434,2019-10-26,22,26,4
6435,2019-10-26,20,21,1
6436,2019-10-26,2,8,6
6501,2019-10-26,70,91,21
6502,2019-10-26,7,15,8
6503,2019-10-26,20,18,-2
6504,2019-10-26,38,29,-9
6700,2019-10-26,12,26,14
6701,2019-10-26,30,31,1
6702,2019-10-26,9,15,6
6703,2019-10-26,41,43,2
6704,2019-10-26,14,17,3
6705,2019-10-26,6,5,-1
6706,2019-10-26,12,19,7
6707,2019-10-26,10,10,0
6709,2019-10-26,10,11,1
6710,2019-10-26,12,11,-1
6711,2019-10-26,8,5,-3
6712,2019-10-26,15,21,6
6713,2019-10-26,8,3,-5
6714,2019-10-26,3,1,-2
6715,2019-10-26,10,4,-6
6716,2019-10-26,6,6,0
6717,2019-10-26,7,10,3
6718,2019-10-26,7,10,3
6719,2019-10-26,13,7,-6
6720,2019-10-26,24,21,-3
6721,2019-10-26,9,5,-4
6722,2019-10-26,10,12,2
6723,2019-10-26,10,9,-1
6724,2019-10-26,37,35,-2
6725,2019-10-26,12,13,1
6726,2019-10-26,4,2,-2
6727,2019-10-26,22,26,4
6728,2019-10-26,10,14,4
6729,2019-10-26,78,87,9
6730,2019-10-26,9,5,-4
6731,2019-10-26,14,10,-4
6732,2019-10-26,10,13,3
6733,2019-10-26,20,10,-10
6734,2019-10-26,47,29,-18
6735,2019-10-26,2,1,-1
6736,2019-10-26,7,13,6
6737,2019-10-26,13,17,4
6738,2019-10-26,23,13,-10
6739,2019-10-26,4,3,-1
6741,2019-10-26,8,8,0
6742,2019-10-26,17,20,3
6743,2019-10-26,12,11,-1
6744,2019-10-26,11,9,-2
6745,2019-10-26,12,13,1
6746,2019-10-26,13,14,1
6747,2019-10-26,18,24,6
6748,2019-10-26,22,38,16
6749,2019-10-26,21,24,3
6750,2019-10-26,30,29,-1
6752,2019-10-26,13,12,-1
6753,2019-10-26,7,6,-1
6754,2019-10-26,8,5,-3
6901,2019-10-26,29,38,9
6902,2019-10-26,35,51,16
6903,2019-10-26,68,64,-4
6904,2019-10-26,39,29,-10
6905,2019-10-26,14,16,2
6906,2019-10-26,39,42,3
6907,2019-10-26,60,32,-28
6908,2019-10-26,43,35,-8
6910,2019-10-26,75,76,1
6912,2019-10-26,71,73,2
6913,2019-10-26,32,30,-2
6915,2019-10-26,74,74,0
6916,2019-10-26,31,24,-7
6917,2019-10-26,10,12,2
6918,2019-10-26,15,17,2
6919,2019-10-26,18,18,0
6921,2019-10-26,19,18,-1
6923,2019-10-26,34,34,0
6924,2019-10-26,11,14,3
6925,2019-10-26,11,8,-3
6926,2019-10-26,40,43,3
6927,2019-10-26,24,16,-8
6928,2019-10-26,14,9,-5
6929,2019-10-26,25,19,-6
6930,2019-10-26,4,7,3
7001,2019-10-26,20,19,-1
7002,2019-10-26,2,2,0
7003,2019-10-26,80,90,10
7004,2019-10-26,5,17,12
7005,2019-10-26,5,4,-1
7006,2019-10-26,11,8,-3
7007,2019-10-26,3,3,0
7008,2019-10-26,16,22,6
7009,2019-10-26,26,34,8
7010,2019-10-26,10,9,-1
7011,2019-10-26,49,52,3
7012,2019-10-26,23,25,2
7013,2019-10-26,8,11,3
7014,2019-10-26,48,21,-27
7015,2019-10-26,24,22,-2
7016,2019-10-26,1,5,4
7017,2019-10-26,18,21,3
7018,2019-10-26,17,23,6
7019,2019-10-26,11,14,3
7020,2019-10-26,20,21,1
7021,2019-10-26,25,31,6
7022,2019-10-26,30,19,-11
7024,2019-10-26,42,28,-14
7025,2019-10-26,16,17,1
7026,2019-10-26,35,32,-3
7027,2019-10-26,27,24,-3
7028,2019-10-26,27,28,1
7029,2019-10-26,39,37,-2
7030,2019-10-26,32,38,6
7031,2019-10-26,34,37,3
7032,2019-10-26,85,56,-29
7033,2019-10-26,59,46,-13
7034,2019-10-26,25,50,25
7035,2019-10-26,29,27,-2
7036,2019-10-26,32,33,1
7037,2019-10-26,39,44,5
7038,2019-10-26,40,44,4
7039,2019-10-26,26,28,2
7040,2019-10-26,42,44,2
7041,2019-10-26,34,34,0
7042,2019-10-26,21,15,-6
7043,2019-10-26,18,19,1
7044,2019-10-26,5,3,-2
7045,2019-10-26,77,80,3
7046,2019-10-26,24,32,8
7047,2019-10-26,65,98,33
7048,2019-10-26,10,12,2
7049,2019-10-26,7,14,7
7050,2019-10-26,23,20,-3
7051,2019-10-26,5,11,6
7052,2019-10-26,21,15,-6
7053,2019-10-26,14,17,3
7054,2019-10-26,28,26,-2
7055,2019-10-26,17,23,6
7056,2019-10-26,15,13,-2
7057,2019-10-26,22,30,8
7058,2019-10-26,17,27,10
7059,2019-10-26,19,16,-3
7060,2019-10-26,13,15,2
7061,2019-10-26,21,19,-2
7062,2019-10-26,12,14,2
7063,2019-10-26,23,23,0
7064,2019-10-26,12,16,4
7065,2019-10-26,27,26,-1
7066,2019-10-26,27,69,42
7067,2019-10-26,22,25,3
7068,2019-10-26,37,35,-2
7069,2019-10-26,25,49,24
7070,2019-10-26,29,23,-6
7071,2019-10-26,30,21,-9
7072,2019-10-26,28,19,-9
7073,2019-10-26,38,32,-6
7074,2019-10-26,11,13,2
7075,2019-10-26,2,3,1
7076,2019-10-26,32,21,-11
7077,2019-10-26,12,12,0
7078,2019-10-26,22,19,-3
7079,2019-10-26,5,14,9
7080,2019-10-26,26,44,18
7081,2019-10-26,52,83,31
7082,2019-10-26,43,55,12
7084,2019-10-26,54,57,3
7088,2019-10-26,2,2,0
7090,2019-10-26,5,4,-1
7091,2019-10-26,1,1,0
7093,2019-10-26,3,0,-3
7095,2019-10-26,3,3,0
7096,2019-10-26,5,5,0
7097,2019-10-26,2,6,4
7099,2019-10-26,6,7,1
7100,2019-10-26,3,4,1
7101,2019-10-26,1,0,-1
7102,2019-10-26,16,16,0
7103,2019-10-26,13,14,1
7104,2019-10-26,2,3,1
7105,2019-10-26,4,8,4
7106,2019-10-26,2,2,0
7107,2019-10-26,5,6,1
7108,2019-10-26,12,12,0
7109,2019-10-26,4,4,0
7110,2019-10-26,7,8,1
7111,2019-10-26,3,4,1
7112,2019-10-26,8,6,-2
7113,2019-10-26,29,34,5
7114,2019-10-26,43,52,9
7115,2019-10-26,6,5,-1
7116,2019-10-26,9,10,1
7117,2019-10-26,1,0,-1
7118,2019-10-26,1,1,0
7119,2019-10-26,2,4,2
7121,2019-10-26,4,2,-2
7122,2019-10-26,2,1,-1
7123,2019-10-26,3,1,-2
7124,2019-10-26,14,11,-3
7125,2019-10-26,23,20,-3
7126,2019-10-26,7,8,1
7127,2019-10-26,5,8,3
7128,2019-10-26,5,7,2
7130,2019-10-26,7,2,-5
7131,2019-10-26,1,1,0
7132,2019-10-26,2,0,-2
7133,2019-10-26,1,4,3
7134,2019-10-26,3,4,1
7136,2019-10-26,1,1,0
7137,2019-10-26,5,6,1
7138,2019-10-26,2,2,0
7139,2019-10-26,10,7,-3
7140,2019-10-26,5,7,2
7141,2019-10-26,14,17,3
7142,2019-10-26,9,9,0
7143,2019-10-26,17,13,-4
7144,2019-10-26,19,22,3
7145,2019-10-26,10,4,-6
7146,2019-10-26,16,14,-2
7147,2019-10-26,19,15,-4
7148,2019-10-26,7,4,-3
7149,2019-10-26,7,4,-3
7150,2019-10-26,2,2,0
7151,2019-10-26,2,1,-1
7152,2019-10-26,2,2,0
7153,2019-10-26,5,5,0
10002,2019-10-26,41,45,4
4000,2019-10-27,4,10,6
4002,2019-10-27,1,3,2
5006,2019-10-27,1,0,-1
6001,2019-10-27,2,6,4
6003,2019-10-27,10,14,4
6004,2019-10-27,1,0,-1
6005,2019-10-27,4,5,1
6006,2019-10-27,1,0,-1
6007,2019-10-27,7,4,-3
6008,2019-10-27,10,11,1
6011,2019-10-27,7,4,-3
6012,2019-10-27,19,25,6
6013,2019-10-27,10,3,-7
6014,2019-10-27,9,8,-1
6015,2019-10-27,15,18,3
6017,2019-10-27,9,11,2
6018,2019-10-27,12,16,4
6019,2019-10-27,28,16,-12
6020,2019-10-27,15,23,8
6021,2019-10-27,20,14,-6
6022,2019-10-27,6,4,-2
6023,2019-10-27,6,7,1
6025,2019-10-27,6,3,-3
6026,2019-10-27,3,7,4
6027,2019-10-27,10,5,-5
6029,2019-10-27,4,7,3
6031,2019-10-27,2,5,3
6032,2019-10-27,8,11,3
6035,2019-10-27,2,3,1
6036,2019-10-27,9,8,-1
6037,2019-10-27,7,8,1
6038,2019-10-27,9,7,-2
6039,2019-10-27,10,7,-3
6040,2019-10-27,7,11,4
6041,2019-10-27,5,5,0
6042,2019-10-27,2,2,0
6043,2019-10-27,6,10,4
6044,2019-10-27,16,18,2
6046,2019-10-27,5,5,0
6047,2019-10-27,18,11,-7
6048,2019-10-27,3,2,-1
6049,2019-10-27,4,3,-1
6050,2019-10-27,1,3,2
6051,2019-10-27,12,6,-6
6052,2019-10-27,8,5,-3
6053,2019-10-27,14,12,-2
6057,2019-10-27,2,2,0
6058,2019-10-27,5,2,-3
6059,2019-10-27,2,2,0
6060,2019-10-27,1,0,-1
6061,2019-10-27,5,5,0
6062,2019-10-27,15,3,-12
6063,2019-10-27,15,16,1
6064,2019-10-27,14,10,-4
6066,2019-10-27,8,1,-7
6067,2019-10-27,1,2,1
6070,2019-10-27,24,22,-2
6072,2019-10-27,5,0,-5
6073,2019-10-27,6,4,-2
6075,2019-10-27,8,7,-1
6076,2019-10-27,4,6,2
6078,2019-10-27,7,4,-3
6079,2019-10-27,13,11,-2
6080,2019-10-27,15,9,-6
6082,2019-10-27,4,1,-3
6083,2019-10-27,6,2,-4
6084,2019-10-27,2,1,-1
6085,2019-10-27,10,17,7
6086,2019-10-27,8,13,5
6087,2019-10-27,17,33,16
6088,2019-10-27,9,8,-1
6089,2019-10-27,2,2,0
6090,2019-10-27,8,8,0
6091,2019-10-27,11,6,-5
6093,2019-10-27,3,1,-2
6094,2019-10-27,5,1,-4
6095,2019-10-27,12,13,1
6096,2019-10-27,7,10,3
6097,2019-10-27,18,8,-10
6098,2019-10-27,24,14,-10
6099,2019-10-27,9,24,15
6101,2019-10-27,16,2,-14
6102,2019-10-27,8,4,-4
6103,2019-10-27,1,3,2
6104,2019-10-27,7,12,5
6106,2019-10-27,1,6,5
6107,2019-10-27,16,14,-2
6108,2019-10-27,5,5,0
6110,2019-10-27,4,4,0
6111,2019-10-27,6,7,1
6112,2019-10-27,11,10,-1
6113,2019-10-27,9,11,2
6114,2019-10-27,35,34,-1
6116,2019-10-27,12,12,0
6117,2019-10-27,8,5,-3
6118,2019-10-27,19,16,-3
6119,2019-10-27,22,24,2
6120,2019-10-27,11,10,-1
6122,2019-10-27,2,6,4
6123,2019-10-27,5,6,1
6124,2019-10-27,5,9,4
6126,2019-10-27,8,13,5
6127,2019-10-27,3,2,-1
6128,2019-10-27,2,3,1
6129,2019-10-27,11,11,0
6130,2019-10-27,8,8,0
6131,2019-10-27,15,9,-6
6132,2019-10-27,3,10,7
6133,2019-10-27,2,2,0
6134,2019-10-27,2,1,-1
6136,2019-10-27,48,37,-11
6137,2019-10-27,15,25,10
6138,2019-10-27,8,14,6
6139,2019-10-27,6,5,-1
6140,2019-10-27,26,29,3
6141,2019-10-27,11,12,1
6142,2019-10-27,9,11,2
6143,2019-10-27,14,17,3
6145,2019-10-27,9,7,-2
6146,2019-10-27,14,14,0
6147,2019-10-27,10,7,-3
6148,2019-10-27,15,12,-3
6149,2019-10-27,10,2,-8
6150,2019-10-27,5,8,3
6151,2019-10-27,19,15,-4
6152,2019-10-27,15,26,11
6153,2019-10-27,4,6,2
6154,2019-10-27,29,36,7
6155,2019-10-27,22,30,8
6156,2019-10-27,5,13,8
6157,2019-10-27,26,28,2
6158,2019-10-27,9,13,4
6159,2019-10-27,2,7,5
6160,2019-10-27,8,10,2
6161,2019-10-27,8,9,1
6162,2019-10-27,1,2,1
6163,2019-10-27,38,30,-8
6164,2019-10-27,11,13,2
6165,2019-10-27,23,34,11
6166,2019-10-27,12,9,-3
6167,2019-10-27,8,14,6
6168,2019-10-27,5,7,2
6169,2019-10-27,22,13,-9
6170,2019-10-27,10,14,4
6171,2019-10-27,3,7,4
6174,2019-10-27,20,18,-2
6175,2019-10-27,21,7,-14
6176,2019-10-27,29,36,7
6177,2019-10-27,18,21,3
6178,2019-10-27,29,23,-6
6179,2019-10-27,14,22,8
6180,2019-10-27,1,5,4
6181,2019-10-27,23,18,-5
6182,2019-10-27,7,7,0
6183,2019-10-27,11,15,4
6184,2019-10-27,70,42,-28
6185,2019-10-27,4,2,-2
6186,2019-10-27,5,10,5
6187,2019-10-27,25,21,-4
6188,2019-10-27,4,5,1
6189,2019-10-27,7,2,-5
6190,2019-10-27,24,18,-6
6191,2019-10-27,11,11,0
6192,2019-10-27,9,7,-2
6193,2019-10-27,22,19,-3
6194,2019-10-27,24,24,0
6195,2019-10-27,11,13,2
6196,2019-10-27,31,21,-10
6197,2019-10-27,11,7,-4
6198,2019-10-27,6,1,-5
6199,2019-10-27,14,15,1
6200,2019-10-27,13,13,0
6201,2019-10-27,6,10,4
6202,2019-10-27,24,14,-10
6203,2019-10-27,11,7,-4
6204,2019-10-27,15,21,6
6205,2019-10-27,20,15,-5
6206,2019-10-27,25,23,-2
6207,2019-10-27,12,6,-6
6208,2019-10-27,13,17,4
6209,2019-10-27,28,19,-9
6210,2019-10-27,3,3,0
6211,2019-10-27,40,20,-20
6212,2019-10-27,24,13,-11
6213,2019-10-27,27,29,2
6214,2019-10-27,27,19,-8
6215,2019-10-27,8,2,-6
6216,2019-10-27,18,3,-15
6217,2019-10-27,14,11,-3
6218,2019-10-27,6,7,1
6219,2019-10-27,10,13,3
6220,2019-10-27,19,23,4
6221,2019-10-27,34,23,-11
6222,2019-10-27,8,9,1
6223,2019-10-27,18,12,-6
6224,2019-10-27,14,13,-1
6225,2019-10-27,9,12,3
6226,2019-10-27,1,2,1
6227,2019-10-27,25,21,-4
6228,2019-10-27,10,7,-3
6229,2019-10-27,20,13,-7
6230,2019-10-27,14,18,4
6231,2019-10-27,23,24,1
6232,2019-10-27,11,12,1
6233,2019-10-27,26,26,0
6234,2019-10-27,9,12,3
6235,2019-10-27,8,3,-5
6236,2019-10-27,9,13,4
6237,2019-10-27,7,10,3
6240,2019-10-27,3,4,1
6241,2019-10-27,5,2,-3
6243,2019-10-27,16,12,-4
6245,2019-10-27,5,3,-2
6246,2019-10-27,11,11,0
6247,2019-10-27,9,8,-1
6248,2019-10-27,34,19,-15
6249,2019-10-27,20,17,-3
6250,2019-10-27,18,10,-8
6251,2019-10-27,4,4,0
6252,2019-10-27,14,8,-6
6253,2019-10-27,11,6,-5
6254,2019-10-27,7,9,2
6255,2019-10-27,25,17,-8
6257,2019-10-27,12,6,-6
6258,2019-10-27,19,9,-10
6259,2019-10-27,3,7,4
6260,2019-10-27,8,9,1
6261,2019-10-27,7,8,1
6262,2019-10-27,4,10,6
6263,2019-10-27,3,2,-1
6264,2019-10-27,1,5,4
6265,2019-10-27,7,12,5
6266,2019-10-27,4,2,-2
6267,2019-10-27,8,6,-2
6268,2019-10-27,12,4,-8
6269,2019-10-27,3,6,3
6270,2019-10-27,5,4,-1
6272,2019-10-27,4,5,1
6273,2019-10-27,1,6,5
6274,2019-10-27,3,6,3
6275,2019-10-27,6,7,1
6276,2019-10-27,10,4,-6
6277,2019-10-27,7,13,6
6278,2019-10-27,3,3,0
6279,2019-10-27,3,3,0
6280,2019-10-27,22,17,-5
6281,2019-10-27,2,5,3
6302,2019-10-27,1,5,4
6303,2019-10-27,3,0,-3
6304,2019-10-27,1,2,1
6305,2019-10-27,5,1,-4
6306,2019-10-27,5,6,1
6307,2019-10-27,11,18,7
6309,2019-10-27,1,2,1
6310,2019-10-27,5,1,-4
6311,2019-10-27,14,5,-9
6312,2019-10-27,7,5,-2
6313,2019-10-27,2,10,8
6314,2019-10-27,6,8,2
6315,2019-10-27,7,4,-3
6316,2019-10-27,5,3,-2
6321,2019-10-27,12,15,3
6322,2019-10-27,3,8,5
6323,2019-10-27,2,1,-1
6324,2019-10-27,1,2,1
6327,2019-10-27,8,6,-2
6328,2019-10-27,6,7,1
6329,2019-10-27,2,5,3
6330,2019-10-27,6,7,1
6331,2019-10-27,5,4,-1
6332,2019-10-27,7,3,-4
6333,2019-10-27,2,2,0
6334,2019-10-27,13,12,-1
6335,2019-10-27,2,11,9
6336,2019-10-27,3,5,2
6338,2019-10-27,5,13,8
6339,2019-10-27,4,4,0
6340,2019-10-27,7,1,-6
6341,2019-10-27,2,7,5
6343,2019-10-27,8,10,2
6344,2019-10-27,8,7,-1
6345,2019-10-27,3,2,-1
6346,2019-10-27,1,2,1
6347,2019-10-27,11,4,-7
6349,2019-10-27,4,6,2
6350,2019-10-27,3,2,-1
6354,2019-10-27,2,1,-1
6355,2019-10-27,7,7,0
6356,2019-10-27,5,6,1
6357,2019-10-27,3,0,-3
6358,2019-10-27,4,1,-3
6359,2019-10-27,15,7,-8
6360,2019-10-27,4,6,2
6361,2019-10-27,7,8,1
6362,2019-10-27,2,6,4
6363,2019-10-27,1,6,5
6364,2019-10-27,1,0,-1
6366,2019-10-27,7,4,-3
6367,2019-10-27,4,7,3
6368,2019-10-27,20,10,-10
6369,2019-10-27,4,6,2
6370,2019-10-27,7,12,5
6371,2019-10-27,6,9,3
6372,2019-10-27,9,17,8
6373,2019-10-27,2,3,1
6374,2019-10-27,3,5,2
6375,2019-10-27,8,12,4
6376,2019-10-27,5,8,3
6377,2019-10-27,3,5,2
6379,2019-10-27,3,7,4
6380,2019-10-27,4,3,-1
6381,2019-10-27,4,10,6
6383,2019-10-27,2,2,0
6384,2019-10-27,2,2,0
6385,2019-10-27,12,15,3
6386,2019-10-27,6,8,2
6387,2019-10-27,11,15,4
6388,2019-10-27,4,4,0
6389,2019-10-27,5,6,1
6391,2019-10-27,7,23,16
6393,2019-10-27,6,17,11
6394,2019-10-27,6,10,4
6395,2019-10-27,9,6,-3
6396,2019-10-27,11,7,-4
6397,2019-10-27,1,7,6
6398,2019-10-27,2,6,4
6401,2019-10-27,9,11,2
6402,2019-10-27,4,6,2
6403,2019-10-27,2,3,1
6404,2019-10-27,1,8,7
6405,2019-10-27,10,4,-6
6406,2019-10-27,4,3,-1
6407,2019-10-27,2,9,7
6408,2019-10-27,9,5,-4
6409,2019-10-27,1,6,5
6410,2019-10-27,8,9,1
6411,2019-10-27,37,35,-2
6412,2019-10-27,11,7,-4
6413,2019-10-27,2,4,2
6415,2019-10-27,5,4,-1
6416,2019-10-27,2,6,4
6417,2019-10-27,5,3,-2
6419,2019-10-27,1,2,1
6420,2019-10-27,9,7,-2
6421,2019-10-27,9,7,-2
6422,2019-10-27,1,2,1
6423,2019-10-27,3,2,-1
6424,2019-10-27,5,3,-2
6425,2019-10-27,3,3,0
6426,2019-10-27,14,8,-6
6427,2019-10-27,9,9,0
6428,2019-10-27,1,2,1
6429,2019-10-27,4,5,1
6432,2019-10-27,2,1,-1
6433,2019-10-27,5,5,0
6434,2019-10-27,3,5,2
6435,2019-10-27,3,3,0
6502,2019-10-27,2,0,-2
6503,2019-10-27,10,11,1
6504,2019-10-27,1,0,-1
6700,2019-10-27,1,4,3
6701,2019-10-27,13,15,2
6702,2019-10-27,1,2,1
6703,2019-10-27,3,2,-1
6704,2019-10-27,4,7,3
6705,2019-10-27,1,1,0
6706,2019-10-27,1,3,2
6707,2019-10-27,8,4,-4
6709,2019-10-27,4,7,3
6710,2019-10-27,2,1,-1
6715,2019-10-27,1,1,0
6716,2019-10-27,1,0,-1
6717,2019-10-27,1,0,-1
6718,2019-10-27,5,4,-1
6719,2019-10-27,2,5,3
6720,2019-10-27,3,2,-1
6721,2019-10-27,5,4,-1
6722,2019-10-27,2,6,4
6723,2019-10-27,1,1,0
6725,2019-10-27,4,3,-1
6726,2019-10-27,2,0,-2
6727,2019-10-27,10,13,3
6728,2019-10-27,6,4,-2
6729,2019-10-27,27,23,-4
6731,2019-10-27,1,2,1
6732,2019-10-27,2,2,0
6733,2019-10-27,5,2,-3
6734,2019-10-27,13,14,1
6736,2019-10-27,1,4,3
6737,2019-10-27,4,2,-2
6738,2019-10-27,6,2,-4
6739,2019-10-27,1,1,0
6743,2019-10-27,7,2,-5
6747,2019-10-27,7,7,0
6748,2019-10-27,3,8,5
6749,2019-10-27,3,4,1
6750,2019-10-27,2,7,5
6752,2019-10-27,4,3,-1
6753,2019-10-27,2,0,-2
6754,2019-10-27,1,4,3
6901,2019-10-27,5,9,4
6902,2019-10-27,9,23,14
6903,2019-10-27,24,24,0
6904,2019-10-27,8,12,4
6905,2019-10-27,4,7,3
6906,2019-10-27,23,10,-13
6907,2019-10-27,8,10,2
6908,2019-10-27,18,8,-10
6910,2019-10-27,24,19,-5
6912,2019-10-27,20,12,-8
6913,2019-10-27,5,6,1
6915,2019-10-27,21,12,-9
6916,2019-10-27,3,3,0
6917,2019-10-27,1,7,6
6918,2019-10-27,1,2,1
6919,2019-10-27,4,7,3
6921,2019-10-27,1,5,4
6923,2019-10-27,7,9,2
6924,2019-10-27,5,3,-2
6925,2019-10-27,4,7,3
6926,2019-10-27,8,4,-4
6927,2019-10-27,4,6,2
6928,2019-10-27,1,1,0
6929,2019-10-27,5,7,2
6930,2019-10-27,1,1,0
7001,2019-10-27,10,11,1
7003,2019-10-27,27,21,-6
7004,2019-10-27,5,6,1
7005,2019-10-27,1,4,3
7006,2019-10-27,2,5,3
7007,2019-10-27,1,2,1
7008,2019-10-27,2,3,1
7009,2019-10-27,6,3,-3
7010,2019-10-27,1,5,4
7011,2019-10-27,13,19,6
7012,2019-10-27,5,7,2
7013,2019-10-27,2,6,4
7014,2019-10-27,4,5,1
7016,2019-10-27,1,2,1
7017,2019-10-27,5,3,-2
7018,2019-10-27,2,8,6
7019,2019-10-27,1,2,1
7020,2019-10-27,3,6,3
7021,2019-10-27,4,8,4
7022,2019-10-27,4,9,5
7024,2019-10-27,15,12,-3
7025,2019-10-27,6,4,-2
7026,2019-10-27,7,11,4
7027,2019-10-27,5,6,1
7028,2019-10-27,9,7,-2
7029,2019-10-27,10,12,2
7030,2019-10-27,10,12,2
7031,2019-10-27,11,10,-1
7032,2019-10-27,11,10,-1
7033,2019-10-27,16,27,11
7034,2019-10-27,3,12,9
7035,2019-10-27,6,4,-2
7036,2019-10-27,11,15,4
7037,2019-10-27,14,12,-2
7038,2019-10-27,22,18,-4
7040,2019-10-27,7,4,-3
7041,2019-10-27,6,7,1
7042,2019-10-27,10,7,-3
7044,2019-10-27,1,1,0
7045,2019-10-27,10,13,3
7046,2019-10-27,9,4,-5
7047,2019-10-27,17,30,13
7048,2019-10-27,4,2,-2
7049,2019-10-27,4,4,0
7050,2019-10-27,7,5,-2
7051,2019-10-27,4,3,-1
7052,2019-10-27,1,4,3
7053,2019-10-27,7,7,0
7054,2019-10-27,2,4,2
7055,2019-10-27,4,3,-1
7056,2019-10-27,1,6,5
7057,2019-10-27,2,4,2
7058,2019-10-27,3,1,-2
7059,2019-10-27,5,5,0
7060,2019-10-27,6,5,-1
7061,2019-10-27,4,6,2
7062,2019-10-27,7,4,-3
7063,2019-10-27,4,2,-2
7064,2019-10-27,2,7,5
7065,2019-10-27,5,6,1
7066,2019-10-27,1,10,9
7067,2019-10-27,5,11,6
7068,2019-10-27,6,12,6
7069,2019-10-27,7,4,-3
7070,2019-10-27,3,5,2
7071,2019-10-27,10,5,-5
7072,2019-10-27,6,1,-5
7073,2019-10-27,9,13,4
7074,2019-10-27,4,7,3
7075,2019-10-27,1,0,-1
7076,2019-10-27,11,8,-3
7078,2019-10-27,3,5,2
7079,2019-10-27,1,2,1
7080,2019-10-27,8,7,-1
7081,2019-10-27,11,11,0
7082,2019-10-27,6,10,4
7084,2019-10-27,25,24,-1
7087,2019-10-27,1,0,-1
7090,2019-10-27,1,1,0
7096,2019-10-27,2,1,-1
7102,2019-10-27,1,4,3
7106,2019-10-27,1,1,0
7112,2019-10-27,1,1,0
7113,2019-10-27,8,6,-2
7114,2019-10-27,3,10,7
7116,2019-10-27,1,0,-1
7117,2019-10-27,1,0,-1
7122,2019-10-27,1,0,-1
7124,2019-10-27,1,3,2
7126,2019-10-27,2,2,0
7127,2019-10-27,4,2,-2
7128,2019-10-27,2,0,-2
7129,2019-10-27,1,1,0
7133,2019-10-27,2,3,1
7137,2019-10-27,1,1,0
7138,2019-10-27,1,1,0
7140,2019-10-27,2,3,1
7141,2019-10-27,7,5,-2
7142,2019-10-27,1,2,1
7143,2019-10-27,3,4,1
7144,2019-10-27,5,3,-2
7146,2019-10-27,4,4,0
7147,2019-10-27,6,3,-3
7149,2019-10-27,2,8,6
10002,2019-10-27,10,10,0
4000,2019-10-28,33,50,17
4001,2019-10-28,4,7,3
4002,2019-10-28,8,12,4
5002,2019-10-28,1,1,0
5003,2019-10-28,3,2,-1
5004,2019-10-28,2,2,0
5005,2019-10-28,2,5,3
5006,2019-10-28,2,4,2
5007,2019-10-28,14,11,-3
6001,2019-10-28,41,63,22
6002,2019-10-28,15,31,16
6003,2019-10-28,35,47,12
6004,2019-10-28,25,42,17
6005,2019-10-28,34,43,9
6006,2019-10-28,22,11,-11
6007,2019-10-28,12,27,15
6008,2019-10-28,37,59,22
6011,2019-10-28,34,33,-1
6012,2019-10-28,81,128,47
6013,2019-10-28,50,76,26
6014,2019-10-28,42,51,9
6015,2019-10-28,76,107,31
6016,2019-10-28,7,14,7
6017,2019-10-28,21,31,10
6018,2019-10-28,27,40,13
6019,2019-10-28,98,64,-34
6021,2019-10-28,62,57,-5
6022,2019-10-28,34,31,-3
6023,2019-10-28,44,65,21
6025,2019-10-28,21,24,3
6026,2019-10-28,25,32,7
6027,2019-10-28,69,79,10
6029,2019-10-28,13,24,11
6031,2019-10-28,32,32,0
6032,2019-10-28,35,70,35
6033,2019-10-28,18,13,-5
6035,2019-10-28,36,55,19
6036,2019-10-28,42,64,22
6037,2019-10-28,32,35,3
6038,2019-10-28,52,64,12
6039,2019-10-28,44,52,8
6040,2019-10-28,38,49,11
6041,2019-10-28,53,57,4
6042,2019-10-28,66,65,-1
6043,2019-10-28,108,208,100
6044,2019-10-28,59,58,-1
6046,2019-10-28,76,100,24
6047,2019-10-28,77,87,10
6048,2019-10-28,32,43,11
6049,2019-10-28,82,79,-3
6050,2019-10-28,34,42,8
6051,2019-10-28,24,22,-2
6052,2019-10-28,91,111,20
6053,2019-10-28,85,95,10
6057,2019-10-28,49,41,-8
6058,2019-10-28,40,46,6
6059,2019-10-28,36,31,-5
6060,2019-10-28,34,15,-19
6061,2019-10-28,42,40,-2
6062,2019-10-28,34,34,0
6063,2019-10-28,111,103,-8
6064,2019-10-28,111,101,-10
6066,2019-10-28,45,8,-37
6067,2019-10-28,16,24,8
6068,2019-10-28,7,9,2
6070,2019-10-28,141,111,-30
6072,2019-10-28,39,38,-1
6073,2019-10-28,137,105,-32
6075,2019-10-28,39,14,-25
6076,2019-10-28,9,21,12
6078,2019-10-28,33,29,-4
6079,2019-10-28,46,49,3
6080,2019-10-28,85,92,7
6082,2019-10-28,14,9,-5
6083,2019-10-28,67,99,32
6084,2019-10-28,55,59,4
6085,2019-10-28,54,100,46
6086,2019-10-28,43,52,9
6087,2019-10-28,66,90,24
6088,2019-10-28,25,29,4
6089,2019-10-28,30,32,2
6090,2019-10-28,43,42,-1
6091,2019-10-28,34,24,-10
6093,2019-10-28,21,19,-2
6094,2019-10-28,23,21,-2
6095,2019-10-28,62,53,-9
6096,2019-10-28,24,49,25
6097,2019-10-28,52,24,-28
6098,2019-10-28,80,77,-3
6099,2019-10-28,77,80,3
6101,2019-10-28,36,12,-24
6102,2019-10-28,24,13,-11
6103,2019-10-28,12,14,2
6104,2019-10-28,62,92,30
6106,2019-10-28,29,34,5
6107,2019-10-28,47,50,3
6108,2019-10-28,31,35,4
6109,2019-10-28,2,1,-1
6110,2019-10-28,18,14,-4
6111,2019-10-28,29,34,5
6112,2019-10-28,58,59,1
6113,2019-10-28,26,27,1
6114,2019-10-28,78,109,31
6115,2019-10-28,11,16,5
6116,2019-10-28,35,48,13
6117,2019-10-28,43,48,5
6118,2019-10-28,40,57,17
6119,2019-10-28,52,59,7
6120,2019-10-28,63,65,2
6121,2019-10-28,14,10,-4
6122,2019-10-28,12,13,1
6123,2019-10-28,12,18,6
6124,2019-10-28,45,47,2
6125,2019-10-28,17,13,-4
6126,2019-10-28,25,34,9
6127,2019-10-28,13,7,-6
6128,2019-10-28,13,13,0
6129,2019-10-28,53,48,-5
6130,2019-10-28,12,13,1
6131,2019-10-28,44,23,-21
6132,2019-10-28,40,47,7
6133,2019-10-28,18,17,-1
6134,2019-10-28,19,28,9
6136,2019-10-28,226,166,-60
6137,2019-10-28,56,53,-3
6138,2019-10-28,54,51,-3
6139,2019-10-28,27,24,-3
6140,2019-10-28,61,56,-5
6141,2019-10-28,32,31,-1
6142,2019-10-28,43,27,-16
6143,2019-10-28,60,51,-9
6145,2019-10-28,27,30,3
6146,2019-10-28,34,24,-10
6147,2019-10-28,54,30,-24
6148,2019-10-28,92,61,-31
6149,2019-10-28,39,44,5
6150,2019-10-28,46,45,-1
6151,2019-10-28,54,56,2
6152,2019-10-28,67,70,3
6153,2019-10-28,41,44,3
6154,2019-10-28,104,105,1
6155,2019-10-28,88,94,6
6156,2019-10-28,54,52,-2
6157,2019-10-28,53,55,2
6158,2019-10-28,41,44,3
6159,2019-10-28,20,24,4
6160,2019-10-28,37,42,5
6161,2019-10-28,31,42,11
6162,2019-10-28,3,9,6
6163,2019-10-28,69,73,4
6164,2019-10-28,43,51,8
6165,2019-10-28,88,123,35
6166,2019-10-28,38,41,3
6167,2019-10-28,32,28,-4
6168,2019-10-28,58,48,-10
6169,2019-10-28,81,82,1
6170,2019-10-28,37,29,-8
6171,2019-10-28,32,28,-4
6174,2019-10-28,69,53,-16
6175,2019-10-28,78,54,-24
6176,2019-10-28,53,46,-7
6177,2019-10-28,50,47,-3
6178,2019-10-28,68,60,-8
6179,2019-10-28,46,54,8
6180,2019-10-28,36,38,2
6181,2019-10-28,98,62,-36
6182,2019-10-28,24,18,-6
6183,2019-10-28,50,49,-1
6184,2019-10-28,173,139,-34
6185,2019-10-28,21,20,-1
6186,2019-10-28,23,20,-3
6187,2019-10-28,65,77,12
6188,2019-10-28,36,32,-4
6189,2019-10-28,15,11,-4
6190,2019-10-28,103,67,-36
6191,2019-10-28,32,31,-1
6192,2019-10-28,22,24,2
6193,2019-10-28,69,75,6
6194,2019-10-28,74,53,-21
6195,2019-10-28,52,19,-33
6196,2019-10-28,67,53,-14
6197,2019-10-28,37,38,1
6198,2019-10-28,13,7,-6
6199,2019-10-28,67,63,-4
6200,2019-10-28,58,45,-13
6201,2019-10-28,47,27,-20
6202,2019-10-28,69,59,-10
6203,2019-10-28,46,37,-9
6204,2019-10-28,71,72,1
6205,2019-10-28,72,64,-8
6206,2019-10-28,112,105,-7
6207,2019-10-28,36,32,-4
6208,2019-10-28,43,59,16
6209,2019-10-28,70,45,-25
6210,2019-10-28,30,25,-5
6211,2019-10-28,125,116,-9
6212,2019-10-28,63,37,-26
6213,2019-10-28,95,89,-6
6214,2019-10-28,78,55,-23
6215,2019-10-28,43,41,-2
6216,2019-10-28,62,20,-42
6217,2019-10-28,60,42,-18
6218,2019-10-28,44,29,-15
6219,2019-10-28,52,45,-7
6220,2019-10-28,59,48,-11
6221,2019-10-28,125,103,-22
6222,2019-10-28,48,36,-12
6223,2019-10-28,58,31,-27
6224,2019-10-28,48,43,-5
6225,2019-10-28,47,27,-20
6226,2019-10-28,17,17,0
6227,2019-10-28,71,67,-4
6228,2019-10-28,16,18,2
6229,2019-10-28,53,46,-7
6230,2019-10-28,53,37,-16
6231,2019-10-28,58,72,14
6232,2019-10-28,22,21,-1
6233,2019-10-28,79,72,-7
6234,2019-10-28,35,26,-9
6235,2019-10-28,62,45,-17
6236,2019-10-28,43,47,4
6237,2019-10-28,46,42,-4
6240,2019-10-28,12,13,1
6241,2019-10-28,31,17,-14
6243,2019-10-28,47,51,4
6245,2019-10-28,24,25,1
6246,2019-10-28,37,23,-14
6247,2019-10-28,57,49,-8
6248,2019-10-28,97,71,-26
6249,2019-10-28,29,25,-4
6250,2019-10-28,30,31,1
6251,2019-10-28,13,13,0
6252,2019-10-28,32,29,-3
6253,2019-10-28,51,39,-12
6254,2019-10-28,40,41,1
6255,2019-10-28,48,54,6
6257,2019-10-28,24,23,-1
6258,2019-10-28,39,32,-7
6259,2019-10-28,19,23,4
6260,2019-10-28,35,31,-4
6261,2019-10-28,20,21,1
6262,2019-10-28,39,35,-4
6263,2019-10-28,10,16,6
6264,2019-10-28,22,18,-4
6265,2019-10-28,54,54,0
6266,2019-10-28,15,19,4
6267,2019-10-28,18,21,3
6268,2019-10-28,36,36,0
6269,2019-10-28,13,18,5
6270,2019-10-28,18,15,-3
6272,2019-10-28,12,18,6
6273,2019-10-28,14,13,-1
6274,2019-10-28,30,29,-1
6275,2019-10-28,24,23,-1
6276,2019-10-28,21,23,2
6277,2019-10-28,33,28,-5
6278,2019-10-28,15,18,3
6279,2019-10-28,14,16,2
6280,2019-10-28,70,60,-10
6281,2019-10-28,26,18,-8
6301,2019-10-28,17,12,-5
6302,2019-10-28,13,9,-4
6303,2019-10-28,14,8,-6
6304,2019-10-28,6,3,-3
6305,2019-10-28,26,19,-7
6306,2019-10-28,53,20,-33
6307,2019-10-28,47,39,-8
6309,2019-10-28,17,20,3
6310,2019-10-28,21,15,-6
6311,2019-10-28,24,23,-1
6312,2019-10-28,12,18,6
6313,2019-10-28,20,23,3
6314,2019-10-28,50,40,-10
6315,2019-10-28,54,32,-22
6316,2019-10-28,16,5,-11
6321,2019-10-28,39,37,-2
6322,2019-10-28,21,20,-1
6323,2019-10-28,10,7,-3
6324,2019-10-28,21,18,-3
6327,2019-10-28,19,19,0
6328,2019-10-28,21,20,-1
6329,2019-10-28,16,15,-1
6330,2019-10-28,15,19,4
6331,2019-10-28,12,23,11
6332,2019-10-28,27,32,5
6333,2019-10-28,14,16,2
6334,2019-10-28,59,53,-6
6335,2019-10-28,21,24,3
6336,2019-10-28,25,22,-3
6338,2019-10-28,22,16,-6
6339,2019-10-28,16,14,-2
6340,2019-10-28,24,25,1
6341,2019-10-28,19,20,1
6343,2019-10-28,27,24,-3
6344,2019-10-28,28,21,-7
6345,2019-10-28,7,9,2
6346,2019-10-28,19,12,-7
6347,2019-10-28,26,23,-3
6349,2019-10-28,16,25,9
6350,2019-10-28,28,17,-11
6354,2019-10-28,20,20,0
6355,2019-10-28,11,18,7
6356,2019-10-28,25,15,-10
6357,2019-10-28,13,7,-6
6358,2019-10-28,10,14,4
6359,2019-10-28,63,75,12
6360,2019-10-28,16,20,4
6361,2019-10-28,29,27,-2
6362,2019-10-28,25,21,-4
6363,2019-10-28,15,15,0
6364,2019-10-28,31,25,-6
6366,2019-10-28,16,9,-7
6367,2019-10-28,14,13,-1
6368,2019-10-28,38,33,-5
6369,2019-10-28,23,29,6
6370,2019-10-28,22,20,-2
6371,2019-10-28,35,45,10
6372,2019-10-28,35,53,18
6373,2019-10-28,27,32,5
6374,2019-10-28,29,23,-6
6375,2019-10-28,32,35,3
6376,2019-10-28,21,21,0
6377,2019-10-28,25,25,0
6379,2019-10-28,21,24,3
6380,2019-10-28,18,17,-1
6381,2019-10-28,35,24,-11
6383,2019-10-28,17,23,6
6384,2019-10-28,15,11,-4
6385,2019-10-28,32,42,10
6386,2019-10-28,39,33,-6
6387,2019-10-28,56,58,2
6388,2019-10-28,10,10,0
6389,2019-10-28,24,25,1
6391,2019-10-28,30,41,11
6393,2019-10-28,37,58,21
6394,2019-10-28,28,35,7
6395,2019-10-28,42,31,-11
6396,2019-10-28,72,56,-16
6397,2019-10-28,23,32,9
6398,2019-10-28,21,35,14
6401,2019-10-28,36,49,13
6402,2019-10-28,19,20,1
6403,2019-10-28,19,22,3
6404,2019-10-28,10,12,2
6405,2019-10-28,21,29,8
6406,2019-10-28,31,40,9
6407,2019-10-28,7,14,7
6408,2019-10-28,43,45,2
6409,2019-10-28,15,16,1
6410,2019-10-28,46,47,1
6411,2019-10-28,103,86,-17
6412,2019-10-28,24,26,2
6413,2019-10-28,18,16,-2
6414,2019-10-28,8,15,7
6415,2019-10-28,17,16,-1
6416,2019-10-28,12,10,-2
6417,2019-10-28,19,22,3
6418,2019-10-28,7,5,-2
6419,2019-10-28,5,10,5
6420,2019-10-28,11,10,-1
6421,2019-10-28,27,21,-6
6422,2019-10-28,5,8,3
6423,2019-10-28,14,10,-4
6424,2019-10-28,25,65,40
6425,2019-10-28,17,20,3
6426,2019-10-28,51,41,-10
6427,2019-10-28,37,36,-1
6428,2019-10-28,12,12,0
6429,2019-10-28,20,23,3
6432,2019-10-28,49,50,1
6433,2019-10-28,21,13,-8
6434,2019-10-28,40,41,1
6435,2019-10-28,24,20,-4
6436,2019-10-28,10,13,3
6501,2019-10-28,22,25,3
6502,2019-10-28,11,15,4
6503,2019-10-28,34,29,-5
6504,2019-10-28,3,3,0
6700,2019-10-28,10,22,12
6701,2019-10-28,43,40,-3
6702,2019-10-28,17,11,-6
6703,2019-10-28,31,29,-2
6704,2019-10-28,18,14,-4
6705,2019-10-28,8,13,5
6706,2019-10-28,12,18,6
6707,2019-10-28,17,12,-5
6709,2019-10-28,21,28,7
6710,2019-10-28,2,4,2
6711,2019-10-28,16,13,-3
6712,2019-10-28,6,4,-2
6713,2019-10-28,6,7,1
6714,2019-10-28,3,2,-1
6715,2019-10-28,9,7,-2
6716,2019-10-28,6,6,0
6717,2019-10-28,2,7,5
6718,2019-10-28,12,14,2
6719,2019-10-28,10,14,4
6720,2019-10-28,20,26,6
6721,2019-10-28,13,10,-3
6722,2019-10-28,3,11,8
6723,2019-10-28,11,11,0
6724,2019-10-28,12,15,3
6725,2019-10-28,21,20,-1
6726,2019-10-28,7,9,2
6727,2019-10-28,47,57,10
6728,2019-10-28,8,9,1
6729,2019-10-28,91,105,14
6730,2019-10-28,5,9,4
6731,2019-10-28,8,5,-3
6732,2019-10-28,16,21,5
6733,2019-10-28,22,26,4
6734,2019-10-28,37,31,-6
6735,2019-10-28,2,2,0
6736,2019-10-28,13,15,2
6737,2019-10-28,15,15,0
6738,2019-10-28,58,51,-7
6739,2019-10-28,4,6,2
6741,2019-10-28,9,11,2
6742,2019-10-28,32,38,6
6743,2019-10-28,21,13,-8
6744,2019-10-28,9,14,5
6745,2019-10-28,15,10,-5
6746,2019-10-28,17,20,3
6747,2019-10-28,26,37,11
6748,2019-10-28,40,57,17
6749,2019-10-28,31,30,-1
6750,2019-10-28,20,24,4
6752,2019-10-28,29,20,-9
6753,2019-10-28,15,13,-2
6754,2019-10-28,14,13,-1
6901,2019-10-28,26,44,18
6902,2019-10-28,47,63,16
6903,2019-10-28,63,59,-4
6904,2019-10-28,32,27,-5
6905,2019-10-28,28,19,-9
6906,2019-10-28,80,53,-27
6907,2019-10-28,43,36,-7
6908,2019-10-28,36,34,-2
6910,2019-10-28,63,54,-9
6912,2019-10-28,83,49,-34
6913,2019-10-28,24,17,-7
6915,2019-10-28,54,42,-12
6916,2019-10-28,28,26,-2
6917,2019-10-28,11,14,3
6918,2019-10-28,9,10,1
6919,2019-10-28,22,16,-6
6921,2019-10-28,57,55,-2
6923,2019-10-28,26,34,8
6924,2019-10-28,9,15,6
6925,2019-10-28,29,23,-6
6926,2019-10-28,24,32,8
6927,2019-10-28,53,35,-18
6928,2019-10-28,58,22,-36
6929,2019-10-28,21,11,-10
6930,2019-10-28,15,14,-1
7001,2019-10-28,23,18,-5
7002,2019-10-28,10,9,-1
7003,2019-10-28,115,107,-8
7004,2019-10-28,19,16,-3
7005,2019-10-28,3,9,6
7006,2019-10-28,11,9,-2
7007,2019-10-28,7,12,5
7008,2019-10-28,13,9,-4
7009,2019-10-28,38,35,-3
7010,2019-10-28,10,13,3
7011,2019-10-28,45,44,-1
7012,2019-10-28,15,23,8
7013,2019-10-28,12,9,-3
7014,2019-10-28,77,39,-38
7015,2019-10-28,3,3,0
7016,2019-10-28,10,11,1
7017,2019-10-28,14,21,7
7018,2019-10-28,11,16,5
7019,2019-10-28,62,57,-5
7020,2019-10-28,29,25,-4
7021,2019-10-28,17,25,8
7022,2019-10-28,28,25,-3
7023,2019-10-28,1,1,0
7024,2019-10-28,46,27,-19
7025,2019-10-28,27,17,-10
7026,2019-10-28,49,50,1
7027,2019-10-28,22,25,3
7028,2019-10-28,76,76,0
7029,2019-10-28,36,42,6
7030,2019-10-28,43,50,7
7031,2019-10-28,37,34,-3
7032,2019-10-28,84,59,-25
7033,2019-10-28,37,49,12
7034,2019-10-28,10,18,8
7035,2019-10-28,30,40,10
7036,2019-10-28,45,38,-7
7037,2019-10-28,33,35,2
7038,2019-10-28,44,49,5
7039,2019-10-28,17,13,-4
7040,2019-10-28,44,46,2
7041,2019-10-28,55,72,17
7042,2019-10-28,23,31,8
7043,2019-10-28,17,10,-7
7044,2019-10-28,12,10,-2
7045,2019-10-28,24,22,-2
7046,2019-10-28,68,66,-2
7047,2019-10-28,68,103,35
7048,2019-10-28,12,10,-2
7049,2019-10-28,9,23,14
7050,2019-10-28,23,20,-3
7051,2019-10-28,7,12,5
7052,2019-10-28,34,41,7
7053,2019-10-28,22,19,-3
7054,2019-10-28,16,21,5
7055,2019-10-28,9,11,2
7056,2019-10-28,9,12,3
7057,2019-10-28,22,27,5
7058,2019-10-28,17,18,1
7059,2019-10-28,16,19,3
7060,2019-10-28,15,22,7
7061,2019-10-28,11,9,-2
7062,2019-10-28,35,37,2
7063,2019-10-28,14,10,-4
7064,2019-10-28,16,20,4
7065,2019-10-28,19,22,3
7066,2019-10-28,39,73,34
7067,2019-10-28,44,47,3
7068,2019-10-28,28,40,12
7069,2019-10-28,51,63,12
7070,2019-10-28,28,37,9
7071,2019-10-28,30,22,-8
7072,2019-10-28,18,17,-1
7073,2019-10-28,41,54,13
7074,2019-10-28,20,22,2
7075,2019-10-28,2,6,4
7076,2019-10-28,45,23,-22
7077,2019-10-28,11,25,14
7078,2019-10-28,12,15,3
7079,2019-10-28,24,30,6
7080,2019-10-28,61,78,17
7081,2019-10-28,50,57,7
7082,2019-10-28,56,54,-2
7084,2019-10-28,60,72,12
7087,2019-10-28,1,1,0
7088,2019-10-28,1,0,-1
7090,2019-10-28,12,11,-1
7091,2019-10-28,4,6,2
7092,2019-10-28,3,5,2
7093,2019-10-28,2,2,0
7094,2019-10-28,1,1,0
7095,2019-10-28,9,12,3
7096,2019-10-28,15,18,3
7097,2019-10-28,6,9,3
7098,2019-10-28,1,1,0
7099,2019-10-28,1,3,2
7100,2019-10-28,5,5,0
7101,2019-10-28,3,1,-2
7102,2019-10-28,7,16,9
7103,2019-10-28,2,3,1
7104,2019-10-28,1,2,1
7105,2019-10-28,2,3,1
7107,2019-10-28,4,2,-2
7108,2019-10-28,2,1,-1
7109,2019-10-28,10,12,2
7110,2019-10-28,4,2,-2
7111,2019-10-28,1,2,1
7112,2019-10-28,3,3,0
7113,2019-10-28,51,57,6
7114,2019-10-28,37,61,24
7115,2019-10-28,12,6,-6
7116,2019-10-28,7,3,-4
7118,2019-10-28,1,2,1
7122,2019-10-28,5,5,0
7123,2019-10-28,3,2,-1
7124,2019-10-28,17,15,-2
7125,2019-10-28,4,6,2
7126,2019-10-28,2,5,3
7127,2019-10-28,18,18,0
7128,2019-10-28,13,5,-8
7129,2019-10-28,7,9,2
7130,2019-10-28,7,7,0
7131,2019-10-28,2,4,2
7133,2019-10-28,3,2,-1
7134,2019-10-28,1,2,1
7135,2019-10-28,1,3,2
7136,2019-10-28,10,8,-2
7137,2019-10-28,3,4,1
7139,2019-10-28,5,8,3
7140,2019-10-28,11,18,7
7141,2019-10-28,16,19,3
7142,2019-10-28,3,7,4
7143,2019-10-28,10,11,1
7144,2019-10-28,25,23,-2
7145,2019-10-28,10,12,2
7146,2019-10-28,14,14,0
7147,2019-10-28,27,31,4
7148,2019-10-28,4,5,1
7149,2019-10-28,9,11,2
7150,2019-10-28,1,0,-1
7152,2019-10-28,1,0,-1
7153,2019-10-28,1,1,0
10002,2019-10-28,92,85,-7
4000,2019-10-29,43,49,6
4001,2019-10-29,7,10,3
4002,2019-10-29,9,16,7
5004,2019-10-29,2,4,2
5005,2019-10-29,2,2,0
5006,2019-10-29,2,2,0
5007,2019-10-29,11,7,-4
6001,2019-10-29,49,70,21
6002,2019-10-29,20,33,13
6003,2019-10-29,55,61,6
6004,2019-10-29,22,30,8
6005,2019-10-29,59,62,3
6006,2019-10-29,28,20,-8
6007,2019-10-29,24,31,7
6008,2019-10-29,40,70,30
6011,2019-10-29,50,64,14
6012,2019-10-29,107,169,62
6013,2019-10-29,60,102,42
6014,2019-10-29,53,64,11
6015,2019-10-29,130,214,84
6016,2019-10-29,8,11,3
6017,2019-10-29,26,43,17
6018,2019-10-29,47,52,5
6019,2019-10-29,133,89,-44
6021,2019-10-29,102,79,-23
6022,2019-10-29,52,51,-1
6023,2019-10-29,54,65,11
6024,2019-10-29,2,2,0
6025,2019-10-29,22,23,1
6026,2019-10-29,37,64,27
6027,2019-10-29,79,84,5
6029,2019-10-29,20,32,12
6031,2019-10-29,31,34,3
6032,2019-10-29,48,104,56
6033,2019-10-29,8,8,0
6035,2019-10-29,26,63,37
6036,2019-10-29,65,92,27
6037,2019-10-29,33,43,10
6038,2019-10-29,67,76,9
6039,2019-10-29,70,88,18
6040,2019-10-29,50,64,14
6041,2019-10-29,65,65,0
6042,2019-10-29,82,80,-2
6043,2019-10-29,138,290,152
6044,2019-10-29,83,70,-13
6046,2019-10-29,90,92,2
6047,2019-10-29,77,57,-20
6048,2019-10-29,36,44,8
6049,2019-10-29,90,113,23
6050,2019-10-29,36,38,2
6051,2019-10-29,28,27,-1
6052,2019-10-29,116,138,22
6053,2019-10-29,109,129,20
6057,2019-10-29,54,53,-1
6058,2019-10-29,53,51,-2
6059,2019-10-29,64,39,-25
6060,2019-10-29,27,15,-12
6061,2019-10-29,61,52,-9
6062,2019-10-29,54,49,-5
6063,2019-10-29,109,93,-16
6064,2019-10-29,117,115,-2
6066,2019-10-29,41,16,-25
6067,2019-10-29,27,28,1
6068,2019-10-29,6,9,3
6070,2019-10-29,173,147,-26
6072,2019-10-29,67,66,-1
6073,2019-10-29,149,123,-26
6075,2019-10-29,39,21,-18
6076,2019-10-29,14,20,6
6078,2019-10-29,39,41,2
6079,2019-10-29,51,46,-5
6080,2019-10-29,109,95,-14
6082,2019-10-29,17,11,-6
6083,2019-10-29,86,133,47
6084,2019-10-29,63,65,2
6085,2019-10-29,62,113,51
6086,2019-10-29,46,60,14
6087,2019-10-29,64,111,47
6088,2019-10-29,35,45,10
6089,2019-10-29,44,55,11
6090,2019-10-29,49,53,4
6091,2019-10-29,40,29,-11
6093,2019-10-29,31,22,-9
6094,2019-10-29,38,34,-4
6095,2019-10-29,78,69,-9
6096,2019-10-29,41,62,21
6097,2019-10-29,50,40,-10
6098,2019-10-29,106,81,-25
6099,2019-10-29,67,108,41
6101,2019-10-29,57,18,-39
6102,2019-10-29,23,14,-9
6103,2019-10-29,18,20,2
6104,2019-10-29,78,99,21
6106,2019-10-29,20,34,14
6107,2019-10-29,51,63,12
6108,2019-10-29,35,32,-3
6109,2019-10-29,8,10,2
6110,2019-10-29,20,33,13
6111,2019-10-29,33,32,-1
6112,2019-10-29,67,77,10
6113,2019-10-29,40,46,6
6114,2019-10-29,85,120,35
6115,2019-10-29,7,23,16
6116,2019-10-29,46,59,13
6117,2019-10-29,44,53,9
6118,2019-10-29,73,83,10
6119,2019-10-29,61,71,10
6120,2019-10-29,54,77,23
6121,2019-10-29,11,17,6
6122,2019-10-29,13,18,5
6123,2019-10-29,16,28,12
6124,2019-10-29,34,56,22
6125,2019-10-29,16,11,-5
6126,2019-10-29,29,37,8
6127,2019-10-29,13,10,-3
6128,2019-10-29,10,14,4
6129,2019-10-29,55,54,-1
6130,2019-10-29,15,15,0
6131,2019-10-29,52,30,-22
6132,2019-10-29,50,50,0
6133,2019-10-29,17,21,4
6134,2019-10-29,40,31,-9
6136,2019-10-29,258,183,-75
6137,2019-10-29,66,65,-1
6138,2019-10-29,63,61,-2
6139,2019-10-29,43,29,-14
6140,2019-10-29,71,72,1
6141,2019-10-29,43,44,1
6142,2019-10-29,63,50,-13
6143,2019-10-29,71,55,-16
6145,2019-10-29,44,37,-7
6146,2019-10-29,51,22,-29
6147,2019-10-29,71,42,-29
6148,2019-10-29,116,75,-41
6149,2019-10-29,52,46,-6
6150,2019-10-29,57,53,-4
6151,2019-10-29,61,56,-5
6152,2019-10-29,96,92,-4
6153,2019-10-29,37,51,14
6154,2019-10-29,130,132,2
6155,2019-10-29,112,115,3
6156,2019-10-29,52,56,4
6157,2019-10-29,61,59,-2
6158,2019-10-29,46,44,-2
6159,2019-10-29,20,31,11
6160,2019-10-29,39,28,-11
6161,2019-10-29,46,51,5
6162,2019-10-29,6,7,1
6163,2019-10-29,95,88,-7
6164,2019-10-29,43,57,14
6165,2019-10-29,73,110,37
6166,2019-10-29,44,36,-8
6167,2019-10-29,26,35,9
6168,2019-10-29,70,47,-23
6169,2019-10-29,111,104,-7
6170,2019-10-29,36,42,6
6171,2019-10-29,28,34,6
6174,2019-10-29,83,66,-17
6175,2019-10-29,88,49,-39
6176,2019-10-29,57,60,3
6177,2019-10-29,60,53,-7
6178,2019-10-29,67,70,3
6179,2019-10-29,43,42,-1
6180,2019-10-29,41,47,6
6181,2019-10-29,113,71,-42
6182,2019-10-29,55,39,-16
6183,2019-10-29,69,60,-9
6184,2019-10-29,186,172,-14
6185,2019-10-29,14,17,3
6186,2019-10-29,31,25,-6
6187,2019-10-29,77,68,-9
6188,2019-10-29,52,36,-16
6189,2019-10-29,9,9,0
6190,2019-10-29,103,64,-39
6191,2019-10-29,56,46,-10
6192,2019-10-29,35,17,-18
6193,2019-10-29,63,53,-10
6194,2019-10-29,123,94,-29
6195,2019-10-29,62,43,-19
6196,2019-10-29,95,68,-27
6197,2019-10-29,40,45,5
6198,2019-10-29,14,11,-3
6199,2019-10-29,90,53,-37
6200,2019-10-29,63,60,-3
6201,2019-10-29,37,33,-4
6202,2019-10-29,87,72,-15
6203,2019-10-29,50,52,2
6204,2019-10-29,79,85,6
6205,2019-10-29,64,62,-2
6206,2019-10-29,111,106,-5
6207,2019-10-29,35,36,1
6208,2019-10-29,51,66,15
6209,2019-10-29,106,72,-34
6210,2019-10-29,32,31,-1
6211,2019-10-29,127,135,8
6212,2019-10-29,81,42,-39
6213,2019-10-29,103,85,-18
6214,2019-10-29,84,56,-28
6215,2019-10-29,53,52,-1
6216,2019-10-29,66,45,-21
6217,2019-10-29,87,58,-29
6218,2019-10-29,68,39,-29
6219,2019-10-29,47,50,3
6220,2019-10-29,68,49,-19
6221,2019-10-29,152,121,-31
6222,2019-10-29,62,38,-24
6223,2019-10-29,77,40,-37
6224,2019-10-29,46,35,-11
6225,2019-10-29,45,28,-17
6226,2019-10-29,18,19,1
6227,2019-10-29,85,89,4
6228,2019-10-29,21,14,-7
6229,2019-10-29,53,38,-15
6230,2019-10-29,66,59,-7
6231,2019-10-29,83,69,-14
6232,2019-10-29,32,22,-10
6233,2019-10-29,92,71,-21
6234,2019-10-29,36,41,5
6235,2019-10-29,93,45,-48
6236,2019-10-29,43,38,-5
6237,2019-10-29,49,46,-3
6240,2019-10-29,11,11,0
6241,2019-10-29,26,29,3
6243,2019-10-29,41,33,-8
6245,2019-10-29,31,30,-1
6246,2019-10-29,41,51,10
6247,2019-10-29,72,58,-14
6248,2019-10-29,115,97,-18
6249,2019-10-29,47,37,-10
6250,2019-10-29,56,46,-10
6251,2019-10-29,15,13,-2
6252,2019-10-29,44,37,-7
6253,2019-10-29,34,21,-13
6254,2019-10-29,57,43,-14
6255,2019-10-29,71,61,-10
6257,2019-10-29,32,29,-3
6258,2019-10-29,64,44,-20
6259,2019-10-29,31,31,0
6260,2019-10-29,35,34,-1
6261,2019-10-29,40,35,-5
6262,2019-10-29,30,37,7
6263,2019-10-29,13,20,7
6264,2019-10-29,22,22,0
6265,2019-10-29,58,55,-3
6266,2019-10-29,14,15,1
6267,2019-10-29,30,31,1
6268,2019-10-29,35,24,-11
6269,2019-10-29,12,25,13
6270,2019-10-29,28,26,-2
6271,2019-10-29,1,0,-1
6272,2019-10-29,23,21,-2
6273,2019-10-29,22,24,2
6274,2019-10-29,27,23,-4
6275,2019-10-29,27,21,-6
6276,2019-10-29,23,31,8
6277,2019-10-29,41,37,-4
6278,2019-10-29,24,23,-1
6279,2019-10-29,25,17,-8
6280,2019-10-29,63,61,-2
6281,2019-10-29,29,20,-9
6301,2019-10-29,28,18,-10
6302,2019-10-29,13,6,-7
6303,2019-10-29,10,4,-6
6304,2019-10-29,8,6,-2
6305,2019-10-29,22,15,-7
6306,2019-10-29,66,18,-48
6307,2019-10-29,70,61,-9
6309,2019-10-29,27,15,-12
6310,2019-10-29,24,15,-9
6311,2019-10-29,36,30,-6
6312,2019-10-29,18,23,5
6313,2019-10-29,27,33,6
6314,2019-10-29,47,50,3
6315,2019-10-29,63,33,-30
6316,2019-10-29,25,12,-13
6321,2019-10-29,56,39,-17
6322,2019-10-29,25,22,-3
6323,2019-10-29,12,12,0
6324,2019-10-29,12,22,10
6327,2019-10-29,29,36,7
6328,2019-10-29,25,20,-5
6329,2019-10-29,21,18,-3
6330,2019-10-29,18,21,3
6331,2019-10-29,22,12,-10
6332,2019-10-29,27,33,6
6333,2019-10-29,11,13,2
6334,2019-10-29,60,63,3
6335,2019-10-29,27,30,3
6336,2019-10-29,18,22,4
6338,2019-10-29,21,25,4
6339,2019-10-29,16,17,1
6340,2019-10-29,28,21,-7
6341,2019-10-29,24,30,6
6343,2019-10-29,37,40,3
6344,2019-10-29,30,32,2
6345,2019-10-29,12,13,1
6346,2019-10-29,22,18,-4
6347,2019-10-29,26,26,0
6349,2019-10-29,25,27,2
6350,2019-10-29,36,34,-2
6354,2019-10-29,33,29,-4
6355,2019-10-29,18,26,8
6356,2019-10-29,27,17,-10
6357,2019-10-29,22,13,-9
6358,2019-10-29,24,19,-5
6359,2019-10-29,70,83,13
6360,2019-10-29,22,20,-2
6361,2019-10-29,44,44,0
6362,2019-10-29,28,30,2
6363,2019-10-29,18,15,-3
6364,2019-10-29,33,36,3
6366,2019-10-29,20,15,-5
6367,2019-10-29,22,22,0
6368,2019-10-29,38,47,9
6369,2019-10-29,28,35,7
6370,2019-10-29,22,16,-6
6371,2019-10-29,47,53,6
6372,2019-10-29,56,51,-5
6373,2019-10-29,35,34,-1
6374,2019-10-29,35,28,-7
6375,2019-10-29,46,43,-3
6376,2019-10-29,20,19,-1
6377,2019-10-29,25,34,9
6379,2019-10-29,28,32,4
6380,2019-10-29,19,12,-7
6381,2019-10-29,36,35,-1
6383,2019-10-29,22,20,-2
6384,2019-10-29,13,10,-3
6385,2019-10-29,48,52,4
6386,2019-10-29,34,48,14
6387,2019-10-29,50,64,14
6388,2019-10-29,12,14,2
6389,2019-10-29,33,28,-5
6391,2019-10-29,40,67,27
6393,2019-10-29,37,55,18
6394,2019-10-29,27,47,20
6395,2019-10-29,44,45,1
6396,2019-10-29,77,55,-22
6397,2019-10-29,24,26,2
6398,2019-10-29,21,37,16
6401,2019-10-29,37,48,11
6402,2019-10-29,19,25,6
6403,2019-10-29,19,18,-1
6404,2019-10-29,13,18,5
6405,2019-10-29,20,38,18
6406,2019-10-29,51,64,13
6407,2019-10-29,14,14,0
6408,2019-10-29,39,43,4
6409,2019-10-29,18,22,4
6410,2019-10-29,46,48,2
6411,2019-10-29,107,111,4
6412,2019-10-29,27,33,6
6413,2019-10-29,19,15,-4
6414,2019-10-29,9,13,4
6415,2019-10-29,19,21,2
6416,2019-10-29,11,8,-3
6417,2019-10-29,13,23,10
6418,2019-10-29,10,8,-2
6419,2019-10-29,8,11,3
6420,2019-10-29,14,18,4
6421,2019-10-29,27,35,8
6422,2019-10-29,7,7,0
6423,2019-10-29,14,10,-4
6424,2019-10-29,28,66,38
6425,2019-10-29,25,22,-3
6426,2019-10-29,32,43,11
6427,2019-10-29,50,42,-8
6428,2019-10-29,4,12,8
6429,2019-10-29,24,30,6
6432,2019-10-29,41,38,-3
6433,2019-10-29,15,16,1
6434,2019-10-29,57,51,-6
6435,2019-10-29,34,29,-5
6436,2019-10-29,21,14,-7
6501,2019-10-29,62,83,21
6502,2019-10-29,11,6,-5
6503,2019-10-29,39,42,3
6504,2019-10-29,3,2,-1
6700,2019-10-29,16,27,11
6701,2019-10-29,56,55,-1
6702,2019-10-29,13,14,1
6703,2019-10-29,40,39,-1
6704,2019-10-29,22,14,-8
6705,2019-10-29,7,13,6
6706,2019-10-29,20,18,-2
6707,2019-10-29,21,22,1
6709,2019-10-29,18,18,0
6710,2019-10-29,5,11,6
6711,2019-10-29,23,14,-9
6712,2019-10-29,11,14,3
6713,2019-10-29,14,18,4
6714,2019-10-29,3,0,-3
6715,2019-10-29,9,10,1
6716,2019-10-29,9,8,-1
6717,2019-10-29,6,10,4
6718,2019-10-29,19,15,-4
6719,2019-10-29,11,14,3
6720,2019-10-29,21,26,5
6721,2019-10-29,14,14,0
6722,2019-10-29,10,8,-2
6723,2019-10-29,10,13,3
6724,2019-10-29,18,13,-5
6725,2019-10-29,16,18,2
6726,2019-10-29,10,11,1
6727,2019-10-29,68,70,2
6728,2019-10-29,12,11,-1
6729,2019-10-29,100,110,10
6730,2019-10-29,8,5,-3
6731,2019-10-29,6,8,2
6732,2019-10-29,17,33,16
6733,2019-10-29,23,27,4
6734,2019-10-29,34,35,1
6735,2019-10-29,3,3,0
6736,2019-10-29,16,18,2
6737,2019-10-29,23,20,-3
6738,2019-10-29,64,55,-9
6739,2019-10-29,9,10,1
6741,2019-10-29,10,19,9
6742,2019-10-29,40,43,3
6743,2019-10-29,14,7,-7
6744,2019-10-29,16,16,0
6745,2019-10-29,17,14,-3
6746,2019-10-29,16,13,-3
6747,2019-10-29,40,41,1
6748,2019-10-29,58,69,11
6749,2019-10-29,33,29,-4
6750,2019-10-29,34,27,-7
6752,2019-10-29,26,31,5
6753,2019-10-29,13,16,3
6754,2019-10-29,10,13,3
6901,2019-10-29,32,51,19
6902,2019-10-29,62,73,11
6903,2019-10-29,76,69,-7
6904,2019-10-29,36,28,-8
6905,2019-10-29,34,30,-4
6906,2019-10-29,84,50,-34
6907,2019-10-29,65,35,-30
6908,2019-10-29,41,44,3
6910,2019-10-29,78,74,-4
6912,2019-10-29,107,86,-21
6913,2019-10-29,67,40,-27
6915,2019-10-29,65,57,-8
6916,2019-10-29,32,40,8
6917,2019-10-29,11,18,7
6918,2019-10-29,17,16,-1
6919,2019-10-29,22,18,-4
6921,2019-10-29,63,63,0
6923,2019-10-29,35,40,5
6924,2019-10-29,17,12,-5
6925,2019-10-29,33,34,1
6926,2019-10-29,48,47,-1
6927,2019-10-29,66,43,-23
6928,2019-10-29,59,22,-37
6929,2019-10-29,20,19,-1
6930,2019-10-29,21,21,0
7001,2019-10-29,26,25,-1
7002,2019-10-29,9,8,-1
7003,2019-10-29,144,138,-6
7004,2019-10-29,24,24,0
7005,2019-10-29,4,6,2
7006,2019-10-29,8,8,0
7007,2019-10-29,8,13,5
7008,2019-10-29,16,17,1
7009,2019-10-29,33,34,1
7010,2019-10-29,10,13,3
7011,2019-10-29,46,59,13
7012,2019-10-29,30,35,5
7013,2019-10-29,10,10,0
7014,2019-10-29,100,56,-44
7015,2019-10-29,5,6,1
7016,2019-10-29,8,5,-3
7017,2019-10-29,19,32,13
7018,2019-10-29,17,21,4
7019,2019-10-29,61,70,9
7020,2019-10-29,19,25,6
7021,2019-10-29,30,18,-12
7022,2019-10-29,38,27,-11
7023,2019-10-29,1,4,3
7024,2019-10-29,43,30,-13
7025,2019-10-29,38,24,-14
7026,2019-10-29,57,60,3
7027,2019-10-29,33,31,-2
7028,2019-10-29,76,65,-11
7029,2019-10-29,35,39,4
7030,2019-10-29,33,38,5
7031,2019-10-29,43,35,-8
7032,2019-10-29,78,59,-19
7033,2019-10-29,53,53,0
7034,2019-10-29,13,27,14
7035,2019-10-29,44,42,-2
7036,2019-10-29,46,41,-5
7037,2019-10-29,42,32,-10
7038,2019-10-29,54,51,-3
7039,2019-10-29,14,16,2
7040,2019-10-29,43,50,7
7041,2019-10-29,86,87,1
7042,2019-10-29,29,29,0
7043,2019-10-29,15,10,-5
7044,2019-10-29,12,11,-1
7045,2019-10-29,39,47,8
7046,2019-10-29,75,96,21
7047,2019-10-29,91,148,57
7048,2019-10-29,9,17,8
7049,2019-10-29,10,26,16
7050,2019-10-29,25,30,5
7051,2019-10-29,3,4,1
7052,2019-10-29,34,41,7
7053,2019-10-29,22,27,5
7054,2019-10-29,23,31,8
7055,2019-10-29,12,17,5
7056,2019-10-29,15,21,6
7057,2019-10-29,21,21,0
7058,2019-10-29,14,19,5
7059,2019-10-29,25,20,-5
7060,2019-10-29,24,25,1
7061,2019-10-29,16,16,0
7062,2019-10-29,44,42,-2
7063,2019-10-29,19,18,-1
7064,2019-10-29,18,27,9
7065,2019-10-29,37,32,-5
7066,2019-10-29,40,86,46
7067,2019-10-29,52,59,7
7068,2019-10-29,54,50,-4
7069,2019-10-29,72,95,23
7070,2019-10-29,32,35,3
7071,2019-10-29,36,24,-12
7072,2019-10-29,32,19,-13
7073,2019-10-29,59,67,8
7074,2019-10-29,13,28,15
7075,2019-10-29,7,5,-2
7076,2019-10-29,49,39,-10
7077,2019-10-29,18,17,-1
7078,2019-10-29,24,26,2
7079,2019-10-29,29,42,13
7080,2019-10-29,71,92,21
7081,2019-10-29,80,105,25
7082,2019-10-29,61,75,14
7084,2019-10-29,80,89,9
7087,2019-10-29,1,2,1
7090,2019-10-29,10,16,6
7091,2019-10-29,4,4,0
7092,2019-10-29,3,7,4
7093,2019-10-29,1,2,1
7095,2019-10-29,11,16,5
7096,2019-10-29,24,25,1
7097,2019-10-29,3,6,3
7098,2019-10-29,1,1,0
7099,2019-10-29,2,5,3
7100,2019-10-29,5,8,3
7101,2019-10-29,6,2,-4
7102,2019-10-29,14,26,12
7103,2019-10-29,3,4,1
7104,2019-10-29,3,5,2
7105,2019-10-29,7,7,0
7106,2019-10-29,2,2,0
7107,2019-10-29,5,3,-2
7108,2019-10-29,5,2,-3
7109,2019-10-29,12,11,-1
7110,2019-10-29,1,1,0
7111,2019-10-29,2,4,2
7112,2019-10-29,6,4,-2
7113,2019-10-29,51,48,-3
7114,2019-10-29,58,63,5
7115,2019-10-29,8,7,-1
7116,2019-10-29,5,3,-2
7117,2019-10-29,3,1,-2
7118,2019-10-29,3,2,-1
7119,2019-10-29,1,0,-1
7121,2019-10-29,2,3,1
7122,2019-10-29,4,5,1
7123,2019-10-29,4,2,-2
7124,2019-10-29,16,16,0
7125,2019-10-29,10,8,-2
7126,2019-10-29,6,7,1
7127,2019-10-29,28,32,4
7128,2019-10-29,17,15,-2
7129,2019-10-29,8,14,6
7130,2019-10-29,12,11,-1
7131,2019-10-29,3,7,4
7133,2019-10-29,5,2,-3
7134,2019-10-29,4,5,1
7135,2019-10-29,2,5,3
7136,2019-10-29,9,7,-2
7137,2019-10-29,1,4,3
7138,2019-10-29,1,2,1
7139,2019-10-29,9,11,2
7140,2019-10-29,16,18,2
7141,2019-10-29,19,18,-1
7142,2019-10-29,5,9,4
7143,2019-10-29,17,17,0
7144,2019-10-29,25,36,11
7145,2019-10-29,11,7,-4
7146,2019-10-29,11,23,12
7147,2019-10-29,28,30,2
7148,2019-10-29,6,4,-2
7149,2019-10-29,13,7,-6
7150,2019-10-29,3,1,-2
7151,2019-10-29,3,4,1
10002,2019-10-29,94,96,2
4000,2019-10-30,39,61,22
4001,2019-10-30,8,4,-4
4002,2019-10-30,11,15,4
5002,2019-10-30,2,3,1
5003,2019-10-30,1,1,0
5004,2019-10-30,1,3,2
5005,2019-10-30,4,3,-1
5006,2019-10-30,3,3,0
5007,2019-10-30,11,10,-1
6001,2019-10-30,41,77,36
6002,2019-10-30,15,28,13
6003,2019-10-30,51,75,24
6004,2019-10-30,36,41,5
6005,2019-10-30,49,60,11
6006,2019-10-30,32,18,-14
6007,2019-10-30,23,29,6
6008,2019-10-30,43,91,48
6011,2019-10-30,46,63,17
6012,2019-10-30,80,162,82
6013,2019-10-30,58,114,56
6014,2019-10-30,45,72,27
6015,2019-10-30,106,211,105
6016,2019-10-30,8,12,4
6017,2019-10-30,36,40,4
6018,2019-10-30,46,54,8
6019,2019-10-30,152,100,-52
6021,2019-10-30,92,68,-24
6022,2019-10-30,53,55,2
6023,2019-10-30,47,54,7
6024,2019-10-30,1,1,0
6025,2019-10-30,24,23,-1
6026,2019-10-30,28,51,23
6027,2019-10-30,90,93,3
6029,2019-10-30,20,24,4
6031,2019-10-30,27,28,1
6032,2019-10-30,44,120,76
6033,2019-10-30,15,15,0
6035,2019-10-30,30,70,40
6036,2019-10-30,49,89,40
6037,2019-10-30,37,52,15
6038,2019-10-30,44,66,22
6039,2019-10-30,56,63,7
6040,2019-10-30,31,61,30
6041,2019-10-30,67,68,1
6042,2019-10-30,75,75,0
6043,2019-10-30,125,267,142
6044,2019-10-30,54,60,6
6046,2019-10-30,100,122,22
6047,2019-10-30,92,87,-5
6048,2019-10-30,39,50,11
6049,2019-10-30,92,106,14
6050,2019-10-30,30,37,7
6051,2019-10-30,27,24,-3
6052,2019-10-30,86,147,61
6053,2019-10-30,118,116,-2
6057,2019-10-30,64,56,-8
6058,2019-10-30,58,53,-5
6059,2019-10-30,69,37,-32
6060,2019-10-30,23,24,1
6061,2019-10-30,55,41,-14
6062,2019-10-30,65,48,-17
6063,2019-10-30,114,95,-19
6064,2019-10-30,110,99,-11
6066,2019-10-30,42,12,-30
6067,2019-10-30,19,24,5
6068,2019-10-30,6,8,2
6070,2019-10-30,171,133,-38
6072,2019-10-30,68,69,1
6073,2019-10-30,147,132,-15
6075,2019-10-30,43,25,-18
6076,2019-10-30,15,21,6
6078,2019-10-30,42,44,2
6079,2019-10-30,46,49,3
6080,2019-10-30,103,101,-2
6082,2019-10-30,14,9,-5
6083,2019-10-30,96,104,8
6084,2019-10-30,60,58,-2
6085,2019-10-30,60,122,62
6086,2019-10-30,42,54,12
6087,2019-10-30,85,102,17
6088,2019-10-30,39,45,6
6089,2019-10-30,45,43,-2
6090,2019-10-30,40,38,-2
6091,2019-10-30,30,31,1
6093,2019-10-30,27,17,-10
6094,2019-10-30,29,28,-1
6095,2019-10-30,55,46,-9
6096,2019-10-30,28,53,25
6097,2019-10-30,50,33,-17
6098,2019-10-30,95,82,-13
6099,2019-10-30,61,96,35
6101,2019-10-30,49,17,-32
6102,2019-10-30,28,13,-15
6103,2019-10-30,17,21,4
6104,2019-10-30,77,99,22
6106,2019-10-30,24,41,17
6107,2019-10-30,93,68,-25
6108,2019-10-30,33,46,13
6109,2019-10-30,11,12,1
6110,2019-10-30,28,27,-1
6111,2019-10-30,37,42,5
6112,2019-10-30,63,72,9
6113,2019-10-30,18,27,9
6114,2019-10-30,106,133,27
6115,2019-10-30,15,18,3
6116,2019-10-30,48,59,11
6117,2019-10-30,48,56,8
6118,2019-10-30,60,76,16
6119,2019-10-30,63,76,13
6120,2019-10-30,47,63,16
6121,2019-10-30,10,20,10
6122,2019-10-30,8,11,3
6123,2019-10-30,21,29,8
6124,2019-10-30,26,56,30
6125,2019-10-30,20,17,-3
6126,2019-10-30,35,44,9
6127,2019-10-30,18,15,-3
6128,2019-10-30,7,9,2
6129,2019-10-30,44,38,-6
6130,2019-10-30,20,10,-10
6131,2019-10-30,79,33,-46
6132,2019-10-30,52,48,-4
6133,2019-10-30,21,17,-4
6134,2019-10-30,33,36,3
6136,2019-10-30,252,190,-62
6137,2019-10-30,66,61,-5
6138,2019-10-30,50,53,3
6139,2019-10-30,36,21,-15
6140,2019-10-30,64,66,2
6141,2019-10-30,46,38,-8
6142,2019-10-30,69,41,-28
6143,2019-10-30,52,46,-6
6145,2019-10-30,38,41,3
6146,2019-10-30,40,18,-22
6147,2019-10-30,76,43,-33
6148,2019-10-30,108,87,-21
6149,2019-10-30,43,31,-12
6150,2019-10-30,54,67,13
6151,2019-10-30,68,71,3
6152,2019-10-30,83,87,4
6153,2019-10-30,51,43,-8
6154,2019-10-30,137,137,0
6155,2019-10-30,119,114,-5
6156,2019-10-30,61,57,-4
6157,2019-10-30,78,77,-1
6158,2019-10-30,51,52,1
6159,2019-10-30,31,30,-1
6160,2019-10-30,46,37,-9
6161,2019-10-30,44,41,-3
6162,2019-10-30,2,11,9
6163,2019-10-30,63,85,22
6164,2019-10-30,59,59,0
6165,2019-10-30,79,124,45
6166,2019-10-30,43,39,-4
6167,2019-10-30,28,36,8
6168,2019-10-30,74,57,-17
6169,2019-10-30,104,96,-8
6170,2019-10-30,41,43,2
6171,2019-10-30,36,42,6
6174,2019-10-30,83,81,-2
6175,2019-10-30,93,43,-50
6176,2019-10-30,63,77,14
6177,2019-10-30,68,55,-13
6178,2019-10-30,67,69,2
6179,2019-10-30,64,52,-12
6180,2019-10-30,39,41,2
6181,2019-10-30,114,65,-49
6182,2019-10-30,47,42,-5
6183,2019-10-30,69,55,-14
6184,2019-10-30,242,201,-41
6185,2019-10-30,24,27,3
6186,2019-10-30,29,27,-2
6187,2019-10-30,77,78,1
6188,2019-10-30,47,42,-5
6189,2019-10-30,16,17,1
6190,2019-10-30,123,65,-58
6191,2019-10-30,53,45,-8
6192,2019-10-30,29,22,-7
6193,2019-10-30,82,73,-9
6194,2019-10-30,92,76,-16
6195,2019-10-30,69,45,-24
6196,2019-10-30,84,62,-22
6197,2019-10-30,52,41,-11
6198,2019-10-30,13,14,1
6199,2019-10-30,85,65,-20
6200,2019-10-30,81,71,-10
6201,2019-10-30,65,53,-12
6202,2019-10-30,91,77,-14
6203,2019-10-30,52,43,-9
6204,2019-10-30,73,75,2
6205,2019-10-30,76,64,-12
6206,2019-10-30,112,113,1
6207,2019-10-30,39,36,-3
6208,2019-10-30,63,65,2
6209,2019-10-30,111,68,-43
6210,2019-10-30,32,33,1
6211,2019-10-30,137,116,-21
6212,2019-10-30,52,36,-16
6213,2019-10-30,94,91,-3
6214,2019-10-30,94,55,-39
6215,2019-10-30,41,42,1
6216,2019-10-30,76,20,-56
6217,2019-10-30,74,45,-29
6218,2019-10-30,63,35,-28
6219,2019-10-30,53,55,2
6220,2019-10-30,76,51,-25
6221,2019-10-30,151,116,-35
6222,2019-10-30,56,35,-21
6223,2019-10-30,80,35,-45
6224,2019-10-30,59,44,-15
6225,2019-10-30,43,28,-15
6226,2019-10-30,17,16,-1
6227,2019-10-30,85,80,-5
6228,2019-10-30,25,22,-3
6229,2019-10-30,54,46,-8
6230,2019-10-30,60,58,-2
6231,2019-10-30,84,78,-6
6232,2019-10-30,22,22,0
6233,2019-10-30,62,56,-6
6234,2019-10-30,37,37,0
6235,2019-10-30,83,54,-29
6236,2019-10-30,42,45,3
6237,2019-10-30,45,43,-2
6240,2019-10-30,11,13,2
6241,2019-10-30,22,15,-7
6243,2019-10-30,45,46,1
6245,2019-10-30,41,29,-12
6246,2019-10-30,68,50,-18
6247,2019-10-30,66,62,-4
6248,2019-10-30,110,94,-16
6249,2019-10-30,33,33,0
6250,2019-10-30,45,38,-7
6251,2019-10-30,21,23,2
6252,2019-10-30,37,27,-10
6253,2019-10-30,56,43,-13
6254,2019-10-30,56,38,-18
6255,2019-10-30,53,56,3
6257,2019-10-30,39,38,-1
6258,2019-10-30,55,39,-16
6259,2019-10-30,30,26,-4
6260,2019-10-30,36,37,1
6261,2019-10-30,34,39,5
6262,2019-10-30,21,30,9
6263,2019-10-30,20,25,5
6264,2019-10-30,25,23,-2
6265,2019-10-30,49,47,-2
6266,2019-10-30,22,21,-1
6267,2019-10-30,39,27,-12
6268,2019-10-30,44,42,-2
6269,2019-10-30,18,26,8
6270,2019-10-30,21,25,4
6272,2019-10-30,24,25,1
6273,2019-10-30,24,17,-7
6274,2019-10-30,46,25,-21
6275,2019-10-30,28,24,-4
6276,2019-10-30,32,27,-5
6277,2019-10-30,27,40,13
6278,2019-10-30,22,22,0
6279,2019-10-30,16,15,-1
6280,2019-10-30,56,51,-5
6281,2019-10-30,25,16,-9
6301,2019-10-30,11,12,1
6302,2019-10-30,8,9,1
6303,2019-10-30,13,9,-4
6304,2019-10-30,12,7,-5
6305,2019-10-30,9,9,0
6306,2019-10-30,55,20,-35
6307,2019-10-30,44,49,5
6309,2019-10-30,23,25,2
6310,2019-10-30,25,12,-13
6311,2019-10-30,28,26,-2
6312,2019-10-30,12,20,8
6313,2019-10-30,28,44,16
6314,2019-10-30,54,53,-1
6315,2019-10-30,55,23,-32
6316,2019-10-30,34,10,-24
6321,2019-10-30,62,49,-13
6322,2019-10-30,20,20,0
6323,2019-10-30,12,10,-2
6324,2019-10-30,21,21,0
6327,2019-10-30,32,18,-14
6328,2019-10-30,20,18,-2
6329,2019-10-30,28,27,-1
6330,2019-10-30,20,18,-2
6331,2019-10-30,13,13,0
6332,2019-10-30,21,30,9
6333,2019-10-30,12,16,4
6334,2019-10-30,63,62,-1
6335,2019-10-30,31,30,-1
6336,2019-10-30,21,24,3
6338,2019-10-30,28,24,-4
6339,2019-10-30,23,21,-2
6340,2019-10-30,25,24,-1
6341,2019-10-30,24,34,10
6343,2019-10-30,32,32,0
6344,2019-10-30,26,37,11
6345,2019-10-30,9,11,2
6346,2019-10-30,27,20,-7
6347,2019-10-30,19,26,7
6349,2019-10-30,19,18,-1
6350,2019-10-30,17,24,7
6354,2019-10-30,19,17,-2
6355,2019-10-30,16,26,10
6356,2019-10-30,33,22,-11
6357,2019-10-30,19,11,-8
6358,2019-10-30,22,22,0
6359,2019-10-30,68,83,15
6360,2019-10-30,19,12,-7
6361,2019-10-30,33,29,-4
6362,2019-10-30,29,25,-4
6363,2019-10-30,16,11,-5
6364,2019-10-30,38,22,-16
6366,2019-10-30,20,10,-10
6367,2019-10-30,18,21,3
6368,2019-10-30,41,38,-3
6369,2019-10-30,23,36,13
6370,2019-10-30,28,18,-10
6371,2019-10-30,44,44,0
6372,2019-10-30,46,61,15
6373,2019-10-30,29,31,2
6374,2019-10-30,28,28,0
6375,2019-10-30,43,55,12
6376,2019-10-30,26,23,-3
6377,2019-10-30,29,35,6
6379,2019-10-30,25,28,3
6380,2019-10-30,23,20,-3
6381,2019-10-30,39,27,-12
6383,2019-10-30,24,16,-8
6384,2019-10-30,11,6,-5
6385,2019-10-30,40,40,0
6386,2019-10-30,32,47,15
6387,2019-10-30,60,61,1
6388,2019-10-30,12,11,-1
6389,2019-10-30,39,30,-9
6391,2019-10-30,40,64,24
6393,2019-10-30,40,59,19
6394,2019-10-30,23,37,14
6395,2019-10-30,54,41,-13
6396,2019-10-30,91,55,-36
6397,2019-10-30,29,38,9
6398,2019-10-30,26,47,21
6401,2019-10-30,41,57,16
6402,2019-10-30,17,20,3
6403,2019-10-30,26,27,1
6404,2019-10-30,12,16,4
6405,2019-10-30,20,37,17
6406,2019-10-30,45,46,1
6407,2019-10-30,12,29,17
6408,2019-10-30,43,42,-1
6409,2019-10-30,14,22,8
6410,2019-10-30,45,45,0
6411,2019-10-30,123,104,-19
6412,2019-10-30,23,33,10
6413,2019-10-30,17,50,33
6414,2019-10-30,11,18,7
6415,2019-10-30,23,22,-1
6416,2019-10-30,10,8,-2
6417,2019-10-30,22,27,5
6418,2019-10-30,3,5,2
6419,2019-10-30,4,11,7
6420,2019-10-30,18,16,-2
6421,2019-10-30,39,29,-10
6422,2019-10-30,8,7,-1
6423,2019-10-30,12,12,0
6424,2019-10-30,35,79,44
6425,2019-10-30,19,21,2
6426,2019-10-30,38,48,10
6427,2019-10-30,45,37,-8
6428,2019-10-30,13,13,0
6429,2019-10-30,27,32,5
6432,2019-10-30,51,43,-8
6433,2019-10-30,23,19,-4
6434,2019-10-30,36,40,4
6435,2019-10-30,22,22,0
6436,2019-10-30,11,7,-4
6501,2019-10-30,36,38,2
6502,2019-10-30,7,10,3
6503,2019-10-30,52,47,-5
6504,2019-10-30,4,2,-2
6700,2019-10-30,15,22,7
6701,2019-10-30,69,67,-2
6702,2019-10-30,8,15,7
6703,2019-10-30,23,21,-2
6704,2019-10-30,25,19,-6
6705,2019-10-30,10,14,4
6706,2019-10-30,14,18,4
6707,2019-10-30,11,15,4
6709,2019-10-30,21,18,-3
6710,2019-10-30,8,8,0
6711,2019-10-30,15,17,2
6712,2019-10-30,11,8,-3
6713,2019-10-30,13,18,5
6715,2019-10-30,10,8,-2
6716,2019-10-30,6,11,5
6717,2019-10-30,6,12,6
6718,2019-10-30,17,20,3
6719,2019-10-30,12,10,-2
6720,2019-10-30,19,24,5
6721,2019-10-30,11,8,-3
6722,2019-10-30,9,11,2
6723,2019-10-30,12,8,-4
6724,2019-10-30,10,10,0
6725,2019-10-30,20,14,-6
6726,2019-10-30,7,9,2
6727,2019-10-30,64,75,11
6728,2019-10-30,15,14,-1
6729,2019-10-30,110,115,5
6730,2019-10-30,8,3,-5
6731,2019-10-30,5,4,-1
6732,2019-10-30,29,27,-2
6733,2019-10-30,28,31,3
6734,2019-10-30,35,38,3
6735,2019-10-30,3,2,-1
6736,2019-10-30,11,11,0
6737,2019-10-30,15,20,5
6738,2019-10-30,58,59,1
6739,2019-10-30,4,8,4
6741,2019-10-30,16,16,0
6742,2019-10-30,24,25,1
6743,2019-10-30,21,9,-12
6744,2019-10-30,12,16,4
6745,2019-10-30,16,14,-2
6746,2019-10-30,20,22,2
6747,2019-10-30,39,44,5
6748,2019-10-30,55,75,20
6749,2019-10-30,30,30,0
6750,2019-10-30,27,26,-1
6752,2019-10-30,31,30,-1
6753,2019-10-30,16,14,-2
6754,2019-10-30,11,11,0
6901,2019-10-30,39,62,23
6902,2019-10-30,64,68,4
6903,2019-10-30,78,74,-4
6904,2019-10-30,40,29,-11
6905,2019-10-30,29,36,7
6906,2019-10-30,90,49,-41
6907,2019-10-30,63,41,-22
6908,2019-10-30,28,23,-5
6910,2019-10-30,89,72,-17
6912,2019-10-30,118,87,-31
6913,2019-10-30,39,25,-14
6915,2019-10-30,59,51,-8
6916,2019-10-30,18,25,7
6917,2019-10-30,14,14,0
6918,2019-10-30,16,14,-2
6919,2019-10-30,25,18,-7
6921,2019-10-30,52,69,17
6923,2019-10-30,39,43,4
6924,2019-10-30,10,8,-2
6925,2019-10-30,33,32,-1
6926,2019-10-30,53,51,-2
6927,2019-10-30,59,31,-28
6928,2019-10-30,50,20,-30
6929,2019-10-30,23,20,-3
6930,2019-10-30,16,22,6
7001,2019-10-30,24,28,4
7002,2019-10-30,14,10,-4
7003,2019-10-30,128,115,-13
7004,2019-10-30,19,18,-1
7005,2019-10-30,7,6,-1
7006,2019-10-30,11,18,7
7007,2019-10-30,7,11,4
7008,2019-10-30,22,20,-2
7009,2019-10-30,33,33,0
7010,2019-10-30,16,8,-8
7011,2019-10-30,64,68,4
7012,2019-10-30,23,35,12
7013,2019-10-30,9,8,-1
7014,2019-10-30,90,43,-47
7015,2019-10-30,7,8,1
7016,2019-10-30,8,5,-3
7017,2019-10-30,20,26,6
7018,2019-10-30,14,28,14
7019,2019-10-30,87,87,0
7020,2019-10-30,28,29,1
7021,2019-10-30,17,23,6
7022,2019-10-30,35,19,-16
7023,2019-10-30,1,1,0
7024,2019-10-30,53,38,-15
7025,2019-10-30,39,25,-14
7026,2019-10-30,54,56,2
7027,2019-10-30,33,36,3
7028,2019-10-30,80,64,-16
7029,2019-10-30,30,27,-3
7030,2019-10-30,37,46,9
7031,2019-10-30,28,32,4
7032,2019-10-30,86,65,-21
7033,2019-10-30,53,59,6
7034,2019-10-30,7,24,17
7035,2019-10-30,35,38,3
7036,2019-10-30,40,45,5
7037,2019-10-30,46,38,-8
7038,2019-10-30,50,47,-3
7039,2019-10-30,20,19,-1
7040,2019-10-30,51,57,6
7041,2019-10-30,65,70,5
7042,2019-10-30,38,44,6
7043,2019-10-30,15,13,-2
7044,2019-10-30,6,6,0
7045,2019-10-30,36,39,3
7046,2019-10-30,57,91,34
7047,2019-10-30,80,141,61
7048,2019-10-30,7,13,6
7049,2019-10-30,9,18,9
7050,2019-10-30,23,25,2
7051,2019-10-30,9,7,-2
7052,2019-10-30,30,41,11
7053,2019-10-30,35,27,-8
7054,2019-10-30,26,29,3
7055,2019-10-30,8,17,9
7056,2019-10-30,9,16,7
7057,2019-10-30,23,14,-9
7058,2019-10-30,22,18,-4
7059,2019-10-30,12,13,1
7060,2019-10-30,15,18,3
7061,2019-10-30,19,20,1
7062,2019-10-30,32,39,7
7063,2019-10-30,18,14,-4
7064,2019-10-30,20,31,11
7065,2019-10-30,27,30,3
7066,2019-10-30,41,91,50
7067,2019-10-30,57,58,1
7068,2019-10-30,39,38,-1
7069,2019-10-30,79,98,19
7070,2019-10-30,26,35,9
7071,2019-10-30,38,25,-13
7072,2019-10-30,26,18,-8
7073,2019-10-30,40,52,12
7074,2019-10-30,30,27,-3
7075,2019-10-30,4,5,1
7076,2019-10-30,39,31,-8
7077,2019-10-30,17,15,-2
7078,2019-10-30,17,17,0
7079,2019-10-30,40,54,14
7080,2019-10-30,76,91,15
7081,2019-10-30,63,86,23
7082,2019-10-30,60,78,18
7084,2019-10-30,63,71,8
7087,2019-10-30,1,1,0
7090,2019-10-30,15,13,-2
7091,2019-10-30,5,4,-1
7092,2019-10-30,2,4,2
7093,2019-10-30,3,1,-2
7094,2019-10-30,1,0,-1
7095,2019-10-30,9,9,0
7096,2019-10-30,22,22,0
7097,2019-10-30,6,6,0
7098,2019-10-30,2,3,1
7099,2019-10-30,2,4,2
7100,2019-10-30,3,4,1
7101,2019-10-30,1,2,1
7102,2019-10-30,16,27,11
7103,2019-10-30,4,4,0
7104,2019-10-30,2,2,0
7105,2019-10-30,1,1,0
7107,2019-10-30,2,3,1
7108,2019-10-30,3,3,0
7109,2019-10-30,13,10,-3
7110,2019-10-30,2,2,0
7111,2019-10-30,1,1,0
7112,2019-10-30,6,6,0
7113,2019-10-30,60,59,-1
7114,2019-10-30,53,59,6
7115,2019-10-30,7,5,-2
7116,2019-10-30,3,2,-1
7117,2019-10-30,1,2,1
7118,2019-10-30,3,5,2
7119,2019-10-30,1,1,0
7122,2019-10-30,3,5,2
7123,2019-10-30,2,2,0
7124,2019-10-30,26,20,-6
7125,2019-10-30,11,11,0
7126,2019-10-30,7,5,-2
7127,2019-10-30,17,20,3
7128,2019-10-30,18,14,-4
7129,2019-10-30,7,6,-1
7130,2019-10-30,6,10,4
7131,2019-10-30,1,4,3
7132,2019-10-30,1,1,0
7133,2019-10-30,1,1,0
7134,2019-10-30,3,4,1
7135,2019-10-30,4,4,0
7136,2019-10-30,8,9,1
7137,2019-10-30,2,4,2
7138,2019-10-30,2,2,0
7139,2019-10-30,17,16,-1
7140,2019-10-30,17,11,-6
7141,2019-10-30,21,26,5
7142,2019-10-30,4,8,4
7143,2019-10-30,18,17,-1
7144,2019-10-30,24,28,4
7145,2019-10-30,11,12,1
7146,2019-10-30,15,18,3
7147,2019-10-30,21,25,4
7148,2019-10-30,3,6,3
7149,2019-10-30,11,16,5
7151,2019-10-30,3,1,-2
7153,2019-10-30,2,2,0
10002,2019-10-30,92,98,6
4000,2019-10-31,17,26,9
4001,2019-10-31,4,1,-3
4002,2019-10-31,3,5,2
5004,2019-10-31,1,1,0
5006,2019-10-31,1,2,1
5007,2019-10-31,4,2,-2
6001,2019-10-31,16,40,24
6002,2019-10-31,17,18,1
6003,2019-10-31,24,29,5
6004,2019-10-31,13,17,4
6005,2019-10-31,18,38,20
6006,2019-10-31,12,9,-3
6007,2019-10-31,2,6,4
6008,2019-10-31,21,45,24
6011,2019-10-31,25,31,6
6012,2019-10-31,41,78,37
6013,2019-10-31,25,44,19
6014,2019-10-31,18,26,8
6015,2019-10-31,47,82,35
6016,2019-10-31,2,3,1
6017,2019-10-31,19,17,-2
6018,2019-10-31,21,18,-3
6019,2019-10-31,57,51,-6
6021,2019-10-31,54,44,-10
6022,2019-10-31,9,16,7
6023,2019-10-31,15,19,4
6025,2019-10-31,13,13,0
6026,2019-10-31,1,13,12
6027,2019-10-31,29,50,21
6029,2019-10-31,8,9,1
6031,2019-10-31,16,15,-1
6032,2019-10-31,16,50,34
6033,2019-10-31,7,8,1
6035,2019-10-31,17,44,27
6036,2019-10-31,18,39,21
6037,2019-10-31,21,28,7
6038,2019-10-31,21,34,13
6039,2019-10-31,24,46,22
6040,2019-10-31,15,32,17
6041,2019-10-31,17,34,17
6042,2019-10-31,27,39,12
6043,2019-10-31,58,98,40
6044,2019-10-31,30,26,-4
6046,2019-10-31,27,34,7
6047,2019-10-31,43,55,12
6048,2019-10-31,14,26,12
6049,2019-10-31,48,72,24
6050,2019-10-31,14,28,14
6051,2019-10-31,8,7,-1
6052,2019-10-31,21,67,46
6053,2019-10-31,44,62,18
6057,2019-10-31,25,25,0
6058,2019-10-31,25,27,2
6059,2019-10-31,16,17,1
6060,2019-10-31,8,14,6
6061,2019-10-31,21,22,1
6062,2019-10-31,28,27,-1
6063,2019-10-31,31,47,16
6064,2019-10-31,45,56,11
6066,2019-10-31,19,11,-8
6067,2019-10-31,12,9,-3
6068,2019-10-31,1,4,3
6070,2019-10-31,66,86,20
6072,2019-10-31,29,40,11
6073,2019-10-31,42,54,12
6075,2019-10-31,13,15,2
6076,2019-10-31,4,7,3
6078,2019-10-31,19,23,4
6079,2019-10-31,24,17,-7
6080,2019-10-31,46,43,-3
6082,2019-10-31,11,4,-7
6083,2019-10-31,24,34,10
6084,2019-10-31,26,36,10
6085,2019-10-31,25,45,20
6086,2019-10-31,23,24,1
6087,2019-10-31,34,49,15
6088,2019-10-31,14,18,4
6089,2019-10-31,22,28,6
6090,2019-10-31,27,27,0
6091,2019-10-31,14,7,-7
6093,2019-10-31,16,6,-10
6094,2019-10-31,13,13,0
6095,2019-10-31,37,22,-15
6096,2019-10-31,14,24,10
6097,2019-10-31,24,12,-12
6098,2019-10-31,40,44,4
6099,2019-10-31,27,48,21
6101,2019-10-31,22,9,-13
6102,2019-10-31,13,6,-7
6103,2019-10-31,6,2,-4
6104,2019-10-31,25,47,22
6106,2019-10-31,11,16,5
6108,2019-10-31,17,17,0
6110,2019-10-31,9,12,3
6111,2019-10-31,12,18,6
6112,2019-10-31,28,31,3
6113,2019-10-31,12,13,1
6114,2019-10-31,35,59,24
6115,2019-10-31,4,11,7
6116,2019-10-31,19,26,7
6117,2019-10-31,16,28,12
6118,2019-10-31,26,22,-4
6119,2019-10-31,25,29,4
6120,2019-10-31,21,45,24
6121,2019-10-31,3,3,0
6122,2019-10-31,9,5,-4
6123,2019-10-31,13,9,-4
6124,2019-10-31,16,27,11
6125,2019-10-31,8,6,-2
6126,2019-10-31,20,15,-5
6127,2019-10-31,5,3,-2
6128,2019-10-31,8,8,0
6129,2019-10-31,27,22,-5
6130,2019-10-31,16,14,-2
6131,2019-10-31,27,10,-17
6132,2019-10-31,27,22,-5
6133,2019-10-31,13,6,-7
6134,2019-10-31,12,12,0
6136,2019-10-31,114,99,-15
6137,2019-10-31,45,29,-16
6138,2019-10-31,29,22,-7
6139,2019-10-31,16,12,-4
6140,2019-10-31,45,25,-20
6141,2019-10-31,24,22,-2
6142,2019-10-31,30,16,-14
6143,2019-10-31,29,23,-6
6145,2019-10-31,19,12,-7
6146,2019-10-31,24,19,-5
6147,2019-10-31,26,27,1
6148,2019-10-31,47,37,-10
6149,2019-10-31,19,16,-3
6150,2019-10-31,27,24,-3
6151,2019-10-31,27,26,-1
6152,2019-10-31,36,39,3
6153,2019-10-31,20,24,4
6154,2019-10-31,59,62,3
6155,2019-10-31,41,26,-15
6156,2019-10-31,40,36,-4
6157,2019-10-31,29,26,-3
6158,2019-10-31,26,20,-6
6159,2019-10-31,11,15,4
6160,2019-10-31,30,17,-13
6161,2019-10-31,27,26,-1
6162,2019-10-31,4,2,-2
6163,2019-10-31,46,32,-14
6164,2019-10-31,26,29,3
6165,2019-10-31,47,34,-13
6166,2019-10-31,27,12,-15
6167,2019-10-31,12,14,2
6168,2019-10-31,43,24,-19
6169,2019-10-31,30,35,5
6170,2019-10-31,18,13,-5
6171,2019-10-31,19,18,-1
6174,2019-10-31,47,31,-16
6175,2019-10-31,44,24,-20
6176,2019-10-31,31,25,-6
6177,2019-10-31,40,21,-19
6178,2019-10-31,22,25,3
6179,2019-10-31,26,20,-6
6180,2019-10-31,19,19,0
6181,2019-10-31,68,28,-40
6182,2019-10-31,20,10,-10
6183,2019-10-31,29,23,-6
6184,2019-10-31,82,74,-8
6185,2019-10-31,7,4,-3
6186,2019-10-31,19,12,-7
6187,2019-10-31,37,48,11
6188,2019-10-31,14,15,1
6189,2019-10-31,7,5,-2
6190,2019-10-31,37,33,-4
6191,2019-10-31,22,28,6
6192,2019-10-31,13,11,-2
6193,2019-10-31,31,20,-11
6194,2019-10-31,46,29,-17
6195,2019-10-31,34,12,-22
6196,2019-10-31,40,32,-8
6197,2019-10-31,24,21,-3
6198,2019-10-31,5,1,-4
6199,2019-10-31,34,33,-1
6200,2019-10-31,21,32,11
6201,2019-10-31,32,22,-10
6202,2019-10-31,59,45,-14
6203,2019-10-31,28,33,5
6204,2019-10-31,41,53,12
6205,2019-10-31,31,32,1
6206,2019-10-31,45,51,6
6207,2019-10-31,21,12,-9
6208,2019-10-31,33,37,4
6209,2019-10-31,53,33,-20
6210,2019-10-31,9,16,7
6211,2019-10-31,69,56,-13
6212,2019-10-31,44,12,-32
6213,2019-10-31,32,33,1
6214,2019-10-31,31,26,-5
6215,2019-10-31,8,12,4
6216,2019-10-31,35,7,-28
6217,2019-10-31,46,28,-18
6218,2019-10-31,31,14,-17
6219,2019-10-31,29,21,-8
6220,2019-10-31,37,16,-21
6221,2019-10-31,65,47,-18
6222,2019-10-31,27,12,-15
6223,2019-10-31,41,17,-24
6224,2019-10-31,28,24,-4
6225,2019-10-31,34,13,-21
6226,2019-10-31,5,8,3
6227,2019-10-31,34,34,0
6228,2019-10-31,9,8,-1
6229,2019-10-31,27,17,-10
6230,2019-10-31,36,34,-2
6231,2019-10-31,41,30,-11
6232,2019-10-31,7,3,-4
6233,2019-10-31,39,21,-18
6234,2019-10-31,16,15,-1
6235,2019-10-31,36,30,-6
6236,2019-10-31,25,28,3
6237,2019-10-31,20,16,-4
6240,2019-10-31,7,8,1
6241,2019-10-31,17,10,-7
6243,2019-10-31,20,19,-1
6245,2019-10-31,17,10,-7
6246,2019-10-31,17,23,6
6247,2019-10-31,21,25,4
6248,2019-10-31,54,48,-6
6249,2019-10-31,14,12,-2
6250,2019-10-31,14,13,-1
6251,2019-10-31,4,6,2
6252,2019-10-31,21,14,-7
6253,2019-10-31,6,12,6
6254,2019-10-31,17,18,1
6255,2019-10-31,26,24,-2
6257,2019-10-31,16,10,-6
6258,2019-10-31,27,14,-13
6259,2019-10-31,12,6,-6
6260,2019-10-31,17,9,-8
6261,2019-10-31,16,16,0
6262,2019-10-31,16,16,0
6263,2019-10-31,13,7,-6
6264,2019-10-31,11,8,-3
6265,2019-10-31,37,33,-4
6266,2019-10-31,10,5,-5
6267,2019-10-31,11,14,3
6268,2019-10-31,16,18,2
6269,2019-10-31,7,13,6
6270,2019-10-31,17,5,-12
6272,2019-10-31,10,14,4
6273,2019-10-31,2,7,5
6274,2019-10-31,15,8,-7
6275,2019-10-31,7,8,1
6276,2019-10-31,16,13,-3
6277,2019-10-31,10,14,4
6278,2019-10-31,7,4,-3
6279,2019-10-31,7,5,-2
6280,2019-10-31,29,32,3
6281,2019-10-31,5,11,6
6301,2019-10-31,5,6,1
6302,2019-10-31,5,3,-2
6303,2019-10-31,3,1,-2
6304,2019-10-31,3,4,1
6305,2019-10-31,9,4,-5
6306,2019-10-31,25,8,-17
6307,2019-10-31,28,22,-6
6309,2019-10-31,9,12,3
6310,2019-10-31,5,8,3
6311,2019-10-31,10,9,-1
6312,2019-10-31,6,5,-1
6313,2019-10-31,11,8,-3
6314,2019-10-31,27,23,-4
6315,2019-10-31,16,19,3
6316,2019-10-31,7,2,-5
6321,2019-10-31,20,17,-3
6322,2019-10-31,8,15,7
6323,2019-10-31,5,6,1
6324,2019-10-31,6,6,0
6327,2019-10-31,13,9,-4
6328,2019-10-31,8,5,-3
6329,2019-10-31,10,5,-5
6330,2019-10-31,8,8,0
6331,2019-10-31,10,7,-3
6332,2019-10-31,7,9,2
6333,2019-10-31,6,6,0
6334,2019-10-31,24,26,2
6335,2019-10-31,17,8,-9
6336,2019-10-31,8,7,-1
6338,2019-10-31,8,7,-1
6339,2019-10-31,5,8,3
6340,2019-10-31,13,12,-1
6341,2019-10-31,19,19,0
6343,2019-10-31,14,9,-5
6344,2019-10-31,11,15,4
6345,2019-10-31,5,2,-3
6346,2019-10-31,13,12,-1
6347,2019-10-31,14,15,1
6349,2019-10-31,9,8,-1
6350,2019-10-31,11,6,-5
6354,2019-10-31,10,6,-4
6355,2019-10-31,11,13,2
6356,2019-10-31,11,1,-10
6357,2019-10-31,4,3,-1
6358,2019-10-31,13,9,-4
6359,2019-10-31,33,43,10
6360,2019-10-31,4,2,-2
6361,2019-10-31,21,15,-6
6362,2019-10-31,8,5,-3
6363,2019-10-31,11,8,-3
6364,2019-10-31,9,10,1
6366,2019-10-31,10,4,-6
6367,2019-10-31,14,5,-9
6368,2019-10-31,15,19,4
6369,2019-10-31,10,17,7
6370,2019-10-31,10,11,1
6371,2019-10-31,22,16,-6
6372,2019-10-31,33,22,-11
6373,2019-10-31,17,10,-7
6374,2019-10-31,10,8,-2
6375,2019-10-31,24,19,-5
6376,2019-10-31,5,3,-2
6377,2019-10-31,19,13,-6
6379,2019-10-31,9,12,3
6380,2019-10-31,10,1,-9
6381,2019-10-31,19,17,-2
6383,2019-10-31,15,9,-6
6384,2019-10-31,6,7,1
6385,2019-10-31,25,17,-8
6386,2019-10-31,13,24,11
6387,2019-10-31,27,33,6
6388,2019-10-31,6,5,-1
6389,2019-10-31,17,14,-3
6391,2019-10-31,19,32,13
6393,2019-10-31,14,33,19
6394,2019-10-31,21,21,0
6395,2019-10-31,12,18,6
6396,2019-10-31,29,32,3
6397,2019-10-31,11,17,6
6398,2019-10-31,4,15,11
6401,2019-10-31,22,30,8
6402,2019-10-31,11,2,-9
6403,2019-10-31,12,11,-1
6404,2019-10-31,11,13,2
6405,2019-10-31,8,9,1
6406,2019-10-31,11,14,3
6407,2019-10-31,10,8,-2
6408,2019-10-31,31,32,1
6409,2019-10-31,20,4,-16
6410,2019-10-31,29,28,-1
6411,2019-10-31,72,49,-23
6412,2019-10-31,16,20,4
6413,2019-10-31,9,10,1
6414,2019-10-31,6,6,0
6415,2019-10-31,13,6,-7
6416,2019-10-31,2,5,3
6417,2019-10-31,8,13,5
6418,2019-10-31,1,1,0
6419,2019-10-31,3,8,5
6420,2019-10-31,7,2,-5
6421,2019-10-31,21,12,-9
6422,2019-10-31,3,5,2
6423,2019-10-31,10,5,-5
6424,2019-10-31,19,36,17
6425,2019-10-31,9,13,4
6426,2019-10-31,20,38,18
6427,2019-10-31,18,22,4
6428,2019-10-31,1,4,3
6429,2019-10-31,7,7,0
6432,2019-10-31,13,15,2
6433,2019-10-31,11,5,-6
6434,2019-10-31,11,14,3
6435,2019-10-31,9,10,1
6436,2019-10-31,5,4,-1
6501,2019-10-31,9,4,-5
6502,2019-10-31,1,3,2
6503,2019-10-31,15,17,2
6700,2019-10-31,5,7,2
6701,2019-10-31,30,32,2
6702,2019-10-31,6,5,-1
6703,2019-10-31,3,11,8
6704,2019-10-31,7,8,1
6705,2019-10-31,1,12,11
6706,2019-10-31,7,8,1
6707,2019-10-31,10,13,3
6709,2019-10-31,10,13,3
6710,2019-10-31,5,8,3
6711,2019-10-31,2,7,5
6712,2019-10-31,1,5,4
6713,2019-10-31,4,1,-3
6715,2019-10-31,3,8,5
6716,2019-10-31,2,3,1
6717,2019-10-31,3,4,1
6718,2019-10-31,8,2,-6
6719,2019-10-31,5,5,0
6720,2019-10-31,8,8,0
6721,2019-10-31,3,1,-2
6722,2019-10-31,2,4,2
6723,2019-10-31,3,3,0
6724,2019-10-31,9,6,-3
6725,2019-10-31,8,18,10
6726,2019-10-31,1,2,1
6727,2019-10-31,23,37,14
6728,2019-10-31,4,7,3
6729,2019-10-31,45,48,3
6730,2019-10-31,4,2,-2
6731,2019-10-31,2,1,-1
6732,2019-10-31,8,6,-2
6733,2019-10-31,12,11,-1
6734,2019-10-31,18,6,-12
6736,2019-10-31,5,5,0
6737,2019-10-31,7,9,2
6738,2019-10-31,32,41,9
6739,2019-10-31,3,3,0
6741,2019-10-31,8,3,-5
6742,2019-10-31,16,17,1
6743,2019-10-31,14,4,-10
6744,2019-10-31,7,7,0
6745,2019-10-31,5,6,1
6746,2019-10-31,7,9,2
6747,2019-10-31,12,20,8
6748,2019-10-31,20,31,11
6749,2019-10-31,18,18,0
6750,2019-10-31,15,17,2
6752,2019-10-31,12,12,0
6753,2019-10-31,4,3,-1
6754,2019-10-31,4,5,1
6901,2019-10-31,21,31,10
6902,2019-10-31,36,26,-10
6903,2019-10-31,45,35,-10
6904,2019-10-31,15,17,2
6905,2019-10-31,15,18,3
6906,2019-10-31,28,29,1
6907,2019-10-31,33,14,-19
6908,2019-10-31,16,8,-8
6910,2019-10-31,22,20,-2
6912,2019-10-31,52,40,-12
6913,2019-10-31,15,11,-4
6915,2019-10-31,29,35,6
6916,2019-10-31,14,5,-9
6917,2019-10-31,7,8,1
6918,2019-10-31,9,2,-7
6919,2019-10-31,7,5,-2
6921,2019-10-31,32,30,-2
6923,2019-10-31,19,19,0
6924,2019-10-31,5,2,-3
6925,2019-10-31,11,13,2
6926,2019-10-31,26,17,-9
6927,2019-10-31,20,17,-3
6928,2019-10-31,16,12,-4
6929,2019-10-31,15,13,-2
6930,2019-10-31,4,11,7
7001,2019-10-31,7,10,3
7002,2019-10-31,2,3,1
7003,2019-10-31,73,67,-6
7004,2019-10-31,10,15,5
7005,2019-10-31,1,0,-1
7006,2019-10-31,3,2,-1
7007,2019-10-31,3,4,1
7008,2019-10-31,5,7,2
7009,2019-10-31,15,16,1
7010,2019-10-31,1,2,1
7011,2019-10-31,29,34,5
7012,2019-10-31,9,11,2
7013,2019-10-31,4,5,1
7014,2019-10-31,21,18,-3
7015,2019-10-31,2,1,-1
7016,2019-10-31,2,2,0
7017,2019-10-31,13,10,-3
7018,2019-10-31,10,12,2
7019,2019-10-31,16,25,9
7020,2019-10-31,13,13,0
7021,2019-10-31,8,7,-1
7022,2019-10-31,10,10,0
7024,2019-10-31,15,16,1
7025,2019-10-31,10,17,7
7026,2019-10-31,37,37,0
7027,2019-10-31,19,14,-5
7028,2019-10-31,43,48,5
7029,2019-10-31,19,23,4
7030,2019-10-31,21,26,5
7031,2019-10-31,21,19,-2
7032,2019-10-31,29,23,-6
7033,2019-10-31,28,25,-3
7034,2019-10-31,14,8,-6
7035,2019-10-31,16,13,-3
7036,2019-10-31,21,20,-1
7037,2019-10-31,15,15,0
7038,2019-10-31,24,12,-12
7039,2019-10-31,4,7,3
7040,2019-10-31,25,33,8
7041,2019-10-31,26,26,0
7042,2019-10-31,14,18,4
7043,2019-10-31,4,6,2
7044,2019-10-31,3,3,0
7045,2019-10-31,12,17,5
7046,2019-10-31,30,54,24
7047,2019-10-31,39,52,13
7048,2019-10-31,8,9,1
7049,2019-10-31,2,11,9
7050,2019-10-31,18,10,-8
7051,2019-10-31,5,8,3
7052,2019-10-31,15,22,7
7053,2019-10-31,15,11,-4
7054,2019-10-31,9,11,2
7055,2019-10-31,8,7,-1
7056,2019-10-31,8,10,2
7057,2019-10-31,11,14,3
7058,2019-10-31,7,16,9
7059,2019-10-31,14,14,0
7060,2019-10-31,17,19,2
7061,2019-10-31,12,10,-2
7062,2019-10-31,17,11,-6
7063,2019-10-31,8,4,-4
7064,2019-10-31,6,9,3
7065,2019-10-31,13,8,-5
7066,2019-10-31,20,31,11
7067,2019-10-31,28,29,1
7068,2019-10-31,19,8,-11
7069,2019-10-31,25,43,18
7070,2019-10-31,19,16,-3
7071,2019-10-31,19,11,-8
7072,2019-10-31,17,7,-10
7073,2019-10-31,25,28,3
7074,2019-10-31,19,10,-9
7075,2019-10-31,2,2,0
7076,2019-10-31,27,8,-19
7077,2019-10-31,1,10,9
7078,2019-10-31,10,10,0
7079,2019-10-31,7,20,13
7080,2019-10-31,34,33,-1
7081,2019-10-31,30,53,23
7082,2019-10-31,31,37,6
7084,2019-10-31,38,54,16
7087,2019-10-31,1,0,-1
7090,2019-10-31,6,6,0
7091,2019-10-31,2,3,1
7093,2019-10-31,1,0,-1
7095,2019-10-31,2,4,2
7096,2019-10-31,7,16,9
7097,2019-10-31,1,5,4
7098,2019-10-31,1,1,0
7100,2019-10-31,1,2,1
7101,2019-10-31,2,1,-1
7102,2019-10-31,11,9,-2
7104,2019-10-31,1,1,0
7105,2019-10-31,2,3,1
7107,2019-10-31,1,1,0
7108,2019-10-31,4,1,-3
7109,2019-10-31,7,11,4
7111,2019-10-31,1,0,-1
7112,2019-10-31,1,4,3
7113,2019-10-31,28,24,-4
7114,2019-10-31,26,16,-10
7115,2019-10-31,4,4,0
7117,2019-10-31,2,1,-1
7118,2019-10-31,2,1,-1
7122,2019-10-31,3,1,-2
7124,2019-10-31,7,6,-1
7125,2019-10-31,5,5,0
7126,2019-10-31,1,1,0
7127,2019-10-31,10,17,7
7128,2019-10-31,1,5,4
7129,2019-10-31,4,4,0
7130,2019-10-31,4,3,-1
7131,2019-10-31,1,1,0
7133,2019-10-31,1,0,-1
7134,2019-10-31,1,0,-1
7135,2019-10-31,1,2,1
7136,2019-10-31,4,5,1
7139,2019-10-31,2,3,1
7140,2019-10-31,12,15,3
7141,2019-10-31,8,6,-2
7142,2019-10-31,2,0,-2
7143,2019-10-31,6,8,2
7144,2019-10-31,8,11,3
7145,2019-10-31,6,5,-1
7146,2019-10-31,8,9,1
7147,2019-10-31,11,12,1
7148,2019-10-31,3,1,-2
7149,2019-10-31,8,3,-5
7153,2019-10-31,1,0,-1
10002,2019-10-31,47,44,-3
